81560
81933
81064
94970
85256
82924
85904
84840
81897
81494
85603
102376
85594
82827
82563
87074
84267
86577
83933
93990
86281
84267
84366
80420
85427
86666
80650
84397
85673
85833
81296
81547
84706
91446
87070
79943
86023
86924
80540
79410
84264
82720
82424
84900
80840
81633
83494
82157
80027
88956
84430
84926
86453
86323
79860
81957
83300
79824
84054
95994
83114
82787
86467
79913
85537
84387
81817
84357
84654
81853
83911
86240
86250
81014
81603
83630
54104
81450
80226
84801
81487
81693
82507
87550
86767
82797
80760
84477
79803
83837
99621
86267
86626
83700
81286
84487
80050
83364
100994
79330
84383
84437
81400
79590
82001
83353
86233
85710
79306
80708
72915
68956
70239
70260
67533
63998
74880
81923
80100
82413
82790
86474
82507
82647
98040
85110
82270
84610
87437
84877
86723
82660
85970
84334
79780
89216
84257
86753
82130
82810
83727
84013
86230
85727
85283
85536
83716
102963
81187
83947
83776
85560
86150
86094
85410
100056
86774
81674
84127
85420
82227
82320
80770
100267
86114
83614
85320
81040
88931
82517
82963
88190
84067
83454
86290
87200
84950
83743
87444
89569
97046
91774
97703
88901
96480
90721
112013
95767
92707
92881
92457
98165
93627
96370
93925
86667
79703
84056
79806
81153
81280
80067
99150
83957
80303
81190
81997
86400
86620
85407
101056
84100
84077
85836
87890
83213
84980
84420
85471
86693
84000
81270
85707
87287
80077
81793
88790
84706
82263
83707
81516
80041
79807
83477
81636
91250
95972
93033
91755
96672
98736
107695
77075
78033
74340
78580
76062
73713
75361
78284
81012
74430
82500
77345
78771
81580
77326
78499
73846
76431
80944
87090
80987
79894
86893
83823
84474
85827
88853
81130
98746
91000
83146
82087
80200
80863
83757
80430
93660
83644
81594
79820
84073
80534
84820
82890
80680
82300
80687
82003
82903
81733
80097
82144
79830
81900
79747
80251
84600
82780
79590
100620
85611
85650
94913
81600
80478
101116
93797
93163
98886
97148
97358
95104
94167
95107
97448
113081
85203
82350
85307
84447
82486
85134
87296
87900
86353
85756
85617
81200
82650
86836
83363
102807
83740
86930
85394
86146
87113
86653
83743
99443
84687
80277
79343
84577
84680
86420
83687
100817
86750
85250
83900
80400
87117
81013
81494
95337
82550
85176
79636
82100
85403
84997
80636
102883
83976
80666
85747
82717
83894
80040
84497
86554
81330
84680
80937
84447
83533
80690
80794
83400
80631
79900
80946
87056
81697
80777
82320
84424
85040
80060
87140
81880
80270
83960
99394
82287
81340
84166
84840
85490
79300
82634
96677
84150
82610
80750
84647
81537
84170
82020
87314
83357
80717
80513
88033
85050
80310
81080
81363
82567
79734
81957
85990
79664
79597
80640
82766
82047
80797
84857
80857
79777
82206
102930
80074
81723
80486
84396
82264
82433
82816
85940
84934
81640
79757
83780
81250
82591
84121
82293
82970
80830
83667
87100
80000
81060
80207
83010
79594
79987
80167
82354
81541
87530
86540
94980
83480
87237
82740
82454
80054
81533
85284
83587
82060
79960
79520
82397
81560
82497
82836
79333
81160
80157
85850
81446
82230
84070
79753
83687
81883
81700
80637
80290
80670
81003
101560
79887
86190
87080
83410
85210
79687
83353
104234
84653
80790
82793
80827
87630
81230
81423
96390
85283
82200
80550
85784
86267
83843
84350
86837
85170
87604
84684
80763
84107
86381
86017
96517
86864
87090
84457
83780
83830
82737
81630
79754
87027
84256
84544
87200
87700
81164
83940
84524
80046
85350
79253
81960
83390
79217
81697
85947
83267
84767
80850
85573
79137
85500
103060
84360
85753
88857
79770
81506
80350
80444
98307
81667
84760
81577
83667
81283
82260
86223
86937
85044
79543
84327
85864
83326
83451
83444
86033
83867
79940
80867
84037
83587
86023
82780
102590
86006
85513
81347
82467
79924
87477
85007
84153
80464
79400
80560
84667
84084
83420
99397
83680
80837
86103
81474
81107
86390
82910
97174
85991
81940
79747
87863
79214
80740
80757
99056
80524
83760
86137
81047
84907
84100
82120
105694
79237
79677
81123
83064
83410
80250
79637
79483
80961
81250
79147
83606
81546
79477
81860
80913
82520
80184
80103
79991
81933
84240
81613
79500
84054
78974
79770
81133
86483
81074
86500
79294
83323
79947
87194
81237
85007
85414
100067
85050
84023
79053
82067
80494
84004
85080
99760
85124
87007
87526
79390
79277
85107
83426
87220
83834
83917
84283
84110
85693
81540
82490
88816
94294
97564
92829
94608
100815
84471
92807
85807
87803
83887
83823
83770
84800
87324
86484
85313
80863
81394
87497
86640
86326
86750
98957
85767
82634
84077
86483
87733
83910
81790
98023
80300
79347
81240
81653
84013
79994
107956
83470
80574
83847
87447
86427
80814
85940
98363
83647
79724
83960
82653
86053
86727
82533
87350
86297
85507
86297
84333
85727
84570
83527
101907
87050
84360
83963
86987
81590
81330
79420
83957
85920
85720
84710
84844
86834
83920
101144
87550
79887
84803
80027
82900
82430
84567
87090
87554
84074
85503
86277
87430
84050
78710
76351
77247
78015
75116
78220
75255
75319
92654
94190
97514
90359
95194
91071
90106
114823
84133
80263
82413
79760
79674
81976
81040
87430
84183
86684
79930
84920
86994
86463
84690
83720
82637
84863
85877
81353
81157
81320
84716
83240
82653
85780
80257
84730
80474
81734
86000
86961
86251
83960
83950
85550
86757
88010
100023
84644
84017
85653
87790
86070
82400
79147
102547
85057
80483
80417
86440
87720
83493
85033
84337
83690
84683
80804
86147
82984
83304
83560
96083
86053
84637
83723
86496
85660
79887
87336
88037
84787
86016
86526
81513
86006
85710
87593
86657
86503
80133
87040
84181
86336
84010
87454
101674
84160
84857
85867
87127
87667
86610
105293
86096
83920
86351
84287
83900
85827
86976
99640
85600
87187
85503
86433
86010
82506
85240
101294
82353
80717
80787
80280
82217
79874
86897
84090
81526
84404
87017
84077
79493
79847
84690
82353
81447
81030
80524
79843
85117
87243
84456
86417
88197
84597
85797
83763
88510
86733
87030
81097
83747
84953
87263
84190
86927
86600
83973
79787
86833
86520
86457
83433
86427
85396
105197
84303
85494
79877
85080
80293
82213
85837
98456
82750
84183
81406
85780
83577
79707
81090
99787
81390
81591
79667
80264
88300
80427
82764
100423
86670
84027
81826
89127
83907
84910
81350
101797
86827
87563
81793
81650
80631
86690
84510
81173
85700
86474
80964
83803
86050
87544
81283
84020
86206
84867
95597
87107
79820
84430
98704
86307
85327
84364
82080
86843
84287
81077
95373
81213
85363
84230
80494
85720
83716
87463
84477
81723
87497
83937
83264
81070
79543
78190
108424
80150
86040
84720
86433
88224
87267
87300
100427
84850
79420
88260
88417
84777
84420
84756
86166
85440
79744
84083
83646
85433
85060
81580
97630
85723
79390
79617
81397
88596
79853
103274
82567
86713
80567
80640
79580
81527
83370
97587
82403
87013
83877
81303
83853
85570
84817
94483
86617
85640
84946
88604
79354
79780
79084
99763
81153
82123
79653
82607
84946
80357
80033
83207
86360
81047
82210
83973
81150
84234
85200
80530
81447
81570
80854
82567
81697
81466
83794
87010
81787
86207
84400
81013
81600
81160
87014
91914
93707
91214
88511
99244
93641
91927
113936
89051
91255
92372
95624
95612
92195
95256
85173
87496
82027
79993
81440
84187
80090
83750
84714
79590
80096
85707
85264
87350
80753
84673
81400
79624
80670
80646
79636
86750
84400
102650
79723
86553
79887
81376
81174
87230
83833
80194
86454
81266
80543
82474
79970
82523
81800
101190
86527
85753
84367
83390
80280
82880
80667
95797
83770
84013
80300
86643
87320
85050
86483
88203
87110
80474
81327
86180
83134
85083
85727
86507
86330
81443
79500
81540
83730
87337
83710
86957
83890
79367
79393
87040
85844
80813
86480
84390
85327
82907
84954
80777
80060
86834
81960
95844
79493
79876
83854
79403
85773
86903
85707
83737
84954
82296
79747
87663
83937
87690
101447
84027
82480
86523
82210
85570
81140
83933
86870
84500
87063
83923
79300
79274
86700
86681
96224
82300
79296
79957
83757
82967
79763
82067
100274
80567
81347
80923
86823
84031
98878
100103
111337
83050
97889
99257
100018
99118
97630
96294
111497
81010
86540
86673
85917
90483
84544
85094
100123
83977
95558
87470
84767
84704
83863
85667
79370
82200
83877
84064
86836
84133
82457
82710
85863
81900
82190
82383
81190
88633
80317
100257
85840
85367
85497
86067
85620
80893
81047
79385
81442
76231
74643
73311
69869
73697
79413
81160
82334
80193
82483
80680
87553
80044
82610
85023
80363
84740
84383
84687
84630
81344
80400
81080
87430
84157
85260
86713
80540
81520
79427
85207
82423
81670
79697
83010
82660
81800
81114
95096
81384
82163
80990
86396
81060
81577
79294
101010
84694
82597
80184
87666
85340
85604
86764
89900
82177
84157
84850
84860
79927
80693
86067
103434
79654
85007
80090
81754
82503
81134
80880
80473
83217
83230
89600
83897
81176
82190
81363
83040
82216
81820
86743
86697
87717
85204
80884
87326
83117
85407
85440
85880
86370
86367
101307
82786
84184
84070
80880
81160
81181
81710
95967
87077
83513
80037
83450
81867
80837
81840
101356
86820
87396
86161
86793
79654
83970
84023
94587
83824
83677
83207
83943
84973
81134
81717
79767
80011
84374
82284
80360
81957
81416
81787
81467
82173
83807
79606
82583
83107
81637
102374
84387
84583
84907
80117
82027
80287
80787
72153
84347
82637
81773
83973
83836
84697
97047
86464
81904
81667
87377
83666
87000
87234
86833
82007
81684
80203
79327
80033
80384
85550
79377
85200
82487
79793
80260
80004
84467
82540
85204
85470
80757
81124
81887
81160
83894
81156
80330
82783
80954
84233
81203
93813
92237
132528
91799
90784
92428
96152
95089
92445
93073
107581
86463
81747
82230
79770
81194
84187
85920
99013
79113
80973
80501
83397
79640
84423
83317
99910
83623
83367
83630
81010
80640
88140
81290
81756
82847
79216
83094
83583
80867
86294
86364
86783
80307
83703
84126
83744
85504
86727
84537
82997
82270
84024
85437
80577
84047
84693
84950
81036
80394
87997
80783
83170
85806
81673
84013
82597
81797
79036
81683
81443
81190
83620
80370
78980
81534
82287
80783
85576
81754
81424
96103
84057
84550
79784
80171
84143
84006
81513
93503
80274
83127
84117
80570
79183
84044
79694
97160
78880
79956
86503
83433
84934
85874
80567
99677
82004
81430
84490
84187
78841
83256
80237
101224
82134
81787
86586
81824
80347
80000
79300
92610
79047
83200
81003
81916
81063
82050
81340
79043
81923
85616
82796
84033
80090
81090
99257
80593
78157
84966
83466
81430
82117
81373
97907
81357
80700
89033
84784
81820
79927
82803
79923
83080
84601
81881
81347
80747
80806
81436
101717
82020
82604
80441
79397
80806
79993
87313
98557
84994
81670
84003
84457
80444
79987
84820
81553
81613
80586
84280
84376
84520
81157
82707
83937
84927
84550
81337
84541
80976
82663
93876
82810
80820
80920
81570
82994
80544
80950
106836
82743
83837
79800
81457
85357
87360
84490
93241
80837
84080
81707
85150
86950
84037
83714
80690
86734
83000
81533
84193
82480
81844
82353
84130
81787
82790
83670
82371
84934
83060
84113
82107
80434
79440
81510
80300
80931
82026
99053
81223
81047
86027
90740
92903
95907
91976
105760
91961
93291
91739
90847
95811
94297
90715
74376
98453
91944
94002
95477
93235
95120
92016
116541
83743
81343
79780
83596
81094
81760
80666
94420
79443
83311
81307
79153
80264
85504
81671
97007
83710
82990
79060
80653
87284
84483
80486
79424
81366
82433
81213
84213
79191
83440
81113
81393
85363
83463
80944
78927
83067
81087
85357
85540
85623
85936
83574
83264
86386
86600
104090
87083
83777
83787
83603
85403
80667
81334
85623
83353
81794
80190
82417
81623
82450
79210
97923
84760
81077
80590
84054
81394
80850
81027
96534
79430
81307
79937
85827
81440
81570
81746
101247
82080
81237
79240
85030
81504
84247
80696
97823
82784
79927
82524
83347
79617
79324
85783
103000
80633
82143
79777
85430
86800
83924
81680
80120
78917
84016
82477
85293
79364
83797
105247
87070
79890
79207
79086
84127
81743
86267
91697
83387
79876
82557
86683
89153
83057
79250
97654
80057
79026
81250
80330
79920
82993
81294
79884
86324
79774
79750
80034
84090
79831
107153
85160
83950
83046
79753
79157
87020
82946
100800
86154
85724
88500
82506
86097
79284
81220
85580
83127
81050
80361
82180
86473
79274
83123
84437
79121
83527
85684
81167
84570
83637
84940
83550
79447
82874
81113
84000
80717
84830
79197
83920
83367
81097
85670
83853
86924
78980
102367
84533
83183
83556
80306
85347
83624
83424
98880
86464
80773
82164
86066
81297
80247
85937
100600
86490
83527
84693
78820
83400
80140
81823
92703
83287
80830
84794
81983
80950
81054
79110
82923
86461
83083
80833
80320
95163
83550
82997
97998
78788
77853
79209
81049
75142
74767
83302
88078
87235
91350
86807
87456
86928
87125
74701
78562
80176
73313
74344
74866
91764
75494
73212
79940
78292
74996
75127
76009
106205
90160
97155
97586
91867
94740
89091
109253
83700
84437
85947
79890
84517
84144
80417
96113
82177
79393
80737
85303
78870
85650
83110
89360
84103
83370
83470
83487
83630
79940
83440
85550
80524
83050
88240
83724
86474
84273
80871
80943
79534
83173
83507
83933
83544
85733
85880
55146
84530
80026
80167
82234
85663
83233
81516
83340
79784
79590
80637
78654
82867
80980
80676
80767
84000
83607
79177
79637
86543
81203
80426
83170
83766
79877
85910
85780
86663
85153
85090
81367
85123
86070
83597
86626
86530
85474
102687
84366
86520
83850
80740
83864
83347
104246
86514
87044
83294
86296
78986
86203
83330
83773
81170
82460
86234
84556
80646
84146
81610
94734
85597
83153
81983
83280
84937
85567
90134
86840
85730
84013
84393
83024
83664
86277
84160
98334
80415
81343
74972
74197
74533
73097
92983
76092
74392
77436
79004
74735
75654
74394
90703
87078
90546
89691
91492
87650
86759
85857
97628
95992
88055
91988
96033
94645
109376
81013
85240
82560
83397
80697
83997
86050
82207
82324
79361
78506
80327
81987
80990
80464
99804
80260
81087
83237
81134
83437
81117
81383
79113
83117
80904
79587
80883
82643
80743
81043
95218
79922
73888
73085
77461
77053
73401
73573
74863
81863
73232
78781
73435
72984
75512
88258
79096
79907
81940
78753
74767
75869
77410
74058
78169
77449
75579
73807
76348
92422
84327
85394
85383
80917
80417
79780
83320
97976
85783
81643
85963
84337
80043
79773
82643
82454
82436
83427
79717
86110
87223
86580
101303
84230
81383
83097
81147
86657
85950
80414
86517
79760
84117
80683
83867
79813
83940
83147
85897
83767
84963
79427
85433
81080
86643
84140
98950
86447
84267
86800
86270
86677
85396
81226
85157
82797
86240
83514
83873
82423
80836
100363
83131
87407
82340
89477
86977
88210
82143
94600
86776
80030
84067
86663
81496
82533
80304
94730
81303
82414
83710
85830
79617
86780
85707
84090
83973
86067
80340
83600
83957
83900
84140
84383
85000
87926
80597
84280
80637
83784
99286
84847
83850
85887
84027
81030
83947
85197
86437
84040
83927
87893
85917
82374
82770
81354
87491
93412
95378
97227
92447
90860
96639
112571
95922
92022
92475
92437
97151
96933
85201
96636
81387
79931
79774
84433
86423
79480
80257
82963
86000
85406
84400
82657
83877
84703
85397
83564
86283
84673
81824
81630
84223
84617
83740
82060
81684
81824
82443
84193
82203
82950
99133
84573
84087
86193
80553
83733
85416
85436
97370
85787
87584
85214
85467
85923
82300
86647
85907
83354
85443
85590
81060
87330
86797
81783
103907
84337
84134
79873
81354
86617
81994
84770
79230
81636
84147
84030
82670
80313
81370
82443
81403
79210
87556
86574
82006
82034
81100
80884
81507
80720
80267
81650
89640
83733
82140
81240
86133
80590
85084
80884
81101
83227
83837
100817
84167
80920
81183
80443
81787
85520
81700
106514
82997
80164
83184
81510
84193
83065
74141
86053
86967
94189
96318
94998
104643
87629
101994
88378
78891
82390
89700
93563
85620
87987
109310
88547
86680
101157
98062
99708
99617
106600
113551
107459
100528
100099
98640
100510
100298
106518
117233
101042
109186
99867
104336
102065
100221
101294
118283
87673
75274
87633
75670
73736
73334
75074
71998
95285
98163
103555
96021
100521
106453
86330
84200
81007
85877
87677
87540
86124
89437
87830
88384
86540
102566
51660
88720
84690
93477
88080
93194
88917
87907
88073
88243
87237
88350
88880
89390
87923
121620
98280
99054
97348
102017
99966
108303
100814
117741
88027
87826
86514
93400
93027
88237
88280
112293
86840
86200
89280
93123
87014
100103
97263
100154
100349
100865
105629
98876
101363
105225
105670
120670
87780
85683
83867
89176
95026
86260
94107
87174
88084
87757
87753
87847
95214
105801
99634
99730
111229
99152
98537
105420
99693
107234
99446
101658
102267
87967
87177
89780
88963
88790
81210
88657
88850
94777
85763
91040
93463
93064
88230
87576
95064
86523
89146
88310
86973
93797
88187
87380
103707
50713
88820
87623
83964
85877
95324
88217
103076
88003
87793
87460
87684
88577
99183
99731
101033
98439
97640
106083
99837
96699
100761
99982
124984
94623
87327
82843
93240
87253
87960
94134
100106
88507
86067
92754
86717
93794
98690
101490
109263
105660
105476
99308
105996
100045
100193
107367
115587
93237
84060
85920
88403
88831
85800
84937
87793
91406
88990
88167
87757
94994
84263
83377
99743
97015
99063
101407
105722
100785
97515
97469
99442
99566
93380
85650
87884
88673
87351
88043
94210
88227
80980
87340
85187
87176
92143
86874
104466
86200
88323
88650
94674
94674
85667
88643
97127
86910
88740
88300
85810
88913
93856
87733
97059
99090
106503
99538
99080
106491
108570
105380
97520
99363
96513
106596
98833
105734
101849
115530
88347
86034
89637
97551
98896
96040
97870
110012
93219
94737
93186
101473
98193
100124
102291
91960
86903
88210
93904
93690
88400
87720
87227
87983
89613
86520
87447
96094
93902
95466
100447
98574
93143
87183
89010
94113
93380
88200
86120
104794
88413
93207
84314
85423
88434
86510
87903
86917
94777
86437
89196
85766
87234
88920
89437
105223
100823
105395
96732
108629
100103
99300
98118
97791
95247
88833
94346
88733
88497
95390
94603
107636
87554
89446
84517
99860
101368
101332
106349
97893
100964
105126
105046
100721
100716
106003
101000
128629
87877
82234
88184
93533
88054
88426
92987
97490
87370
82767
81220
88807
81677
94806
95377
101504
88040
93797
84547
88254
84913
94673
93604
100337
83850
88043
94396
84714
87890
88040
93633
105641
88213
88936
84430
81760
94854
85857
92960
87257
87440
87546
85764
89294
93550
93530
88907
93931
93904
86206
86613
87720
89287
87994
81340
88880
86131
87840
87080
88623
106309
99242
100037
106586
94956
84610
88343
87343
94026
94677
85810
93377
86587
88243
88593
93630
84890
82900
91460
88463
87267
81770
86874
93557
99821
105700
100664
101141
95096
98242
99051
106783
105938
106608
99177
99970
83660
84221
93420
93630
88066
87063
87387
93960
79820
86460
93780
86337
87864
92910
86270
101507
87633
88153
89140
81057
82914
88167
93140
89200
87027
88507
88870
88463
88183
88364
92860
105750
100274
95718
101326
100367
100274
93214
95648
97521
86400
96620
99069
99237
104783
98901
109182
96175
100148
88503
86500
94780
81837
88550
89903
86847
88736
88671
87990
88027
93954
86937
101100
92307
88977
86567
93773
87904
88477
94010
95193
93297
87117
95333
83027
85630
81670
81141
96542
102272
103568
96047
98974
103609
104536
101399
98015
97204
96307
87730
85863
89484
95590
95033
95097
89440
88830
94902
106141
100127
99580
99174
106859
105803
89427
97079
100114
93094
102424
98046
107058
102645
104512
96586
100438
100317
99434
105701
96961
81354
82010
89680
96690
95567
94578
95450
115753
95953
99416
94065
97161
104098
106957
101084
93650
87853
85280
93737
93630
83060
93360
91753
84667
95140
86707
87737
87514
89226
89560
81550
106767
95925
97774
93595
94773
96683
100099
99925
84400
82524
84310
80643
86084
87193
86840
93557
104710
93584
87000
83453
83077
82437
86013
93246
101597
80937
85150
86817
88774
87210
91703
82823
110537
80903
82717
84367
82106
83273
89226
82796
98090
83266
83810
86557
87404
87293
84340
93403
107457
89217
83587
88377
81280
88386
95400
94410
108633
86930
82863
81720
83297
88007
106247
98854
107108
103862
95051
93533
94820
98528
98797
93441
99592
88684
88637
85253
82283
87063
94310
85860
83610
91610
86477
95453
88587
84137
93466
85750
102636
94533
88623
87487
87314
93780
86734
93283
94910
88787
86241
92970
85407
85473
95267
80429
94728
82799
79373
80238
81347
89141
88916
87302
99477
84170
86613
85910
93310
87351
87470
88480
89220
93531
97933
87413
92680
82127
88143
85734
110331
88004
87037
87337
95410
87743
96270
87900
106534
87306
95150
84947
94547
88376
89767
87910
107440
87543
88300
88094
81934
84566
91473
88397
86067
84924
90816
87844
87476
87030
93350
85810
86876
95524
83800
85707
88034
88837
89757
94240
102640
88440
91537
83190
88987
84587
91944
92943
98497
81017
81447
89064
85720
91330
84170
81480
102634
82753
81796
81630
92106
89087
91597
89487
81347
80897
82800
89317
91830
88964
83514
81363
84144
91634
86190
82153
84156
86870
83867
86987
90974
81403
83070
92703
89414
81477
89620
83634
81874
91407
81960
82410
83656
88096
93766
86544
83376
91317
86330
85567
93467
89090
93226
89570
86127
81477
92987
83404
86890
94477
84223
92077
83750
83017
84287
81270
81310
94433
91230
83040
88087
81407
81003
88344
94037
93381
88763
85800
89273
101217
87274
94144
89513
94373
83846
81873
91411
98003
89453
85196
88813
85203
84107
83343
82200
87847
83347
88046
93283
95186
93557
93574
89550
86387
89210
89391
88303
85563
95266
83996
88456
88724
87146
86790
88140
90160
89000
89153
87900
88110
87643
85984
88097
88054
81560
83840
88416
93750
87487
88773
88880
85600
88830
88217
87550
98643
88414
85320
93663
86603
95597
93967
93764
88090
83780
83834
81743
95147
88164
87530
88610
93590
94564
87997
93840
83380
91680
94963
87666
85480
81583
93034
85546
89247
94174
88763
82590
85527
88930
88484
87226
88707
93550
95123
88650
88240
84563
83427
94137
93757
98070
102730
100095
100818
102449
100706
94512
100504
95378
93256
97200
81293
84423
81804
82787
83623
83197
83607
84883
91893
87644
85277
86680
85477
81016
80773
86223
90363
88227
90880
83146
93350
94467
94517
86593
87447
92900
88333
83466
85054
90840
93393
82807
82827
88033
86763
93354
87744
82510
87880
93153
86904
92653
80996
81316
80537
91310
82383
86213
87297
88340
86401
88200
87486
85147
94407
85850
93050
94430
86527
88270
93380
84930
92824
82543
112720
84043
82617
80414
80857
87773
93713
80946
109747
81003
85694
83256
92813
93237
93657
88154
84970
86210
93467
92800
88534
92717
87604
88220
87330
94100
88250
94720
85483
80364
82674
83626
84593
80250
82544
83920
87613
89070
91240
88717
91073
94196
83693
91666
82467
94690
87033
91360
80830
92247
86967
86423
87687
87124
82724
84993
83720
95527
82814
82210
84914
86220
86810
91603
92673
82090
92710
83087
81664
80721
91590
83420
94283
81750
86800
86721
81090
91080
87970
86224
81264
94807
80790
86410
92640
92280
83517
80767
90503
99893
82410
83471
80250
86360
85173
87964
90313
95451
83686
80510
80890
85170
87517
82086
89150
93620
82840
83530
90864
88146
82414
92494
92657
94806
89100
82657
87544
88847
83980
90780
82833
83497
83897
82540
88714
90630
91814
82811
88987
88013
91770
81463
87474
83310
94144
88617
92407
93217
84204
87007
93270
87847
87200
84280
94637
84813
88963
89673
83883
90570
81007
80966
90503
88857
83727
88500
90707
90574
81040
81263
92907
106507
84274
91353
82136
83816
82830
89340
85456
106937
87717
87030
95237
93640
93427
87570
93247
101464
88323
93797
88077
93723
88407
93210
93874
97974
87530
88460
95884
93320
92843
88181
87063
82440
95117
94920
92490
91123
87783
87823
86016
85090
103191
96737
79340
81642
71664
73965
72830
74559
72394
66561
93153
85397
93260
93937
82633
89487
94393
94100
88320
81020
82290
82217
93550
95774
86904
88233
95887
87890
83027
91233
83497
60227
135778
94461
106313
103660
97601
93809
103342
106655
108223
85310
87583
87830
86333
90040
83020
86190
88303
94970
94756
84186
93213
83680
85583
86514
83006
89194
94514
81477
82240
83210
87786
80610
93204
87764
81010
81413
84010
91767
87004
88384
105914
88170
88083
94986
93567
87543
87524
87610
100164
93443
94580
93333
88883
88303
81354
85836
100987
93654
93493
93574
92900
87837
85634
85044
87850
87840
93566
93623
87556
88143
87610
93777
105644
91760
83483
87526
87477
86866
87160
86260
101866
89463
94936
88847
88677
88627
87334
93664
84940
83057
81703
87257
86003
87220
95153
85743
87173
89081
88270
84274
89113
87580
94644
93390
87970
88200
89124
88377
93187
88760
88770
84153
103057
88587
88960
93216
93310
87326
88077
94870
100857
91456
94056
87877
93613
89010
95414
87224
85887
94290
95407
87576
94310
86493
87693
85867
87923
93210
86874
93517
87210
88654
94827
84996
88727
88360
88800
89130
83460
89120
88240
88933
85476
85660
87637
93787
88367
82867
95546
85143
93910
88381
85950
95490
84300
94913
88503
93810
85430
86480
81411
93670
86027
88243
87754
87320
103434
84403
87800
87917
87953
87940
94543
86453
88476
92203
88147
83757
94840
85230
87223
81037
86580
84314
88170
93317
88270
93187
95410
92677
84743
107743
87214
93537
88617
87890
88466
87554
88940
88680
89434
93940
93203
88251
86174
87637
83854
105771
94883
93897
85800
83320
88473
85947
88830
92250
88606
94814
87207
86420
92597
81653
85547
92777
94383
88930
81310
86080
87827
88061
95250
100837
88747
85893
89401
93586
88880
86356
88064
85397
87517
85910
87081
88603
85957
87820
88047
83983
85787
88476
86320
82603
88656
92407
88157
84080
88124
93917
86677
94657
88200
83557
87886
89946
87420
86147
88007
93014
86506
85594
86717
88360
88576
93903
90620
93520
83740
84830
93714
95190
88243
87350
88723
88090
95240
90277
86420
86977
93194
93347
86716
86167
87790
87167
94964
113767
82557
88547
93320
93524
88876
85770
87567
97790
85976
84103
86973
82390
95063
87010
87410
101844
88111
85670
93250
87520
85644
94500
87833
104610
88303
93393
81663
87107
87510
87810
88896
87797
86087
88750
88273
93506
87777
88190
87637
89333
88597
85790
81600
93641
88620
88743
93840
86954
93970
85390
86970
82330
88520
85794
87643
108117
88443
88807
86470
93553
88443
87703
87687
87993
52336
90174
93923
89463
81714
81487
88293
81300
85140
82661
89447
94997
83237
86783
82140
87843
82523
92906
84623
88150
89004
93174
86313
88453
95423
81323
81904
81500
84714
83063
86863
88087
104707
83987
81374
94357
88626
88003
86317
91877
85461
87937
88800
88460
86973
87177
85583
88543
88573
88543
86963
90150
84800
91460
83344
88263
88017
96296
88824
88310
87140
86910
93563
92290
87113
83560
84857
93777
88506
93007
85307
88163
87804
87160
94583
93800
87994
87760
94740
85530
101453
89307
88107
93063
87243
87133
86570
88831
86557
88090
93184
87640
88990
90136
95240
87194
102548
84690
76741
85723
78957
80130
89024
79807
90983
80297
92067
91080
91137
84850
90654
80127
83597
92160
212104
83786
85423
85257
85097
91351
83637
83761
85253
85247
78917
79810
90543
90403
84327
85883
84777
83111
84906
79050
87507
91310
82330
83050
83520
90760
83473
86400
79947
91947
79974
83186
80253
85680
79687
80137
84440
84103
82680
85876
83380
80460
81537
85220
83120
84550
85416
80594
82257
83430
82633
91473
80623
89910
83360
80630
81616
78787
80007
85984
89656
82790
85873
81940
85687
83556
82010
84670
86177
81127
82080
83440
85967
78843
85120
86914
90613
86480
92137
85987
85720
78657
84864
91487
84207
79180
83454
91341
83790
81074
79910
86057
82840
81624
85097
84267
84367
86587
82384
87850
80713
83617
81027
80530
83287
82134
83580
85194
89574
82880
83907
90247
82980
87477
83230
91434
85123
91866
83044
83683
91971
79907
86400
104361
108987
107064
108129
106130
109673
109479
110010
110971
92156
106655
110505
109992
107886
107580
107816
92216
110212
108198
107888
110203
110534
112246
110693
107282
92060
106210
106314
107084
110273
107573
111264
105580
108474
106499
109341
107292
110754
108614
111021
108332
104643
108811
107839
109781
107045
106414
107331
92276
107273
109045
109460
110958
110806
107483
110141
107410
81957
108441
110861
109972
109238
109541
110153
105107
115740
108408
110050
109714
105992
110117
108075
111006
91944
108795
110661
107861
107702
114125
108926
91068
107511
111073
111299
110407
107597
112513
109667
108560
92987
108050
108006
109356
108047
111136
107742
92211
110274
105814
110776
110043
107115
110405
109581
109040
89694
108575
108778
107551
109190
56301
108173
91565
109147
110957
106619
106933
110593
108397
108226
109609
91492
110234
106926
108738
110625
107268
107316
92259
109093
109327
108334
107683
108838
110809
107950
106899
92285
110768
107906
107681
108689
108511
107604
92018
109480
110164
105625
109238
109633
107945
107230
109489
92189
109073
107372
110547
109200
108566
107820
104451
108812
110027
107134
108508
107232
106978
109574
111159
91334
110883
108298
108585
106136
108399
107795
92142
107013
111961
106300
107466
106313
109905
110281
105901
105677
107673
110542
109105
109464
107206
109253
104561
109218
107891
107218
109651
109650
109265
111529
109905
104188
107871
110815
109393
109533
108990
51624
105235
119097
107294
109113
108139
111216
111301
110214
110903
107235
105778
106693
109261
107507
109707
108693
106049
112117
107773
107634
109068
108446
107582
107565
110004
91343
106936
107900
107648
111556
106708
110344
104063
76158
107762
107167
106871
106139
109171
108669
109206
113701
106284
111045
107560
110827
107560
108127
105547
110712
107405
106448
106261
112225
115103
109792
109360
105431
108405
110101
110513
106431
106832
106529
105277
107539
109823
118869
109776
108798
109535
110704
109578
91372
106482
107039
106284
110369
110945
108007
106396
107372
71048
110752
109946
106738
108571
109673
109895
91315
109117
108282
107275
107844
115387
108847
91450
107669
109592
111071
106788
111211
108958
109210
109236
104661
107737
115018
107570
108829
48091
108822
92125
109194
107635
111101
108054
107841
110250
107573
118366
105469
105819
106569
110195
109594
110566
109854
105407
110368
107416
111144
108561
108769
108390
110154
107452
92381
107574
110808
106485
111703
108462
109941
104149
109814
107352
110746
110105
110932
111336
108522
53427
92511
106361
106232
108371
111711
107447
110346
98720
108719
107907
110626
107364
110796
111288
110370
110375
91719
106536
107740
110385
107214
109140
108099
103552
109256
110620
107895
110529
110788
108870
110157
109322
104653
109584
110953
111330
107694
109038
109002
105098
107756
109195
109120
106249
111465
108107
106736
108662
92912
110564
110585
108407
110021
109877
107491
91756
111091
107821
109567
109874
106306
55239
109990
108025
105595
111076
106676
110694
109257
107941
109921
92913
109872
108789
107052
108860
106718
108542
109230
106597
92288
109689
108177
108849
108914
110552
110857
105806
106623
110824
108881
107701
111070
106741
106765
109587
92737
111028
108262
108106
107975
108557
106026
105223
111089
107494
107650
109230
109676
107220
108747
107702
106726
74097
111450
107260
106666
109811
110120
106047
110899
110762
111243
106964
107834
118727
107444
107806
104981
108788
109890
107490
110903
110751
108482
104460
109248
110895
108895
111088
107723
111588
109444
110988
91392
107652
110958
107501
110501
106408
110964
105055
116968
110916
109084
111121
108216
107537
108552
108763
104407
110865
108719
109664
111253
108592
111354
106444
110418
107028
108595
110030
108007
107089
111262
106415
92391
108889
108041
106477
107415
109514
110996
104843
109920
108755
110544
107318
110474
111546
106291
107375
100065
109308
106901
84531
110251
86146
112140
92307
111670
110311
106998
107690
109993
110502
109837
108766
91847
110094
108543
111570
110166
107892
110044
92382
107821
111678
112247
108571
118862
93172
106461
104980
90674
89998
89124
109028
88864
88969
112914
86805
62248
88683
92298
113137
90563
96526
89777
112251
84644
112951
90158
106978
88993
90126
80880
84140
90853
88063
107778
112498
94280
83654
99156
82514
83367
86220
83047
93114
92177
92224
89130
84147
84144
82000
81610
83646
88957
92824
102510
92163
84920
88837
81867
83130
83693
89606
91350
86860
89081
83820
82287
83150
88397
81817
82723
84077
80980
82766
86420
83960
95154
83884
82160
84010
84497
87093
87773
83230
92437
85027
81850
81774
85470
83547
85497
89610
83903
92183
95787
81234
95266
84550
84480
83793
90963
86476
103607
83160
83257
82520
86457
84054
84556
91783
88257
87497
89574
87890
89180
90154
84790
84007
93220
89123
83727
82037
81966
88180
84294
91804
84874
87857
89110
89083
82320
92813
93790
89074
108406
83337
83277
89940
81990
90254
91657
83417
90803
86127
81863
82250
83327
84817
93734
84874
85093
84773
83494
94930
84053
81980
86450
83790
81884
81234
82227
87023
82334
92907
90340
89000
81900
86123
80420
81650
86940
90927
85227
83937
83916
85610
86857
88844
82557
85287
84833
81606
94000
82244
87950
89190
81800
85366
83637
86477
88876
102830
84130
81483
92213
81873
81744
81714
83116
94627
92516
83880
93893
94273
84704
81813
81553
89910
84190
87010
81446
84004
88227
82980
81414
102053
93081
96202
102697
98446
95402
101235
94694
107657
91280
83773
86077
84724
88154
93487
81783
104214
81363
84133
81633
83367
88254
82620
82533
97447
91684
82894
81163
82456
86724
84397
82204
91107
82690
80033
83244
87643
81117
81480
83333
84230
83636
89831
82470
87890
83973
83570
81794
80947
85273
80164
91873
94894
83100
81050
82413
83340
83463
83526
81287
93020
83967
80893
88960
81620
81930
82417
87330
92330
91577
91504
82473
82953
101137
88417
82640
80780
80914
90520
83710
81904
109557
83043
83100
83190
83057
82551
84123
86003
105184
83636
82630
91491
82964
91764
94917
83910
91504
82633
81010
83686
88980
87743
83890
91980
110893
83687
83526
81230
81760
87840
92267
81407
92360
84386
81444
90331
80763
87556
82436
81290
84387
82687
81267
88316
82993
86140
81500
83713
90916
85894
87623
83130
87643
84647
80933
81064
109034
80974
83253
89633
87450
84497
84250
82903
82383
83006
83984
91410
85473
91863
82930
84037
80744
84013
92436
83450
88434
93030
84434
80927
81357
82790
81091
85824
82870
82960
81377
89543
81420
88113
91527
81117
83063
83597
84030
86454
83350
82293
87760
81457
83100
81236
80897
89426
81476
87344
91303
94107
80957
82777
89043
84736
85887
103503
84460
82750
90877
82693
87614
84314
83650
85090
83774
82900
81677
88706
94950
83063
83534
83607
84587
83170
81807
81054
84523
81373
83787
99763
82007
81594
81710
83414
84976
89640
93547
101390
91257
84047
89590
88647
82657
82840
92236
92830
83711
81490
81856
87830
92337
82263
82824
82770
83010
82947
81123
87120
84967
94253
82964
91393
92747
81250
82750
85834
91626
92623
83107
84537
82333
99827
88726
82957
84397
81846
82473
101007
83653
85917
81500
83417
82377
90654
89680
87041
90164
92613
82480
89253
84034
85167
91754
82377
91936
83220
82034
83463
87893
90803
82987
81067
85877
88117
81433
83684
83750
84023
81214
90453
90597
93237
80796
88934
82853
90350
82494
81020
86147
91066
81667
84680
80897
91970
81360
83866
87774
94904
81180
81456
83400
90360
82384
82157
98490
88760
81500
88881
86617
80917
93303
90466
92924
83970
83880
92990
87197
92517
84524
83437
84277
82663
88830
81460
88080
88974
83160
82773
84514
83687
81680
87576
87257
87486
83887
82644
102943
82334
92566
81496
81270
95173
86606
91060
94314
92854
83153
83440
89503
82990
88950
82750
94473
83143
84664
93687
83246
84524
83327
83327
105014
81090
89377
88914
87380
81646
81443
82613
92213
81254
83017
87804
81590
88250
82750
92573
100177
82707
85970
86396
86646
87193
88147
88873
80983
92574
83483
85207
82280
91570
84976
86197
82810
84630
84160
84187
90310
84600
81270
83893
84380
83594
84221
81743
83087
87110
83040
81353
91877
80284
83123
83843
88397
82347
93356
87150
84757
82803
85287
81580
81517
83134
92460
89860
83430
88510
83203
84930
82253
92580
83776
85130
83630
89033
83973
89464
83666
85351
93490
88176
83843
92773
93197
81471
87734
89167
87343
88440
87640
87780
88710
87570
85000
89040
91627
84856
94997
86850
83637
83943
80947
88324
87680
86714
89317
96623
89716
83587
83664
85813
82860
84237
89877
84004
92134
92020
89110
80987
82614
86524
88043
114322
95140
93740
86290
91464
83180
82943
88077
83740
95190
81634
83740
89110
89603
87537
94120
88177
87344
81290
81334
94444
88820
94057
94060
87170
82197
87894
93473
90600
81873
83593
86967
91056
83999
85390
81017
83530
82667
81834
87614
83807
89690
85050
82793
81056
85613
82370
92340
94900
88010
85703
85644
91370
83527
81760
88670
108910
89197
93327
87796
93240
87047
83021
81066
90833
88430
87233
83600
81097
83540
90584
89120
83180
95933
88970
89747
90490
81234
83673
81830
83037
83007
88150
80473
81930
83797
90944
88333
93084
94137
84287
84200
92087
83880
85614
93607
83017
97120
91933
81003
85853
82553
88700
86393
83874
86643
81467
81773
83540
90117
87193
86000
86440
84767
88657
84833
93653
82914
90400
81247
81440
89283
87167
85786
94117
80740
82696
81087
108874
89193
87360
87790
81354
83680
91244
81670
82653
95524
94763
93551
88067
90060
82520
88320
84501
85354
88490
87647
81386
88833
88394
93457
86883
85567
88214
93163
94744
88097
80680
92060
84256
85861
93720
81824
93546
81593
82257
90434
84187
94177
88497
84144
81780
89417
81297
83944
84300
88790
93730
84563
82074
84223
92650
83714
89397
102550
88773
81546
85213
87274
84220
84020
91783
94950
82827
83017
88100
92594
90410
84517
91377
95973
81314
83764
85893
81136
87640
82816
89013
94520
82840
86153
93080
83574
85311
83723
95030
93823
81660
83140
82220
81580
83487
87117
88447
109010
84767
87834
89950
84106
82437
93964
94190
86283
87337
88841
81917
81843
84390
84276
83200
84774
102286
85630
85596
94543
93510
88123
89993
89010
88650
88967
83307
84890
83047
85403
92850
85303
88407
87804
83411
85034
81980
83294
83793
94753
85744
93740
82300
81840
81430
84021
91224
84884
90643
81804
82976
81964
82380
84157
81847
88850
84197
89994
84006
94031
84304
82117
81800
104067
86440
85150
92954
85220
81626
81347
83247
89937
90376
90020
82580
83937
88420
92073
81790
103167
81780
84634
81954
81827
87050
83343
85203
92614
84993
85103
82280
84543
87533
84077
87887
85367
86490
84200
88844
82896
91444
84454
88524
90181
88773
92830
82537
82073
81536
88910
84540
95030
87487
88447
81596
83904
84580
84840
91431
84623
99680
88150
82127
94473
83790
85016
92257
91277
97490
83647
85046
86244
83223
88326
84190
90420
85140
87310
81593
83093
80910
88963
82077
89937
106797
82630
86996
89604
81656
81766
91484
84594
82913
83200
83623
88274
82261
91280
82667
92710
84130
88054
89277
91187
84053
85126
85500
83857
81613
91350
57317
37527
34730
89287
88434
125693
103518
101079
103350
100879
100483
99312
101759
107237
90650
92113
96070
94320
96280
88623
94206
97284
96487
89373
95300
90994
94410
94540
101490
88593
96143
95809
95144
97226
90035
100819
100905
107471
105284
101755
107012
103501
100846
98102
100181
99407
100673
106308
107699
107129
89927
89267
90267
96407
89408
95650
110557
96653
85639
85097
95869
90852
85279
88672
108917
102577
107947
102343
107061
102063
108290
113183
98996
100694
102070
101769
102376
108414
100036
119570
109055
106970
107515
105359
106840
105551
109931
111672
108495
105790
105659
100804
107217
101490
123452
102071
105062
84641
85011
107929
109831
109393
118824
100468
105853
81174
85964
86981
84675
87615
93844
81023
70208
75330
106247
104501
105132
107700
116053
101275
100048
106337
108724
109100
108960
101089
101602
94593
94597
89247
96467
89866
96966
94427
119161
105792
109581
93204
98837
94093
89826
117414
98447
94790
95473
86990
95320
97604
97550
95810
89237
89874
90303
95080
97383
98934
90047
100393
94230
94083
89603
90097
93326
90620
115237
96616
94220
96637
90517
85034
97193
88487
107341
98300
98036
94023
86220
88190
91110
98143
86910
91510
97080
88184
95227
87547
87940
97393
96284
95010
96197
95994
90751
94977
87610
97784
96837
87887
89630
94783
93154
92243
97324
115550
90197
95236
96086
95200
92123
97227
91303
92527
89617
89380
97920
94683
90247
95294
88680
89893
95640
90930
96200
91960
95143
96627
90990
89507
95230
88853
88803
89284
97560
96367
116570
98080
97960
95800
88940
97610
97916
88153
110380
97373
94364
94437
89213
94740
96957
91383
102063
88717
89260
96161
95036
89840
95223
105243
96993
88024
95350
97380
88887
95730
98064
106047
86956
98177
97160
90600
95243
96647
98527
85457
95900
90274
94677
88453
95383
96417
91057
96741
105840
99293
107017
108361
106858
108937
120860
109914
101115
105997
107874
108556
106668
108483
124700
105715
99891
110426
96970
108701
101164
107715
112538
101468
102367
109751
104877
108875
105212
105768
100426
94708
107863
107197
103105
99173
105394
135261
107806
107849
105916
106749
99171
107277
98767
136303
89207
95950
95776
96130
89173
93440
94841
104483
85216
88480
90036
88470
95847
96526
94513
94010
90070
94560
95286
88117
93677
96547
86103
101297
94960
95191
90283
94733
94153
89867
115186
95160
97027
89687
90141
93757
90010
95030
87996
93780
93840
89430
92063
95527
91563
94560
97323
95600
95637
90870
94113
97060
88497
94097
90077
90154
94473
94243
88420
96720
87204
114033
89440
94336
89543
94204
94404
94170
91484
103640
88830
89626
94813
94030
95467
90467
97497
88510
88930
93783
96480
90934
91640
93610
93656
100504
92650
96364
93760
93280
95423
95734
108857
94224
89077
93344
97541
93463
94060
89390
86437
96330
97170
96097
95247
96273
85997
94603
96563
95460
97980
89026
89867
95383
94267
94573
89327
96283
93984
97010
88226
88826
85457
116197
91097
95250
89453
95477
94307
93607
93837
105100
89203
87497
89123
89893
93463
95634
83790
108480
93854
85383
94160
85140
95737
93530
94533
103517
95440
90124
96364
96207
87293
96233
85387
89313
96234
84583
95446
93230
90524
85867
84214
89090
94757
97633
97190
87703
87557
90076
113970
93420
89683
91710
86240
96080
84637
89807
108046
85973
87540
94210
89530
87337
92786
96366
85890
94503
86973
85136
84097
88634
88460
86766
101938
105437
108955
99057
96019
96203
96662
121228
97831
97168
98854
102516
101926
99356
105939
113333
101262
97049
105644
106839
106966
107707
103551
110070
88383
86727
89070
94740
86550
95310
85054
93074
89473
90820
87640
89197
89254
94093
94204
95357
88413
95467
95193
93940
94390
95670
94307
88500
84404
97677
95761
89173
96437
96500
109963
93950
93440
88036
94394
96400
89950
91034
104290
93897
97147
94996
89673
89430
93920
90277
96464
85484
94207
88527
89074
93630
96097
90914
86683
87360
94130
89157
86097
86823
96513
89400
88857
93926
92813
88604
94767
96680
94897
105233
87917
94533
89000
95000
97103
62060
90593
95827
97597
93721
93096
87027
87720
89854
98334
92420
87920
93421
94193
97043
88897
88760
117100
96213
88577
93017
93134
89490
97754
94853
109500
97047
94653
94530
84493
97837
88787
95387
109770
94700
88450
93850
93243
89734
94670
95720
90430
89497
95190
85053
87976
90594
96257
97786
113490
98236
104615
99370
101364
95588
100986
117099
101386
100161
105555
96049
99057
97938
105064
106212
95673
96020
86753
94877
88470
93587
89997
88347
95100
97266
96076
90110
85444
88923
86047
87173
88216
94630
84653
85623
94124
94096
87143
86920
92060
90277
89340
96114
96380
97190
108446
93887
89594
86877
88590
89797
93974
94484
110167
96003
93737
88960
87373
93187
95260
89753
93906
96704
94871
95936
96414
92250
89573
96454
101033
89350
216854
88880
88434
87807
88473
97816
90027
94314
89927
87097
97256
89346
88547
97890
94776
96543
93923
87391
89327
88440
89033
93773
94297
94841
87910
85280
94213
86164
89744
84420
87870
85060
96306
87393
95460
87727
94690
87787
95757
96274
92380
93804
96457
111710
88546
90590
93070
95543
98130
94583
89284
95850
87147
87340
85204
97196
87120
87216
87377
87703
90447
93910
89513
88217
85333
88110
86930
94070
102398
107235
105499
101278
98081
106358
121051
106974
100615
106973
105390
101764
97510
101230
119678
89477
95251
94043
87994
91822
90391
89134
95474
90890
89910
90193
88790
96331
94377
90030
94573
94670
89753
95397
87816
97077
87574
95854
95993
88507
89370
88067
97856
87723
97446
95157
88794
90427
89937
90970
87617
95653
95096
101256
93283
94194
89316
98033
97556
96754
96073
104647
96457
94696
88810
94680
95697
94556
96653
109990
89760
94797
88971
94293
91656
97877
96990
112920
97713
90516
95827
94717
88044
94680
95437
109150
95964
97006
90446
95147
95650
94653
91550
95146
90937
89816
95523
90703
92880
83984
88126
97257
93527
90696
87627
85797
85190
97283
95853
101566
89890
94440
96277
94640
96980
97667
93820
87903
89523
94994
86433
86023
96144
94547
110217
95510
96614
84833
94637
97537
96103
91177
85820
89466
97300
85774
88960
95726
90310
96627
90020
89764
96246
95280
90247
96776
92320
95020
96477
112520
89236
94763
89297
96203
89637
90523
95933
89700
88360
89340
94844
94590
90127
88203
100993
95147
88401
89680
94817
96863
97386
96883
95363
97494
111946
93964
97374
90067
96364
94800
97400
93944
116314
97123
96070
89880
96320
95624
89670
92954
104657
94087
89976
94527
92360
89327
91027
95303
94683
90786
92446
96504
90647
93223
88053
86646
113955
102224
98751
102290
98651
106467
100151
132184
96700
93733
88557
96430
89807
96957
97383
102947
95297
85280
90577
90414
86230
105825
101243
115940
97300
100126
97195
108036
105141
96974
100567
96807
108602
98124
99814
101923
107971
106524
126452
96600
94610
90620
86093
90184
86590
86517
100144
87464
87100
88294
95300
91885
95224
88827
85540
101180
88597
89577
86534
89740
95500
86277
87180
84504
93880
86247
89567
83807
88951
95893
113314
97287
86870
89031
96530
95670
89571
95744
97386
97120
94880
93603
94517
89107
94550
96654
114958
107685
105503
104880
88857
93774
96043
89600
96290
89387
93451
86173
88923
90244
88626
110137
87297
87317
87483
87536
85614
95366
88573
105723
96113
86817
96097
84613
89603
97010
93640
90233
94007
87207
87133
95637
83847
93467
89033
97453
89493
94350
94200
95217
93757
89470
89293
94783
95200
93494
89156
87950
88547
94170
106777
89927
90137
93537
94733
90556
92984
86380
84823
90190
96634
93910
95844
86453
87277
108520
93626
88967
89297
94673
88534
91580
91026
113340
88950
90653
95000
94844
84540
85304
91414
97554
96050
87427
96177
93357
93554
88240
84546
90633
87617
95526
84493
94400
93690
86207
86021
91630
96690
93613
94423
89860
84397
89913
114450
93663
96850
94504
88806
95420
95541
96626
100270
88263
94843
96134
97443
95293
95137
90240
93217
94304
94787
94733
94857
89260
94067
94197
87803
89671
96010
94053
92243
94590
95574
114797
93970
94293
93657
94683
95470
88520
89056
95527
96606
86754
94127
94283
97131
94367
94860
103137
96453
94950
95007
88763
88863
96121
96486
95057
94377
87340
90040
94367
87956
89553
95366
88080
84807
87373
92600
85674
90207
94700
108236
89197
86060
86921
86980
90507
92740
90123
91210
94636
88573
95627
96563
89756
91070
89834
94120
95114
94780
95584
98150
94370
88297
112883
94143
92927
96253
94390
89053
93980
87697
84767
93513
89640
88064
89243
92936
87147
89494
77993
90708
76150
81631
87071
82021
76804
113110
95477
93457
94530
94357
87300
87314
90070
106240
94653
94813
95437
89574
96004
97667
89187
101804
109953
105161
105860
97195
105586
96630
104730
97467
97474
95400
86283
87017
87066
97481
107817
89770
93213
94167
94804
90400
93777
85677
88770
89057
85073
88530
86093
86514
93450
95564
89063
97186
88984
86913
87264
86506
84207
106463
95384
85273
95017
91277
86984
92933
89240
104800
86913
86083
94797
84260
89967
94503
89597
86256
88897
88337
95707
96990
85507
95283
85617
109737
96303
94984
95064
88994
90060
88433
89044
101037
89097
95113
97186
85437
93406
94710
94297
117066
108677
109272
106060
105025
108363
105169
99795
113040
100016
106056
104346
99986
97640
99246
96286
100991
102183
106456
109624
108113
97367
106064
109260
101623
104938
106933
106203
108149
107567
107532
132873
87673
93657
95204
85537
94270
95463
90384
100503
105935
108075
102216
99726
105220
107981
125297
105366
108993
93930
93523
95526
89184
89053
107253
89226
94613
94417
94436
90037
95040
92500
94010
94837
95710
88963
84507
94263
94754
89163
89887
95397
94260
94656
96570
94044
90597
90930
88597
96983
96267
94947
96650
95090
92296
109623
93474
94743
97487
90137
90133
89870
97100
93074
98124
88927
94917
95400
90327
96940
90176
105656
93047
91344
94150
97440
94107
96180
110284
100615
108403
106295
100468
102209
105944
108572
119726
95493
92533
96480
96420
89496
95567
95203
108673
94796
94820
94314
93761
88740
94827
94993
96533
94454
89264
94900
95264
88980
91100
89980
93680
78409
93901
94173
85970
96310
97197
95764
87100
87863
90163
97264
93820
96343
96530
114126
88703
88987
94790
95877
94977
94317
87894
111243
88197
86793
90183
94314
89980
96866
96000
105957
85447
88264
84930
92720
94453
86483
89570
114590
95933
93640
86926
96897
92357
88033
97257
89500
96770
89933
89294
90037
95683
92577
98096
93707
95194
96150
93747
93154
97221
89934
108523
89373
96206
87410
90133
87003
95650
95164
111893
88710
88947
89243
93001
89707
97310
96677
89350
94870
96204
92850
95240
95830
97920
89586
107053
94253
95084
97943
88643
95453
95660
111960
93080
86613
87913
90210
89120
89170
90113
114273
93907
95660
89460
90097
94600
95980
97104
92343
94190
96317
91050
95114
95650
95200
97116
94940
95130
93750
94626
89257
84577
88723
84660
92230
88780
94083
89660
94170
90467
89187
110127
88787
97970
96690
97424
94377
93046
95250
110720
88791
89641
89950
97390
94433
91727
95304
90347
89164
89446
66840
91817
92564
88984
84711
93691
89150
87510
96037
88417
92953
89794
98774
94627
93710
94576
95800
95443
89894
94267
95894
87794
89470
95850
97027
89140
88467
96504
94130
97040
94317
90247
96087
95654
93737
88623
86530
94030
93740
94446
96943
96474
96246
103753
89827
89220
96083
88720
94643
97506
98600
99706
97624
95993
95503
90696
86994
87653
87486
102364
88380
85800
91137
97866
89120
90083
89421
92033
89580
94223
97317
94614
96126
96443
97617
93403
89190
90110
95343
97320
94443
88143
89344
88940
96837
93897
88420
99307
95969
93817
109590
86723
93946
94497
95740
97550
90060
93267
110127
85460
95613
96150
87546
94370
96920
93957
88040
89616
91060
89964
89610
89367
95973
95887
92237
94546
94693
97216
96250
95894
94427
109907
88717
85783
88661
84800
86700
94580
86613
108767
84943
88520
92203
94800
87567
94096
94840
88247
87464
85047
86273
85630
86666
92523
96783
108614
95383
87237
88640
94503
90260
89693
102097
87391
92270
94074
85847
93457
88257
93643
106283
92647
95583
90523
95013
95427
87877
87257
89430
87813
86634
94410
89590
85693
83310
84781
107527
94800
83210
88647
93903
91974
94960
110643
93440
91107
88414
87886
95340
97857
97214
109743
90446
92090
96781
87694
95403
88893
98653
112537
93724
84920
89547
89200
90030
86144
93247
94520
92220
93967
86873
84630
88270
94230
94077
106227
97024
94917
90543
91917
93793
87914
115257
88210
96597
94144
89550
89297
95897
86327
86387
95543
95800
95840
90350
83893
84704
88830
103213
84490
87250
85183
88793
88204
88950
92470
108790
65380
95500
93720
94490
91340
86233
95023
91367
89737
96927
96360
89490
91604
88383
95253
114044
100088
103947
106104
99626
107906
97712
123844
104517
101006
106827
106689
100606
106410
100225
114186
109377
105356
96310
99078
96006
99769
95467
112630
86160
89191
89583
88290
85130
83480
96720
90090
95606
94360
90723
88613
86103
96833
97354
95777
94733
93847
95370
88970
94344
88030
96124
84314
84847
95133
85223
85823
83734
88284
107170
93020
85394
96570
94824
89494
88544
89047
103927
97403
96714
97443
85187
97706
87146
89910
98363
84507
88440
94507
94970
88586
94697
87137
88941
89480
93473
90167
94147
92270
93580
97407
87180
95357
94846
89190
89593
98667
90200
102000
95360
96110
94744
96887
88483
90160
93843
103910
89137
89034
93790
93807
89213
94513
95713
106310
94670
87831
89103
92327
90113
92820
88003
96067
88997
94400
87223
85787
89140
89700
96174
92056
104670
106341
105997
105714
102441
101811
113534
97808
97068
107636
105315
97681
104166
100294
126970
84326
94770
85470
95477
87364
87593
94620
85030
89930
88170
87327
95360
94840
84827
97190
96037
85127
88870
94227
93610
89104
90056
87590
85987
89147
95400
95023
93954
87996
85027
99833
85693
88477
87633
93710
89073
93403
96097
107626
89423
87180
84556
91704
93400
88173
90777
96864
89750
93616
95267
94183
89263
96490
94197
90170
92400
88380
88947
94400
94873
89784
111920
88700
95420
90193
89167
89366
84490
89830
100750
86174
85724
86487
88156
94481
93894
87940
99953
89350
94420
92693
85483
94634
93830
106613
84927
95644
85980
93990
87696
96583
84643
105943
97171
89083
87766
85770
88703
92740
96161
96207
95150
95084
85184
87267
92400
88073
85991
87040
90063
86293
92990
92844
96054
90226
108507
96781
96777
93380
88700
93836
89593
96037
112383
90370
87917
95927
94300
88896
93937
96113
100077
96550
88596
87480
85087
92250
90393
93506
89236
88684
86921
92073
91857
93126
96177
97137
113126
105758
106040
104003
98113
104725
99901
116783
99312
97543
107460
100150
101353
98516
101019
125217
84740
87390
88190
84541
83933
84783
84487
94267
87873
93653
93486
95577
90210
88734
90803
94044
88158
93567
88200
86077
86710
87310
107853
93876
92814
95853
88230
91437
89286
83773
90364
93383
85380
87747
96790
86423
85744
90840
84726
86150
92360
95727
92944
96797
90434
102544
84613
84580
86321
95110
93554
95390
95943
105037
87180
94667
94043
86170
88767
89500
84710
93557
89070
94956
93810
96437
86067
89387
86363
88520
89400
86850
89597
86734
98840
84723
87947
85690
86910
93967
96893
94583
88490
89657
104476
89963
89870
88837
95080
96033
93680
93680
102780
93217
93813
89687
95547
93353
96743
94650
90017
95271
95357
92194
94996
85237
85027
97857
108131
104971
106160
106083
107425
100446
104703
101484
98723
106690
109768
104228
100289
109422
100766
107614
101384
105537
100709
106293
108249
99661
105743
111926
106097
105263
99503
98212
100421
96701
107140
129967
87343
84513
85967
85713
93047
86837
89594
96153
92480
93963
95090
87564
85867
95877
94410
98143
93854
89533
86397
88921
88333
88484
108830
95653
83807
87630
87817
96864
90774
93137
100886
88450
88104
83437
97514
86550
97063
85537
105601
94310
84064
84607
85117
95090
89280
95310
86690
94127
89717
95103
93327
88093
90367
85413
85466
84776
85047
88154
94440
87493
89250
85940
91204
84697
88574
87817
93980
90504
94133
108953
95497
88820
86391
87900
90806
86330
95217
108790
93817
88567
94337
90000
94073
97283
97407
107063
96234
86410
87457
90564
96110
94657
85423
97254
89757
94890
98294
94443
89400
95573
95297
87650
90106
96817
93570
90234
91223
99004
108853
89586
86154
91350
88653
80362
89088
86895
84387
84543
75308
81481
97746
90320
86700
84970
86070
85694
93790
90084
89460
89757
85247
94934
96810
86287
92053
85290
87170
96457
90110
89624
82426
80851
85817
81047
87563
84103
113034
85074
85440
86810
82227
83463
81856
84923
102940
87863
86797
84200
80887
86203
87987
84270
101137
84407
87830
82090
87547
89204
86676
83550
84880
85100
87230
84183
86660
85434
87901
86840
101427
85080
84563
80734
87277
87147
88357
84620
81883
81837
86816
83243
87486
84363
84627
84290
88210
86477
88210
85077
86884
87970
87840
88156
85033
87064
85036
84447
83560
85643
87530
87463
85726
86740
86734
88130
86973
87900
87103
85324
102813
84743
80580
86163
86877
87557
84250
85610
103063
88733
87264
87400
85370
84890
84843
84177
101403
87973
87453
80350
83004
81677
81913
85543
105140
84864
84206
87577
84630
85414
88447
82620
100633
85510
87570
85291
85403
87860
84584
82110
101934
87210
87564
84717
87134
87126
81307
87806
101973
87610
86447
84333
87740
80767
86744
88220
83784
84670
83620
87964
85427
84857
84283
84293
79281
81776
92687
96473
97837
96185
98627
97347
97678
95573
95740
95727
98819
97804
97608
112313
99491
96217
97265
95631
99633
95374
91744
106431
98622
99710
96824
96988
99517
91170
95797
115410
95615
97011
95165
97560
98154
98635
97493
105665
93766
91494
95429
98271
95847
98544
92336
98084
86593
83470
84647
86464
81217
86953
84137
81890
84190
81120
85203
82196
79790
82550
88270
86067
87110
84267
84161
84673
84724
84470
87017
97067
86357
83360
86437
80660
84290
87604
83984
97743
86317
87087
84450
79794
85824
85647
87650
87740
86344
84070
87193
84081
87166
86593
84100
90943
90899
98561
99642
97088
98489
95670
224317
87293
85017
84153
91877
84684
85384
85060
85007
86230
84384
83947
86187
87017
87043
86857
83757
86326
87697
86484
86170
87003
84143
102794
87954
84034
83080
82176
87583
84267
86677
101917
84160
85607
84853
85970
87904
83950
87600
101227
86510
85567
84130
83913
86017
84493
85150
94457
86026
85577
88140
84640
86370
82097
86170
102727
86147
81397
86867
84657
84127
83803
84367
110753
84367
85243
84777
87550
83796
82620
84306
87136
86257
81126
86854
86797
83736
86197
84620
100880
84293
87130
84916
84394
84193
83963
88053
106104
87146
87507
84686
83386
86133
81617
87403
98503
87037
84667
84684
88740
81244
86060
84104
99020
87160
86933
84576
81596
87453
84444
84246
99626
87430
85617
85660
87087
87230
86250
84026
106364
88253
84080
87313
79607
85857
85456
87054
87000
87027
83884
87493
86426
84590
84070
84503
86017
82370
82424
86474
83751
84337
86580
84977
102010
86617
84573
88067
85660
86320
84207
86667
83970
82010
81787
84780
81724
84170
85507
86540
83903
82320
81297
87563
87143
85860
87187
85360
87003
83306
80947
90280
83820
86070
86020
86567
97194
84237
81210
87630
87404
85731
83640
87270
103483
84493
84927
87444
80027
84183
86826
84613
98460
87487
86783
84527
80654
84080
85573
86956
101010
85807
86296
87327
83956
83847
83937
84397
96427
84083
85116
83987
86020
85683
86947
84600
99530
82681
83893
86740
80560
81217
81517
82537
81110
85423
84960
87573
83601
87833
80437
87520
84147
79204
83747
83970
85313
86194
83440
85180
98860
87327
86070
84214
85413
82807
86280
84667
86144
88740
87186
84400
80283
86370
86623
86060
102080
83717
87947
84147
79887
84554
83893
85750
102537
84330
83936
85087
80457
87073
87233
84560
86240
85327
87123
86824
91116
86530
83847
84037
103740
88517
88433
84870
89321
84140
84066
85430
97850
85010
79967
85937
86527
86300
83707
85680
84387
82117
85523
80870
81583
87377
87287
87747
84280
86160
87327
83930
82663
87374
87270
85077
106347
87013
87260
83020
83853
79960
86626
86187
83907
84693
79884
80320
83947
85587
83930
87393
87124
86227
84904
80094
86353
83757
84194
84643
83493
87790
86580
81657
85844
86190
87653
83924
83906
84557
85464
87033
87761
84923
83680
87976
84250
86984
84130
81100
85490
86937
83914
84227
86583
87123
83860
84850
82004
81390
81310
88330
86806
88167
84310
87120
85767
82437
82216
85874
87144
84393
84104
84033
85447
85487
84440
102470
84850
84303
85827
86833
81093
81864
81743
101890
86087
85530
83871
86707
80420
84056
79817
100376
83953
87463
84177
86423
86970
85350
85554
102910
83624
84281
83810
85750
85583
84864
79684
101643
84104
85344
82627
82540
84374
86983
86054
102824
84307
87687
84413
81360
83776
86003
87144
99477
84687
84823
83530
82246
83807
86097
87030
106923
84264
88773
87024
85984
81676
84053
86140
101617
86083
84063
86890
84170
84297
87920
86727
98264
85890
84410
81850
88240
86573
88847
87383
85904
84580
85543
83701
84747
87174
89240
85356
83590
83893
80057
85730
84047
87573
88354
83444
83757
84133
82656
84253
84354
86166
83730
84083
86227
84031
86983
84370
87600
85043
87046
84794
102480
85920
84221
87347
83983
85633
86857
85420
84067
84713
86190
83944
84524
85280
80416
84500
86134
86366
84774
85543
86200
86354
82920
86747
84454
86286
83856
84116
85033
86117
86023
87450
100284
83711
84596
84030
84180
86736
87084
84773
105513
83790
87463
87041
86907
85777
85747
87277
100504
84160
84294
83896
81337
83650
85797
86063
98747
80160
83270
88750
84320
81606
87533
87404
101256
87336
84503
86067
84361
84073
86533
87040
108307
87093
84380
85667
86320
86594
86700
84613
102357
87014
86883
87273
88016
85907
82633
85873
99230
85803
86760
86677
83653
80137
85047
79827
84690
87570
84757
86510
87247
83940
83914
87363
84737
83753
87727
81527
86420
84266
85890
85296
227080
83753
83943
83004
87441
87260
84910
84240
102160
86687
84506
80293
86814
87720
85930
86057
101693
84393
87127
84434
86586
84370
86633
83740
107867
82133
82250
80436
84030
87617
86846
85020
101244
84177
85940
83990
80597
85447
84877
86871
101011
81343
84523
85803
84263
86381
85996
80640
87207
83930
84100
84227
84966
84404
87987
84837
80494
84037
83050
87941
81257
81196
82177
87020
101857
84330
84854
80906
83723
84387
85904
88060
102140
84663
86363
85101
88704
87524
86943
86523
104546
87590
85270
88374
87076
84223
81777
86583
105376
84687
86617
88403
85004
87360
86354
86024
80733
87584
85453
85554
85477
81690
87773
88030
85250
80797
87743
89520
81867
82097
88176
84607
95204
82567
82567
86560
82667
87913
84347
87023
103224
87140
84990
86377
87653
87114
87077
84524
86067
87453
81523
81531
85820
82316
81033
85990
85151
84337
80680
80760
84817
83460
82637
84686
88680
85483
82000
80733
85260
87200
88354
85047
88054
87257
87933
86420
84917
88210
84647
84967
97810
81057
82720
83510
86493
85934
85410
87003
84084
84453
104857
89786
91370
91410
93590
92840
88780
97520
89220
91277
88010
86718
93205
84774
93146
88738
96049
107456
91497
91959
83210
89023
94897
87986
83947
104329
103550
103215
104295
93233
99043
101116
117621
104445
105337
105667
105499
100643
102741
135896
84910
93380
91200
87550
94144
94030
92470
105054
96630
96547
94020
89817
93493
96537
94534
89267
92356
95636
84897
93067
95153
95344
89003
104778
101747
103348
97771
92748
97621
103170
96257
99627
105390
93727
90077
94260
91657
89704
107707
92183
92647
98296
91977
86364
90177
88987
96650
87760
96110
88126
88283
89887
92476
94317
92181
90713
87026
89994
88630
91467
92716
96170
88734
91624
92420
96990
88473
93810
94844
109497
91320
97067
90194
90717
89154
86877
90007
110486
92973
94026
93333
96880
89470
92660
88640
98847
89240
84727
95014
89914
83420
86257
91027
93573
91370
87954
87563
87637
90933
87233
88057
89331
88480
85527
93567
85136
92040
84286
102630
83814
87907
89334
90927
91316
85380
89444
91347
84480
87957
89033
89366
87620
89144
92210
107564
84452
84304
78740
81269
79334
73954
71231
88867
97260
89360
90680
89260
89913
89027
84350
86003
85700
89590
90620
91406
85363
89490
107163
91001
85383
93994
91053
84193
93594
89617
92423
86396
91301
86020
88737
91697
83813
90820
88584
90820
93216
88376
87983
91753
88553
82853
90024
91013
85270
83640
86464
88483
85084
95593
84520
84860
88024
92406
86433
89140
85613
102996
86323
87310
83026
86527
90524
84377
102660
83257
86856
82760
83010
83173
82931
84394
110663
88180
82830
87267
91943
88250
83736
87713
97836
83710
84060
83480
87963
86823
85604
86344
83530
88933
86750
86514
87504
87353
89360
85510
86873
87083
83887
89060
89964
90610
88150
89937
91317
91513
85930
86840
87553
88921
84027
100993
87010
87613
86613
83223
89897
88307
88107
84144
86077
88790
86414
84277
83690
90686
88214
99074
83173
84163
84970
84717
88620
84810
87960
88543
87577
88350
89720
91750
89983
87873
109373
94366
94430
93364
83717
90430
95720
88460
88307
89654
82377
87530
85943
84603
95031
92031
109792
103832
96957
98411
99870
102688
95776
102293
100896
102413
99764
99211
102917
96577
99733
121624
103875
95412
103990
101604
98094
108153
102836
113753
92944
87940
91107
88390
