2556298
417842
453741
317049
247428
410819
317654
213199
214953
258982
179159
150810
158812
262810
150611
180920
159249
206330
217920
182903
159752
144619
157736
163857
186823
177000
173691
526742
193304
268845
168225
198550
173889
340013
244019
227432
213785
307148
154477
337727
281157
187340
291615
266561
220931
225112
260562
179605
161085
366926
273527
137798
174857
195681
299470
166686
188852
293836
374524
254502
273277
195742
231575
5150503
2638413
175352
225724
219610
175453
296383
254685
241750
271496
305714
186344
233326
172279
239786
214866
386304
291094
177585
195456
242485
192942
210333
228094
331621
257267
234749
238510
214633
167313
158543
209098
201728
221111
161949
229381
136922
184073
159049
153659
212669
158302
168441
169771
150077
200162
154573
187669
190975
187229
260061
172021
150390
151390
187931
183843
184087
270581
177249
199298
148722
230708
233133
170919
177472
219547
192525
147922
179568
148201
143806
178928
145456
229467
237257
170056
199993
169214
203386
187101
143449
202508
175198
221405
395047
204248
194507
158846
154270
204379
161258
193802
253923
172927
216285
198783
194037
309187
191690
222003
164493
140567
341177
222928
179988
168091
183009
166162
228386
254270
239711
204928
169145
255594
154638
224453
311977
170389
149528
249848
208751
174201
196600
282504
287859
237103
200934
154551
206861
188388
204762
191510
155616
195512
206275
315315
215412
151903
185696
317765
198347
185100
299742
238815
159338
153967
198010
190056
193955
199277
244902
177153
239013
230191
47949112
43788033
39684875
35548465
31409095
27301042
23181466
19020488
14884785
10757300
6593159
2485178
2521525
192956
163351
274914
172858
193409
278125
168029
273565
5456486
1348739
251363
152069
196616
147935
163812
160007
188254
167091
205571
215728
211530
245817
171250
207329
171339
139495
190018
247472
269689
152304
208996
169028
160368
185440
167236
251432
199597
538363
160043
209214
187553
159156
196840
175249
157752
170802
226792
130727
224657
263998
197978
230275
214322
171634
215093
267419
215804
239526
210788
292477
202510
195344
291382
156790
196431
278344
231466
204930
280273
214684
226813
205174
211198
183722
263710
207232
186536
210486
297703
231810
254818
203575
228045
181143
179813
291845
258594
203091
160707
193013
224582
210267
168090
217070
163569
179090
232244
156949
256676
201733
199445
151477
253184
176363
180777
198043
282605
177900
318504
255301
203637
197780
177920
279006
196216
192772
176873
202153
219475
185559
215910
214296
288280
231969
224639
232732
170894
221893
212948
282433
183914
265181
202903
269329
2860818
238203
286795
184560
211276
204142
169766
174481
235959
238651
275688
277046
256230
220375
241430
197072
270585
203242
201004
224907
191779
198767
192025
420566
261011
289645
257928
228866
175340
162534
239469
305594
134757
223525
263451
322418
168655
155915
250091
231823
226610
292607
327084
203278
225392
193999
195239
183233
230428
244351
182047
208928
222840
285677
171036
237755
230611
243662
247368
238216
181709
186145
275347
242085
225993
184580
240883
222475
206782
950006
5881313
1750335
181790
214289
228053
223658
201664
250051
345061
192945
291304
256964
252166
213383
168730
230206
216856
319051
180614
258388
187121
272096
240251
47336365
43172511
39057943
34941227
30778752
26636267
22529294
18367669
14273981
10139977
5975742
1855792
1472500
202977
282218
207712
162296
267785
212029
246454
324164
198175
226767
298914
223544
240041
241518
209199
194958
384991
185376
184527
193443
253751
298905
284361
176301
237021
212849
177247
278976
192220
241099
251189
206791
188512
255670
235324
158347
219065
191918
203866
187095
223864
308679
199932
221264
205214
169831
189948
151416
183430
174928
221828
182445
220077
242206
174907
197667
189998
287324
194759
244581
182892
213122
223099
227663
209476
280484
319918
182773
175314
256479
239567
156139
238514
239699
261896
152252
204493
217333
192039
181517
285416
199634
218683
239107
175881
206405
225511
213489
198122
177487
154196
176122
260313
188831
222848
286254
179303
268827
171660
210319
200127
223227
188342
174576
191693
193254
228899
184146
167444
150543
215159
198210
188043
161202
168994
288320
183557
188275
157252
165646
169327
178868
169794
158096
162176
189366
172182
183610
192960
178816
174065
174679
180434
210333
170494
285683
223164
220127
228697
246225
207582
158924
207715
213715
164179
325410
203735
233215
247867
147417
220108
150779
187245
176586
252886
193452
163214
251975
5886753
2016753
183185
333604
138480
173109
177452
209045
164437
160225
117338
269338
199477
228374
150428
204788
179700
280376
127521
238641
199416
173419
232330
254037
196375
220761
214556
367918
185662
197252
188675
244172
225546
235033
208380
211291
208807
139344
261024
296352
255775
175328
139255
202011
296054
217850
203847
195301
184099
210459
217168
222366
272704
365544
175622
211172
198982
218598
216458
173142
171586
174854
215210
171327
204857
249463
193306
189517
169155
46263926
42097170
37990273
33880499
29714318
25580373
21472310
17307473
13210669
9084005
4919862
797378
1206808
223203
179203
214406
268180
190670
191688
224225
266148
216932
172165
203179
216127
250771
229092
204821
237237
182604
263148
257262
255357
200748
267379
175431
293302
138437
217718
172411
293406
196261
169282
135598
229232
231219
327947
162342
185509
198443
311634
150725
238861
268607
299865
224054
276563
156141
224571
164265
238389
229862
201932
142614
252855
246651
182548
184344
194893
165611
226561
249159
294975
165610
152471
322051
190115
199378
194334
210840
170512
152691
165965
146621
186080
293857
131331
159774
201733
303925
184176
155512
152710
146857
148090
174810
217388
287430
387869
167251
221000
197411
245495
144998
165634
209206
238598
217372
149759
166020
200271
195728
200877
198059
250732
342678
283312
199074
230982
192871
190163
294972
194667
177320
213605
176667
159702
182352
1847982
301945
194185
177845
185021
303509
172325
137746
129429
320476
243604
190938
239036
170894
197903
195343
222378
215461
175640
190997
249858
216020
249362
324067
302207
255533
189061
182789
289901
265156
192277
229891
158127
176597
261921
234884
217364
231199
189451
213158
343098
185202
257689
166824
166408
265894
176773
169499
184035
196550
232676
171518
152968
251345
185708
182121
287133
201078
175252
277350
123622
163903
206668
205457
120896
264172
260191
192318
152457
182863
163543
179830
130725
129419
185567
185179
211043
142159
167983
186110
243320
145546
189795
285717
188027
215222
190570
160826
240973
151167
138389
189340
190660
286342
157569
242825
153187
171380
189839
193915
190869
228782
254911
365969
212263
231899
168557
353535
206095
244218
212304
231322
45579255
41407962
37264698
33139860
28975624
24843549
20707393
16533333
12401277
8265641
4097605
1785498
875204
145304
272316
171431
138912
166381
129496
166613
160805
161488
165454
158071
212905
171617
279144
171761
168892
193460
156592
220770
222374
250102
160253
198574
192343
198458
160692
194958
167143
196285
164891
157946
192842
219546
152686
188012
170843
179118
191808
192375
161561
191181
165963
136466
124291
190343
225159
162868
133663
251273
292716
159536
184572
238229
231303
189764
147879
135320
287889
173806
153189
186807
210666
183189
138020
220158
170663
138953
227132
159422
173806
139946
209063
522386
233665
553405
2570336
610462
157607
195314
224225
199275
166550
126172
206825
246397
188887
150987
158322
172894
175025
223653
143224
150137
213906
161609
132710
159119
146429
138220
155419
159342
176031
185604
141947
189009
158754
198265
193263
152682
136933
268117
150884
142866
157737
146463
233644
164108
174735
182398
131813
155377
170523
206873
150906
185297
150051
174270
162551
163091
157748
181717
169421
298484
170090
178620
184085
170624
191477
158787
155134
156847
280235
150792
187190
196034
297738
269002
212961
186497
252516
184513
165411
331766
198608
245098
264093
182049
209956
160690
154014
173657
181045
207681
167222
228501
155873
248681
137710
190985
186341
185125
148951
172118
175850
149006
181775
144301
142448
283989
242897
225680
164634
175360
228205
188189
186783
142099
218306
143424
142669
161831
239477
332072
209163
135670
176662
145486
206947
183541
184814
188934
130889
304099
236481
239385
214978
147385
191043
241642
247453
145130
158883
212023
164303
224830
229276
171486
236641
165721
205880
340453
301805
296293
173683
285701
178438
48731487
44574626
40474972
36394280
32223877
28083093
23980351
19819899
15677415
11522712
7339191
3219635
1052867
389510
175513
352299
147288
206372
171326
271799
160550
132085
144628
211967
147341
276050
115852
122525
186447
142385
163045
206273
143617
233132
247225
255767
269712
270382
173812
159903
127882
224841
294949
190038
223257
257265
269651
230561
139849
294929
794082
237896
233293
241917
1216217
244326
218771
198055
393429
240733
157948
179611
138573
145132
151089
202417
149446
145787
147673
168829
410089
134590
147407
277730
154900
219189
198552
226991
186641
142091
122188
242417
315955
169416
279989
190299
170505
346779
138457
136665
153700
247338
241840
172642
167986
153064
167848
448002
176507
138651
233873
174749
142847
138462
122932
253903
124620
212478
195858
203712
277869
324542
386795
247022
209674
456621
238323
177845
237480
146056
214371
218692
224976
239678
170961
267793
262443
230660
285784
383335
350513
317848
151824
393513
182493
137377
173932
201242
349045
176194
316402
339631
276120
164485
213906
188841
223090
362152
208936
176950
244949
384300
168684
291906
196488
184611
195904
184833
138427
230680
224522
210300
259592
233501
294159
164317
220096
188655
252178
164916
539528
180726
346317
262241
171839
291105
182987
262706
332302
262729
202989
295047
183405
291332
259341
357463
203523
323976
193709
334050
153559
151641
211443
253450
283758
146843
313511
217188
316399
315348
158081
234111
296134
270557
245733
204919
247832
210974
353826
292248
237226
150137
234861
287120
349668
236446
288227
183814
217529
177282
234792
205858
169670
289084
270491
163121
213163
162117
150621
115014
131503
284223
143827
151550
233576
196054
205328
179831
187040
204445
47681513
43515264
39386864
35246836
31077306
26962245
22857527
18689872
14559926
10424872
6261397
2231982
957521
227407
204523
172749
215448
245538
167820
146256
144333
180996
120186
116313
115809
266314
219261
941334
3438903
1031728
142466
228250
211221
238553
211061
226516
144910
170750
243715
157922
287011
173039
176895
166823
151560
236548
206564
156805
244660
183071
225298
235270
202270
268797
248883
213186
266391
226341
158018
149642
249855
170406
163531
216403
138886
222626
163408
254765
251572
238112
244631
307449
137789
333685
173050
206737
253370
344357
193270
237707
193749
229839
179766
182367
221394
254807
151177
244114
248837
242460
143317
210800
358881
127357
140372
247448
248068
204943
120896
213774
306634
240595
178024
185061
185998
215890
185391
406378
247518
164946
454906
325281
169091
162882
284928
182238
182424
222646
155496
350302
223629
149728
204153
302709
221209
299565
149336
189838
122204
235928
272074
234134
271855
132473
172766
132547
170199
209096
242639
295263
199368
203593
244716
156491
149409
176475
255299
199646
165865
258386
272068
232853
295485
232491
306191
208491
197776
168635
329384
211684
300648
173926
172837
195795
169146
165452
149477
158389
334078
139784
223663
306400
159389
349752
265925
216921
178115
171924
145676
191484
218383
171103
204842
160292
185829
145116
135189
196098
346541
200091
202071
253545
216489
163906
304563
137447
241443
149863
177755
238849
143255
228254
183185
270491
209752
146101
143477
184760
180488
158583
123116
212857
238088
297101
164105
163495
143375
211410
122600
279517
162161
207147
262241
185808
199354
161247
138441
124885
183103
250778
164366
237845
143560
132063
192721
233944
202492
146391
202481
174660
46681892
42513438
38390352
34266662
30136680
26032028
21924865
17753488
13588049
9442743
5273661
1158923
1126721
206635
197910
571214
173755
187474
176168
187235
174616
174460
268354
299066
146002
179419
196808
200475
266628
140726
213366
253337
282348
197022
159232
136547
117440
187775
160471
219539
121028
212243
203360
220401
225207
215656
179241
154205
116238
307092
220601
259425
246393
139467
206779
152006
177744
94899
207424
154274
142344
201057
146208
285808
196476
181164
190013
204713
228322
141934
157787
317165
181088
165268
152841
197667
189147
214957
164545
221319
204783
165809
171213
125264
146211
152965
179814
204543
179677
130569
139852
149152
158201
140588
182401
148685
192905
98610
164323
159631
165945
139181
135140
197350
161980
204627
153878
176732
210151
150776
180552
191299
121806
168021
202228
144666
167361
193542
188638
313052
194614
173105
313159
238238
198142
173691
238711
152930
217301
144221
176755
260208
153890
224678
207760
353415
340137
327308
225795
277433
342488
210846
274563
214728
336744
196906
186426
200088
183282
277117
331327
235906
157157
186208
219796
409380
286491
315411
351552
239315
164983
267344
190231
229901
206921
129001
247673
191234
257358
265586
212870
188288
149961
173635
212359
280350
266560
169916
185088
187767
214445
307191
158525
188103
204046
127577
198683
168754
221210
125150
113484
184796
167632
188436
204348
292390
205423
156403
273540
227270
291514
286242
143022
195001
155348
189215
257184
258690
158201
181756
164782
171978
130311
127987
236685
270925
232469
113972
118767
201543
185666
186425
211499
227812
198601
181897
128938
121038
207474
1345065
180900
188981
238898
343071
263992
713476
214061
168210
263103
144637
45997855
41833571
37704135
33603231
29440341
25374709
21300261
17202913
13036821
8952536
4829426
664618
1110676
241893
176580
111062
150155
138166
104565
177798
195522
94999
170496
201191
230578
151126
142805
234022
155714
171195
210184
143557
224358
303350
280258
216202
252360
161989
208004
250911
253126
177549
167052
191457
141007
217665
254463
229068
310082
227591
150398
233681
282113
215418
221532
170760
239760
238497
248394
292430
270204
254182
189990
249260
195515
218216
246131
173727
152882
296782
202425
396657
283405
299033
223344
296845
131264
322877
173643
256103
211855
193019
134048
135257
125818
356038
236879
233384
172517
190465
162649
167224
159942
160583
203829
170863
109043
128777
200499
117094
319220
300340
130174
289942
205801
316096
209953
216631
261374
351317
150801
227848
273061
121689
185520
150817
151384
308457
205612
131069
167814
275984
148878
282035
156319
194328
225570
184648
166524
140478
269678
232071
176277
219110
170239
236307
243384
318882
184435
135060
280902
180937
293970
272567
264589
160381
495780
173721
140387
183009
148628
235526
144246
273415
180423
202388
154804
121683
226563
147083
172415
205706
247730
145018
354310
198130
168832
142657
112754
326567
214274
160490
170465
124511
176885
141073
179516
207198
191313
162787
138425
215924
152721
224389
244137
212678
124770
205563
173711
226806
145651
251892
138711
220700
189381
375003
149053
247156
232894
261436
174096
124925
204460
157886
125585
147607
126420
125452
188529
109494
127602
140963
175310
419261
190758
211325
119246
250460
256885
111488
136242
118998
121164
97418
140146
120165
108419
140056
196306
120453
127370
173118
184581
146423
287359
147327
163577
132280
155480
200620
45577699
41415747
37295789
33174939
29102790
25048670
21030726
16866208
12747371
8636609
4473998
1562342
244730
155340
153015
172818
162901
140848
125301
124395
242864
131469
154974
117277
156414
162951
137695
124652
183521
183249
215620
123325
217748
129864
160558
131405
160834
135732
143645
146626
135647
127522
134532
137876
209819
114609
194612
161416
231892
146784
135489
186395
163889
226125
159707
175843
204130
131771
144529
199657
124239
144554
95590
194708
232941
127594
98443
155729
193499
215900
158362
158858
154939
139738
175396
144622
139171
144918
192747
193184
148790
136884
127387
135484
191379
153544
220137
155739
124248
143696
185631
138573
135383
186918
205113
119770
154795
184865
170060
153504
157722
132534
131139
117404
134464
125608
167148
132977
199823
180960
122620
118925
129724
106509
112659
119473
197644
169157
111359
107999
131124
151175
117586
179951
144879
138968
300268
165883
183032
133701
163690
179790
195181
187062
180002
113566
127790
123085
323384
170783
111203
182340
206543
188049
176603
162161
196137
162333
198287
163566
193227
156563
232288
204932
147469
154887
138157
181622
142249
173550
130303
116409
139338
324353
138365
127329
267532
176348
173465
218830
185865
191591
118992
243448
124785
189930
184022
151666
166486
215882
212564
178982
270241
223007
113114
123196
160111
206754
159711
123925
219213
148202
129453
180594
136083
198548
178765
1021270
754412
180590
184531
215180
227157
133283
183398
192831
189740
190226
145163
205639
265664
267406
207725
119682
280364
166162
153952
116282
192860
160906
179977
221247
405158
387977
170562
143136
203752
223449
171975
190963
260664
222424
114357
178274
174378
131823
166990
228587
130349
49019319
44854590
40788556
36666777
32494363
28389204
24255073
20091219
15950132
11807266
7634508
3499506
1736915
445771
152541
170404
132970
196155
115278
194793
145438
309729
247510
138427
207602
137019
136269
164314
232745
238096
168906
191412
151593
232114
134826
230167
134046
211754
112702
130710
147206
116144
166650
141779
203827
191615
178992
103905
163824
113490
136522
110118
115211
106298
234632
131922
135186
174779
158644
181921
196815
107366
198791
168864
241271
143524
208975
159815
171603
128428
118927
218308
140939
179430
254499
197929
226177
131689
137009
169601
182292
127390
134961
134308
202021
138525
134962
160480
161881
155442
209723
90522
125130
157148
148591
190745
158837
230016
169044
148880
172409
220337
198177
133904
174892
257506
161509
175204
210703
214163
198561
179593
236874
234422
250051
128935
406334
269333
167129
175908
155053
149212
223595
170024
250038
158263
179017
202553
115779
207610
354089
236829
232106
194244
169341
161310
293881
187117
169174
174812
122073
245958
185994
113881
132978
178396
145087
210073
149988
301086
109831
260005
207297
168683
170198
115841
188750
155756
164804
202378
163813
154880
131850
174858
245578
254196
231247
215610
165768
281913
264637
96624
135704
180701
199146
188309
171467
111365
116134
190271
143292
165106
208751
396522
159847
198754
135693
203572
108688
201533
134603
171722
138627
184959
186635
125790
135499
146033
103097
127221
115912
189232
144045
120681
132604
113195
170280
107409
126444
185049
116182
142661
171942
142695
134160
150530
95253
146610
125061
162887
137586
178415
132822
128185
82623
96199
180076
240897
137764
184762
201916
138573
152215
252385
178349
132435
109029
158684
120860
92695
48110683
43944928
39830404
35704223
31535602
27425173
23302690
19135710
14993174
10867897
6707391
2585820
3425720
133204
373972
150382
114202
101732
145498
130748
188765
147734
100414
95517
127960
92449
119986
120196
105218
103062
145163
161085
130737
148124
127720
161368
196373
120751
157615
125430
116117
121186
120355
105402
128117
126894
113357
173024
139600
130230
219813
140504
140618
146410
125561
156072
124640
113093
168225
146870
137639
154261
251250
102830
117193
159680
121991
117208
100907
174154
90969
104252
113671
135571
110436
163988
150989
115104
141371
213344
167682
118983
110633
126508
158668
148018
121191
146782
177613
196998
204102
130634
123122
119501
114939
163661
182169
294042
252594
110763
138211
110395
237400
150248
170250
105691
128136
179546
143099
174663
136066
216293
193264
132533
167906
178878
139870
145934
101611
163593
134931
194551
210548
84793
158061
152910
205884
167129
131165
106602
132630
131125
89239
126300
192938
151546
204716
157915
113832
171458
243140
144046
144787
194246
145182
166309
132504
174300
169010
179440
124745
117458
171457
132092
159390
216275
182017
138807
180004
215074
227378
150423
179205
110682
106325
144602
129185
195982
3906577
939739
160652
249587
143338
307668
137883
196659
152307
181334
185623
208333
206359
113567
172638
204747
140573
194747
340134
260376
238569
179533
200687
206763
243832
209601
165506
220354
182020
166581
143411
160517
214206
304026
238637
199907
168740
133394
146521
159675
228324
122540
152424
331159
176323
158798
112193
162516
165540
142052
185680
179644
148533
157377
122893
165775
125516
125650
207174
209977
116976
160488
145649
206528
196050
211464
148792
161277
174535
167269
204023
183902
47246119
43076698
38973496
34852365
30691613
26578146
22444436
18277042
14142409
10010627
5845764
1748860
1052143
144046
166473
192042
301670
238145
144658
152851
220047
147024
204680
235742
376616
196577
193932
208274
208514
278619
148755
264020
230334
185020
327889
255304
261461
233580
251043
228226
204946
285990
299026
210297
200704
229346
289198
207089
265355
356434
169379
321068
213700
125761
190165
322234
136701
173106
180850
127723
279457
238797
293934
253830
200197
138543
198151
213307
152239
185135
190399
193223
137140
167052
210499
316970
145950
218330
148566
159599
261517
141607
206167
190509
130256
194647
221564
189851
184768
186954
182362
144969
178052
129934
195709
196300
159364
154812
196337
277639
170742
148213
225063
156972
162257
213831
179191
220678
174143
104361
194491
216624
167332
223715
118098
159913
193573
186441
167446
293234
191182
214136
235622
147851
182313
190473
202332
253094
202580
245136
287673
198027
163635
133552
134700
181383
225419
188801
183727
204390
185743
186171
149648
194617
148475
208133
259006
231926
176761
185866
138575
299712
3197281
1481758
141873
166135
260099
186171
224989
189604
178512
95687
102197
157932
208911
201221
194759
128848
123659
170190
234687
133469
235909
146246
165116
200848
123979
177690
102755
152682
126807
168676
100795
153438
124143
139654
242889
192678
151125
163013
215836
173326
201998
74893
159915
129870
130272
159365
144169
222036
142447
130089
150563
176190
163756
126032
145761
212620
173353
184598
137041
158851
131338
206392
133506
111389
147259
173219
163836
152054
148244
149358
167841
138037
127572
232747
221233
102946
301704
196258
190050
114950
129837
135850
252681
167501
111939
155724
146176
124302
46553218
42420639
38305504
34198045
30034565
25902744
21961661
17780215
13676229
9579542
5414991
1349835
1204118
122589
148908
102686
261269
173600
147329
135655
210410
166808
163326
265425
115575
161501
213007
170903
257577
136207
140553
179855
215996
115631
270117
209347
248502
112637
301872
128053
147244
147259
122206
182992
105954
159038
108300
130896
142097
207387
147001
197036
198375
189671
136747
105644
185660
128825
135118
109410
156617
165269
130252
153879
161346
206601
112521
122521
145279
167894
150945
150290
224819
164117
146289
235672
148254
122871
112473
191834
90668
136186
154552
137820
138924
119455
196585
86711
199665
159882
225473
188318
212304
174496
116087
204930
191892
171221
163268
179384
156463
123708
123065
203052
141689
167684
140569
188735
219170
134189
200595
196545
109847
188832
200134
115496
124656
157647
109777
194557
157092
179313
233115
214124
109531
183979
95777
103680
191843
135139
153954
202916
158161
166928
198052
204193
157653
186928
965559
171539
126761
190833
183963
191956
177741
147011
276825
175080
133584
111212
162327
151987
221711
136477
122598
123076
166246
172988
121377
102706
132832
131135
143831
119951
175420
133781
168315
204708
114158
152162
137940
274367
188414
198496
250209
151386
341244
191903
193151
258707
222394
164166
253912
202819
137672
186577
204544
199468
127693
125816
105638
126275
132258
185127
255713
142759
200034
214793
171356
252339
173802
92037
144105
140827
143714
254162
191167
151700
149734
163859
154722
144202
193190
260862
169867
205238
210097
123978
188313
134230
174985
176223
177342
221679
206135
198792
237131
117087
384553
131248
203657
246143
132656
123467
116138
268506
278365
151972
177899
241761
45426881
41248904
37135435
33012458
28847121
24708524
20549414
16402559
12263897
8131091
3960208
2100290
719955
122996
240857
149151
147873
141183
143732
108809
295492
163589
155280
185233
151783
191553
202383
144143
210098
126868
237693
167836
208904
192424
163768
154315
200580
108619
130464
132301
109571
147592
145262
192112
125256
263231
181428
122231
180925
161363
472078
165072
136683
179671
226269
159583
126429
162784
127512
134008
136221
181352
250490
315172
95639
282118
173455
203977
180187
150124
148317
154318
283609
157096
150791
175085
170596
206115
104661
338952
169446
148014
193745
127166
291637
190847
198682
292312
156929
220348
252025
264956
243056
180930
190791
149650
140124
155098
206024
181152
157929
237102
148277
135564
203994
185534
125196
176431
135795
154698
146776
233380
238744
136909
187276
126347
221587
130732
196833
162499
181665
142960
178747
195707
2811800
2042256
230900
166501
332803
211829
173359
162669
306433
186521
256773
130777
154962
126226
124585
143369
195788
235124
187158
124795
112771
128136
151786
92156
144472
122373
212209
156526
213797
174588
157350
151059
201174
133612
158316
190631
169325
215422
105987
201646
167425
130196
140525
299598
201623
614990
138194
120849
121357
126393
200147
143587
196979
220412
261645
135079
215652
216068
127688
202705
161099
237731
264070
139094
161762
321953
139314
144719
119608
212035
123742
129151
166739
216650
170260
130160
228439
169773
113385
213815
198435
200040
175544
261215
160391
242012
191922
202307
190478
183229
264333
134934
158818
170505
163056
132313
229059
136365
106288
203513
171177
139221
137361
241493
111012
194231
274987
175645
179918
177689
139883
154645
162354
240147
227381
48370079
44188864
40065761
35928983
31764827
27644455
23523905
19356881
15227080
11097403
6929882
2842012
1803808
373136
189570
206108
102531
278367
187148
214703
207555
221018
141127
171836
189546
261884
145386
190598
164089
207413
138193
346688
140044
196591
194277
200533
168012
193293
141817
114299
181458
216891
128210
149153
192175
238008
203980
168383
116204
163795
226856
246819
379411
127281
159166
195474
155223
123235
162971
241848
139180
190631
186042
152949
137502
149568
237021
623800
226901
187013
207343
232875
106978
156960
283942
105235
240177
241996
257686
166048
145378
104623
235439
127765
160148
157004
250065
151215
271313
176317
164041
125456
174064
257365
206958
227496
99320
247440
179841
234684
112109
194338
162473
156056
158562
299064
131611
101983
113976
127161
181070
155851
124782
5944887
1850811
238463
175250
168571
190122
143617
139777
113058
237525
125648
120194
128961
157591
341778
243317
123536
127045
203675
189192
254521
140192
169296
183341
142568
211191
148881
176739
179505
118286
197995
183253
158215
128754
112975
95293
216062
247627
205158
150929
135319
226654
247245
176981
143177
132588
174346
251198
136820
208714
84875
103446
120777
162404
216130
171134
167619
504956
183527
104581
149644
146629
327108
157856
136746
179851
310758
126931
228817
125597
101478
192150
144017
168963
163435
160590
161500
150438
165301
262477
176555
138048
201922
158453
111997
184197
256339
272920
135142
152385
115794
164425
139798
131262
178937
191117
153613
190813
262713
173383
176319
154612
205077
195172
137467
212789
156801
152599
137953
167502
166086
104601
335335
161955
170867
125541
200216
310514
136940
116714
149188
167380
217076
165566
132228
132912
151310
46859092
42678963
38558396
34423113
30255880
26129553
22008652
17822280
13692442
9580832
5424651
1288445
1283791
133688
167803
148377
200821
114063
303404
168946
166872
181763
220956
172070
209954
123733
240871
211935
260055
150221
165978
185543
207561
225408
236497
184517
252870
274593
210216
138691
258860
376701
174059
244731
168054
167151
137018
190511
128481
198042
128922
120449
119489
126740
320747
137406
140538
166909
197665
134683
160644
215554
157522
203721
163450
137795
137998
174845
172083
163359
157994
174335
141201
175847
207535
138364
157169
142114
106673
127048
138738
116313
114999
185118
114423
183915
145649
152052
197251
123692
135333
130257
98949
135817
130695
177023
135321
186616
164096
1417255
6374409
2388711
191776
109995
179050
115388
131034
145693
176908
99738
133573
98651
146703
132724
197015
143586
218573
187470
141809
236441
120279
162233
174311
216415
157852
247480
139760
129639
90294
120040
153456
97044
129996
173083
203581
99873
158403
150303
122158
155084
140915
128277
138131
140925
150424
280403
230939
252737
271407
235829
189753
189937
126734
176973
114275
111560
158748
121492
157365
214446
178527
186378
171537
161693
121356
159442
295473
166171
116739
139944
367196
180872
163885
118568
167146
171369
173625
189869
100677
225500
149954
169700
135759
125123
285319
180603
162979
122077
168507
193623
229235
209746
153140
105945
248982
197790
124596
129210
134409
190925
194161
150110
118032
168521
183403
128576
208848
192336
224464
112696
189670
249806
117733
205133
164204
139677
144297
133864
126477
184715
281227
212738
223151
146660
111208
200480
162418
167909
106748
170501
197670
142037
177075
213495
205537
107161
122320
158727
165789
141260
45740650
41585307
37468392
33329250
29197580
25087794
20962555
16821183
12727554
8574878
4407629
318088
502549
384068
142346
176508
136644
147153
163924
155172
162660
158620
342726
272781
122296
173114
344837
206112
146761
162648
161705
286540
262630
362408
185507
123279
134602
133113
160794
140522
362574
130954
176128
119373
229982
179565
268375
118847
310889
118170
188254
216202
102211
156589
279663
128891
143998
134119
180625
159082
110355
190371
165629
167107
160744
216105
114651
162588
125777
305946
115812
146653
156968
152629
126245
199361
116998
189528
209607
146636
308407
126881
101796
116869
213319
114732
6844139
2663362
1395195
140150
132956
262346
135933
165328
250223
175161
145272
136643
108748
194762
115029
154730
136669
149934
126677
147445
155980
150318
160025
161304
176150
125852
140819
165465
146384
128358
151310
122851
179729
149004
156347
218694
144202
156778
189252
129483
218012
171140
187621
195516
172670
191593
128675
148309
302031
122084
191475
209228
112709
105787
138719
108868
156480
162277
149505
106846
169867
137962
290208
112058
235278
146532
133186
193633
168203
224712
144676
157851
209186
138053
185700
153396
299696
118974
148275
184741
142835
144445
222227
365334
132958
263419
230007
196544
162546
194066
203133
121054
148892
100965
108768
187824
145673
120178
124534
309502
186730
248009
164748
210188
162054
134286
152333
118175
180215
116898
124272
147685
110787
177348
177266
137912
161448
130463
120948
133792
205337
121822
160447
204071
101149
122049
193239
178175
101800
272388
96276
99292
129618
198289
144597
151566
191918
114458
165138
150876
194918
102942
182794
180872
124657
198241
110500
156664
118112
123153
122425
129739
106740
48520503
44371453
40240547
36103338
31931919
27809451
24116105
20042812
16050571
12059997
7897768
3826053
1597706
669534
117090
179986
182721
163187
147302
95577
210949
190599
115025
170744
147466
289229
166680
147239
109239
187846
257918
223213
213557
105549
92023
141296
153286
328790
160586
179492
201855
160017
243362
239136
170841
149834
187308
130612
182837
162140
330260
91473
170734
136400
179617
112164
115139
174955
93887
122602
163508
205556
206423
172344
182933
168660
162999
168764
138980
176682
143313
183385
193509
1640499
5577725
1613369
252080
111351
128994
216935
146385
144615
136054
137232
124723
131866
97560
148545
151980
119112
96197
168066
223698
246561
181493
190730
180686
119564
388435
121095
134850
159491
174058
157646
190601
229012
169750
176602
140097
92896
136896
136470
101807
152872
102350
175645
127334
181866
139853
167722
89317
228733
236854
143977
163776
223199
186890
188087
211298
197781
253248
174439
122970
143814
117583
165470
164323
134688
145966
91313
117333
147085
187672
110061
139626
122412
138928
92320
145806
121470
88005
118019
142416
197804
110901
215168
171004
156888
299512
118304
109515
105602
120659
175157
161444
206884
181755
185678
208837
198114
253020
152821
161857
168417
147499
175882
217911
128955
114225
209991
168619
129168
194348
116501
126989
177903
122467
164994
199113
176648
262141
180597
206249
131065
187508
196061
167416
164214
150996
126849
163903
290832
94046
164965
106014
166213
128464
169407
134661
137726
256217
121241
116118
190619
142716
213421
172435
213943
209974
205931
185698
170203
143775
157053
120359
280334
154272
288266
96043
212302
114694
114834
116275
184191
210281
141677
242407
289670
166332
104396
48237134
44066388
39959796
35831130
31660631
27537064
23442902
19264921
15136260
11051945
6945251
2885067
1632512
267558
159747
146899
190078
174079
119761
123468
136411
169844
195024
207001
157475
191829
171751
187820
190648
124213
181455
149426
185609
190208
135254
162162
135209
155737
249615
213257
262936
184912
367069
275444
175592
228897
269006
101960
129666
117811
351465
202104
219664
181756
141681
135458
387137
114694
162332
142165
5423718
1246746
328128
121474
165598
151107
148467
189670
219114
205304
156890
209459
129354
312789
403763
297069
293265
243950
163908
187534
239589
163181
173597
202878
150521
164835
264857
153655
235119
188233
114640
155220
204363
255577
218160
133641
302246
218466
251011
203264
135071
212786
252949
190332
234234
175282
172067
201900
143604
185747
168650
118547
210800
164430
117092
176454
119562
191110
202728
169214
132412
155424
279720
146327
206268
235486
84517
132096
129676
140634
175931
97173
173082
145200
214701
126407
155626
144193
204137
277011
224142
127659
201546
153672
241186
213178
273704
133155
232778
203118
158558
199535
177422
263934
231949
235158
166518
276003
352112
164133
177704
284406
405258
205620
235243
185796
254702
227294
493272
216655
207268
161980
260578
138751
119596
429935
249477
105712
142028
127134
138109
166768
110340
192334
255963
222238
211851
243481
203156
124566
127872
120329
187069
100635
120186
150665
152545
94070
169250
184951
129177
168079
133423
222285
196709
239401
117479
205235
336205
152301
109465
212592
226355
160053
89050
196588
271922
153810
128326
216710
158417
183397
193847
137186
171772
141236
188902
241144
166314
148210
154531
219748
152572
200966
318952
127459
189168
155267
197787
225112
47142435
42967725
38838531
34707005
30526138
26454785
22373806
18215632
14141202
10036570
5868833
1726152
2009175
123887
267911
143819
245460
134140
166650
209102
144731
157480
97456
194446
116573
160059
143239
124538
184700
226992
135818
155276
120587
178230
124455
156670
225522
242325
99004
180918
302459
245790
148477
96673
203682
109041
1461333
134897
167005
139720
196004
176321
254383
292320
292343
200142
233219
106897
146142
172884
177766
253180
142763
180422
304090
132529
121552
171413
184839
118675
161314
144256
105181
164344
133813
187503
198059
263738
177977
114936
181687
129813
161350
332838
183131
120154
111781
178631
272905
162445
138869
181944
111099
167539
111115
139163
178053
161227
205488
140799
185845
424057
181725
169255
157125
213348
141654
149261
160857
182828
193114
99114
136476
268354
152640
140165
113313
73845
228641
157433
148958
154330
117907
105098
121596
142980
107142
180177
181137
124046
142905
115931
147267
195525
151593
170993
107967
233146
234634
135487
127537
135704
166783
233331
151298
186680
95827
166705
156062
109599
220821
158618
126591
113069
108882
151283
115392
119862
103180
151802
134338
202580
101221
174609
144027
142789
133185
158130
164426
122659
113423
149836
136098
128482
129194
189743
130508
132653
165808
133722
155999
145165
154870
117123
434004
183715
118337
186025
132912
138897
129362
123060
106636
139903
181956
150113
162742
181012
180566
220852
143385
123217
198962
161341
136438
225752
185996
157373
204849
150907
177933
166513
168670
151524
176637
204097
159678
161109
104075
158218
158721
130136
217955
171343
187367
184619
180792
117617
188562
248870
138903
219889
154816
204676
167195
204424
106402
164974
150065
140805
45987617
41816463
37697576
33593782
29432012
25312247
21188228
17020050
12886195
8755631
4591931
466496
796031
134201
255092
209138
156505
141477
159388
125110
151303
239651
221899
181969
124019
112948
182932
172678
169878
159507
113875
191997
157345
180049
1466514
234247
150592
180163
165771
179135
151527
118505
160334
108688
232956
127143
197915
160422
93362
217568
192600
130717
162857
205797
178649
143506
138313
117671
145904
120092
133510
241964
184837
154000
194004
164660
176202
152864
164650
131302
153438
166433
183930
101830
139679
160204
121261
99456
149927
161118
125540
152174
160945
131812
157269
175127
299284
195655
183739
111119
96722
89011
201894
174841
129620
141378
98057
129624
119572
182148
145982
211489
103464
234423
171140
154585
198248
171813
146510
231991
131626
122841
179573
95370
218839
127455
123090
157975
113542
132310
284862
219959
112613
104883
139315
158295
307695
109061
141409
371583
122700
104446
136147
211636
146414
152142
100610
145522
233138
245629
161623
122028
151131
115352
224921
176189
151644
167375
197596
187746
115154
133659
271983
108525
115335
185262
201523
186953
132940
242820
120811
211837
268852
128708
90401
112200
112129
234359
163932
185996
171669
142711
113715
157264
153222
124701
152421
117631
167297
250556
210934
176159
193924
147891
150376
159841
114258
138117
146621
145494
182842
163950
108440
103596
153910
138807
111750
156904
182299
202866
130599
138120
180161
157095
199365
111476
173015
190212
155542
227650
142642
132069
144369
120691
176351
231485
120301
126535
129852
142724
119549
110928
134133
153610
149127
98951
167382
125972
176896
197063
125862
106382
163221
96970
152753
199317
145902
195704
129068
49132610
44994137
40917224
36811353
32617503
28563593
24433006
20268927
16125985
11987842
7819933
3763561
2881063
675285
107110
149195
111605
180763
108033
172025
128960
203564
7074721
3448258
590421
143494
123031
100420
173647
122492
158184
201716
130749
124920
85745
150633
158779
117177
182628
209035
171061
207359
137330
129031
103835
158078
171737
243955
201357
180837
306267
119705
158918
126670
111404
101109
137012
105691
106216
138055
112810
235293
164939
230040
163969
137450
133607
187775
143738
181957
168351
158055
200729
121373
211103
186605
160508
188294
148819
152190
128684
212969
130596
120027
180729
204352
156007
184462
158375
162869
112338
93826
168524
181828
114568
139645
194327
186286
135606
165545
145578
201599
192831
153577
98953
148566
173548
153672
178025
206551
168254
168272
112264
116690
182255
247702
150672
181454
233414
98969
135702
138821
133472
225374
170979
118141
135507
127727
197596
237344
192310
181315
316026
245206
176764
117364
189371
100795
247404
136940
162732
150591
88460
162493
140815
114499
117705
143197
87931
124270
148576
134295
116068
109429
132395
122582
134653
142677
143005
224026
189871
111279
191327
137689
140071
182708
178364
81662
175133
159756
259946
130196
104954
191030
138956
132610
192647
110573
154227
201289
112097
184955
165991
156734
186886
146778
270563
189280
124033
100145
137586
126832
92842
102084
148398
158792
136055
113798
138633
125838
138340
118872
211919
133961
192245
109079
94205
164808
123945
168957
209008
180605
177476
124841
230878
162130
149771
96372
136271
110011
123422
191323
134711
193085
173212
147460
146541
114202
138342
104303
130653
119738
180304
210780
138167
165935
137035
106513
143881
223731
48031613
43888989
39750612
35643135
31497220
27361841
23241488
19070321
14929560
10854703
6680355
2551488
3671464
422557
141180
100301
128960
169471
128332
145278
166813
89943
101680
139479
149386
152354
148494
134880
184413
106017
149553
137517
127214
163730
142281
102837
190599
93819
164677
123307
136535
156380
320907
93641
218897
110633
165327
117665
153503
108083
146941
118504
233401
155048
226025
112674
181297
158907
121913
195556
109881
175733
120778
198604
149058
156538
162294
150214
145281
159362
131723
162495
140592
135108
145511
165599
162183
200274
123831
115822
174746
158716
252315
140405
151357
157756
249234
155048
236930
164980
90709
127265
174479
187539
153389
253296
186103
151370
135256
114034
160690
228651
152002
159113
180514
191718
428316
201354
320705
111084
137242
130549
211401
204587
164993
169734
121896
131794
153270
220187
85488
115732
244819
130720
181702
277677
192739
112315
212866
166177
116631
157745
112080
179535
242825
112991
214567
171017
117674
200736
121863
173978
112136
173110
202112
147116
97030
104415
100231
227361
121681
132076
179353
138705
154954
124449
137697
123204
179808
154575
199036
144194
237007
103485
119136
146188
250948
118703
291621
130391
206903
122636
156904
149097
204786
125737
123812
111466
116285
153327
167984
159141
164447
198970
140520
132776
166929
202548
111134
208022
118232
134599
113461
154245
170226
183439
287681
200793
128215
148532
186104
165683
179186
130342
113199
229558
216810
144812
134261
122917
131989
122766
170407
132798
117465
113684
120966
254514
192743
171689
112645
165525
105142
127893
162681
121134
118342
100972
296201
250119
96375
212097
212097
167525
107540
1842674
3904251
1959518
133421
199752
47229941
43058056
38944317
34811520
30633364
26515476
22442026
18271166
14130518
9980468
5808115
1677295
1995469
144711
138716
125026
123266
101320
201948
118276
144512
97706
215843
167067
156705
135048
124798
104266
151537
160339
131350
155272
114515
224054
199475
153538
144097
149581
199161
178678
177727
167844
107263
121494
128647
104355
138859
129497
147711
157203
208692
139638
151222
160225
165520
259205
191894
104294
213918
180709
131369
90688
129909
163997
186760
136442
142812
196379
232561
206622
133412
147674
147049
162636
203000
309617
159033
131006
218221
161146
127845
143372
148593
129401
157266
135892
211910
158954
103530
132214
146506
144256
179591
118280
241804
144378
138910
95382
144977
276931
93717
149189
160070
138932
91929
130003
130844
138369
176341
106029
237162
141081
113031
99553
102022
182863
174474
126095
179455
102187
123054
204364
85200
216674
111857
213442
196009
147843
160633
137182
88375
142806
121658
164006
152589
96772
108502
136410
117785
210902
150006
118238
163368
131569
107634
116064
144358
171018
87401
101946
144537
136914
137448
161844
152771
124723
126564
118730
191663
139552
233823
125774
132317
146943
123221
160465
236494
162286
116709
138125
109049
122531
132291
84026
141467
217324
172135
214142
303376
210454
127710
169813
152977
178454
119788
175200
176436
129811
144745
172610
144774
102565
117289
170557
155160
98325
122101
182384
96390
97949
102009
108416
106467
147927
129648
136373
171451
106984
107297
156213
148347
143170
146765
129974
126708
156704
116666
123014
170486
136504
229172
10162446
6132532
2174312
928537
127414
99382
144973
141390
153635
148388
111571
140618
207966
164370
141111
186827
209992
154887
224576
46291869
42125043
37959878
33839874
29701290
25648030
21534893
17452448
13289173
9167097
5088690
934091
1108122
172242
176520
183594
153905
160604
149225
157881
195231
101891
122830
152862
130098
248616
278611
162852
124562
148781
148255
153422
113035
153458
145868
184558
149988
179666
146628
115611
117731
174579
198735
91112
180914
154000
156806
128051
171568
188146
129366
109004
130049
154883
198210
112321
121781
141625
112364
108463
168303
133521
80974
108038
95390
130519
118802
135171
109676
108738
143865
123105
162915
107788
142907
127857
161214
114082
130605
153898
155073
159733
174586
248775
86247
130531
139516
127869
113938
122618
133245
151826
88042
92966
165452
132363
106788
165276
177591
246077
128964
191240
146714
102851
136829
117884
121061
175188
187703
131552
126228
130204
172499
104472
143798
115021
290771
109496
174126
149493
180083
195876
155243
172218
233699
164975
205081
278266
120598
200736
108022
137648
245471
186297
131344
158851
148499
109510
205537
163970
113225
168909
99807
181429
153018
113583
122957
182776
150216
91474
157345
157220
121093
113454
115891
140790
151125
145088
119846
191481
123267
153407
129542
120528
137694
103745
187493
148535
169166
108524
249241
154124
143775
256175
162904
106584
154512
261220
147831
121494
167872
131207
100256
169566
158411
133366
168791
144291
124877
137788
142846
206167
118627
189080
139644
172302
113621
115565
109725
162925
128369
101464
115195
110680
145001
149227
128926
2445327
188061
2634865
1033303
175683
167696
141709
108140
215095
106768
119346
137780
126391
107593
170548
149780
139863
143198
218832
97104
214639
100043
130300
160649
139762
118720
103407
129186
138542
194947
258592
93570
261021
45585181
41402641
37273858
33148242
28962371
24843760
20723549
16552977
12412718
8288789
4123157
1595865
1424440
283308
234901
107872
205918
244740
188681
170492
221831
126783
134397
165042
144187
156844
122156
170507
187950
137118
131415
195299
158568
162364
151611
113225
116930
243714
298476
385779
210808
386405
243207
135553
114861
152362
182452
214171
165367
177980
273271
190680
184774
240224
176439
124293
129703
250693
136456
148919
106621
257905
224292
245316
183080
146121
244170
290514
203713
141028
186284
175276
156556
160380
128833
230092
217032
183845
129447
210036
158472
141273
192533
217612
165314
236630
165341
182575
152811
148869
116149
234288
110939
192288
131062
288084
166390
144098
194400
236606
164918
171291
164776
162960
126163
205389
120772
172978
169579
193464
171627
224470
182014
162982
122604
143906
112893
147561
125029
131295
121903
172626
118352
129739
138650
154615
167603
184680
130091
91509
161275
94538
120316
129740
132074
247695
205290
172083
140393
125560
166987
189446
109455
97781
127931
423430
148474
198130
131711
114244
221913
129733
216372
113784
137203
181147
219784
147213
244899
173167
113178
105239
197040
124018
224131
137742
93999
180441
152808
380345
144111
89720
117555
186473
163181
168665
151488
102813
117413
157396
122154
137361
144369
171079
131234
103845
129850
120479
108389
136895
137880
133188
174990
125009
189882
1519720
177309
135163
154836
205817
173696
135794
219398
107983
204239
122524
141843
94349
119480
157455
168035
230374
128384
312936
70731
160071
219837
119198
118080
150178
137771
111121
222979
141383
175971
132534
174340
132747
130729
85725
118516
113697
102371
118910
146550
115317
182861
162549
102307
48625037
44463164
40354325
36232492
32064052
27939941
23929886
19764398
15685943
11579347
7414312
3313914
2591289
558265
94951
164094
135344
111439
132698
139056
168387
161694
154318
103844
154143
168740
158708
119933
170233
138557
128261
139391
179040
145225
86770
211375
98042
143345
180803
145363
117397
195824
138117
124152
165186
207195
151869
183239
144556
213394
452766
104116
88628
89338
216052
116601
135175
165514
158160
154455
127232
148936
185800
210175
186070
190577
133345
93045
246216
224753
201655
313546
149709
181305
202112
154887
200934
169277
122137
179305
125902
117259
179472
218075
153166
166323
310087
189356
200442
230835
175457
161739
209459
153096
104306
127498
163844
121576
198842
232439
208476
236743
95640
164041
147435
128048
137570
153075
169896
140543
78112
226193
171095
146058
106710
126659
121952
138313
118344
192986
162318
153369
198481
135701
232791
150043
247304
195858
160095
159507
181668
106659
129046
161796
176143
171691
185779
201506
211072
143357
216189
197258
184633
172252
207098
200427
270955
182224
166803
157421
191062
189564
101015
162984
202029
187655
145770
210605
172782
169196
144375
258790
187183
213960
160792
187156
144064
181498
138451
251443
221575
262578
129773
240500
254713
162131
152247
139464
214782
139204
182548
193613
182524
221637
4695794
527888
323741
192522
157083
210804
98215
134617
165673
141904
112621
133198
118396
174414
150321
103570
266356
177646
317881
215755
274347
183742
174743
199663
156018
256468
181643
209543
291896
255710
295309
198559
360188
200674
221237
322702
351930
257626
143563
233733
213739
194467
110808
317326
151623
124148
126420
219455
168533
174604
148464
173162
161104
206103
175148
169495
47709387
43578500
39445383
35327223
31156086
27028271
22895502
18724544
14593031
10451682
6278263
2134998
284682
235264
174557
274795
150540
162115
179881
148987
142891
201928
172556
142176
112060
253810
131711
149132
232879
174314
128910
125290
178094
250578
137474
165192
115931
126784
242445
191551
146735
182454
111058
167943
140555
120524
112786
127288
264674
141150
235199
153780
203626
110302
307224
190500
108509
121974
143767
149449
153880
164376
140460
136659
378045
416249
161882
200801
116531
233215
111874
182762
168953
149076
153318
171324
176679
276527
129417
123787
126771
116815
154111
244750
145101
99519
317369
181203
270891
174986
218742
156880
175823
271949
222789
268653
147038
198337
102282
165977
265842
132541
112224
146008
200089
102583
184390
285948
111929
146299
177655
178797
111367
196231
162684
145823
246737
130082
196035
111887
296730
144994
129447
183803
111119
187342
250717
209431
160248
332234
266577
192241
108609
203874
203040
167143
185136
174137
222465
205920
179216
107514
184335
165198
210126
205755
115599
127382
127462
129958
239722
219637
132000
223077
150400
152208
170715
198611
220888
282380
156181
117041
78585
128854
90729
164599
190001
146584
241184
166459
9041871
7067086
3117321
1080100
226936
117466
185031
403230
169301
126392
140400
122160
253911
156242
145321
152453
150450
189323
167504
225772
243997
244869
171508
115622
135273
126869
140439
135104
104368
253189
186531
274053
89256
150906
148026
251934
163896
187519
141474
209815
161796
130541
125560
162156
216139
183852
233577
133231
425329
116530
158586
149904
265927
195507
235223
142205
209510
113444
328336
206773
306477
156262
218609
248201
209871
111523
101084
191412
137252
162338
46838436
42666487
38554877
34421171
30263827
26134207
22027252
17841731
13701241
9550427
5382971
1251469
1560215
261072
333725
295379
129190
145869
205967
401444
236202
355850
186304
329128
240340
139661
291384
355390
206279
108875
206314
171511
185522
202171
197800
201114
146598
142317
179579
181528
219988
124756
140825
110153
155943
120204
158836
119176
147289
297109
203875
207823
206247
129074
228825
226362
214532
136593
127962
204388
135581
134166
139786
175670
185249
225131
166723
138422
233441
136610
141947
124190
290195
231170
194732
109133
313313
101699
146041
142590
166625
212477
123734
187767
331874
137655
320340
136810
146957
179624
206463
176118
120918
100901
164787
102810
193632
139484
189534
168103
250848
213108
145623
200011
293931
225312
188677
150371
154788
179843
239263
141485
147642
128110
190419
205957
133105
152683
197068
181878
246753
276240
174049
227584
136373
174612
148408
168360
138473
243133
250656
203858
141412
200172
195856
149444
184316
163824
236473
118434
106490
135576
150614
167698
108319
146836
178773
243633
198686
259495
173622
113398
141531
215669
143640
138987
367031
1285273
5452349
1279803
879329
111051
156150
129328
143097
178532
102308
121244
180458
181573
158350
126390
176840
137061
137489
185145
184238
120413
145510
198935
153754
157429
160153
202465
223953
144772
121172
141273
147687
245382
188594
174608
594452
172878
211257
168362
130529
189411
167852
111586
119478
200221
119789
203359
117016
194496
139209
228654
197964
348912
182925
134259
141777
117372
272376
181990
140072
113668
123466
130306
183022
115194
161260
214225
128127
172467
173315
200731
158205
148871
177785
232980
126580
139568
213969
209679
154307
357392
150155
122559
45895591
41747647
37625919
33489672
29352927
25238914
21114245
16979659
12836698
8696016
4530149
399316
1454801
238518
176492
151151
117481
218713
119940
119043
148612
142991
203479
346871
159617
210410
140021
333751
141053
251215
167807
149730
174364
160106
151717
162596
107796
134916
211848
206038
137334
152265
176939
153250
109026
246165
217849
226068
152350
148448
164392
160724
225769
250572
199358
233570
188584
189622
199378
341080
175496
155859
187429
223068
130621
182087
335303
223912
92471
236784
150616
306107
116335
143289
146871
139014
119662
202328
193414
104999
147876
109262
198380
124496
97015
173279
112673
225765
179880
131852
142740
106319
162920
354820
127814
189540
126980
153403
167418
127641
131325
141333
185912
124675
136487
175031
139811
119129
111248
189658
264935
192555
318529
115918
157217
188800
122993
132862
178828
143523
288995
96963
155113
227134
169965
148288
163567
152179
144978
213505
182474
192792
147125
170505
145444
160163
193732
166706
218183
190950
228740
117607
241479
245659
5546384
1379690
429220
108457
156285
192755
108933
148201
244028
152205
140942
146868
85213
106748
166515
362358
152997
286886
111963
144081
129021
132712
173815
129803
177152
677109
95494
152031
82368
148968
123950
125131
173668
118074
111886
179018
177102
182251
160830
143662
99390
262646
123920
109468
169699
200041
115495
165846
128681
210585
154143
114012
179182
250065
200160
167725
152019
138239
182250
123714
163302
242706
168902
109252
226412
194056
192240
134604
293555
94147
149177
198019
105403
148742
134269
146046
112707
122290
227113
167182
94055
129158
110623
162934
132292
195946
146964
169783
171160
196433
250483
168955
179225
159678
201201
49140414
44982754
40881239
36783964
32609440
28471158
24346719
20172025
16038528
11907436
7734575
3603931
1563414
832134
250454
159523
158340
231404
147730
122261
133358
126448
134759
124582
142518
164709
238269
168735
171692
123419
136858
153192
119031
166445
135349
127738
165715
159076
153525
130257
121369
144213
119409
218409
203448
133809
167043
169507
144754
131140
584426
175874
106198
372901
168342
148589
223110
205587
128248
164882
181045
184770
145300
171730
184992
353884
169196
235774
204575
250145
202878
175569
184637
271782
216905
128711
124660
177966
147419
362160
167403
106227
147337
115550
110266
102076
104613
151218
149945
125671
165384
183029
208724
155652
207236
219624
233761
127369
210340
173850
231817
189557
161939
139245
133676
180340
376120
200572
240701
125473
129304
205725
146443
100549
106593
111067
172209
173963
226049
262832
172104
150529
141135
187907
115017
142039
187664
114507
185131
176073
129825
8080770
7631278
3482453
210509
347569
344574
156182
212081
281258
301682
256775
256972
133897
156312
154297
170003
132266
137738
279692
268102
223723
203823
879024
276440
227733
269283
237656
261328
221677
155774
315656
192945
394019
267818
166273
189323
114453
188879
147906
389073
226489
209551
260655
169127
250003
110677
203816
276168
442922
166595
148314
247389
127330
225082
221389
203680
98795
288343
109282
305152
301371
234166
243338
188000
134577
119496
158127
135877
143973
164480
128132
149888
324588
131773
341766
145229
267206
134641
241519
153567
262907
164801
116315
268028
169324
185066
211929
192489
144225
127750
211062
144264
139455
172416
98159
74425
179170
113460
90209
205590
149472
171689
143947
218889
258974
242470
130220
378309
213059
48444404
44267271
40155078
36018199
31857136
27728167
23613130
19443731
15307991
11173149
7009534
2925261
2715857
139359
164990
133118
224192
152011
101390
202759
210294
191709
224956
100500
151877
135568
140944
128559
163754
176396
370747
200189
151906
111332
155550
179764
123723
211675
162599
122789
115297
118812
117299
163059
116895
172523
152837
189268
124958
140042
211975
192929
183397
122485
166401
178456
87074
101068
171285
115796
148946
197419
146276
165438
234534
177367
126553
205001
130115
130116
256259
192895
135375
117102
162415
146340
360311
142456
95218
275840
161315
101207
147037
564763
105872
276094
113104
123350
178598
115445
173110
220539
226088
159616
140686
120082
158253
118783
106420
272488
109332
163771
134648
163031
199425
108094
103986
187982
145311
131078
141601
90092
149917
165697
316926
286429
122068
133952
9949771
5785937
1665309
590215
234067
207944
196504
244905
107877
182008
178933
148521
219012
146483
318526
230383
190939
231556
158753
108050
182992
211031
199408
383151
239063
126300
142782
153225
219163
160805
174404
241043
131539
146065
152759
315285
262805
218404
269008
176174
200562
107919
172944
165603
156166
120853
181753
144169
145401
132645
239659
230759
108156
171186
162732
135890
109574
177703
137542
145401
278391
181387
117539
172232
182188
125242
110139
125941
145338
113065
194805
293815
143089
229315
184459
117977
152523
197018
221312
115155
113779
102088
127237
164786
158211
131822
153383
305728
188066
181483
113184
186235
144144
207559
165992
149114
207298
176816
153090
127337
274921
76897
168235
246726
209811
168174
207708
129488
264261
220751
107551
254649
177315
225954
117198
198855
196201
105904
144610
207978
337114
130134
47208939
43035206
38911293
34810635
30626856
26512353
22412593
18268186
14191710
10106273
5945276
1873866
2116366
155742
157936
341392
120648
270357
113868
144522
177335
137728
192452
217267
203174
202400
285547
391366
178080
137876
192758
226002
192990
151392
205713
221829
185201
227077
229502
164674
256171
199592
111783
228410
198551
270912
150620
158136
138643
200592
271588
267677
165087
185942
121909
178666
172413
180057
145841
336937
174199
227700
196152
164768
138657
178999
212863
159058
151355
171092
177249
193196
220596
185626
179814
194952
166123
163688
108457
169881
228776
105012
134809
363030
110183
212296
194526
136455
119881
179316
164627
167499
416818
164686
142643
151875
148532
142658
168159
232062
133642
106921
199189
196500
227285
134707
1199708
162148
134331
174862
238454
124683
145958
193848
153697
188798
213557
155626
281858
188375
154373
162422
158651
210284
137160
103583
215088
139625
234149
159198
118990
110285
156335
157982
126405
108988
138892
192749
125543
86232
157526
138424
120004
125315
135336
157924
171856
116379
154942
181368
127118
187351
157157
153802
214282
262643
197545
245610
102835
149970
205707
176787
154489
228134
136711
211023
130047
181758
271448
125009
175317
137887
140747
137128
138828
114626
455082
153347
133337
194566
223100
151376
193865
131120
165788
138552
137708
214277
138514
121370
187776
181552
184213
184434
79443
188271
203961
178297
142493
220358
125711
110950
124830
99425
160402
208382
131179
128659
129322
157235
198313
197798
162267
180066
178236
163851
178278
204136
161978
124707
137109
136080
187648
128478
143277
167526
176210
136440
196667
117101
174101
129769
190999
118605
116876
111293
110655
144867
122712
157112
45943077
41771419
37658743
33634938
29489846
25475537
21476336
17313518
13230577
9189101
5026933
954390
1123006
120233
136809
135717
223166
104427
121982
132953
100504
127136
224312
140137
143517
132572
209395
143421
282812
155422
359434
94527
198682
187232
172471
150006
134385
130203
121141
139446
91251
90995
149700
142906
144006
104404
227112
140335
146157
153413
189991
146551
148615
294683
232633
156054
118342
123746
117845
120880
258481
204988
147305
149519
238538
196909
112690
254489
145204
107877
246623
145465
158488
539568
123667
182112
169267
138993
194199
110925
131096
176709
209014
147155
167650
129672
150066
215541
110217
179729
375652
124280
170189
1248636
449487
181607
176018
112879
139756
110592
134282
101067
130308
117519
124520
240551
214783
123520
175222
165704
164541
120309
117632
152923
138932
161891
131738
146323
130064
200005
144087
212366
122509
188574
95839
149861
137166
134850
141069
100910
160366
128477
123695
151833
145265
162688
145506
112779
175732
183191
94829
116774
126333
157385
141180
131831
153032
180208
144465
170356
133304
137966
135716
168764
240122
132158
131628
140854
160189
164477
181123
150804
114410
140084
105408
153577
149824
105258
161502
755840
147113
110032
141369
142693
157587
118039
157154
89202
147677
147035
244059
150481
178209
294175
169692
175658
145026
120100
103716
142850
126329
152674
163003
110118
146282
187394
141519
149534
147911
235589
160391
119580
123254
133549
119915
244523
154055
200187
168038
165346
128938
156393
180858
114370
190703
163200
140307
165425
118141
228640
137765
107092
143015
121709
175278
108783
260776
132045
274474
236179
165816
163998
189543
216401
122970
291554
202916
135762
185892
48926212
44750638
40659964
36569163
32393386
28278720
24163534
19993671
15870039
11756776
7594058
3467357
3378649
438577
220858
122647
116615
195802
137468
164790
196421
188775
109504
156129
151199
165906
155801
155539
138952
250064
126345
160224
139414
162816
116979
139293
198960
194995
126305
199696
100059
234029
176693
118133
295096
178823
102363
210158
148624
138776
1080595
195279
147837
184289
136438
194912
253992
140466
175650
186400
183016
154795
154407
169032
162473
170823
111163
127375
161095
148091
196355
190538
197440
134639
145344
160766
170085
102631
208772
186026
212791
2313868
826286
211980
166468
253975
178851
189656
155785
251206
166107
145968
171885
170914
100803
134829
200878
148443
171137
149661
178925
224970
115259
326559
143768
143693
172372
204584
157597
139613
197644
215873
146043
132066
192712
128970
160261
195233
135301
131566
111865
117670
157509
112855
122247
142185
146592
151831
143041
156561
220331
152949
175221
127110
137731
105049
136861
105542
91921
255135
199162
156665
123162
134857
127614
128739
95851
79025
121098
136546
192029
172148
107366
138610
134759
236383
112031
172760
170081
128185
104123
160661
117889
134587
209395
131287
143321
138204
213481
168420
387336
126529
124270
185013
93694
155020
159341
105929
122945
87141
139156
204959
113927
102022
130043
140701
168787
198548
187561
168336
119189
137053
97661
126951
155902
143902
183795
148209
104236
136646
203398
98861
169551
173651
191923
215964
131194
252563
130383
147527
131539
180918
108165
147521
99377
124164
111185
131170
154564
113668
143429
142715
165838
159922
135031
115477
158446
163993
190724
172959
149070
207094
138673
82725
99891
96396
184505
248209
231654
146986
47905262
43701547
39577496
35487163
31322710
27237423
23233979
19066393
14974751
10891533
6727013
2622054
1998151
175031
143437
169618
153981
160981
182554
139684
174779
167624
153128
125297
240785
123479
190348
175130
136323
164525
136007
133902
176225
147860
85082
109180
107042
136268
169377
229716
110742
148884
201489
204520
150784
207946
238342
134918
106488
257336
220302
117950
122170
122108
245822
142585
121650
168783
181606
150108
137369
175082
195280
125017
180730
165149
147055
121066
189409
1066302
173942
173646
157040
166478
163609
206626
141359
95284
171161
96736
168876
165420
135623
175977
140947
118140
98587
194216
121161
112031
131492
149223
129370
101228
128045
120893
148300
138475
138224
126743
213167
168766
159624
118855
96830
159989
123062
127092
121165
106115
149401
152193
133756
141205
124031
142503
162774
131691
146213
180479
144637
224437
202698
149262
113855
141734
143074
207193
127117
193674
211537
132472
202915
182505
123354
91983
241453
166624
130658
144138
171481
143832
159624
135813
147743
119320
314010
163961
162451
296584
164816
175962
145194
163371
177073
143256
136089
254663
184280
137111
134841
297496
162283
234068
158922
126859
133356
167757
219262
124875
101169
156555
272914
135289
168642
163125
186421
205759
114094
225127
204705
176479
126721
158466
205062
189701
183537
175817
302851
124540
158766
197336
151153
208905
264949
248496
126325
134114
111258
135144
188421
176990
162885
148123
118168
128073
113342
156705
147063
146541
174901
177136
332913
139629
129378
233804
175856
110736
193403
147226
176259
147338
224524
174244
256647
198729
145129
137192
137585
158557
214028
171200
165575
224192
171281
166559
157367
116839
158958
307547
47120877
42991980
38886306
35093384
31037359
27078755
23066075
18903758
14771088
10648587
7678942
3518372
1236055
143837
121189
103707
159933
128907
185118
185694
209256
121106
139461
184069
193997
352869
204303
179846
163336
151578
161544
166102
176095
101826
125523
132646
189855
132087
210642
158815
107344
153236
100525
159355
121617
137766
283620
138145
136551
190364
225370
163754
120444
175210
118849
111058
234205
3211351
686081
266456
113740
196255
168506
135967
188015
103956
124516
134337
118736
119516
104563
147661
169818
103384
132301
113893
165890
128126
120750
99693
120575
198360
112923
145862
132428
273487
167101
118183
183059
161206
158119
230543
126549
137820
222074
94290
160887
156234
132853
156373
147241
136244
232360
172108
241314
150941
493840
174922
183383
185426
159126
170347
167145
171797
206764
124388
194342
216124
138708
176645
149294
126035
175668
214087
235733
170796
222432
125821
146388
173639
192062
343827
325992
176355
206154
110230
198496
191785
132731
114394
150029
229952
108901
151686
100073
233353
127414
194717
152562
172626
184850
173164
216911
180623
114402
189008
137209
170743
119247
174051
148403
198815
265058
172822
137967
184413
176506
352897
184682
149813
145387
245906
146268
165758
184085
166950
168202
226056
155800
133653
234061
161939
271422
223872
139785
154799
216302
119319
204674
214151
139948
182253
171588
110725
261442
121564
141225
164158
106187
141078
157887
116489
152100
249865
188635
135080
157382
230952
207896
144561
133977
108904
185691
161938
108008
120513
156002
132773
117285
131548
199178
102545
173978
165967
139013
146543
106391
125565
152149
204259
107044
118268
292355
128474
149437
143895
187872
189791
150190
186911
45880257
41705209
37590305
33479027
29349340
25191483
21062136
16930725
12803118
8703227
4573796
397604
1233698
123947
306374
133177
182674
151873
145248
226931
129979
165727
133628
193527
121602
133569
111766
171932
171467
244850
170984
147487
172620
172434
183023
207672
108779
139319
114387
206899
181752
160443
177194
149322
2866305
962842
113937
210010
102950
619657
176568
147840
113529
131971
238603
139577
234862
189915
147146
137493
178364
146344
201150
170174
187748
159485
175594
131631
133513
174458
253807
158164
122771
135008
157165
316611
202561
216726
117862
198721
217192
132264
103458
172106
197853
112794
117015
178381
107026
159813
192487
158781
107552
171552
123753
165760
123780
204386
173033
224680
125391
248952
141541
148714
169312
140997
136287
126175
156887
192276
170180
210198
155585
148179
147449
165945
144433
173467
105009
122354
177163
98769
150367
139374
141099
118774
124504
186049
113276
149084
143891
154200
151738
208024
144932
144081
256396
106198
188644
166403
130436
127142
100409
193789
128158
144551
106671
110156
135435
106350
123540
115774
141879
110839
126478
159827
180926
148711
121787
171951
208054
110865
177065
196141
221949
135198
132683
126921
171605
804306
265695
112522
132141
164217
140552
126782
137539
117119
181557
276883
180939
132799
158257
166154
135032
184584
196339
201334
204022
114425
126773
156614
178764
139184
122925
88145
176220
132894
93556
244711
171101
126928
101133
177425
134937
224405
195033
143103
247385
121539
129044
225456
216396
191887
123533
100722
269134
101590
161904
115664
143114
161658
119114
159474
124982
171628
124332
97876
143781
172308
135769
141538
152598
152632
234990
90730
153909
96904
193853
48895076
44755152
40627155
36501676
32334912
28228411
24109751
19933454
15791729
11668185
7506831
3403833
2137999
436028
183869
129280
178247
177000
179804
153642
263981
216151
160479
84124
137385
130473
119246
178215
166505
173860
139064
179701
138573
706915
186046
147318
180278
163676
163041
164385
126422
179869
179385
205793
128261
197851
138121
128336
143290
146176
536438
219335
180741
190477
148328
190426
158683
170280
174283
300853
178406
158716
153162
131460
144184
156447
140619
165231
203206
247412
138931
281008
138537
184345
184042
131458
284506
146126
164166
159638
164917
148670
123169
131323
182575
128543
117993
171461
152920
232194
213416
135828
104238
147779
200575
108862
269575
223457
129687
225999
158920
239495
118296
224418
172990
164663
94050
170385
264182
113043
115629
129701
242442
138606
113485
143978
196798
121366
158793
152542
101622
137649
132873
180776
144179
142096
173359
151004
158403
122836
164850
172672
128937
144699
164499
141645
103408
145831
133153
117082
207013
137299
160256
224569
135969
139400
174471
155830
133387
191028
126954
115475
222360
180093
144578
126800
175294
142562
136989
148765
113674
140836
141689
114962
166099
108974
186184
125352
83194
110335
129881
109225
156195
140292
89916
157028
149845
153613
113688
78627
140975
116155
122366
184789
146134
100530
149418
99471
97579
116297
108022
174512
98987
157710
245092
118563
103344
115179
117403
100602
105349
110632
76770
101638
198207
93420
95815
149517
108982
113866
97224
148497
102729
172479
102649
98992
126130
72130
90645
90479
116181
93376
158683
100909
97918
112220
119370
94922
175635
85481
146398
116635
141013
151046
135828
140756
147131
132308
193041
120541
47297496
43145545
39045407
34935196
30763390
26629931
22495218
18330920
14203158
10063874
5898083
1770367
2186760
177439
109005
135789
99985
257987
124048
208250
2088328
167964
85844
167069
172119
115688
112503
136945
113112
105274
92721
114327
78286
95064
128358
103110
107987
197745
198405
99484
96635
121444
128850
112262
165538
123203
124367
105336
112276
83838
113191
188694
115466
103330
108325
172412
190295
123206
115190
116912
145969
134116
118185
166911
234357
188277
132774
139937
239695
147269
149501
138500
202239
138814
204983
132411
102614
164851
165941
171704
174384
132160
101077
157498
151297
153038
137374
166808
178841
193862
188005
113109
163004
236083
144396
131106
125104
109712
90090
140167
150090
169542
147845
99619
105132
137041
146634
131408
152226
172604
106040
115156
234693
208349
127708
138644
146522
139505
157149
127131
139282
167799
221165
255968
149391
166632
140824
165706
131891
109965
106749
106708
93908
118814
114223
203040
187433
247402
110838
112592
141914
173599
112831
155878
184289
120221
169296
127693
154825
124066
149474
157230
153144
149054
136225
153386
109988
108318
180588
161067
126994
109903
153074
201534
139246
98237
261344
130772
136796
111301
141763
118486
122297
102625
114520
184178
121816
162898
109239
91696
161851
127747
176303
206268
153986
150812
141175
119198
136165
110699
118275
181781
246427
164629
130494
213760
102174
139162
106877
121896
212407
104584
118433
141527
152561
165712
91905
104864
92982
127641
114126
109479
117061
182512
104650
196073
92480
236079
217602
165180
102059
205729
139291
175421
122524
107443
89217
142439
115104
128184
93595
187466
145007
120715
90547
99438
104639
121920
195886
151140
46380533
42209569
38092529
33963746
29804503
25675600
21545422
17381109
13258091
9230823
5090971
982742
1215882
186248
149509
106592
245362
156345
262726
214000
118010
211899
188978
144613
211646
111464
146495
163949
158184
103116
146617
113459
92752
161713
204955
127485
107916
95218
134641
128607
159824
146471
171029
258100
195995
112447
125872
122912
256961
122140
195144
269931
220343
224039
243021
135243
176522
283843
167712
197818
189714
178632
209854
216359
160235
254983
159752
135557
113177
198543
183465
194341
160595
108932
136754
166076
182136
202896
285576
146269
185995
197808
168676
179433
226243
148402
211956
127612
127469
234037
152361
207239
178831
188616
167296
161485
244181
108653
177264
164116
169675
173410
169730
120777
119643
182998
169737
218119
129427
135703
112581
198947
169729
122211
159733
152531
158692
136276
165535
155854
127979
129911
207403
189286
148099
167158
142827
170867
103069
138672
158788
209337
132074
231520
261895
196257
225786
214670
124609
113247
135404
261769
164832
128430
164594
154745
235917
158609
233829
141367
127667
216757
123603
150320
174963
244334
106081
211840
118971
156917
158517
143478
139691
110759
260903
160349
153226
140922
107883
264606
210936
98480
205912
104880
266115
179922
138838
116755
158228
149154
186201
164305
118306
109949
152570
152630
194463
136530
339364
169837
165577
160226
