41483465
35121708
31014139
26851179
22628871
18426810
14307610
10115666
5998000
1908811
336369
171377
178036
246750
279047
599896
221336
228588
195940
232235
250459
456414
326792
305732
231647
269444
2967480
2860614
1611577
1532720
287379
1372397
1547632
1247185
1207563
859364
1282169
41650527
37860118
33963037
29815377
25698954
21570334
17430067
13463384
9328410
5195339
2914834
508856
3461320
3597096
3962763
6236961
2099612
2744986
3135218
4159978
5211444
1123253
7156050
2975373
3233765
10692902
6652336
2749100
1051960
2059221
5784772
1738020
5513742
1354816
8997276
4816667
733074
7413758
3237812
4498058
12172588
7997402
4112537
6735115
2590152
2089520
3179054
2768310
2658376
2502814
2329291
650769
800970
790332
1091766
482103
587405
391808
569542
292230
278155
383519
323795
268786
545266
700189
203775
384766
607010
533437
449889
471241
238915
361481
683526
174784
246676
194300
241334
443502
432877
178789
326167
1001429
386616
325551
257522
582701
284389
346193
339177
261354
313887
402598
330170
368423
332534
702345
433484
699486
165620
405204
393779
433222
439554
343306
445318
237692
241364
357105
460666
983471
820133
205936
174995
219357
427938
204682
286871
194173
172012
374107
442502
366604
237746
207462
366823
1198683
193146
383608
441739
275169
533933
1162136
304363
416348
226377
230733
329152
249796
257310
390201
436756
434508
312893
582057
760140
359342
520302
234656
684818
383558
529578
176050
201421
384401
261998
468294
278407
236825
545671
233092
296257
220487
326588
275371
616234
438455
153791
465672
220096
498514
369412
315728
322487
257303
433352
367982
269647
290246
322940
473592
344737
248294
465774
272137
250434
384071
564539
417497
312346
756898
278935
270727
295920
471792
373215
479300
453144
363067
246682
46687196
42518023
38396390
34266780
30088214
26084673
22042249
17871047
13776223
9613525
5435177
1334100
6796478
2952533
3059314
3491914
1550347
4062251
3694498
917715
2875875
2119497
2314709
2530725
1688179
4652885
1093738
1145356
2743429
1058134
268700
531352
227680
297628
824333
413619
979685
1236912
427516
238994
411642
318006
175578
251454
350167
445612
757149
397740
639410
420150
511889
272826
347334
329649
442033
608011
458244
428940
483909
307021
638586
307636
309782
566034
163469
426736
390160
559118
489925
457530
302582
315401
306943
549617
354089
536193
289910
680746
943087
262115
663480
421896
407099
236576
171018
648313
212589
180746
200525
179608
194347
379139
539289
219865
196654
229153
214381
401821
217994
290288
337794
200794
270883
262883
448353
171249
397753
310623
527526
454403
377678
225787
204124
293373
191091
177034
255679
319839
225917
263615
392500
251911
379623
311243
303957
615436
457420
251633
297548
288534
513866
373311
592915
334105
353534
393735
388633
336666
242639
222191
186559
380182
287899
240662
334590
407225
372864
276061
286212
480350
305402
295994
374214
349658
342583
227869
251132
444054
485287
223065
296128
268087
486952
493335
396388
357835
469793
373769
258254
334763
204618
239866
159351
174139
347885
404990
195444
251205
353501
220819
206645
372170
378231
353413
220240
311136
498528
220881
283089
331774
588937
287166
407120
346447
565952
268131
443326
253474
207955
301890
213169
292173
248595
454432
303231
208039
395215
290707
286802
438082
196175
231826
217622
252714
274161
212457
182038
193105
226664
194192
236126
160086
219906
192831
183463
319244
481698
313897
292122
213563
276375
327408
272062
462163
164409
362559
387295
330775
225491
415477
46750355
42583646
38450386
34334625
30170541
26051384
21928276
17758725
13646367
9496242
5336032
1210229
4626147
471333
6200070
2035165
10702899
6545222
2458579
5625660
1510587
7260131
3096752
12006526
8204673
4520711
5795086
1836981
6220950
2147176
2161041
876090
1361215
2779738
2015064
1460045
813005
651586
395074
378159
187494
232190
167655
276902
252305
336182
335035
426767
288394
292645
150575
154279
198352
167894
218428
198794
342988
456113
281853
312530
220145
160517
265365
341415
314484
269517
221353
176565
280957
534683
322181
207013
277907
384642
182920
307507
236568
318917
418852
157874
202158
233496
352976
408133
357325
426850
472309
366733
368989
371193
395486
228592
496520
337923
613832
391301
823182
527843
480243
649856
388008
460166
633819
479725
432512
136552
427996
1186584
197669
303609
524255
200545
364659
533953
198787
186337
273627
317516
300594
290386
375482
548138
403691
394233
234366
208865
430645
173798
297871
290612
522015
215254
412349
180934
276378
202348
207725
260469
165037
149794
199638
308492
400754
287418
284231
209442
555079
483621
197654
232861
203751
254058
136329
294060
297197
188118
327939
201577
172410
248535
173279
306364
240741
198209
335741
431949
449217
227961
212000
183348
236726
411561
469517
283423
311962
273856
276709
251911
502960
289842
341439
186900
415212
360309
404820
315868
301160
385607
152388
505295
306009
377964
180171
145863
214283
304197
159842
237544
211361
256690
304694
146096
366837
177520
257541
490762
188738
247920
412437
187631
274618
181115
252772
461910
305006
257216
536999
416176
231363
419239
317061
358202
208246
256507
369421
289742
179476
232760
195599
292978
344588
302852
159243
328759
242363
357159
335251
200463
535402
340867
47086310
42966949
38835878
34724299
30566863
26441848
22320474
18147194
14057116
9928579
5755739
1619845
9698502
5876211
1708139
7654964
3555752
8523184
4361861
13067240
8902039
4802952
704192
7944865
3829182
4605517
529311
2225290
2335266
3616590
2751000
724408
866667
1303725
249152
505297
488182
311493
272658
316103
298629
494112
352609
202705
200372
385706
292157
362564
281953
206363
245515
203930
327068
357149
497934
341533
215612
250428
369479
231268
148962
227532
399448
284215
307628
302396
424176
448126
341334
376160
347353
179732
346470
261113
154965
269730
393901
458677
258522
366783
352889
336669
285750
221526
428216
177359
520622
283594
174914
2603030
2453971
5299283
1232748
2797123
919199
419257
1088226
517575
216098
263022
231445
255466
272199
343496
339187
170677
360512
288390
292443
308220
430186
333144
248661
455033
256013
193418
215874
299625
606020
307743
416812
241196
207628
167071
375497
244817
334689
249292
226423
204886
338763
276615
478242
166559
205011
147248
158504
226788
292906
288064
286351
336962
293247
389986
342441
254584
495035
195830
263530
484400
268722
362979
373732
234466
271129
199439
485574
431883
380765
491867
297959
354691
207254
192540
238027
333947
488426
364085
219460
439874
2653444
4468046
1845820
2174304
446793
1692557
643678
265962
187305
363153
660178
439936
269940
583867
472151
253172
465479
673029
202037
416258
282500
397161
349563
203589
400829
244549
369847
532154
308238
381647
404138
326596
304865
347962
303261
244498
306805
301051
1062411
492922
307823
338092
302507
336635
281698
382260
475730
332025
354726
363116
290787
256888
266000
643421
343133
440554
520992
543956
222092
400750
541082
252086
315301
430379
284156
356999
225294
201153
301702
299161
47262329
43094314
38983168
34847059
30684794
26553579
22431630
18257887
14125566
9993748
5821446
1693782
3674689
6689956
2524919
3076444
3916686
2506426
4140386
3950264
2322316
3043098
557409
346033
764345
697729
239997
281386
309980
334965
434083
260135
302190
234886
336907
293583
309691
242818
146463
246643
246057
508806
336293
381684
223788
339037
209214
242485
359921
249052
196224
214998
208848
651690
289323
147223
638745
374269
279236
391415
292627
336731
460058
151359
287801
393888
269060
304555
267185
164883
337535
518551
453361
325850
503830
217083
481502
291354
236998
240970
422854
313255
333366
774022
263251
467865
379151
346006
308053
349153
345528
303015
696666
621516
291288
546138
197494
579915
302456
511200
339270
311832
202854
374629
275616
278411
307798
485767
363287
317274
372424
239226
550705
259250
762129
235434
249239
741912
601513
511691
637316
152857
223657
180532
275717
190310
192046
416856
340964
298330
403904
145102
157929
176040
352426
250172
241569
284252
280556
177020
188800
172766
133710
216184
441669
164505
196232
198589
359207
192795
201225
184084
251308
282700
206816
193354
373901
172899
241007
307569
179420
199480
369668
367064
338111
381783
371260
621302
374865
426488
984361
1179757
1335944
584962
1261900
383252
320952
366627
449916
593057
190981
301683
180374
540203
185567
259152
395995
373414
388060
180394
243416
189197
164439
269465
314306
160806
211072
456132
318284
372966
308248
590279
325457
346417
309290
296699
470923
339188
245644
249849
187543
150901
283807
434782
141118
178565
132348
328893
235443
232769
262054
308372
175643
363852
196373
256522
236458
283320
446834
293250
286690
394089
253619
270258
235524
283168
403119
252615
274892
235678
47001541
42829404
38704760
34574897
30408427
26278738
22176626
18010195
13914104
9782887
5619390
1503210
7376308
3530528
9260325
5090759
7069495
3046509
2657660
5764961
1670157
3972689
8428285
4266466
4384330
5311148
1676288
3483019
3205260
2014142
1102195
743203
875611
289684
344587
333118
301774
194772
200866
258302
263263
221100
362348
224777
298529
511153
188713
324433
407469
491374
353044
309290
410812
437705
239331
207750
224782
343839
373364
188872
242637
275632
351926
367802
287240
190462
346164
342029
405379
250663
232336
256275
195190
393719
257305
265646
363124
392109
805698
193714
252901
331562
551097
289950
186762
233788
347741
250719
326298
289699
395039
199844
183639
202662
139857
275810
273674
217274
229182
142838
316525
151832
317173
264790
310133
210463
243062
361864
207324
403533
283898
278336
368854
358302
221785
294454
334838
424367
362438
545124
336244
182875
238535
313878
139575
201884
272167
243953
178049
209074
264445
302803
704938
278562
340115
477538
989395
317707
206273
551152
427580
246820
421521
362159
338485
705995
246951
283571
164912
229845
341168
329797
335511
598965
397084
156654
269145
256934
233614
532268
385269
125332
493247
273482
293331
306391
400328
172118
386617
529324
359645
302293
212333
504257
473580
215714
359614
462431
145931
289577
192668
315691
519201
418556
215494
220678
194852
181775
763127
297234
282217
245777
251072
253195
351538
254014
275346
426581
504357
215940
280848
125212
142478
232143
236232
339390
139488
2634298
29835308
26022753
23390343
19210995
15294651
12581189
8479095
4525707
19825376
15872308
11799048
8062578
3927508
15273100
11075108
6978806
2990269
8320950
4191162
7668346
3565991
8680915
4593917
6342251
2170546
1452125
1762468
780080
2279951
2685529
54986312
50795712
46678468
42575432
38401309
34278054
30184004
26004827
21860645
17769637
13595115
9468587
5335721
1166892
7773716
3989316
13082902
9159088
5025609
963932
10921763
6922026
2758835
8894097
4740488
12089775
8173683
3993851
6266857
2094413
3939434
2752979
2966925
4205510
1351796
2002487
2301729
681833
1642492
923973
1061886
261406
239330
393178
297057
372483
274435
697913
424424
515488
364947
244345
362687
228356
411274
284695
333802
282450
228482
170351
311896
504853
612089
506564
357079
372795
285801
225476
412330
309367
449321
216508
365168
326764
412292
179022
298600
527615
675466
528444
164037
639971
298519
265669
177155
422581
178687
277982
407300
188934
418012
224611
256482
290469
225942
646717
227591
200050
379857
199957
310144
218752
243527
324043
174717
427383
213506
147745
314941
372528
244054
243581
228822
217049
274810
174632
336207
274016
172414
237092
161372
224754
377063
308028
307333
184064
231495
339581
304081
410477
194386
382916
151977
162136
312508
335773
238388
356336
234146
362919
251020
455820
436687
636766
249118
199480
577385
609581
290679
246396
325077
281299
250824
383521
159155
261210
436047
300878
435055
593084
553496
190543
266408
332133
244757
163604
355791
290308
209282
433105
645089
199286
546897
363299
593524
217716
397103
453278
313882
397523
270625
299910
306309
198610
240760
262873
245218
208627
263261
355315
380818
156209
560215
1018182
448402
290734
281913
399611
949012
186403
170193
278163
265653
205709
283354
368804
321687
389998
404547
200980
316600
159701
410763
1521855
399920
527077
446084
881947
502327
618877
768820
257448
328159
345293
525899
591827
387289
456750
665124
411939
139039
305662
376929
412237
360841
520001
370957
284925
182410
420078
184788
362253
46685755
42520037
38395479
34266307
30101191
25978254
21895183
17721927
13621097
9495577
5376473
1248364
7757921
3589029
7922492
3751756
6317345
2148743
2122784
2914781
3226279
1790175
1704683
951431
224378
271456
170812
219921
174205
406728
244636
145178
228062
245938
185772
224008
315717
159379
492298
424680
151173
382461
379973
254273
244239
310108
191798
727249
307346
282320
213425
243207
188914
350173
268857
196655
187075
324161
210364
143474
153251
141349
166654
310835
170824
642374
426354
291681
201651
606836
321535
323405
306136
261847
314630
208824
248889
432587
358094
1373650
500667
197398
379876
353612
340547
252350
336550
306276
301251
190001
1124299
212508
504563
333834
207724
405440
737744
242383
351257
220595
548039
334938
533297
435058
621877
361649
592554
419497
426216
418257
148661
310088
273399
392408
684624
239615
339562
494036
181436
270267
176252
198206
172952
239405
196753
256397
324698
152782
384349
229505
720048
299339
768875
251889
419039
215380
516992
569777
343897
660572
201286
419172
501223
388768
229691
142021
317011
258382
182705
333395
322637
296411
156713
350487
122311
172347
703727
342917
184834
202746
197205
540534
164434
173007
465814
223427
161829
185080
208743
130739
249912
180304
150609
255081
126084
236170
247103
234655
190210
348895
155365
223930
267842
164608
148915
265393
143062
159422
175669
168462
635353
183272
314216
380000
193877
314466
281175
274459
305204
431148
182249
268163
296078
353658
227505
154235
359602
298724
210768
227463
194005
164954
471985
219129
252961
182073
493304
277706
270842
513802
337101
423916
246006
280067
260594
160319
544336
156769
557346
281584
712153
408376
403173
458405
496234
318522
330632
434350
302610
220428
46318504
42147452
38055198
33927961
29785268
25644502
21526234
17362867
13221427
9120122
4948823
872008
5751750
1620346
6169880
1981295
6273718
2320215
14183682
10093894
5898684
1791560
3444612
9604163
5427219
1312530
4085731
3158308
3172950
1481304
1413221
1438833
307414
500062
316892
198932
151720
451211
226798
221079
446649
172738
203604
261471
273494
237939
309538
187483
266678
274862
250672
410089
180586
425192
307239
335359
267925
429950
298201
189848
157618
627855
327216
243930
153559
175974
228824
308693
194887
211360
267370
166243
186610
233370
191806
228663
170092
303186
174320
186227
447530
332951
335433
200155
445814
603357
356540
354282
351069
336300
175909
404979
243375
238677
466283
242330
232873
185229
200052
222817
240459
282996
335980
209845
252572
310455
268612
133585
161031
252134
174980
332737
141118
230136
162116
273606
220978
169856
175480
197409
374819
520263
184108
233709
453346
298213
342594
237073
270424
208538
248246
293510
215236
234661
310476
125617
373565
211019
200828
163522
191813
162563
262982
405825
186674
203907
532222
184670
392673
258939
355954
488625
316370
293506
367766
181907
450166
289812
183808
515562
443935
240514
452245
468354
318087
295739
433355
238077
167203
289056
186742
172183
291649
153235
158170
181728
178534
284979
133916
258887
202996
253446
340143
258796
288459
255495
313682
265727
344533
349977
214352
363793
274761
183885
320989
363861
144441
270601
241773
294876
184660
217612
141958
222030
299006
258443
235477
261406
197190
238395
164330
172859
537128
195011
143109
269977
380009
238729
179215
226389
160050
263402
364384
198586
266267
125505
172521
669315
240350
486456
312598
228489
1994355
509687
511782
232986
164935
233187
530059
447940
45482218
41362983
37249996
33120664
28950034
24803174
20670131
16520336
12394168
8243485
4068976
2370570
8103525
4160989
2526146
7661695
3498114
11231534
7210354
3123135
19160143
15340737
11313552
7635510
3937279
9018599
4844630
982805
12739609
8567342
4435267
3749007
6664516
2799568
4578160
468315
5441327
1412173
3840184
3506420
1693015
4119742
2539649
2573334
1646987
1616431
1979360
1614466
433975
803688
262863
318173
397229
1369127
298973
329951
393179
286561
252278
388147
166363
1104015
1391492
644506
291487
412965
333784
402814
298864
173990
502010
179607
1069521
821989
1545772
1875132
685037
295862
282872
148988
198965
238514
193301
175024
173324
144838
243758
183124
344778
185979
187111
179320
304223
457598
221095
124284
270173
211671
104258
338323
332168
277374
278398
179279
231367
238384
1544078
311007
224509
193771
195211
449762
266874
336365
347640
896883
256952
172463
187512
500050
414112
227941
181420
276007
176442
299255
355612
203382
793160
478315
248626
289097
318172
179397
266151
136271
146294
212033
136525
152059
199504
182147
141850
261219
312561
246876
138570
174518
194153
255605
162095
419903
289981
149760
196910
480908
315708
271373
375094
249512
209505
390392
294025
201317
313022
895589
191319
246639
266543
353274
341389
258969
313112
361085
406205
180977
172907
322408
265698
182502
175720
629876
231560
260806
336313
342933
523225
409852
453336
365295
446993
191057
369188
459992
459840
214174
244124
236358
266508
230699
136410
304516
351078
455375
160653
173186
480718
321306
243720
687964
250209
376638
377323
315361
312104
307368
309788
235657
352264
186178
350583
178018
486347
193143
250156
272938
766575
198037
354657
206015
234875
283718
229617
550586
230677
216080
260813
160915
369803
49092292
44923943
40826600
36693442
32505646
28378629
24239769
20073281
15984442
11835651
7651198
3518024
4105303
10053765
5890008
1794568
16233879
12109268
8027117
3953027
7485359
3318475
5441255
1320232
23414625
19443573
15309389
11237423
7280829
3480480
9585810
5555769
1385188
6765086
2924967
3231788
2760027
1860862
858845
2375857
1061785
938406
941759
2862261
400355
248808
295878
373579
461799
262201
209947
162426
274007
209410
439354
327222
178210
168610
138019
565028
238868
174406
136764
240269
351076
286782
372073
184492
206283
180637
209157
213499
30135950
25971212
21839953
17714013
13588591
9554312
5361800
10221372
6098593
1931658
14104264
9993087
5824145
1717707
6694414
2790636
4929021
1126293
2665198
3101809
1395625
1115591
270483
1492653
900035
516047
342003
326489
337388
154938
341973
378548
234300
471266
225842
392181
215587
225828
284263
194985
208162
153717
311519
216625
294732
275577
188023
169372
286999
174465
343833
357439
262036
300797
213740
357362
269463
183902
338235
397975
226503
599761
854511
288154
415260
202103
378139
298784
436093
224037
340054
213439
377826
235256
138736
393403
258450
157178
306324
203864
468645
351346
176493
165157
529176
276689
298179
275951
503315
496082
233895
254985
238920
425146
322125
361830
261483
390249
315843
205669
377764
412964
760762
183901
402119
339506
430766
402891
175020
408386
251854
250806
168334
606198
306295
257325
294843
227513
135698
226046
483240
226915
352114
153188
152690
370940
730915
202095
665740
187069
236051
234688
182288
490195
297438
284509
247077
542586
291062
287060
263460
385987
202406
269230
334401
264051
373732
257442
249819
212050
142082
200113
181635
154992
301649
267516
349174
319740
364790
301829
97678
253285
298621
458098
507303
365320
178211
408784
295302
45263132
41092581
36973466
32876845
28702855
24629966
20523396
16401685
12269573
8143993
3979771
1138369
9071652
4976039
892637
9902955
5840730
1678299
8646519
4541836
22256579
18086515
13965123
9835185
5774789
1665893
8848631
4673251
676415
3651651
3763771
13602140
9702577
5523974
1412403
3960354
3887463
2121462
354264
1048595
835460
178353
219528
188162
206359
202054
166533
157723
154672
152573
293086
199946
167541
376445
266662
453118
144391
370734
343534
189542
210785
190036
339024
350304
118681
285706
261324
161594
183594
221527
393796
294148
236374
388508
287137
176042
254436
279221
280872
285712
111967
246854
272706
270449
219138
152326
147090
213040
190028
131110
137756
156167
417763
502847
213698
213419
220230
252590
347962
148602
315778
207826
253255
429895
373069
307074
377694
201896
224820
315182
295777
164283
433338
317652
479895
333578
168135
568335
154473
188759
250582
155484
270615
224204
374657
257562
288523
391438
231627
121830
251501
481415
446319
299360
147298
340913
315631
261687
402265
241657
283005
365851
519923
384268
245450
213818
415799
542240
439909
631655
211678
491335
488392
249189
132919
220621
169249
874107
187451
168947
296082
162191
317210
187747
450964
161028
160471
468229
230820
540647
299957
487636
180321
656440
203798
329382
345423
295659
155746
199883
239810
243293
138053
290660
244352
215307
280218
258272
278113
208688
251673
441133
194821
155865
148265
455088
667495
145814
233716
162238
219400
176562
188525
148951
113678
85806747
81913849
78203228
74027117
69895195
65788943
61684772
58251405
54299199
50143873
46063422
41942965
37763801
33638493
29502932
25343207
21192046
17067868
12982216
9056911
4889739
5576503
1376416
3183653
3960357
2898566
3241751
4335075
5750887
1566417
3354836
5106362
950099
3457217
49054889
44866585
40726918
36643028
32482753
28442207
24304423
20201347
16030131
11920761
7847097
3673730
216188
5962218
2278791
15847591
11674693
8085104
3910396
14156907
10021941
6028162
1952856
3875476
12742294
8830156
5245422
8393449
4359274
3682304
19532338
15357367
11404103
7588638
3415818
3960431
2664122
3518491
930863
658072
838618
745739
655953
841944
517498
387556
420115
820378
436668
372871
541125
482037
726090
315106
309486
618257
694440
394731
177038
1006018
262496
233832
387547
164567
178391
427841
239746
256210
210005
327150
591298
543797
327192
341308
296410
210524
254726
234892
138402
258345
370237
566854
247144
167357
198919
154195
191114
448983
389295
566357
134820
176306
312454
293052
338699
136505
183478
778010
340669
193137
179917
191954
386141
203176
337845
371388
200707
196963
328870
170037
276336
586823
245651
217270
224254
382554
158850
354174
371780
189742
278371
145775
142170
222776
277262
164714
221495
424466
495920
140436
227997
162854
206893
215603
207132
358727
158644
377816
329203
110517
302097
203733
145004
266885
343051
343439
317849
270577
319341
315986
335782
318395
334181
252644
242433
163068
179935
468776
423378
256786
472909
262101
165634
137537
122350
132318
161201
349871
142294
168057
209571
191884
218808
295398
201995
166278
201638
218347
190251
175476
212812
182275
210264
190342
196383
228405
304682
444632
298601
220543
162409
163255
414047
275414
342253
265232
225043
477453
331127
164439
163173
148274
186619
228586
363446
616722
203249
295455
476026
412077
418704
145835
172430
263748
259545
236121
421293
155498
366831
177207
367087
223322
197920
306674
212408
308123
380426
526571
292312
149914
124889
134710
445052
405663
374671
231508
357623
445784
229763
630473
48945159
44814842
40694199
36560863
32380915
28266063
24142332
19983051
15849863
11792647
7659095
3505222
2369525
2511973
9690646
5782440
1608872
4053320
16594270
12699196
8530555
4650357
13194602
9271409
5523831
1459435
3038164
12761118
8907563
9826633
5743949
1683178
11783413
7795921
3716453
2570980
2262147
2711018
2363076
2222047
1274448
1789312
1024912
1089744
249854
157483
151185
431482
480200
372391
634075
206890
257173
367569
309262
417328
963007
509995
182143
173750
282664
144965
126667
168221
118703
220897
274629
218624
273625
391068
275383
224273
223625
115916
228765
170758
233423
148614
140913
130221
138918
139635
151449
151567
140765
167312
247489
137173
252089
154226
247443
212788
418241
231621
225018
221837
111409
123432
116545
149834
135916
143525
201305
176019
140785
214726
202938
234073
168904
190773
245308
313347
288467
265643
157222
274197
180401
356540
215820
239824
428271
263212
361614
492723
397570
292871
273218
208570
342305
214870
490358
311438
306321
200464
245293
142905
340393
323161
121533
203059
268919
380368
135342
258737
168134
181985
192461
210782
346957
207726
245993
174115
350499
163617
276100
184393
435277
117209
236795
175559
157446
177661
1239088
145244
226107
245327
184720
275820
167597
312950
549020
271409
254450
240617
147724
222500
263186
345257
348237
391136
288464
384526
303562
227653
353678
443345
399413
408224
266168
235400
385328
232584
351824
192837
377787
432660
554315
163132
378334
158782
314741
402267
431177
381359
184812
344817
258009
224615
319773
825806
218351
221053
318120
268441
394440
271205
214000
240605
181055
319586
157706
288576
377943
273261
753962
1257604
212934
543133
175206
278015
216193
347391
319642
190405
459202
297359
331966
474540
191045
459528
48971838
44803225
40692514
36598893
32427624
28281273
24126195
19990730
15863239
11718533
7555525
3421027
4035705
7841090
3812093
13412608
9244507
5153739
1015173
12768769
8592732
4481435
24083479
20004438
15847629
11760401
7812402
3659165
9197403
5169198
1348680
4227669
3849549
2397751
3353533
952796
1889945
696062
128823
564807
289092
210750
448854
169060
188281
232758
139422
223318
379882
226760
171727
171669
202077
171052
214483
242985
187991
309904
350892
132645
118549
251236
197582
190660
337954
412291
202202
233683
159530
234490
155676
220835
220562
207089
170591
329430
143460
136591
152492
126267
173949
150687
124427
141211
118387
261975
252722
167148
168851
128190
246050
192154
232219
218873
126492
134893
186541
361626
208062
217451
302999
344103
254250
300724
430042
190184
199185
2214157
2914794
7130297
3199028
2526589
1708106
2093815
639699
1445832
290069
152197
313656
145908
108750
221632
139060
180140
312741
249762
220822
265207
229287
452767
211615
178094
397099
175812
159443
194322
124846
217092
209706
275426
329645
236276
187278
204420
245463
309963
229256
261170
167964
250779
188102
208319
144338
241028
222557
382422
229169
336129
265418
193424
208473
179632
246817
165519
219646
199671
372423
272738
208120
297040
155444
274064
356745
257989
337697
324030
129105
173945
341754
301117
235628
215023
168053
245709
325149
277176
365461
113489
329719
158426
327907
195422
211562
310602
375378
250844
440907
171587
268946
135153
193326
139014
119241
191518
217175
121675
177960
125108
371360
227080
252819
198762
190316
242763
165235
260980
121364
390652
236822
250631
378031
218134
120707
223105
330476
412720
189247
173989
162128
149588
278184
262966
187680
150860
303560
120834
245981
457612
159834
145993
48579469
44410599
40302812
36218935
32040974
27922437
23792439
19628707
15482879
11341616
7219626
3119523
1292040
3039509
13574678
9730999
5605846
13628119
9522915
5568689
1509413
17896244
13935304
9795539
5696671
1922301
5341605
1584641
9553018
5478195
1407984
9481565
5356973
1185562
4743445
735702
4587322
547915
5311297
1145682
2456657
2787298
680933
1492457
768283
341024
189873
306474
220995
410826
196058
184963
380244
555923
331064
264451
378672
292806
427237
593599
216446
505883
734382
315369
200234
504343
327669
574161
304439
430947
320593
272267
390509
331913
265876
355178
193376
553920
180623
200061
235163
244535
161627
544595
317631
462413
202699
314429
269037
476183
223347
147003
289190
436946
315204
242902
428186
158572
173865
226375
115840
762836
177140
234889
265732
209394
164675
168194
233801
200254
118661
278502
227487
374749
729554
427290
311873
222449
312182
392930
229788
288714
472276
492572
292559
394412
345822
297291
250189
170064
323020
398999
415695
319950
156180
259708
161877
176814
146209
336579
215982
292408
207515
483695
236977
197976
362249
265271
128253
219070
224991
207759
239802
315218
112421
146248
455024
255783
276551
206865
290181
170605
498446
316896
369608
407906
233832
175111
366622
379119
381132
170080
181612
539434
383779
264465
266348
551789
173613
173598
310654
171579
355978
337734
251950
157130
397800
309765
924311
245203
191875
204521
339596
311529
395799
464628
239037
221345
162925
195554
365934
235860
514799
158112
293049
385418
359760
288879
161899
115504
213547
316075
311845
186633
220481
322856
226023
339165
271939
280334
228459
133732
262288
201064
398115
223716
187952
352921
180309
203751
161456
298827
195670
205808
223542
208055
145348
156483
190975
166455
48453709
44278663
40152399
36027250
31859000
27728133
23606019
19436599
15336203
11235431
7073577
2962840
5028724
845655
4244084
8580091
4449048
8145326
3962623
12257700
8447773
4570230
7355865
3577379
8260363
4162019
7001590
3190300
2835109
3994395
3125423
4587479
422353
1936611
3083959
1362102
2584025
2025040
1078227
1002332
395861
148178
309833
214779
142130
152228
129327
157610
135758
275256
221668
178625
122447
162840
163395
198811
264308
179524
220201
288016
141613
172691
205448
195897
156410
384436
316389
297582
236665
172044
237173
289934
139976
252368
172774
254706
317846
174034
147353
332678
160454
220367
177281
374647
321606
373274
134257
393298
269750
155151
214435
363581
267749
177434
539776
159966
193078
156689
266176
209359
136592
188223
298502
208570
407420
191309
226519
240995
181792
307079
451627
384144
175212
235018
332091
182688
309508
608710
247788
316095
186834
130795
442421
208278
156834
375543
177750
497396
315161
149694
327422
292489
194225
517524
233176
463015
401489
165110
207194
150032
177099
218457
222102
231605
172674
344517
356950
301145
228833
311219
266270
378773
118407
206785
217546
163024
366970
262860
158763
266571
181009
404722
285520
179074
720503
164547
150353
308924
223594
313520
462937
596115
262241
238154
177195
154259
239978
262756
151071
226684
176046
395489
310956
323165
668716
156544
350243
280511
152179
297402
385971
112655
318190
116943
187393
475822
204920
494686
124796
153614
235535
232647
420558
296423
322388
389912
331584
266748
349072
253399
150575
336871
188024
162845
201840
452683
187850
217523
373217
359358
614174
290645
282852
220216
229608
274393
458121
757590
339480
372043
757210
384494
435780
273341
482186
196961
230064
229312
297293
365223
47705061
43532956
39428478
35296568
31119379
26993170
22878261
18805100
14635345
10495239
6410420
2244721
513548
2608151
9750293
5584513
1481146
8877535
4716258
786773
20303591
16120221
12143693
7970768
3842914
8648129
4549134
6862916
2957380
6812115
2623470
7195296
3227333
4226375
2174308
1414341
1593392
2075118
645814
138294
211084
407933
365585
240527
209132
241794
356594
109607
211872
415554
236932
173870
166152
675047
237739
471124
146263
236326
176635
163102
345047
247772
233441
347165
272416
380721
99866
431549
276932
279528
237433
385849
292158
331626
157265
277869
349234
217678
262225
240874
264514
311668
265401
276052
370113
261689
170579
314648
296168
199836
377438
455529
320286
145320
449764
134360
254851
299177
332532
144115
137547
225384
249319
245178
305983
138789
299135
126700
151117
102469
207654
177624
158981
256254
290097
181751
355695
368933
696218
386806
195528
242033
212758
183111
126389
274887
139774
190052
260893
141955
273138
458692
148936
241146
150219
182253
244955
199816
723537
203521
357573
134049
138282
271351
260904
178130
262576
107331
224446
216834
222443
534350
155077
320515
292952
123774
260030
193918
190469
196649
480870
316319
314408
338716
134502
463214
254054
117682
401424
223425
250242
486155
227073
207785
412706
168450
229992
309867
283394
214156
239173
209594
455799
197327
258282
280067
325721
168311
314464
229901
163106
265606
210491
330851
332221
356043
205388
319921
161670
225312
457482
335776
461213
133917
104365
177956
382831
196696
154261
241973
324102
296423
243564
225797
203855
146154
291893
277288
199929
167626
222100
128191
287493
161516
151096
142955
116835
301268
153049
156729
172918
205920
228215
255244
146303
206288
409699
207499
348313
217484
47369965
43199823
39074650
40316515
36500872
32441328
28332575
24352179
20229327
16045330
11906080
7781359
3607281
7794043
3933878
18153007
13984269
9865796
5750664
1590866
12151154
8004512
4146966
37163558
33000100
28870760
24829542
20848727
16909549
13283620
9744873
5613320
14370239
10189065
6092177
1986569
12896755
8736197
4659125
11633017
7497858
3397859
2130970
2001741
2687485
1437259
3354178
2304610
1511097
2034902
1976871
1387516
1046990
545485
474102
417266
272741
266298
271522
250947
524495
218240
189367
430774
128821
179428
245195
126969
366827
199552
234389
149469
235660
118085
382613
266270
424772
287959
218647
313384
180668
176790
134555
190874
113705
136114
316170
508299
247110
225140
304124
203165
290077
226333
250636
405937
142683
242439
192578
280348
423883
193892
216594
419992
273070
467699
543571
431478
258844
195342
173779
528801
177646
415075
183012
169944
184083
603802
142672
191247
188704
160976
252505
147488
171792
435532
151622
137905
146393
133736
336913
348940
184733
625566
163253
299661
262670
446423
359083
324222
257371
194823
411842
1179749
379444
490399
376886
359766
434124
452890
259767
430395
393328
405626
175577
323852
450703
185930
502991
389514
255121
259489
289852
179600
349720
289783
654003
338261
454628
302634
406294
283315
367663
610096
208392
560276
445163
253139
615501
349376
291669
429391
248966
555889
191138
497975
649135
452308
302734
163543
466245
239424
279235
597504
412163
406683
346071
331872
152943
319809
348607
151194
126689
136600
692665
224002
246899
401715
229396
545512
237914
122295
183410
230087
144213
157532
194646
217034
238157
280143
156247
143222
270933
172572
147941
191215
600791
197841
160081
205125
391973
175638
347890
184296
218372
154772
253520
242206
274681
205908
46901456
42731123
38651381
34535098
30375855
26253633
22131662
17964324
13828031
9685404
5508555
1416378
5699370
1507161
3978057
10318080
6135737
2011382
11600209
7461506
3350928
15095279
10917555
7265775
3135923
2033692
6408891
2241984
6028484
1861483
4882919
717323
3538335
2076328
2160664
1926680
1111499
713745
388385
279664
233848
136163
147429
173449
326611
254656
310050
389761
206958
207330
203042
208152
260277
224673
147312
284352
207448
216721
434237
190584
181819
245743
201819
174905
119188
294492
147036
206643
125341
134251
185814
266310
150970
383210
277400
430110
337943
164539
158554
156382
380622
359522
253245
366571
372159
326032
164092
319258
482382
210996
232785
306420
276147
344726
224419
365153
337439
568851
246978
260037
311097
314032
523759
390288
323061
223452
906804
1313533
596451
328608
404458
369656
275174
143441
430456
225929
156932
154495
128618
145514
283293
365557
455694
163127
119933
284674
132425
170293
185445
160453
237043
168807
168454
269537
265118
211476
191474
201143
124833
191178
198089
273616
199328
275697
102495
149830
135475
282944
247290
265314
312074
333033
225357
276734
350412
176330
344224
141995
220921
247448
115982
111423
126313
192937
367549
361979
166029
130008
267200
406565
276971
218163
323038
274605
123151
276468
199300
222167
210451
235154
229902
181593
165856
305281
254743
323933
150478
206210
370873
219695
346740
258759
237943
236088
151398
280833
217471
276681
158944
216910
183677
180252
464957
328139
142653
223389
421482
398001
337391
388409
188797
478189
501235
174605
279210
201112
264613
168187
253449
303512
180386
146487
208803
222869
242161
342992
224618
486372
312510
522783
210028
224243
209313
253301
113795
157004
237752
323027
477461
178422
46926442
42757468
38627591
34528609
30352054
26229187
22112136
17948127
13855241
9732315
5607516
1510264
6927991
3529231
7097861
2931963
7110761
2929982
7194311
3219306
13658036
9486718
5402561
1289824
2345566
12937626
8754866
4634969
500483
6831165
3561148
6176807
1984423
2795937
4277415
2469768
2031712
1767521
417077
255239
307956
294270
273627
214007
384332
192537
426906
213564
129023
159625
265385
158433
131271
264582
419448
212229
343291
366394
391601
142217
173495
308853
182219
275586
213786
169062
127817
237802
343908
179845
140444
501181
365509
318571
328407
337556
254466
225209
519312
190396
268041
347372
418951
164434
193202
333657
305330
338371
466968
213051
132359
202997
482812
245503
228401
716773
275401
572158
185769
212432
154233
366898
572374
153396
159159
244669
310666
392868
383047
420864
286866
179549
498073
361875
440201
874953
610795
309387
160701
327442
339183
548669
332783
337276
302506
245742
348661
234614
306863
297969
214828
219029
378758
193484
802653
431823
377197
247828
387474
293485
208140
416969
287331
369312
255561
358111
266664
260397
359300
497399
416059
391006
310167
373079
525399
311361
371595
178619
330736
199278
367730
253441
661010
220709
261857
286297
281601
341385
424148
224639
207756
268425
350169
207262
227266
127272
206673
206186
644888
482346
300551
263796
126974
186050
232982
220894
430670
237273
285194
325139
303669
230534
137491
611996
255059
303661
141282
282617
355634
195720
195247
122704
296382
170596
176384
187013
174502
321041
152733
251942
272904
153571
251244
229334
301464
278718
364570
315057
260003
276850
380361
395430
151608
199723
495631
422033
730479
3343085
213971
1225562
315612
201798
257293
428527
259046
157271
109090
123753
334572
488726
46437434
42294850
38177455
34073384
29897890
25801193
21666430
17490622
13340925
9238448
5071393
973457
5693339
2144526
13549033
9587165
5427055
1486161
17228005
13192419
9186631
5105067
11139700
7015369
2916533
15815239
11801115
7709964
3759375
8922016
4829678
1014794
7779222
3668131
5416065
1559229
3058006
5635138
1507197
2674536
1267902
1512919
1190350
250962
216287
207833
208556
200597
196929
297345
193915
250784
319927
265711
147592
150092
249963
292070
119177
302156
343444
418159
185051
188077
283226
151776
372126
155726
329816
208435
323084
570192
546873
718836
318308
250473
345618
381940
311127
323889
391469
183004
180667
232953
225888
117920
257602
570659
135940
248765
209690
267129
298996
188454
286753
259137
302408
276548
298295
211220
262533
328873
425473
145949
162147
502946
682582
391969
362403
355825
160801
304848
434656
346648
342729
380923
313551
203631
331143
209927
509857
371827
161059
575753
177998
443606
457820
197585
393355
204148
237272
485584
248474
306974
298515
318444
233330
284166
214933
407655
249587
273728
180688
397198
455704
123488
266506
127640
632572
1274981
1021986
436873
391865
310364
306639
3264225
1190209
1079398
773625
372150
212668
295567
279561
207359
115567
171537
216876
403519
416951
530996
547549
227680
284398
549030
333392
283816
392707
412831
222657
321897
237951
547552
364683
339658
370750
333407
281031
298427
643194
315519
260728
214571
175678
245323
222140
262700
175113
312240
271063
306166
366408
197301
328699
326254
266820
179706
159918
376914
306803
375873
339428
250823
309214
126262
182676
175501
209201
165314
192423
180709
146817
509995
152634
236228
217635
184803
212463
301533
284227
207796
130990
147551
254634
203381
272149
199751
193952
126320
269441
205852
46244739
42062037
37935688
33814360
29650589
25519451
21381213
17211677
13079830
8953999
4781529
648900
3052352
14714732
10720657
16107889
11946091
7814063
4063526
14459065
10269616
6149845
2333883
8938726
5077708
909580
8293238
4167241
6317342
2206812
5451644
1902744
3178156
2015794
2240550
2508731
1395988
691741
530087
308865
231009
341759
136828
264491
231913
152528
149300
324815
359851
200124
236429
217705
260093
130843
127867
224015
147192
189961
260475
261752
165357
461578
408977
309806
207472
177625
171115
215955
254768
349060
137623
215939
191791
342043
184048
143075
188532
499679
332192
306249
393948
212555
241271
131693
211400
247940
270109
339203
204660
279499
170889
219343
285515
177654
279973
176665
149296
293870
273133
481600
633789
312703
834742
267851
347921
240878
775272
1496068
880239
920834
737315
382020
123487
251947
318429
195135
467721
194762
471739
156059
252511
232963
349554
153727
342671
448563
292202
232330
397412
397697
297247
246147
342026
285331
175067
479222
535752
597353
778466
271801
250820
691101
224543
132149
256506
251468
307245
210434
521087
244877
241257
171002
375263
367945
322910
275124
265849
223459
220966
510051
509187
321925
424196
354564
138227
221464
153646
127013
262831
308899
221353
484650
197905
130488
123367
214287
180604
201649
186023
117536
215327
146484
186993
202361
264815
130640
169770
145040
360663
335245
205914
287876
129126
159294
195735
225603
141924
150837
166172
188732
154704
142169
115934
293674
263295
426665
278548
336639
222185
160667
346591
298491
162499
116832
258431
311077
631732
111758
500909
223946
370586
394016
187059
194270
174544
165819
1160081
367768
311172
262407
148364
459180
426299
210039
146354
540888
143023
165984
380163
150214
45705456
41538441
37420981
33304637
29139996
25007335
20890626
16718326
12593045
8456457
4287829
916510
7080220
3338489
12385067
8220037
4129911
15448738
11865867
7699179
3570278
14944051
11033833
6875440
8704906
4703546
10636459
6679138
2579972
5840022
1794735
5260730
1091389
3778880
3488293
2353823
1693203
1813840
465109
674503
178681
394520
317975
364309
396391
129217
290846
766572
256932
182186
185760
262534
245920
325718
605792
542858
274601
338167
212438
517493
290056
135646
215791
469036
211679
184949
360543
252431
328373
487426
376310
206004
269515
257453
164633
141405
188149
315651
170117
519395
304417
346566
243972
281088
429312
148981
284375
142907
339093
148633
258807
196011
197959
177124
204376
267765
348248
200595
126301
332967
155375
191051
274933
470717
250794
146848
706004
138931
178250
303855
256673
163302
164773
189920
259768
159013
289568
146187
157519
136715
290672
439150
224169
136881
206897
195460
165932
329738
329065
348200
607289
260706
473400
283237
517691
219019
343242
307524
490232
245163
163614
322880
306132
312662
418105
265939
260114
522379
208660
142224
279691
351377
388676
171991
382990
485857
347759
224593
629739
212846
170545
315295
344485
141893
131722
197265
303635
170546
159225
422445
302969
274821
158111
186380
174390
141210
269151
302114
187003
288300
266806
188278
275267
416550
281639
228770
215833
310973
210916
224990
171224
238264
142908
254213
293402
273308
253266
176054
188185
431217
207263
242463
261076
205664
284932
122952
204241
433474
373575
268913
256944
179358
280041
146133
191996
192676
492968
203208
457296
191025
236872
182339
173247
325241
210253
270489
380061
290130
354802
398804
217392
266694
150526
397087
444691
419954
288153
236827
305672
220285
45380955
41253740
37135578
33058618
28923547
24798378
20673894
16502081
12370625
8228502
4101995
1321880
6949094
2818700
4593869
1037123
13760662
9593138
5666036
1873247
24647454
20532318
16377787
12258175
9508229
5443808
13968457
9895152
5797279
1770786
18814759
14842907
11005928
6814100
2653472
14583493
10527051
6545674
2378698
20791986
16632019
12562620
8462904
4339543
8391393
4389082
6356688
2282629
3012465
4099067
3318492
2759095
2938627
2551590
3603512
2270681
1146908
1491683
915766
157593
275808
155056
140267
158275
173484
201838
141218
148477
125446
57223266
53049546
48913134
44912311
40935711
36909340
33156077
29108451
24979624
21071959
16900168
12774268
8633954
4458479
2251359
6942926
2778590
6720136
2907009
7605390
3436402
4205227
6236044
2072745
2461530
3253880
6938908
2981657
2737295
2929615
2766089
3154134
2982570
1387499
3734170
3878777
1396399
2474323
1448152
2815446
2557658
7656739
3841962
961876
1039105
408962
483070
212610
412636
148113
1070219
324595
130057
624967
126134
375467
326672
462138
226853
542904
214358
300693
338498
341028
758053
439102
358795
262483
295127
135117
419197
525101
170666
612955
184994
226243
189528
302035
420338
280139
457628
253866
264081
295657
393347
333843
510734
324514
171794
339979
141210
185274
344873
296740
618936
194529
134990
237992
318986
527592
201335
231262
105957
191401
323194
196034
202632
195163
197861
307411
365873
225105
105312
216172
117278
376593
203088
313417
181585
165418
322926
158634
141096
228818
183024
243144
137849
516840
289393
167631
394694
245421
270613
145794
151019
260858
446495
248359
146430
410789
382432
187788
157082
171859
163974
129601
509754
290442
277047
243787
137759
267974
289076
323468
233290
142317
249340
270716
186850
252403
273988
227389
329654
155489
310986
283958
230785
423682
388720
357028
400453
45355446
41225533
37093342
32950015
28818347
24676658
20548389
16440159
12302254
8164852
4044921
2295556
6873398
2686898
4166979
14078175
9906083
5786970
1635918
10228943
6342867
2180905
19875253
15706421
12217722
8052675
3928059
5218067
1097688
5393973
1222183
6174901
2008704
4122887
5359587
1216578
1854881
2383772
2840980
1890001
1530425
708932
600702
351785
200657
384553
340044
756386
453953
195498
321746
422763
276886
186529
292140
375762
198106
541504
388205
562355
182788
170324
192413
527805
240970
434118
385961
280099
224507
159864
212797
427685
282317
300842
485207
254249
195822
319187
666861
232327
255593
269495
257216
384244
278009
387941
297692
438845
191866
419276
132137
186882
266499
386894
124039
372131
211181
2192069
1602074
1421091
865057
271664
181742
205209
589941
250810
224979
594823
157182
199324
158939
462552
249757
209932
296189
307235
368113
278986
388377
174468
245202
248427
187289
297212
393812
335581
201565
291507
325870
159495
413376
416096
266864
246543
304815
544108
254123
161810
216173
368554
182810
168450
285208
329405
153174
133635
160984
202270
163973
362709
198938
139964
167497
202789
158779
215811
122520
139755
157856
292077
146361
202874
324570
246824
324622
428846
144897
252537
159316
267700
190874
153372
155138
172538
286977
192171
179284
276110
404167
137698
223294
378556
229744
112207
155839
175758
207216
177719
311803
204789
295942
194626
221019
291164
201406
462872
236695
362364
143403
189858
197865
121461
221041
226054
285687
399102
166338
149926
160541
314058
336768
178610
220574
502113
188025
455086
184341
129734
268992
273158
271755
265528
437542
205719
364927
196189
285712
548088
305552
193863
386253
325156
657645
403555
428338
459187
562718
129838
336335
204663
45314930
41195436
37075649
32978920
28810440
24689129
20583174
16400810
12293129
8153703
3974774
1958215
10158284
10338470
6458548
2897877
11841468
7761414
3777614
12186042
8013907
4473021
11149107
7028724
4781267
5025748
1315544
4882103
717101
6232897
2063999
8968548
4981691
1052523
5712056
2042051
3170714
3340353
2738366
2507882
2373820
1474292
1161626
273951
134282
127523
248462
272511
304066
284965
192918
682970
229270
269748
163708
263439
191384
235662
231156
356759
197700
177769
239610
334880
140901
445587
324684
323559
201588
174899
356308
323370
560875
136545
343069
217349
195126
362636
614434
313156
641279
340993
377186
154288
300487
552380
585205
321332
558495
198436
160816
217592
257020
329719
384939
327927
220129
454518
191552
264167
210859
153975
375687
279309
195098
140681
301845
255562
569009
283231
214625
112401
170963
321454
245085
335208
329716
284445
184371
170745
190604
173667
353151
150388
127760
240357
499132
284945
346720
215929
105192
252772
321818
326233
304264
293309
294941
172407
221640
340847
146194
175170
206351
204069
160578
192506
184548
425664
173172
207907
224778
340493
168100
168311
167956
158742
299799
369328
325033
136940
231367
310780
166319
195760
248563
456409
226097
169390
297652
156569
223694
271173
367918
338065
382120
215967
261634
298280
127276
165835
220663
264953
153377
179855
255105
150311
204354
201042
181471
137166
160881
137644
186755
209438
198029
193884
355702
316280
379077
359064
340964
235182
249907
148108
206487
261752
340025
391391
428522
331806
172359
185536
358030
204911
243631
315026
188796
156683
159689
367499
122277
189477
275153
142519
136584
255442
387359
186319
317913
192567
327311
140930
260471
198980
365984
197171
383460
934685
296619
49155986
44992587
40865992
36778928
32616514
28515551
24376203
20204379
16075892
11946920
7806954
3688589
3077792
3813046
6279470
2114220
11636398
7572062
3612738
9795996
5612958
1543889
21245608
17061585
12954844
8829483
4648664
525249
7649257
4161345
4134319
3502633
2682001
850236
1301975
2500560
1845166
206526
1104185
280154
162531
263082
214788
185396
398534
278554
227665
190856
198477
163191
237422
274128
303790
277098
382629
531236
322744
154243
230839
486887
158983
246922
182069
218208
177798
380673
293444
143519
619962
189372
171341
183104
264876
255756
168244
244195
185003
195621
272897
241299
144524
269140
270917
462839
259944
143433
411039
243311
233229
331713
218967
141097
377038
178806
187768
326046
410130
175411
268071
210285
264663
281865
224691
200056
261972
334359
332593
628673
233980
234309
421869
305912
250835
140489
133705
358479
222213
248071
140856
173268
175880
198326
250394
137606
129465
237881
242407
204520
97183
145232
262494
134085
419123
375480
131209
304062
284170
269169
216628
340783
426847
262663
434162
268846
422964
471296
384982
135507
198086
393132
420844
516594
410538
445977
369673
509920
326576
234852
334276
242477
561200
616313
497358
245277
373545
220223
294216
330498
413352
650470
391569
314488
485033
244625
201731
181379
331574
297547
401385
201176
242309
200794
254478
615668
215885
268319
154188
233864
302089
245211
192730
263682
106835
148370
155183
243861
449406
235436
287586
352050
225819
197126
274355
162169
381224
216766
402404
182609
244587
218662
179254
229454
244229
154269
243055
281224
188180
128661
150043
233336
143651
301632
168565
501997
392775
374982
223626
989408
188593
191770
111730
191594
363008
162228
164840
136147
192058
519625
201753
128568
170248
45557916
41399825
37265757
33137198
28968813
24827735
20726221
16558063
12414880
8273816
4100074
1076662
17790509
13626170
9536287
12426936
8266700
4177586
10781331
6636288
2697401
4309455
8401822
4308150
9875434
5692890
1601388
6753109
2587880
9084506
4936996
874511
2677288
932785
2224495
482547
645300
883220
238831
211177
163305
262772
206938
141709
218676
167772
187189
152860
118881
122771
121349
159791
183772
99391
209755
288704
206780
163096
176265
123376
114629
205520
224724
156969
125892
129867
262165
217506
416910
270240
108575
211926
356965
205118
163002
265794
230975
956157
176985
138124
202230
240398
708661
228348
178652
345808
343665
349644
254001
310426
710168
462569
409441
162539
335141
268032
307957
335124
197389
152373
314502
235263
223216
195646
252697
249504
296713
233396
262194
178094
147102
210718
214067
193367
198444
255835
163832
164310
117803
165398
309277
470064
299210
346801
313983
205254
245757
268693
278341
428282
234608
199933
144158
260282
130027
306603
430211
294830
146138
348045
158315
945290
372909
377655
289556
296449
386744
187642
617121
421971
388994
384679
268142
189681
330740
386139
1174522
572205
477290
477981
605239
675846
340379
171350
213577
354411
453682
289329
428710
352330
236834
324046
295830
504220
589055
291069
210272
540995
245332
402259
242591
309883
244596
197138
367081
238788
364886
154969
434548
697730
507257
296223
190275
267627
229477
217898
187625
516064
316344
288899
207935
460005
238430
275352
225092
237666
299358
1213153
574966
331062
492635
446802
335094
182220
247746
367238
290967
200367
470326
266925
171107
208412
587621
211454
241414
587954
161186
256012
231319
163113
319981
269604
215915
163632
704016
263916
152134
326441
217748
230918
45508808
41349816
37236102
33098117
28966691
24841947
20711209
16535146
12397304
8258389
4084882
952553
11917844
8004487
3956996
6075192
1890249
3031969
11727519
7728274
3990396
8329860
4123999
8162036
4857106
11458392
7475811
3404264
6370154
2214855
5185960
1285178
2807605
2127489
2651853
1199213
479070
294053
304283
168766
192632
153124
110605
233625
197250
273348
159003
374517
197677
152762
130127
257436
215712
320054
364332
203958
524846
238279
449104
294338
140969
239565
152291
437678
286575
272263
173540
191799
163586
170379
366096
181526
363864
223501
244296
286877
306638
194571
222563
292662
150487
143252
217385
387699
198952
533058
335957
303160
343232
335129
197362
177120
201382
338622
454120
206484
201651
173085
388391
226175
327169
165130
104955
214186
180093
173920
126353
230541
141905
319359
172619
189989
134267
208643
208056
200085
278332
120675
160559
164198
204345
142553
230315
173098
129997
152169
169662
138015
181418
185622
269870
180938
259006
314747
348994
458993
282530
318849
398125
280948
161268
311084
260192
243633
176214
340433
291202
190142
156987
253470
323361
347870
301823
171192
271211
480664
249534
126187
251692
336766
462090
515676
217588
462636
199519
380666
295681
169808
119942
189862
494134
194401
130322
376263
200380
213208
129618
333783
466464
134423
164636
293822
204138
297435
144844
372629
177347
164815
181937
179110
231673
145722
248366
314534
164318
225389
311071
177036
121211
224203
403879
151861
150314
134535
169618
344987
299458
199448
310112
212854
131258
177193
244885
251654
157808
325857
208296
315407
346545
266696
182175
160836
145389
177075
264750
247075
1249435
379214
296639
274569
330192
384902
254873
458724
377191
220769
206862
346995
433382
236486
45797931
41615555
37528515
33405452
29243893
25119922
20980342
16790867
12687638
8557562
4390586
668282
31637099
27524944
23353478
19261363
15181912
11047347
6908533
2793560
9067322
4899757
794194
6308915
2279274
21093516
17273706
13105706
9167249
5240492
15317442
11391724
7218081
3271180
6235063
2065465
2151442
4186030
4220670
2288964
4340149
1164985
617245
195173
289617
115892
150424
154341
413940
411241
142063
171074
338035
268429
363788
174413
215243
229963
417091
277355
225031
324178
493156
353612
261040
200911
456518
249826
156632
175054
180169
227883
184117
205515
486219
443749
106196
192207
133324
148981
245111
365665
133018
193592
550986
163412
292853
184458
299472
171373
197297
584803
173330
259867
272638
268311
299100
337154
239797
215201
135513
586452
239790
208128
558423
394931
587987
245623
498108
144802
415743
456110
257685
217225
316618
461963
167623
359586
180683
266987
270357
319230
212668
206707
312683
133142
237117
392856
196721
139926
212181
180677
162027
193304
241389
238690
408503
157066
165561
790807
243736
179631
670753
236241
201383
261490
228568
162439
180589
173417
199551
209323
157158
167085
177728
138823
201966
184068
27831657
23658157
33930513
29766072
25629433
29082286
25064222
20985757
16812083
12699777
8609688
4611427
7465650
3294582
10000884
5828834
1722626
20957454
17136979
13106194
9290378
5349676
5529600
1342432
6027872
1938302
4106737
4347001
3147082
2136448
5435077
1300269
1930166
1536507
3184210
3024805
3314135
2030233
1701248
847661
351134
214415
333266
258500
131961
331313
306238
316556
382897
256684
264909
158111
260101
209754
320169
209124
305031
277353
278278
429061
308123
170158
276721
291960
324901
474650
278551
280115
1366820
404704
383080
321640
307405
264643
172267
378646
237637
294598
155848
246566
231629
156319
45300656
41139425
37058992
32954388
28788109
24662194
20548125
16384128
12254105
8122692
3955753
1125430
6416021
2374606
11050863
7055361
2887751
7313771
3240570
12276787
8110759
4118735
10083212
5976079
1805420
12422392
8284852
4276260
3432317
6224200
2148356
3893585
5917934
1972762
2066345
3014727
1765705
459208
595188
975049
315609
369519
224615
168548
198980
198899
170945
201335
187539
224589
143161
325490
204978
171685
239662
186800
173155
120437
275206
159100
232384
440649
264810
227962
343503
182179
213114
181346
239042
289195
194776
254617
430517
425721
294665
470579
193600
271360
462184
228877
408091
191647
203668
333719
244389
226771
210832
403666
218164
179357
192634
500381
406172
201605
151926
112633
181903
264639
337673
291372
386145
172014
183893
197152
223961
375323
851001
173899
156982
223909
259770
412577
206304
110141
166178
280819
256673
339978
172875
247453
245866
359710
872190
213129
304248
401036
210474
184669
207818
162990
273690
393810
333318
204119
475867
239037
191558
345915
276256
581363
237441
889027
446492
192977
241274
452814
343824
383041
357791
238234
588973
284516
361301
213482
264545
553401
304073
584012
310098
251517
412585
192261
378156
504302
141454
189507
238489
259201
439744
209300
290315
161183
531168
410580
384668
248346
128424
283027
113361
210106
277090
389786
172446
215408
536990
401084
351126
151799
169718
237893
202086
311864
259798
375237
399368
161648
234474
131829
168798
278019
185500
146092
126715
301456
201092
155606
184926
128807
227791
144526
232811
297586
281818
288886
140954
270998
142099
279703
544148
313282
97525
191121
180827
159284
337268
353059
323846
117116
193549
183111
192638
216304
202277
222833
242057
484580
132647
134403
204390
123498
45397124
41217364
37108920
32986469
28818929
24696118
20580183
16394694
12303381
8162038
4011698
1367844
4121196
9780337
5955153
1988464
5670100
1548396
8938426
4914190
812611
12087512
7924495
3866893
11592796
7460027
3355866
5396481
1215188
5415034
1246386
2978397
2915088
3245943
407998
3699144
2325750
1825180
1285577
395722
136719
325472
240687
123279
168430
153300
251778
189685
257030
131724
148683
381927
206882
150646
260536
204180
194754
148926
305350
144690
245771
237366
186560
178301
242252
150248
227861
340948
186831
384284
350472
163352
132898
264390
289596
321982
159105
187131
265762
294338
284539
299469
322522
483412
140594
151256
171848
109364
255296
196243
122959
469484
121674
176426
332585
324305
172538
244857
317715
373405
216803
216319
258044
272897
341558
273248
368115
394887
422638
287103
149981
223669
413479
240128
301010
165098
561811
242849
181243
563431
323022
203749
579293
486914
426349
447442
433753
556592
248668
477585
367864
254971
283657
285726
385246
157700
403501
843948
431712
105622
223814
161803
280067
167520
235437
288752
298971
310872
204155
267255
355244
287891
182233
353101
272173
183854
297751
222950
292844
393542
277060
396385
395460
194946
204967
239167
274626
224191
357057
177709
225585
160891
222896
522859
213250
230118
228187
222899
363551
268688
222214
340000
1607631
1000726
901102
318256
192286
239705
170938
340277
234409
325387
194435
265523
237728
238144
263333
184882
203303
357173
152656
272624
903599
1184199
959636
326406
162741
197897
388849
360381
213471
616751
302636
642820
261139
421354
130472
309439
192116
1653043
665077
1826643
434693
905121
144595
375776
733487
879742
1399337
1276854
211507
453686
397278
386602
199102
164326
351426
364175
299388
354117
45558881
41400339
37365313
33275829
29111680
24997727
20871527
16705926
12583500
8455035
4288281
1680239
7146485
2977800
3425257
20877450
16715865
12615506
8526798
4370210
8181173
4135397
11705378
7526990
3363884
19316728
15151152
11028836
6937462
2747242
8262788
4529474
3527102
6131566
1953655
8404522
4219890
5048269
1141091
1922378
4115203
1456700
1639527
1196405
1254072
1143095
1627630
1869168
930938
385095
421552
359797
294709
320545
264976
345239
348668
153238
255154
332941
348789
320796
290242
348941
294792
239178
355148
257119
169033
327582
319081
246477
307728
383667
435059
266057
244601
256552
391756
236138
178800
381256
292376
395019
468529
365991
159059
217152
516719
366003
143362
234877
130212
349420
357630
276578
305101
277491
249704
163519
442128
230338
168127
228732
325824
301210
732029
288310
201515
153339
210072
153402
152978
225403
137071
158675
143050
135486
124956
214438
135797
267499
211958
188071
386170
171852
306104
561764
168301
150236
161753
153943
364699
236322
199063
182277
245551
326817
226082
227065
144327
199276
512582
487714
194807
171328
173176
254270
142001
220094
153006
495978
196580
427148
188327
505393
338723
363862
368017
435111
351484
358184
397329
371841
218742
196084
496715
196938
131929
261277
289475
643769
149594
182226
230917
197690
212669
221177
318366
259896
434312
257190
571225
463561
465908
308603
446209
380786
189331
208089
268028
464886
267642
131676
292662
424016
143606
363933
233055
282670
498003
265326
183271
340450
304234
462540
216792
392754
507220
201633
274185
193129
126585
259344
681640
804709
313626
340085
288818
360407
199442
220876
245622
142108
150006
432510
528615
397754
334694
281397
323135
202981
207920
184053
362108
181718
165794
222870
375520
163748
45409380
41237544
37110150
32987975
28817042
24682589
20569518
16397165
12261633
8122582
3940639
1304733
10133508
5956738
1835334
7231984
3177745
17225616
13095548
9143948
5560402
1681011
23926072
20187620
16007756
11895385
7751907
3577473
5773385
1700998
3512189
5780163
1848077
6097367
2229175
4188059
4946618
1154535
2217397
906153
771895
822093
145551
286216
309618
344545
246967
128473
225075
131534
169601
274121
189667
726844
278731
292292
202969
302752
192048
293612
360310
278428
209205
347456
268488
253885
481727
562179
288402
197798
342819
207607
249882
145727
692040
142674
255420
295628
523339
216497
615039
357105
397737
161260
150960
150912
269251
278801
240685
147801
172127
445594
364508
522312
270394
170787
342540
147594
163469
162762
164798
280040
260615
617064
548360
206843
334263
191568
290428
346547
214779
416138
237191
202131
189150
233716
155231
231292
246965
236674
420566
254422
338643
361963
746183
377946
579055
559724
244046
564074
408713
399874
559935
411599
309620
267668
732436
280571
162827
285699
399768
409069
1028596
230491
460848
478584
520742
403772
320962
527900
251214
496286
205239
192130
454893
227390
477208
494238
442179
1012020
726965
475319
695706
552331
420472
335107
458845
663105
672492
756284
880886
465855
358372
483588
446645
275031
542328
185082
353852
476591
626447
250499
387864
364761
286491
210878
163280
334413
170317
298529
182321
142140
124663
158781
124406
143509
143887
184371
267019
136149
205496
136428
129388
266414
195021
229067
255441
310119
239351
190176
115236
201550
171467
265337
280668
202850
129441
140245
308144
220242
235818
441094
330081
310327
209275
291988
263032
239706
253951
151340
304223
207641
289906
309572
236756
191966
153355
166074
187494
205219
45471433
41305540
37182525
33061651
28896994
24775585
20721633
16554703
12503634
8364723
4201310
1029460
7371511
3209188
5196516
1248082
1752502
10174427
6163965
2148827
7330649
3165133
14364245
10198871
6078514
1940033
8592640
4625831
6799898
2663235
5577901
1409009
3173502
2662302
2452380
1968036
1961225
1298040
377744
1193084
453184
280527
203031
296292
146905
414296
513245
207053
238792
193861
153670
148814
283070
468602
124579
358615
412952
360082
140316
316862
296525
170501
487012
168008
228365
256521
397163
569318
313705
506860
657247
287847
433186
405671
353161
284662
279027
483950
404176
427914
492275
441432
127201
511873
295597
339900
473054
466040
133228
393486
463000
170783
386503
596550
337336
256149
299967
293319
343653
292540
458391
124638
164404
469877
394756
184074
483164
196915
171123
600587
174395
159767
227612
252770
238522
166578
161616
172288
254066
282972
184018
370118
316875
530147
475744
367437
169470
514984
255792
795744
473734
302811
244134
222344
298920
202356
215851
326709
514746
257214
328688
382308
890328
368652
425998
279638
205297
569955
686281
238161
350543
165988
329570
157931
172394
524312
291693
600980
550429
262703
301685
420918
223161
369742
229466
320540
201642
462039
183655
314441
328188
295947
305161
411825
240739
602931
251242
331517
305909
496288
278169
150275
207122
167264
245791
192879
122019
235474
232282
231519
140578
338963
336257
316246
196458
147157
227850
156749
143633
170397
222000
344109
313211
256302
197766
177630
143922
304803
330093
148937
347840
206925
334404
273777
200064
199345
146585
181767
325023
148650
160928
283013
220297
198652
125966
350879
368568
200566
332410
225205
269210
277753
296355
314538
235058
476881
144164
667428
298649
145872
45382616
41217972
37102102
33023398
28853939
24750318
20666148
16506969
12379911
8315465
4148019
1279361
9579054
5481293
1321526
8967321
4798782
723556
18872155
15117450
12029191
7862929
3873036
4052747
11418826
7734274
3687740
11259263
7325735
3328074
5858722
1717396
5894053
1986303
3418598
3249398
2590860
1670523
934628
901044
551704
222506
460720
524747
484749
635091
345205
539445
470780
430905
281596
438113
264418
515760
182777
478135
444394
480137
475512
578429
301693
291481
480526
372881
441509
410941
166810
213023
500131
448781
294708
654813
244985
211916
830251
220555
293336
186951
160026
395718
434555
296278
194796
177758
181391
432036
164486
254068
250073
200938
159367
318642
154972
335921
165914
492251
130404
299721
252898
160360
139972
176036
159097
142641
165962
164077
224300
228126
112016
502287
245474
211083
204954
283254
219871
185458
177751
241280
330330
216475
213741
408059
308720
171946
303392
174984
215659
281958
358750
435139
171149
135344
339991
189471
363672
332788
167291
203896
196692
216086
185182
195663
235964
296066
146313
269556
221201
189176
182539
134866
143015
192595
371275
191329
132104
185422
193997
237690
226215
321347
210585
414428
275160
281738
182289
328761
299216
337044
122077
327596
218815
379758
128867
163876
301520
166257
417775
196379
181387
206405
174636
270176
221959
125519
217833
308297
212191
227338
350501
223736
219313
170815
164464
164848
171788
232789
162879
136504
254234
169670
195618
209418
219490
352887
176839
293533
166159
230897
263924
347429
238352
272119
209694
199798
292187
299334
328665
192341
173232
224614
194537
316707
378604
332146
316932
283593
757326
196866
213172
137039
301253
273863
176887
116304
323258
211260
142326
247899
348132
48912754
44746599
40627318
36510522
32341997
28293338
24237314
20091812
16077389
11952879
7785845
3693585
167777
9344807
5262471
1122527
5677051
1950473
8420010
4255727
20518810
16348667
12627055
13147036
8977855
4948979
769685
9101033
5198012
1223598
9866359
5763602
1593317
4036337
3224140
3578121
1973812
3663353
1151126
546283
68096933
63922751
59974494
56300475
52163608
47987161
43895393
39767952
35638318
31528203
27397155
23737867
19776028
15731827
11767128
7614508
3524935
1670237
1250457
3623115
2969044
4149198
10545045
6523573
2667669
5942134
1778747
9557063
6032683
1858940
2549628
3568567
4985917
845386
4344867
2609900
3467422
907128
1805016
707294
1089349
187206
346890
381760
243386
177528
144371
333846
207404
177516
221595
168312
235046
170905
152506
225878
177204
172443
549797
180424
690213
253534
393243
413154
397708
205757
294487
372806
379108
241031
360615
423522
275800
356773
640837
464684
414679
466465
305304
281285
234520
178893
233540
206875
490481
285995
181139
273097
228134
301133
288117
275469
323902
327292
155345
213455
113507
365127
251614
220707
154135
192137
164432
168678
266306
166418
141355
370419
334362
243799
386558
172673
231491
168833
342383
260862
333602
511209
379605
168146
280148
212750
324038
208732
186210
132000
268679
147397
131924
444315
185536
184480
274595
242408
285679
306700
165189
463134
206480
489089
198986
198447
372247
153499
281824
281960
550134
164475
303277
212092
220351
230397
256162
379262
358547
336019
170736
203027
158293
326328
197638
255787
217540
130887
322325
217445
159027
170970
203995
674218
290681
361152
126203
124922
207552
420665
129288
287081
149375
194751
158669
214894
133874
163245
227257
187443
375187
264996
224770
343853
199544
187468
313756
228435
221130
174180
413872
329295
332843
253526
48727420
44573986
40443496
36450299
32315624
28284039
24198486
20089794
15913055
11767681
7670511
3504844
4122410
11826663
7793747
3697702
5847880
1656933
15760174
11788024
7801613
5227056
1048364
427688
11081687
6887694
2765288
9656035
5483482
1528381
2463727
3796975
2411477
2343260
2182984
2183564
1871414
2173691
1688467
725878
402642
327077
302992
325426
194340
604703
580448
345420
259050
270217
184775
569137
535597
463585
322031
283580
708094
532134
510010
384070
477988
410618
329022
579416
263203
333318
377609
175988
366517
743052
346922
276283
369378
371960
316375
167870
213999
600739
311861
382994
404581
208581
202460
246412
223648
189178
280764
173496
324329
345084
329968
272856
284367
245032
149216
208936
223460
262494
198465
247477
245954
187657
135735
190063
332907
160190
471438
486549
151863
142535
557091
170199
329054
317055
365413
216282
519641
292973
151486
603442
136089
181213
325032
284516
233019
192357
188783
226128
315590
385535
232448
264576
280580
208545
266207
172849
250566
151729
242947
371226
271722
249084
188765
290365
434189
276390
164260
263847
187360
157908
160140
421017
121701
192411
205861
162225
213540
283582
148882
180930
231395
181887
191694
113532
345785
195437
235297
229583
171565
138494
111699
200961
153444
144501
121241
168768
114055
227587
173207
202597
157491
250916
261034
267589
260713
165820
316804
208857
171459
228472
285052
146652
137511
238614
181980
176387
185812
214988
143017
179004
149156
366741
313447
230235
352473
140745
189685
196098
241095
223927
195107
229437
357394
218097
301246
208780
217007
228885
235906
412657
387707
435962
152994
247847
375816
169591
146989
186413
198216
180563
199917
407087
553846
250870
260693
365069
680282
209888
380012
338889
48771306
44602941
40538750
36471763
32329995
28211261
24075085
19902194
15784872
11746394
7595504
3492333
1975458
7908209
3745097
3068498
15596425
11433322
7438555
3500538
29264731
25155283
21306391
17350200
13336056
9211426
5034071
6882144
2775430
7178358
3262879
9646093
5465994
1485731
4994020
828469
3725915
2595247
1553680
1903987
728052
1664903
1115437
184152
518020
210525
195243
209071
518862
242045
524298
356238
313108
159290
120584
174863
613675
330468
476499
275919
268280
446029
195010
412741
492591
339183
815800
207296
474314
119029
357308
114768
189912
125388
290150
222886
184850
257169
183550
219361
167194
162066
221310
169437
185580
141799
139427
183770
270328
177488
124288
239111
144962
438689
173465
194520
172430
463102
249259
161354
202149
459509
164697
160001
313867
245554
174949
184056
149016
291600
285712
107852
415456
153274
143582
170349
350169
368364
230946
182114
138502
201202
245629
358959
431038
416337
364242
383056
323974
209027
330719
470876
355499
184419
362286
375646
284145
320289
606745
274097
548521
255526
243064
309078
146958
433994
318079
445875
247337
272881
228143
454440
326701
457289
334896
581840
134663
305482
316403
200290
382194
179839
557035
158692
248232
141943
201130
267699
470655
188870
551118
714748
204139
251831
182800
285720
176388
161895
224553
901373
235228
252571
427756
270984
473584
180731
341351
292659
192931
134661
273025
185613
275945
138601
159715
167634
476843
321913
128021
171617
243736
246166
120802
343407
245311
378370
219277
816858
847724
352216
235490
682239
368566
351207
407053
234562
228978
186222
263753
203838
141248
314453
551349
334704
207307
278649
214440
324179
424019
132206
534487
156784
225222
347973
318728
416866
349682
389209
194230
513540
48985282
44806586
40672343
36635034
32463134
28400505
24280788
20113043
16046815
11990779
7813252
3683083
3973723
10171824
6052381
1876012
3359600
13279395
9100581
5009027
923136
13715640
9916298
5736324
5230504
1228078
6423527
2494221
13430552
9241866
5128425
998608
2077273
5644732
1512072
4755285
588162
2347139
2034594
1594138
2408961
512896
1715439
1313453
1209672
903973
209096
258220
290007
203236
170488
196726
172802
328697
246927
198665
229933
170804
148615
398029
446957
222788
895077
275239
318847
449577
129434
212583
218270
317803
131912
217374
445680
374102
531468
352733
197238
236583
244659
375567
425050
319768
156733
409395
376120
217274
237436
306084
202203
195102
176498
834248
484155
283208
322325
441743
249817
174749
242377
157452
441964
360184
260451
243454
249444
216824
175948
151737
138402
175005
346900
466158
276538
127170
244028
156575
165962
258772
130081
549086
389028
217037
186749
228838
277859
208274
184059
332736
153717
185671
260681
651542
354116
216125
291082
216250
351827
295743
150547
165001
389115
349107
306515
241730
222579
148948
390561
397575
222068
396231
226973
178584
371344
314410
219245
274208
112317
369836
439972
126760
156328
312462
221387
231966
328944
111442
244535
124679
304945
176007
359548
277219
220410
125593
132880
215325
126765
178324
134233
184443
411258
160125
158702
234306
197856
155113
187655
176350
262284
414481
295908
140676
275081
109377
218087
210385
261897
262620
175398
141338
344057
211604
100793
162982
145162
157822
190376
176733
321249
151051
151020
492927
185570
250439
275857
334854
379439
161859
185539
242938
285200
204372
397008
204281
667268
399131
241984
1192791
225203
382288
384139
235874
210056
256562
240697
256812
215000
249888
420472
320953
49097410
44927248
40809800
36688046
32520741
28405149
24361627
20190238
16128013
12006258
7886599
3803848
2272356
2700105
15061322
10895344
7373721
3620204
13518513
9351425
5375571
1198231
13795673
9766441
5599139
1518334
6841893
2850193
7961767
3981685
8022997
3970069
3347264
7202956
3654831
4607908
1764154
1608234
2319484
1016897
1328768
1076508
268149
352894
663150
300671
306331
516461
188297
433755
237821
207562
225731
209924
248601
385047
214827
251967
159591
168299
239110
361344
203638
227487
394210
414693
267431
274368
313454
304834
564447
257215
423963
286256
453985
358196
576349
369941
434646
609468
598728
402249
417932
462918
386349
304406
446801
325282
632643
700449
303649
265599
599271
263123
170586
155063
162762
277557
218751
441664
437266
221492
270213
136785
205306
276830
193893
291641
268666
138277
209714
367469
143103
215030
144962
396205
568879
295092
348844
328397
200402
243857
313466
171555
263123
145419
471524
286319
349545
311227
344336
427763
103164
253016
178078
266595
183616
256281
241045
261906
413433
323788
875646
652927
276805
142742
197904
332635
210157
241455
440827
177411
253005
226969
367648
450096
147117
913861
182033
298711
279619
245301
189181
309781
