2124329
353227
291919
304882
203900
7335572
3169433
544010
192260
239243
175222
160474
168591
191117
824877
195520
153875
199867
227303
162838
468967
166645
461771
178146
254810
221940
186403
184763
245595
273035
197244
162848
1299494
313990
371336
325900
252857
282435
2174491
833897
607031
473307
345420
1551757
733917
261612
501028
224596
200360
293098
383033
1167205
556731
512632
801045
837396
487838
428934
209733
768538
349249
467057
442564
575673
584713
450076
159169
523089
401614
285038
202842
608533
243188
411998
283594
683915
458390
290578
580305
656772
380931
343039
273951
169355
323222
328249
196758
642440
375555
1337411
297555
171044
175731
745840
421077
281380
587341
930050
488894
754343
364060
395280
307853
497264
323676
201817
285665
201825
551118
352041
324867
531084
189413
640870
506356
209274
251052
247818
351387
310278
413855
343721
369931
308128
202114
188757
217005
49090878
44931802
40823129
36717010
32534801
28402187
24282218
20116887
15988262
11845839
7656935
3514015
4917032
979845
8172956
7573663
3448158
2693020
1986364
1210925
240307
172666
456506
581837
277248
602163
517094
503723
301605
470756
387410
206214
300467
450792
782201
290736
767209
206007
431748
221003
249148
304591
260749
333839
282745
1537060
331641
343163
228297
434074
395700
316957
621935
422092
511409
591154
572260
423504
264770
478907
222178
273345
402100
350137
278236
372820
751321
56387346
52218885
48280708
44275926
40110571
36030288
31933076
28004100
24063739
19890481
15759775
11648185
7389731
3298367
7203478
3036072
6577080
2543306
3663620
2161307
1869968
2203669
1744594
249248
292494
395272
984786
181103
383556
422375
569619
386925
478121
195135
225935
305802
307368
322623
277614
321195
277832
355188
339030
411649
323020
408959
281265
349930
328897
1319810
2492124
1345695
1437209
1871941
1524257
238350
327225
516711
578147
254566
293558
383764
187939
183986
396608
320205
666388
369460
417329
559927
397455
869956
285799
312457
274479
502818
185959
185373
585897
411355
644319
235767
309309
213446
254898
360162
261755
296799
491696
583252
290475
219455
209108
367459
240505
348710
355209
386151
624003
247466
538166
383954
213457
397758
348824
495638
212007
431366
339670
245185
291759
427291
243757
233076
313131
235407
242588
220363
309864
218842
512406
496998
224017
351030
273191
594315
606576
275055
296543
368466
624974
232168
479772
332769
334671
331181
281448
483986
569087
433321
163838
215839
533232
220908
291667
187230
259042
254544
527515
219648
727180
295802
537412
285834
310567
711521
734790
295275
351952
232302
486093
230993
418637
183793
395812
411453
1091850
360764
216736
239552
220377
521002
429338
46035441
41870105
37779856
33665013
29520802
25438225
21319420
17132666
12998061
8832854
4654666
507009
5118191
1536749
5866303
1731695
5060719
887812
1360807
744614
1927648
1304397
1775756
1792348
1200653
639920
555901
225097
229932
241695
179056
220184
1362627
853869
336224
258728
218173
239247
335946
258889
373625
272280
589026
561411
293463
449386
193318
461873
840433
408489
203483
580920
414070
612816
402752
195362
420108
422154
207445
232811
245777
221640
429676
430897
355864
727847
743672
428504
302395
358528
399892
313264
310665
350618
283224
179476
419160
238979
1487865
214826
463921
356063
363052
181219
452543
207181
376156
378053
559238
308053
1017496
321669
462653
359296
218110
247587
544792
521980
174727
292317
449917
447707
313368
584109
339016
276069
621998
274970
533508
255479
279310
166531
272384
552060
246805
427402
286611
1838707
667653
393162
175664
184389
264420
489013
344247
324656
179800
261928
269794
540526
556408
307751
918982
261445
411904
290703
457346
313183
701053
468742
430529
220303
38468710
34410158
30315000
26399463
22233518
18131983
14076274
9930436
5755136
1829357
20701338
17469032
13835128
9810506
5776351
12802895
8846654
5195159
4591127
390704
2332160
2394968
2838768
544655
777381
876946
471578
232990
188492
284097
587410
436792
165115
354340
243405
532800
351251
8837795
4897198
1542199
2657539
3855800
2259785
3590192
829663
438947
319324
404612
284539
184431
210605
258932
603228
377531
748125
300876
455569
188328
402594
200014
326739
339365
276945
199178
252673
489554
358555
279349
238094
218674
382520
878596
281961
196356
251019
226679
228915
227590
410051
199129
382142
544426
223906
175491
221772
240183
450365
589372
240100
317010
373928
224598
188100
276291
317195
295139
262613
47693662
43528704
39479102
35435469
31259398
27128002
23018654
18849491
14740036
10592260
6392846
2257162
8165279
5134349
1548718
6977888
2870904
3795384
2501939
1428395
1642104
247849
294801
463490
358400
270928
375661
445647
333439
256489
476546
385350
640797
293597
449726
191542
183118
383889
229159
298265
571416
230559
249368
424202
258810
741478
175505
193372
1105353
364633
310037
379069
271618
224911
658122
266279
258706
388206
517871
438949
432489
231431
379849
354484
469285
330672
302546
517505
536555
570674
307125
565169
412554
587806
641148
177897
181280
164682
476294
279176
282171
363836
327735
178617
253688
247087
293026
361441
470988
489398
280932
274373
291907
433271
308370
305339
1263879
254937
457655
325914
329473
268590
208865
255269
155376
426368
508765
334057
540623
251398
1298601
425484
205560
279647
359495
326014
351410
276448
654395
428820
361706
312872
302561
977744
413289
179030
214675
188308
226138
176412
178646
340528
331556
223784
727765
604179
327517
298811
187308
238073
307055
218616
396247
495932
239155
283815
380509
220185
355035
448996
440048
292750
244457
326735
236276
293584
285948
173040
662437
183662
363389
220905
236653
632119
364145
258038
177060
185361
236488
188864
251001
268305
241564
198260
293433
241634
321985
329648
212450
175305
741409
223787
282021
324496
330565
464215
376036
354691
314426
268758
218601
890684
402039
275396
179699
178935
428678
699518
380692
382693
259501
672554
230215
207650
455604
433441
286525
471501
208170
219625
345094
356553
302866
262263
261112
198352
231216
330269
934635
258569
1051776
403730
219283
682750
323031
302196
214683
388430
194809
208872
223858
6606220
2624092
10022975
6045179
1863634
4617054
2618593
3243544
49308011
45130095
40995960
36869364
32697440
28569935
24450307
20281778
16159547
12007993
7836025
3675368
1229592
6207206
2142250
8392291
4289412
3084121
3641520
2019537
1808221
1638723
335852
856652
301351
300527
298385
443431
263413
360045
491973
344775
291565
274230
350186
200777
366962
420917
413025
857420
211784
589081
286230
333201
687780
672062
296227
233548
508324
438723
243661
299255
308436
225331
406877
221206
408381
182558
405197
227276
448545
669797
212869
349657
259457
155759
322597
535199
655476
237024
252092
283177
215302
185845
3876551
5245462
1302250
2044402
901812
375267
191538
414317
456793
237304
172086
368171
254310
181568
338104
331418
562224
184804
198716
174994
242415
1243601
1058724
270016
281251
322238
291014
333874
317162
169969
691110
268522
325537
557417
371864
214075
351909
528554
361165
221658
1381174
333904
160109
234992
419745
164607
325616
453691
164521
342095
190949
288968
273775
389935
375248
192108
220816
439779
337501
212257
439183
249500
269102
219202
404169
194912
184688
288057
528022
147845
213476
261259
368543
384245
282302
230047
1162907
492687
283821
260508
328715
238392
211608
481692
335686
497647
407696
276459
154845
318459
235632
235131
308392
373420
452080
346999
637735
418613
1109682
451542
246082
426320
312788
399530
189848
192906
248746
318813
271760
827217
317080
676939
319487
292433
259749
238518
266951
436477
475371
325356
186505
361082
405138
488675
492615
207288
157323
608789
479329
400780
264752
541673
345220
520473
328636
189903
458948
195824
387680
321013
243317
317543
221468
359811
190709
316194
238852
196931
186198
559013
671806
557342
148741
527444
280732
361754
531374
282013
304540
319165
545323
401414
404062
526281
295541
179337
46960788
42772154
38636176
34506813
30326442
26190150
22063851
17888476
13727672
9593148
5420462
1348856
5614983
1470799
9755435
5571637
1450579
9768262
5997417
2061239
4267602
4556953
433564
3961105
3992891
2351997
1896722
2194561
1591356
344934
174847
236582
247429
424838
316276
232974
467811
223416
181264
316076
267289
256259
160693
419933
385579
1229625
198914
365778
598684
400195
209979
266719
213250
546263
270471
386515
744419
288754
295838
252710
324174
479907
425577
345387
372192
475757
332502
571147
351385
237198
470849
216776
293037
536271
314463
1973112
1220298
303318
413324
266514
302962
360808
521019
133733
388755
451613
276319
22927601
18844140
14655007
10675329
6493175
2342068
3877553
3448183
3419255
5450741
1343851
2297374
1433848
607107
430683
272526
352707
824942
378038
616737
251451
257867
278050
488006
165218
185078
569200
286158
355447
177416
384004
730139
204453
308975
243341
242524
983802
398531
225208
213325
181903
156082
266532
327382
195625
253796
229721
281797
250635
194416
332274
588296
922134
326574
238893
357296
231678
262280
325910
528662
478495
208354
256626
155523
224743
219935
441889
287997
510026
200708
380257
267118
493046
159615
272899
358498
236285
847751
316133
333121
439369
691071
248380
192831
289941
412566
308173
334764
192365
210178
372886
166138
222395
285971
363418
701141
174125
372020
271080
461920
379262
232984
257099
751164
453350
391965
521472
296581
1013793
613099
411819
484890
281962
414096
226399
486548
302124
375416
435998
209262
308827
410515
229715
459694
190174
189103
1138746
259526
291156
197704
411301
286300
227405
340729
342484
426483
184451
525701
173428
803813
208471
423320
254356
182382
586007
218512
250143
424335
474501
339569
195893
307509
47581770
43436134
39311003
35203560
31022751
26897709
22791853
18644152
14533299
10417063
6256529
2172921
2338942
3273130
4638753
690207
3729961
2392274
1911481
517061
273227
232041
416742
386474
293550
434109
538408
228829
664256
265606
270863
376066
237950
553668
520641
249034
280978
223120
178408
187321
396158
216626
164376
179891
310551
191664
275962
344976
271699
428067
403215
267244
573899
666668
238335
313514
245418
683595
185295
444627
229703
360759
344309
243838
204112
372845
690441
503762
215316
295372
593033
1070194
234983
208581
230020
260030
540341
196054
281659
421043
162770
256071
232427
179635
895120
187899
231052
504333
275396
359845
206012
867996
970496
544830
437967
389840
202245
189950
301276
155450
495038
248625
991081
401392
322804
192614
237856
471891
184588
258303
193351
188557
381365
222019
295885
369152
240232
890318
162868
478356
222465
154052
712161
364697
402648
385367
184054
184593
224002
288029
362310
322350
348096
840884
486047
256680
475441
261911
260284
222982
290006
282672
381349
314022
866332
302510
420950
567061
660147
1017688
230072
357108
245533
804811
437903
346534
254148
934835
337831
210638
273854
305848
236491
221068
606981
177228
829525
355725
330717
1033291
266121
189533
479764
223550
235190
468945
345068
202497
639335
262411
589918
177275
434024
458854
275840
215824
450633
552792
216612
393368
209973
288519
280303
217607
302943
308742
299878
11610346
7645058
3499880
8341746
4201561
6319097
2162034
2012173
1980690
726445
452917
310360
277152
306574
472141
404290
192923
135264
234296
354584
239631
452842
433323
257495
844436
233959
166294
284153
492936
373827
1026143
260536
222217
437831
174065
348951
275141
248391
419949
289611
557124
194130
48955354
44780807
40664411
36535846
32366436
28263373
24183668
20008806
15873097
11720167
7565371
3447194
5754312
1826279
5329483
1185045
2956151
3584999
1011964
474138
428318
160903
443420
286977
390619
193217
326457
214139
192468
367031
713758
232017
471408
392320
380859
315516
359094
645056
217886
178670
392600
285640
537280
264457
601169
350975
394284
167743
210761
189211
341233
428316
356176
310268
591346
350370
498281
163450
141737
377064
346986
393743
411536
425411
272707
260181
374315
460447
202001
185671
417618
287763
587430
144341
200852
194718
523820
546315
174266
1077696
245370
182539
372875
230207
303530
300602
322658
623297
131886
327157
314370
285817
255537
602901
212730
399874
341999
417548
350766
323109
424015
392840
196729
233177
338850
164576
190344
225608
177316
772268
343992
589923
852620
274776
223321
252220
214837
454367
169462
771577
594962
193165
331320
307194
392396
351369
577951
688642
187369
688830
230269
226397
1196794
183903
340509
174792
399247
283998
298174
444195
213628
207863
329330
265165
287232
312682
187944
189417
399334
351945
371098
512291
256292
249501
248810
254067
197977
289523
217325
352487
325096
174585
196611
239958
471877
269735
278932
550623
189499
265698
177227
205923
239951
197518
187182
320802
585150
354235
637254
446742
400632
291114
665711
492340
217110
170018
258222
706086
218004
271274
182338
349843
472681
420585
320526
298895
173069
226914
357849
186831
370961
185401
704067
240494
351331
264485
450751
481769
232315
396385
580479
198071
165652
196200
258390
232229
275122
274015
199849
183572
466828
157515
196491
370336
188162
208780
240402
202639
283929
277953
655343
205002
240300
226014
204563
165596
455040
356398
290863
216422
46839043
42665845
38556742
34413411
30224824
26075938
21960339
17789770
13670490
9541011
5348345
1229121
3596558
5677688
1506446
4123555
4237735
2986203
1628660
2339916
987321
872180
291172
1100849
1545599
593422
240123
327416
387621
228019
266781
214635
285454
273577
545311
387633
294831
397056
190469
287830
223881
283452
401554
584952
574624
311653
297712
170695
200519
185369
238170
336427
202223
355887
622958
360850
409244
462515
368979
219076
324179
380123
307501
201234
301408
394333
403402
447416
336986
275611
280993
450232
419707
235978
266652
183165
425689
274180
192438
248292
357774
251982
217081
292343
243472
181252
387673
462155
329454
210534
291981
250863
294647
10189809
12509423
8334914
4204351
9248891
5495963
1315190
9760789
5555620
1432070
3137385
1340903
804442
422465
405684
342569
1660265
177905
258979
273529
403913
159039
534837
527579
561728
192635
207901
243498
212407
391821
303004
254803
234687
445281
589587
164981
636925
295163
788149
326451
192927
264082
201742
291069
203950
321629
402428
278578
197120
202573
293139
257169
143710
302036
282042
234318
289515
533878
334647
216946
209498
290651
741193
243357
375520
316832
433858
204921
198601
222632
251511
435851
375199
386918
175293
298985
413009
600010
369519
132415
212700
479348
333381
306555
385863
1138427
874700
219647
178362
540260
138063
350557
434861
242367
196675
374708
237683
222335
313505
371478
285769
552967
187397
570581
226360
172684
244638
326094
169585
377297
938864
307725
331896
435339
243774
236645
395375
399345
229936
218844
808656
269938
298669
180316
427303
249399
549871
268699
120069
352380
630035
232549
198912
335291
752126
255929
330366
167858
300073
135110
499682
254469
246520
335142
297688
168015
47996110
43840384
39703623
35612836
31478782
27384555
23362261
19246267
15106556
10990680
6814451
2686823
2965780
5101056
934512
5839975
1670796
4137674
3637286
1051266
1331874
318072
557600
244032
245192
329080
205385
397117
113480
444127
176271
237444
209763
302819
412597
363202
342707
244672
206321
372175
343661
301888
498868
608220
551540
239225
287599
320868
653175
155997
307180
269468
361852
253873
150427
1562159
276580
262961
432992
222463
161884
443938
418866
177767
268547
188958
187464
269103
169807
163647
223219
361673
220316
218108
198800
314726
282034
364760
268400
237750
535800
209452
248940
218827
439536
181216
271447
943657
207053
524890
402935
196040
244309
272162
277294
199901
411761
289301
196039
274195
380309
562290
1339880
154422
212604
425098
563841
315747
164332
156077
495987
463425
174415
330572
374915
163272
314809
201580
419546
285858
212405
350448
197026
153007
289261
314220
219498
197109
186267
327837
234875
251224
345178
192016
197958
155098
376763
190150
284385
515624
229467
256620
193359
367012
266696
254886
228016
680481
340489
425171
476365
390661
219677
532523
164952
333507
162331
236444
288354
401840
291732
283770
242579
153111
349974
286065
224419
287304
406432
215989
538003
540097
573291
185171
242487
430865
192603
132953
206500
403764
196123
872813
132805
138353
653642
345188
259214
292310
323758
834494
555060
380851
417819
146127
176544
181207
288744
316073
196597
211022
331241
245228
244300
251782
447693
210052
419009
428686
162293
306033
313023
807249
228657
209266
390230
291555
399913
419362
174613
415371
246357
289220
299390
356387
604276
246277
696871
202333
460677
304219
289867
268810
200779
706788
240666
198812
400866
328121
788415
49131098
44941173
40858292
36818102
32649242
28521431
24411275
20251582
16159250
12033429
7847068
3728044
1444008
6338426
2170946
2650659
5529454
1420265
957817
193095
502940
344107
140084
232932
215352
370498
341715
172479
159724
296075
147494
181014
173110
159834
642697
376345
517648
331274
159591
229128
191125
210328
348397
295832
959747
1025373
151420
679673
206960
145944
184436
387002
351206
286956
189267
229796
38932747
34766082
30646950
26536218
22344865
18223226
14082957
11009762
6841626
3171598
1156831
1268988
2859771
976288
512536
168112
236428
315528
199923
348060
488922
330668
438353
183334
150885
225708
165409
231313
172074
303614
539964
238226
920854
314027
811464
512235
448921
319942
213264
208335
269616
201913
431275
345540
313543
304483
327132
372630
477545
308344
331831
145568
486645
413993
394869
477790
602097
698318
176162
776248
393630
221634
611036
392132
289995
310548
264919
718463
154829
538633
751423
296070
210894
407865
670475
346578
266572
307507
296242
217128
264259
470082
274394
211864
411872
197368
228290
183454
245771
314547
665342
230684
415756
942593
926142
421593
263826
382020
218774
175111
299187
198647
173588
341160
183597
203211
167025
1258011
217021
334428
289450
195150
179194
237411
206544
145901
370102
452842
461104
341039
243934
162760
173963
208565
377519
199653
480491
227416
190141
261509
264668
393624
242055
259209
136459
129944
250130
652976
234418
163412
152232
399150
351707
198721
831691
221938
513231
210950
445346
155166
157126
313791
242537
671272
431498
272302
167435
368958
242090
397358
247686
241559
448362
334892
236435
265909
370675
149098
145759
249103
252613
498174
296640
179676
221892
292718
229641
231152
358433
204943
232709
243577
361168
352874
46461883
42305106
38160589
34035783
29852667
25738905
21606259
17440198
13301095
9174930
4988814
872650
5625885
2104809
2668523
3755748
1446344
924781
185694
127760
643021
264264
200403
208947
416752
384425
580422
266190
413767
141370
206463
218023
204236
191721
299006
260883
447459
168482
1430122
1047302
629626
162389
908105
268875
241552
257295
615334
201390
194280
157080
440696
229822
282447
385759
331609
253261
482584
189294
485733
693154
745586
187912
297033
311586
193708
175656
182512
208589
230618
357963
201082
331522
284321
379887
337383
235481
207301
172712
436719
138944
573417
223578
336869
265080
320522
267090
336102
325820
895300
169747
237576
151914
155522
448561
431897
392785
378452
267948
556391
246988
262304
284935
270303
415312
231883
245829
164910
199904
214921
489028
294197
310911
260451
215136
159149
142535
198642
212855
407296
293952
279732
210292
261111
353183
338743
205946
142242
337837
155939
475728
152807
139290
160451
449749
373520
268478
1058586
191013
132360
289606
183333
415299
705720
307931
185379
162477
412577
483935
1642384
272034
163935
136233
332981
636813
365102
300991
882216
345443
500652
236045
241359
273718
324355
165565
203079
209229
343626
199558
233239
325986
374626
408831
171545
469090
2261912
652018
298564
200259
222297
468153
168652
353394
371146
662294
816996
274891
505466
729342
421124
722802
154512
226229
163066
341098
222899
1007739
309648
235909
237983
681258
180201
506365
411337
914587
307653
321193
336565
549048
206664
226715
645464
242713
404742
216746
238717
339503
268237
154991
297836
230286
188912
152527
384259
460343
162201
177203
403470
382574
157744
371854
446373
286310
254484
266686
790349
757365
333440
265044
274139
48140782
43957993
39890931
35761116
31569925
27406205
23321386
19136105
15014661
10858919
6690326
2551701
8342709
4174215
4957628
1000034
6454879
3142130
2204149
2478715
3189187
1526848
354320
311696
416280
469101
439791
263102
209732
379979
691969
296024
296726
224261
173623
515931
292631
168830
672824
487718
256887
322618
167837
419410
198338
501687
245466
253299
429957
315665
299531
777405
279693
208171
321973
221109
238197
517465
210945
429227
329224
621086
394531
237514
309844
565926
181254
396252
202316
14763857
10611155
6537309
2373183
3337214
7000436
2813924
2137480
1447868
1576734
1964772
231632
408967
165277
314098
281664
188624
189248
160761
247202
336510
360057
234978
426470
317165
270878
150985
255098
355993
290349
157125
383687
293294
347154
199477
327273
722292
370264
264051
258724
372413
457488
339368
226795
223626
307012
282902
320673
193092
267366
549976
253526
157019
398381
348204
351438
155163
256756
342242
200040
617618
205968
274467
380060
214640
346546
322900
405102
338038
383613
302555
145834
620552
600505
256402
704346
830985
178681
221670
165580
1218956
255113
307826
321759
203766
454827
233078
744456
449485
206972
289792
317080
187137
196497
254389
259804
213523
179232
289296
1526740
153828
333387
258387
462362
384212
500334
523000
312352
309681
234010
174902
164474
257411
231167
348339
199707
538180
267300
280845
419644
538940
221303
286527
160184
573811
229468
168437
150610
253649
337775
160070
344927
143095
187665
194272
198438
356486
367537
348000
227202
176064
342104
261792
170920
294110
356899
181636
301339
317997
246714
311638
422417
412173
632318
229462
504999
805644
223945
502864
264432
808844
373790
335444
148575
165406
209985
320772
347212
389926
581145
49236059
45067442
40927184
36781114
32610126
28517212
24391700
20219104
16099995
12039142
7860123
3746269
3438535
5826974
1807030
3366036
1764364
1245001
481442
1014154
145723
191741
482620
271423
184023
955595
217047
310170
352253
271944
200303
217922
501218
498876
375445
506604
248492
643971
477444
123336
505894
144228
264387
309040
240928
160445
207675
182021
225528
150040
136994
290933
492313
201419
439170
277955
436081
209696
132498
536920
291698
218103
131864
179259
177763
503654
198191
405943
162920
155574
683802
779469
231990
192239
269720
276397
215929
689021
199121
398788
367878
283466
226564
189576
398677
440334
211536
592450
281173
194164
476614
749557
174070
286357
1002660
191822
119336
357633
247546
734641
157780
309511
461873
398733
342063
265341
164905
312590
444812
340896
542646
180589
203454
609199
198476
168013
282657
253989
294113
367150
176734
226556
345766
349672
267683
404926
171933
176203
236971
189979
229543
787086
336837
273128
250617
263674
372693
219256
196192
311494
267070
656662
265953
1176846
232434
165489
297230
387376
236382
357986
175911
282219
348255
191261
417684
204941
346134
366890
225239
165570
474242
199828
302583
219304
334174
420380
277722
217360
231850
636720
173942
212925
204042
220984
210005
252513
266980
346327
229304
329840
228132
215468
367856
232146
336629
273319
252230
232548
314400
237887
164442
292752
177098
453164
255479
218702
233273
375271
691946
225632
869071
256445
471652
468038
675420
326351
204772
171078
369515
300481
200892
179154
213749
301473
146140
628600
248533
255544
124647
208074
151673
198085
158203
353861
246915
347844
276127
116919
503956
305323
303441
151346
226626
251643
224361
398125
379545
276267
246477
281238
46491445
42321975
38187851
34069600
29894253
25772062
21635041
17463113
13339467
9214853
5053149
935852
3311444
4044669
5382619
1248792
1819243
169923
388737
225790
160912
934628
418874
338567
281275
247043
462955
345219
302231
293051
264156
265356
249359
201800
245086
150320
375248
170137
196038
248320
290303
214140
175135
151065
158180
532046
349558
282316
264978
509123
1151066
663558
252557
214746
218751
290784
386591
441444
215112
398987
132394
160230
339919
445427
209308
617439
172984
374310
288380
177494
231954
204276
561904
435035
474402
525124
266802
723016
364838
249190
151666
249517
204029
576963
225797
619374
274648
188225
195688
441216
151400
311058
283649
236071
477268
317080
142433
346930
211556
198455
626030
302271
258457
235194
8024436
3850234
3492953
2488986
3494942
1493524
179334
243581
417328
183220
465807
375655
181898
262191
280611
231770
209852
375912
254224
181213
171319
285894
154936
351834
382403
328917
135203
263380
120172
305354
258563
303441
601689
162960
159033
352552
134374
191066
490702
178410
277077
349867
18568639
14526233
10470135
6372108
2986970
2289282
4145160
3976323
2127749
3537938
2082440
906669
389422
304039
634225
198106
311944
204746
217912
768610
484568
342889
204766
331523
228497
341662
235904
259932
126921
234133
192275
377840
270948
326135
242877
1234763
363072
305837
178027
145311
329361
284555
258652
162495
725140
168570
444633
303980
355996
288961
340815
588615
144754
154977
486850
267569
244644
165026
389502
356578
290181
156469
224751
205371
512400
474386
860597
153353
190813
426570
264067
487636
168826
128097
191202
172205
320675
232763
133003
276427
361262
222424
257737
386494
258150
330546
347530
391443
254343
324797
133372
245255
306611
47579893
43410884
39286997
35138106
30974730
26836888
22726414
18603319
14446755
10311477
6139858
2012288
3427146
10105178
5931628
1819589
3517888
1206470
2351565
1802853
961706
358763
665771
352275
507881
1360690
349065
268256
449172
348300
425313
562703
189056
355213
172996
508086
470468
314717
236847
324588
254129
237010
260276
241314
164821
287946
155422
353012
235707
226494
680822
322946
198696
312407
206019
395684
257588
224990
312433
218467
231817
556418
374583
189700
239183
210277
268618
382437
237018
774486
229760
466895
630986
862796
1789559
491637
381253
402893
699896
417951
357878
229378
408529
230006
510449
306036
333908
215079
212023
216672
263336
163173
408853
2362710
231468
202361
936608
642364
142603
372503
284339
253593
309316
360362
381856
343123
126486
195546
414940
186547
322876
270477
298763
128057
569338
471627
227378
309893
200368
296549
187920
271106
324029
291699
278397
196886
138789
125068
220609
426398
384574
151495
277517
309916
414329
501370
276203
172996
568831
247889
245434
346414
1368644
589605
479545
312655
137734
452734
364246
173637
583029
158316
202119
283148
359370
372946
449372
383543
180290
232854
265394
155658
241604
586339
289425
333961
468449
318371
365828
259869
751853
157375
130076
464966
275663
193364
389725
403487
166661
317246
305838
190648
440831
347967
441670
189713
177479
309446
470980
259788
236398
513688
253005
261657
164222
159708
785733
516688
295414
226280
179194
256522
377334
286136
174126
416183
372158
166955
197245
178978
346249
233187
428389
151896
321117
532595
397930
147141
960447
351382
536413
194317
263566
323200
319733
275365
502051
299997
197264
145472
331380
153796
282171
360589
571923
215616
276841
436534
452607
49147645
44972879
40842992
36721697
32546250
28457599
24339689
20156721
16039133
11895784
7718966
3603414
5064297
1355181
2027940
3681413
493200
893523
1267783
801718
314774
134036
456174
159488
308990
357350
425834
378995
175504
152142
282217
116082
270632
187027
281361
136681
155565
180445
319890
311918
307090
437374
342148
618093
1043444
1773038
211767
261352
136250
219157
206711
403099
170861
163862
397663
155066
356461
742526
213094
407037
163588
354446
232644
520319
121392
202196
356743
164931
350381
256035
266011
269651
308058
166366
227137
249123
180476
274948
474438
461517
378578
107252
175022
168154
665205
661483
599739
841525
196992
585330
367260
264523
213161
638220
295450
398966
336426
237509
237385
175513
236693
240617
142925
147014
131698
267584
213679
212500
315024
389263
311893
422644
217547
329160
239545
279805
167241
386263
330542
149478
231422
205304
268924
338888
268615
372096
1064295
1112159
866176
435094
322025
212659
195441
1418480
150267
253351
404108
287053
248767
256601
353089
277042
228752
534238
281048
334563
403331
160176
148555
202100
371096
313597
181766
260640
185949
228082
202776
468184
527819
244199
213502
173958
379668
176666
591866
230925
603115
153901
520579
268555
337619
143351
560663
265326
381448
335381
187334
270099
156374
319286
339028
150687
134676
148286
366071
267316
316569
228128
595420
949988
127223
238797
146655
287954
371229
303908
224148
254751
730234
201062
221789
190759
416800
150931
519794
196809
149606
353832
303740
836062
235511
255085
212861
206035
463806
410429
465056
359503
230899
209323
198559
478222
573352
175628
188267
974692
242430
177110
172120
189439
233062
192173
306958
126906
174433
197769
176533
173688
294587
259013
46694572
42565875
38455188
34335350
30125087
25994328
21855973
17692194
13571611
9419790
5239017
1124931
6671054
2500577
5407484
1222993
1029814
1022237
485647
264431
308491
210922
233373
195899
431504
267959
218108
1044095
178312
27886383
24004355
19834728
16172741
12326457
8601420
4458749
474554
695280
743452
851527
428047
362276
173517
536709
257129
172472
159703
578118
369168
817034
250528
326710
418973
163211
244051
201111
298619
277129
337583
199480
313535
164327
313119
269398
142136
195545
535985
149048
179485
327413
757483
207325
306806
536702
661680
203215
206001
156218
132762
336424
457933
334243
267790
230023
368789
664707
505108
582836
200250
889679
229854
242002
474396
253065
438813
129715
196194
158489
201317
244452
267704
241467
211543
293459
146694
358385
291433
422859
226405
382735
166180
479791
169747
214903
324494
362069
152166
601816
301663
462679
304493
190493
158382
794537
370421
305698
487289
266154
225044
201786
170840
265830
204198
240719
148408
371260
165938
237018
377343
170625
733579
479125
288384
268527
237164
175326
858822
400089
164849
202593
206382
249286
183613
202637
328883
189413
156979
268819
419115
217108
309988
208601
195195
229472
635634
483704
389476
268620
226150
970511
223506
195145
170383
386638
139693
649720
288972
303943
629191
221733
292952
419823
262444
337437
416198
194354
409747
224823
295289
311968
692003
915102
401954
193688
308529
422558
194598
142355
250251
188492
187929
158095
435469
728052
202142
291579
360513
470828
444156
211574
174633
173977
180483
470994
297618
454714
373278
330575
445488
138460
215384
202949
395159
310899
209710
127769
237878
259436
223889
271902
292438
359945
584808
169297
420398
188837
269934
286293
144606
48121585
43954485
39829553
35694982
31528099
27378944
23288438
19150851
15045868
10930245
6801776
2663451
5534653
1468757
4101070
5163962
998716
2863623
2230000
592952
141657
289883
235489
405222
224046
502583
265247
272213
405862
204463
128982
385572
331809
295361
173119
353657
356445
2049786
309537
158405
191955
427471
400957
162803
143572
414929
252135
226966
235258
231574
280100
270641
175044
666174
211854
386147
294191
358304
258137
199417
312504
392786
695268
366326
347956
381506
165449
146380
191294
277531
166641
391681
203625
513585
191828
442066
177843
362190
209073
121252
561442
238432
246479
143441
242057
352408
319210
170533
239801
257153
574382
152704
567451
371913
350050
328223
293543
396741
413931
531769
232241
158033
424872
280425
545204
161111
450305
508687
157174
492190
260474
156519
195836
218062
273086
906666
229380
415035
577576
217591
227554
207273
344032
240414
257069
721707
460164
212929
503425
188495
209839
229598
472737
224849
181536
498666
283330
185600
167859
339965
294865
275201
197132
133993
163559
167572
271630
310718
451452
148383
343536
187990
389802
300947
321152
353364
151730
221744
186773
318716
322333
510726
278337
321404
338500
529101
420723
265196
167135
418088
162801
691889
624073
236700
218493
243933
318299
305022
282358
222021
323137
266189
148272
273835
219839
615004
694056
184650
278807
552477
207677
154072
290724
368521
424270
383012
173547
187834
254789
219603
754694
665061
246863
495459
297079
199907
125360
229948
304301
156905
157952
213125
460575
355197
181834
365517
306145
604024
957242
162593
285508
169395
287244
436628
275266
406823
141952
198332
212249
228692
645027
494843
257655
405321
342081
204517
600979
279646
279508
243449
45537562
41385488
37262107
33166644
29013445
24963272
20917440
16790726
12701756
8588253
4415707
2339534
4146626
2346431
1626056
1629370
175908
376696
500815
310186
446460
505048
664056
218049
383990
708589
181700
210521
180388
261802
267667
207656
267250
287145
271044
139891
179735
305996
286341
332759
379491
266900
240024
393160
191899
269817
743025
133244
159825
213888
317074
218382
185144
157043
520295
325522
157661
283356
547472
787762
175407
196408
885088
280919
302187
359198
306125
229850
312269
408471
305828
268536
388292
370177
177038
268695
469184
573560
134087
200241
460940
215338
158667
307427
287466
850228
363181
207059
417186
231742
260295
277743
265914
326172
162809
365880
338679
186701
179676
1395180
270724
227302
188372
250212
158188
467245
159212
162948
333625
183636
290730
194556
171404
139775
401024
405656
349179
3537221
1634079
598370
201156
228862
334483
1568039
558719
243849
289589
597275
548938
466466
161300
355163
167335
372589
242102
325337
179992
436343
285860
146619
891854
491103
528622
286984
187923
144536
308044
255413
191604
430355
894006
195813
1079143
974579
1143528
434981
352889
359604
176865
171641
545969
181083
455304
354415
406148
304894
834535
367436
156350
158275
227410
345119
172707
196981
339974
862097
187362
595525
304799
268682
188303
197098
207543
173650
256222
468180
578017
475541
616907
225144
237790
218988
299184
216952
211899
177676
434384
123068
474220
395413
334086
364622
376937
29065973
25308970
21285618
17321238
13288371
9591756
5424359
1286896
350776
349892
1118505
1528370
890787
421039
1051063
169435
371426
160010
311149
422116
1214508
370689
186161
289977
154775
684656
559075
326030
791050
557001
539247
537304
216122
254569
240776
787877
46887190
42699702
38570469
34437137
30271271
26165261
22037831
17858497
13716083
9580645
5401540
1274354
7286801
6781928
2638977
1624467
2647356
326464
176455
898748
291080
219744
190498
241483
319921
304953
145865
212687
454139
194758
174096
491165
417572
196072
375040
978635
187508
323126
820688
406323
507653
1309741
5229025
1065626
1230959
216293
318114
355315
257255
257710
821476
357136
507047
239013
706969
264706
375077
180041
183866
159528
327677
205516
274595
235870
162965
447566
186006
175131
281257
204275
158149
283126
308246
214554
428120
277477
141154
276509
166462
141009
663968
600027
252240
1073949
274727
235081
251949
186659
257590
1018901
265805
315978
363190
205232
394263
234548
434193
608783
231191
172461
1087668
716244
440658
213462
223719
353632
311923
280895
131927
788840
293026
191873
568138
261558
282528
219904
784134
205817
224664
345734
153255
242501
245848
328948
133913
432300
162573
533004
390202
457134
193177
126742
215365
376325
482262
412678
345047
570330
446091
178204
405749
265020
548844
322175
1830557
809813
199075
188566
155866
287360
161107
151454
253341
179257
384187
372236
159900
674306
119696
228638
849856
445153
252252
120726
232286
249400
439351
179810
150892
138159
162449
204307
293464
232039
377119
175477
580979
152608
195684
172419
275597
244691
296982
261781
348257
449163
215019
215705
392692
251301
162103
401410
199365
132687
212907
206218
300935
428680
703656
236461
745514
132650
135854
353754
245763
252334
130674
219195
722954
252169
326983
205213
351635
422927
602424
247660
368126
372616
216864
295780
324785
236112
342538
161729
228805
274749
684556
463910
601406
176798
207383
209842
390658
174859
214221
127271
482266
210579
447215
48381650
44200881
40112693
36066006
31896816
27773203
23730675
19565959
15496117
11408853
7217551
3100171
2516819
6822797
3169851
2688183
2204750
1869618
617466
499266
323593
383338
362326
303662
225843
499358
269763
451466
177130
260238
787467
571906
144248
154399
208252
297710
345445
167024
249778
277324
366467
685320
254451
131318
178453
329090
350212
179181
282753
305035
518548
241939
340048
167443
830512
346523
226763
127866
318833
160451
286982
204293
339914
138341
231643
273888
361971
200382
413393
233764
332517
145283
345313
155154
592657
174093
303563
248314
345077
264049
293262
297766
251488
425081
377951
152910
227207
366886
480536
335879
1237800
261667
859934
159172
712724
178492
451645
190538
369009
187840
161848
242371
673542
336147
112353
272721
570245
226917
190869
792036
468542
1306191
342621
266570
339030
626723
261110
362570
408535
149064
515796
230790
339640
246762
276279
154664
212211
293656
210968
263902
190065
525685
376363
211989
208359
226412
383638
234375
197399
136314
203910
368135
300715
467293
238991
545001
221517
163985
196524
259757
181127
473619
231548
501256
153037
167026
131530
289715
360659
150135
237745
242783
245860
346347
410721
182701
351650
244659
194144
380559
141081
245236
359171
178009
919817
185697
206592
185967
515482
180967
396349
182483
129737
886746
235338
704482
468053
368968
349970
562659
163640
225874
360353
172275
378221
405167
708012
329699
153279
220954
389997
597416
696171
602042
351348
692959
506786
321927
221821
193224
285050
179962
244616
333766
264188
294259
634644
282862
734207
202913
287147
245702
172096
141935
183382
347936
292547
232380
819653
876785
224750
176731
349967
970259
1147461
1031502
616583
235161
555880
262195
46025657
41880036
37773662
33647897
29508008
25418453
21346219
17174254
13066418
8932389
4755390
591868
10074568
6019690
1845680
4376240
1855978
1163092
203750
422627
140332
910016
334420
149035
654502
224330
281915
642091
386637
254090
207546
166779
328102
188776
251182
245556
252607
738591
225983
294247
188983
415121
153310
324016
184477
133607
461725
453003
226431
648383
178991
394129
442853
188388
291466
338004
202470
144753
201672
339226
331932
308332
220891
246568
306804
258789
448724
194706
178882
157949
268547
219610
243568
342336
557809
215384
919623
348221
886503
871870
190819
496777
698330
222160
154379
138758
434408
498340
558382
199542
541707
529851
374800
329118
203799
161886
181093
292609
467497
146142
242813
1081585
470251
157485
150554
429774
178099
229406
402448
294583
136081
199288
185487
229871
270677
390827
231170
483345
181011
188052
264798
187099
345177
351427
225632
173963
293418
292449
480344
394372
158687
418103
196307
209766
296550
266990
160404
352104
203670
679448
203201
560290
584945
117997
274338
157318
133315
315206
497433
269774
343210
395638
154771
142768
346363
325542
133770
436339
541866
169973
172145
214613
305234
152302
228184
164800
255232
346161
262752
216401
854487
149917
236811
220890
326682
270705
430376
480755
323459
226831
168715
393969
134098
217497
171650
445663
248318
24520880
20354582
16239891
12065491
7978517
3878678
4888085
938360
1251249
1127215
1131939
1409567
305105
402844
141242
361788
235983
393197
180542
283412
189165
309148
346386
177885
352950
198260
526865
364373
281311
212743
353584
262615
326778
497636
156639
331238
619738
338878
225224
175512
495078
225464
126820
495844
291274
222423
262857
462019
368127
143059
189782
116825
47961900
43790730
39673762
35551233
31372970
27264105
23148627
18980056
14849019
10777784
6588573
2485999
6351870
2171821
4196251
4680892
4552201
2714812
563438
497650
1215908
342432
208093
319776
924404
172723
177612
686782
145203
240010
384352
366883
158309
696169
138592
276349
271578
328203
449260
378314
151709
139035
245752
340482
303741
307015
177521
398079
174857
340705
165613
334407
185305
393493
661292
322206
174303
145367
149171
651716
204228
424848
293212
315281
179714
183826
640028
320588
161715
279427
154778
242030
285657
492836
159339
318650
235774
468357
164330
224312
435328
208628
267126
167076
342306
500216
269595
289987
293858
428473
673402
290133
142413
375678
353877
281086
376034
157992
425630
529614
268310
601868
216209
368477
205347
340585
167224
547430
277667
142739
198189
173028
345591
201502
254448
357559
178345
303160
236962
134423
246033
211382
146939
268695
485433
319988
197684
594022
169457
277161
239292
200272
701625
267957
667599
177118
288648
631738
207080
293111
226315
189085
357357
227751
433853
253410
244159
194583
191314
275461
316164
169874
521653
320681
261863
1028166
431818
343235
409690
217838
240875
240146
343481
376657
216232
639806
156442
297035
289826
277460
349380
159789
830311
169599
133686
248091
238161
196613
125926
337525
192196
170108
495355
381352
213049
303335
602100
387213
436456
286832
254674
342173
946022
441181
270809
167379
172295
156771
139163
440611
372616
287940
239403
348220
261048
168787
206494
253289
321814
332181
270437
262785
375480
344595
187977
186220
237833
254932
637289
371298
379749
353490
140705
167607
139446
121026
216293
328850
617567
257960
181962
300956
200654
234546
117873
481990
265981
376811
507747
222238
45727416
41561302
37427751
33283590
29104477
24961525
20841102
16672114
12561640
8424274
4245160
1307151
3869576
4923938
786844
4099471
2466881
2158697
418579
217312
219542
223034
201625
233431
179797
369740
250494
275105
230764
503655
368162
210773
287269
741672
189001
395293
454366
133469
382134
249480
167066
71032106
66876633
63252643
59085478
54985468
52284618
48310277
44297236
40204955
37537358
33959567
29783574
25657371
21562299
17364822
13222601
9086613
5266059
2139133
1742745
833679
918579
2903414
1909584
1552679
1914136
581509
381687
145675
289148
173589
475268
2548349
464000
290939
149279
222582
361507
188342
186082
206492
268372
438320
200341
497991
439295
239171
246299
630038
365316
298343
192760
163289
227593
171447
266094
140341
446571
126979
198393
287271
335313
431948
357197
306522
282822
229324
261923
392229
172134
224170
210081
356930
342410
248017
258048
175283
404180
185315
702977
446163
384861
203675
350832
211095
532983
672510
220549
320071
481647
339371
173187
162451
196463
182260
261304
392927
403866
358167
295253
978877
1357238
289124
302810
239697
246806
258926
201746
180644
366998
342555
221062
165260
337771
265122
340630
355685
518866
395682
284895
454646
379527
335945
145642
384586
179077
141203
206048
198739
139776
307557
231389
151155
121579
546087
596918
314220
308294
197743
162108
229088
674748
205633
649662
261454
169959
167678
139176
911920
211920
318883
190315
169387
406716
324091
163753
236733
128198
596649
302108
327454
241588
493527
178604
168630
191714
527850
810207
215795
209053
429248
690097
200017
411905
289533
142512
279925
301788
296133
209218
218911
427779
748940
314212
2021750
1433918
810572
1818124
1417706
963857
270438
216191
192339
182327
246792
163719
142589
286614
46936452
42779908
38691646
34587073
30416805
26264523
22116700
17935549
13805381
9741494
5567076
1473656
7335683
3306124
1645605
4832841
781670
2012426
3469311
3189872
2044711
844768
260590
414696
116474
167900
139535
209292
192977
400067
465338
286278
449832
135552
269995
677416
117850
255269
483725
197514
143770
252979
203202
616650
296788
320246
180331
495862
409517
767669
295184
748015
215687
192299
511651
424787
690623
220802
165124
309664
266532
162669
333823
218726
381447
238506
196675
217173
268571
531119
281410
1018896
282846
565836
368584
320650
472761
204836
179486
437514
705214
223850
260388
264712
229899
199108
175687
613333
482069
232355
375709
553286
303237
412736
289543
136449
234161
243994
205908
266874
242990
170380
303273
213735
487352
201174
351647
264920
338814
250165
205881
283345
187478
273092
189127
256297
148064
188012
351110
221611
592278
176787
477596
498164
442110
331895
257147
251941
558800
182186
145161
364582
142977
493869
271182
627447
379205
737189
151271
436546
347961
482764
808667
393321
341121
157526
308459
210840
203698
209026
157446
528206
253708
383387
182951
301871
167114
313906
325196
279362
484980
466631
730759
659344
648645
505743
160945
225577
446898
237355
204408
206639
189127
240803
226497
244469
242653
199102
368992
231685
345321
166106
161056
662611
258365
137386
491404
164468
249936
349508
327467
224830
202607
239659
410619
516224
213895
137246
186665
279274
282892
186889
156336
686533
407006
222937
524148
364596
250958
114895
247353
251521
388089
461350
167827
608148
33161376
29262117
25177816
21318103
17127700
13210354
9034929
4877058
3511028
6449808
2633569
1666671
819072
160888
204035
243305
573349
171995
808930
371877
133378
201635
280869
48316087
44153979
40046554
35936763
31747373
27596974
23470813
19282828
15158151
11005143
6785833
2695167
10638892
6570736
2397467
4775230
2812213
1634769
851628
257893
197835
173410
450915
1532784
2023096
368806
509410
204358
262197
165118
721455
165826
261705
303028
142225
205611
157336
155612
168719
221922
175755
167561
219887
221685
149297
244939
264691
165348
268909
327018
148678
256270
350773
436007
501011
273873
195518
211327
212727
158549
330017
231057
856187
707652
183032
332038
341677
260686
190436
318061
656364
385224
558833
153859
166721
456797
172976
259820
232822
286401
307018
504572
561299
142743
198901
174387
136143
291239
293588
165754
231378
289919
137713
297431
466731
143332
731095
200897
194426
317499
453704
312426
986367
143028
184000
225872
494191
255795
213481
163678
160515
272580
460027
162145
199590
228168
364131
372420
866830
191845
249711
191403
238390
233239
151824
169581
259093
324080
229724
462955
237025
195792
154945
125330
169974
199107
327332
139946
272025
606893
198008
670301
333738
140094
123536
201307
656448
185495
394053
244511
262392
176248
182874
460098
246444
197341
959262
181206
666584
679592
564067
176500
165419
156171
298620
233067
218646
218596
239835
276308
208320
266120
259923
225674
137313
119460
273489
303058
164367
278826
190853
213477
173093
277192
150682
215334
243772
276104
139086
157906
155719
208183
314241
322256
144478
200347
312575
173166
164176
230483
181104
255131
158066
245392
351119
490748
260864
149556
924055
202757
368526
219784
213499
277860
173017
255996
270014
134388
496359
405665
446067
186552
326103
310100
164726
391527
307776
991961
930629
975083
202459
572733
433062
578105
322137
507569
344991
140430
311557
49289026
45144180
41019471
36880991
32716161
28584122
24443569
20268593
16119762
12025498
7853781
3721153
1845514
3925667
4294681
3147644
1634548
1073732
288748
371882
310162
322208
206912
401706
129086
545529
153174
407514
220549
145436
192343
195692
270510
617440
204021
462385
166617
394112
532504
510128
382049
234530
415339
527701
152430
232066
190777
170637
183834
156525
377778
232394
174127
150065
180671
169038
284441
122142
545258
153946
134068
465972
114241
110636
379809
218631
177824
419104
256081
273949
199612
256143
156096
173061
118058
366425
212771
708049
166965
315041
180145
457492
141363
277269
401771
1158168
405717
229925
692527
509432
180561
190143
194167
221170
570723
252505
138575
197531
440088
301331
224068
292945
157725
284765
224245
241097
492982
229191
620164
536862
216184
149495
213205
544070
177098
222436
433070
128328
291793
431647
147689
188818
135063
197736
295228
409268
164332
261941
200408
266754
191842
400352
185005
279762
356026
227914
239162
326119
223203
238959
310680
618729
217548
4316923
3354439
592850
996386
229253
256712
247275
159483
219596
274435
257433
201357
481429
665090
271478
193011
126556
335336
219235
171518
315533
536767
209684
333872
417670
167330
178449
532994
282752
207281
505403
241534
134908
566755
318890
195874
594015
293902
366780
222424
126938
204543
478762
639129
371432
245484
129978
178777
240419
532558
572673
243191
230481
296296
258300
286734
170153
448221
137298
328923
403936
278398
455038
1845766
107909
154755
431156
163468
258164
213146
273932
241834
203335
193708
234203
365764
144321
813494
336801
268976
247539
414297
389113
214886
182635
311123
458544
441987
513153
228763
406929
412256
198668
484669
268185
198366
160618
46495284
42330429
38211477
34090141
29914803
25788801
21666893
17485255
13354408
9205445
5054099
906207
3549582
5307968
1221951
3600190
1513863
1337262
931629
559047
221516
513648
142834
400646
229292
251762
250200
510159
239434
243474
433012
405709
234304
448841
181327
171128
151810
348618
240916
318312
528418
255388
183992
288957
257347
323050
173189
285314
640709
213979
267907
282518
203467
207578
164216
176269
767668
449663
252935
241345
311088
253736
266295
369094
130662
898204
353934
146957
191199
146825
667775
282270
144583
523499
559153
297436
178923
177359
263382
252457
214120
173060
257424
274164
587813
557501
188266
188287
242366
188362
246063
354293
464130
320422
432113
392260
305343
246507
303931
713560
265193
247358
150430
271456
117472
183889
187116
290270
305006
657766
243318
370718
341483
200836
159427
187466
345139
143792
243791
369926
290914
223944
256539
314113
395434
192387
360088
340333
319153
690977
165324
294196
495486
215907
166406
238905
452368
190685
1009118
320127
157730
280509
227460
350340
655951
282089
423501
324103
263842
350787
166116
270675
169133
377082
501999
359247
357136
168514
341554
197245
487680
305841
199608
327518
143411
376417
154731
268619
216796
169296
186903
153365
158755
177506
451175
297207
277520
364724
391704
166915
296081
388181
399071
207056
570969
274105
311492
207737
555876
196598
225446
311694
255168
177684
346029
348392
166525
292182
382167
189131
127799
332184
411010
321520
140260
148428
268343
194990
472102
320664
248722
705084
217622
1279018
267283
213869
234818
135046
385887
241549
1145048
238226
203650
463191
875977
488986
227669
286551
180819
356545
219953
210365
184287
208576
127886
249549
352151
215904
251126
48129425
43941712
39811947
35685532
31505412
27363979
23243920
19074348
14925803
10782058
6614551
2477989
11894278
7732556
3603921
5028267
912083
1773658
1876499
2180779
420375
307855
224056
336638
172949
231679
251196
260324
349654
700955
169094
815946
538996
264523
217167
134116
161965
264316
286601
272902
231660
140589
706769
189938
149789
441658
288196
208021
255639
143551
327950
237630
363221
186011
414621
375599
377778
252856
236215
343032
260117
372079
158059
271062
226074
325228
319841
264461
198705
18873312
15045465
10873259
6764777
2628021
9537788
5342554
1623632
4121606
2831634
809499
1689615
1731191
2651243
2779453
1875564
792286
230052
415943
356837
181789
379493
210347
185564
364211
181914
353875
252081
441548
600122
229146
344924
460777
249300
398363
238277
375489
273110
213826
537946
218146
522817
202924
236454
275838
248240
191295
230314
1030813
264103
397234
188936
184439
455243
310127
322052
499010
202000
175653
300616
157220
268892
191326
246679
195045
721410
265665
504682
604158
328730
783731
316749
178407
167072
990836
242199
628420
656929
404843
252510
181823
258866
181499
144717
638767
426048
133051
330165
342634
458377
239386
235110
470621
213000
724406
446662
226104
381417
639013
470049
295622
312846
297210
234341
103826
326604
254621
306751
216509
367595
848720
614122
455336
179506
181587
150300
395717
129860
283255
122333
133975
267756
284030
190491
370061
209601
246923
263987
367614
383650
724289
255661
383661
311005
165766
921454
194466
252370
203630
186725
409684
741010
193381
335713
163158
311551
323229
266429
173252
330249
206126
236235
467525
245925
228168
229472
414079
693280
138388
472014
1346983
886530
160601
214414
222799
169885
850041
249832
243329
395952
49337909
45170837
41055116
36913371
32742131
28622662
24494050
20326265
16232895
12096876
7907367
3785746
2557072
5963823
1920309
3066802
789386
142873
150531
226618
151713
268244
709979
703080
517356
469621
458762
367974
571867
275352
273889
238941
198461
229689
237749
520155
278124
242501
263942
163575
556284
301328
855622
277957
525178
321730
395922
331656
331024
158099
187667
303186
384854
371839
288648
445445
325568
332371
223869
570145
734217
162778
166611
251843
434474
528605
215037
284459
217372
262824
196299
201955
389396
241803
442461
868748
239263
402894
424240
518389
121965
192425
279425
411951
604467
373265
198008
187862
147487
341000
239671
206460
461509
174833
322281
181778
145572
396392
638255
242388
214480
252128
170187
618466
216839
473721
274479
164505
243418
486015
165205
232807
399569
489658
426613
205411
121230
450252
177984
283706
141285
449794
266359
325764
375775
218044
207437
392503
234942
313780
354468
177616
271116
173360
248296
349717
164277
442292
402526
454427
164824
177579
194747
147014
395852
1001473
379242
447447
490305
251202
239861
237450
277060
1258959
203002
356092
695541
860420
399357
342507
353165
152564
126316
514868
528270
760354
435875
181677
439882
572058
309311
179096
263767
219271
121321
337466
285997
473845
242577
356047
599310
194266
185400
262206
420069
202622
285652
354950
140778
246881
518815
509012
718566
480824
449305
457393
325191
459564
330151
344567
242492
401786
131653
213879
255005
153786
433590
383509
292821
182366
293428
172296
159335
327789
587638
142173
277003
146884
161088
204191
162038
272994
206663
529152
257416
263093
306424
155109
414357
188541
408149
299787
307415
182798
358156
427626
342194
208719
291757
264341
46461287
42279676
38172167
34056016
29895890
25792335
21658964
17486675
13345905
9221142
5056787
939339
4349903
8296959
4234733
2480858
1990909
1507270
374896
265975
136202
133103
272115
380556
263630
536595
403991
137488
294429
395337
140109
302135
766199
210659
181114
381746
165928
231290
243215
173522
515310
312568
596386
288100
588773
549269
151112
539367
154149
196536
436701
211358
207412
277033
388823
219593
224468
191255
229344
157682
296479
346471
277108
197894
232874
175177
494230
523579
532445
405416
790223
207953
480164
420017
330479
168995
223253
317745
311117
225273
165153
420427
220709
165395
354415
445006
380788
280615
174979
147929
216543
169594
327044
619479
273846
1133034
2208768
1033887
169468
156446
322062
248583
183864
282860
336130
310707
205325
258430
117925
217027
285485
398499
295831
339075
349087
220735
434372
171639
138144
224064
345079
145565
295330
288470
252503
229604
143373
304198
224777
333235
536046
264152
202112
282937
219510
253184
167717
336430
269854
244301
220086
1496951
472422
135023
633632
222861
365534
278773
204310
125025
165956
362779
201467
727214
129134
263417
129348
225258
306505
575389
172185
456243
216852
206829
339442
198540
257143
613052
184058
155518
418587
257828
1966652
554648
523847
224404
224052
160002
308976
113772
207168
366117
253496
169624
582824
266769
221653
303952
335292
226293
117882
367156
258307
212998
200594
176731
133490
273035
1366674
251876
233159
231983
240339
303128
343178
414853
236458
223568
137995
422398
271531
146347
151319
232545
147825
315321
307988
313955
166921
138068
249894
503577
348073
218610
236058
275255
174396
130483
147517
213707
206147
309930
178935
584149
112239
165996
324345
440734
328764
47840147
43676654
39557992
35475264
31295915
27128115
22995582
18830809
14707818
10586529
6400678
2276786
5461652
1282607
6948969
2918422
5112247
1102567
503970
352617
643039
544206
315733
202190
540472
395010
270335
202301
165336
204740
156722
322641
255714
325057
289892
350000
248848
433707
628502
215318
283151
282522
220657
247616
560657
420774
225390
159399
200794
307269
305279
365848
743832
798273
371530
443432
762235
251036
184014
214011
362974
398131
268556
230893
132003
285244
147735
437913
211146
699690
315895
229199
353039
257332
277665
198436
221228
270990
120330
402608
315105
240217
450502
191997
423120
315187
400539
167498
164390
166224
276810
541960
220772
160326
173525
190724
712237
146098
241721
264732
374081
268069
382394
197113
324949
182008
208848
518560
307917
189193
146841
333121
306175
214032
205866
862117
280578
241405
394444
129738
311824
194284
213264
179333
207749
168386
214092
243101
191337
405223
258621
145619
340224
360169
203420
205558
362480
207729
230471
300008
194467
165429
274140
393199
206579
532103
171518
343996
423601
184969
307696
536606
454466
312009
240230
183839
201419
338173
850447
123484
188489
1093685
182303
138078
285821
489698
266334
156339
358702
328126
236326
407004
144021
210544
448793
128219
331057
158768
1035691
196008
283972
171653
189756
393343
216286
367556
498367
1237401
147713
395393
814312
420400
125794
192848
392248
153123
252440
324146
345810
412269
175244
238201
194626
308593
555955
492579
330742
153255
393763
602110
323816
308290
176634
154843
196921
169325
348782
207269
489696
284268
483377
236539
15393549
16281993
12108945
8234609
4044877
10381819
6207876
2212375
11011526
6832018
2790106
4196716
5984143
2027012
4812210
4630316
4133363
49341467
45178005
41070556
36959684
32788713
28650822
24504979
20328672
16183830
12035932
7858417
3726928
3271782
6080520
1938861
5282101
1096158
1792516
183850
477750
198829
515302
400493
498301
181894
539156
186604
143840
515409
285580
252325
194446
138166
221230
514682
155231
180623
253281
417488
420041
146300
264737
466108
1916276
201600
333130
558223
163371
958037
400779
160179
165191
187661
261816
396873
256027
909863
672915
341629
194068
216557
239864
212631
256865
443388
199201
204542
203793
489367
228990
392104
279406
206984
607617
301733
385878
239793
279678
7348106
3188580
9199633
5191901
1288473
2430042
2509931
1367097
6632977
2467681
2525490
3075646
1318428
702864
205318
285089
261135
293949
193254
337486
544848
315181
235876
167395
301472
179195
220425
298624
336165
218068
310050
345081
168042
598513
126791
301761
211805
562334
562674
374317
274159
246432
240760
180561
307496
275952
205712
174956
343685
179081
262041
352323
225081
1267242
511360
207209
202010
282053
469652
174141
340570
466606
216580
202480
156654
136697
363743
131283
237007
434210
208862
247073
163145
271575
223312
234024
230777
337037
797699
663612
717447
228694
585298
212658
336740
183182
134612
144389
311575
157212
238585
219530
587986
189498
125564
246548
217197
234673
497368
434613
501887
584155
285067
414556
304269
291344
383292
301008
138225
455207
584269
287895
201826
466082
884384
379958
198449
694007
162952
353576
246423
253258
380562
291066
231581
313440
387554
603480
759848
235605
168379
197394
512035
328982
270973
194268
353419
451045
156731
271180
369161
327214
165605
244615
240694
175413
200777
272989
314978
311901
690562
628871
367051
1060778
215119
793864
142948
299372
383325
216425
243235
292606
46952547
42764487
38618280
34492952
30324298
26195170
22083984
17958883
13819218
9669406
5471551
1354561
3713675
4558678
4061979
3026229
740441
234574
165988
119926
190843
158164
308810
262958
287678
645799
1156312
321357
164821
303239
291918
457265
263676
455132
227387
294787
336104
266330
513985
645428
211652
190102
428441
150395
432423
219975
980286
379417
260426
156481
353372
433806
313032
308206
189726
222525
383044
477411
364343
525350
487468
350197
286690
398931
340188
223804
415075
197502
634314
117429
202133
282668
457282
318825
157089
208899
379795
543498
453013
254202
330774
191838
347900
200548
399002
523628
373999
369536
166664
192484
201457
237254
276451
245559
278821
236084
192607
299259
1312762
260626
1160523
355495
589372
316404
319968
176201
187760
143868
439650
203385
471642
222048
293631
188723
267555
280838
286935
217031
247156
578429
345411
225571
409850
453804
282021
186422
332647
747735
685478
446812
265819
851431
250828
252835
295402
350544
238900
195556
210410
316364
226947
274247
172075
388389
406723
139323
198294
251200
171207
342682
393735
443169
510860
162655
218459
188790
195584
285467
201097
388421
293797
320723
248109
541839
700180
327244
182031
301187
286757
200460
142145
187337
335818
201157
307423
201613
235339
618220
275642
193147
108568
282989
787283
231078
203927
291930
212995
270191
149964
177902
433318
405637
210356
431834
265380
796568
191192
314189
440375
171683
163096
315273
495924
228361
347565
232843
164927
203906
721346
205468
199661
1012183
500503
189638
388932
266234
176247
484371
654897
351736
348576
170401
240184
205422
399081
319973
209627
257590
289105
192307
352677
320036
198653
308733
220122
208049
683940
196134
309620
48098885
43931086
39838443
35690670
31519119
27376409
23274451
19096271
14975095
10840821
6665059
2527861
6594200
2416773
8998779
5356623
4853040
735847
3475092
2304667
1147543
925888
283861
453167
353780
180248
458522
227697
207570
297587
258428
205787
148046
241954
426700
306790
141041
272650
789895
792266
368017
659097
1502494
623075
243096
222790
173584
197647
248555
501037
231850
567790
327525
316519
729613
557664
125318
156571
322813
340711
140789
523203
197388
315511
710330
400175
907078
662017
1791716
281026
125491
351444
340083
258604
323733
177519
228917
164070
144658
479261
940273
177281
262776
433060
263693
159416
248918
197060
164631
1360450
229990
256801
293250
361720
266378
256657
230701
368186
165296
534242
267984
422574
357948
243467
210370
222817
176700
598474
368091
337609
492788
188766
257410
168277
351709
175359
163806
323557
478994
408461
657368
512929
202156
329351
326475
230129
158127
360380
152303
212181
191995
270442
168692
329024
167993
545367
266631
158281
734236
262423
548197
364697
212754
133850
190652
268610
288807
197406
197483
248968
289356
205296
407576
172556
133263
171786
314359
216642
230768
197389
310276
377037
245857
436744
211081
445047
292600
382394
251645
157474
324184
266012
123631
291269
332661
321140
195834
378050
254684
430185
232564
467380
820598
447032
613990
260084
434845
245085
181785
188756
639688
594667
356804
222765
767478
165936
158152
134150
234420
353477
242053
282152
373067
148932
243235
363952
191637
189658
648637
240728
300604
313147
346217
275420
310921
156903
342375
277694
161545
619151
180516
564095
398477
359249
184050
558093
141442
384770
335605
235168
171052
455960
160466
635311
297512
252258
203832
757205
203500
49254711
45073038
40946970
36818535
32649411
28559090
24440514
20255826
16113860
11966630
7762986
3636763
2957402
12536714
8421254
4442365
5730515
1546799
2277133
1544442
354563
192942
278104
358626
740947
274875
222958
253164
189278
270776
637062
372325
341097
173314
851218
180138
143997
476641
391655
178043
182834
469754
220407
281278
206691
306154
266240
329598
380695
340434
632061
171489
628389
307390
353850
671823
437431
148238
307269
181078
169196
197994
162800
279023
425374
184032
386440
253674
471588
295184
388948
190914
373500
170439
165313
358344
596894
249166
429740
340681
149505
589497
342656
228401
209392
245622
329950
170056
387535
291647
297121
318912
199234
198375
219514
279117
232451
393251
220559
498783
342608
133866
355460
314064
322468
393102
230464
188940
208241
379547
332636
295482
162499
575941
313207
688967
495957
261911
648974
167303
155198
176381
645425
396633
248230
375169
197031
237823
477018
267819
396591
180104
458009
464337
141977
353541
390607
164445
812578
275032
356816
212559
275785
156370
251076
296385
398142
218171
296631
235515
197596
389687
351789
189741
166757
317982
472587
185489
212252
174916
370520
555000
296355
257537
307730
379642
499444
238895
242994
370288
732335
351420
176092
280811
503914
220163
203957
488215
243700
345240
144773
208038
212652
199641
286504
320440
349134
986759
537727
339472
261921
174108
803367
195407
329210
15978289
12783363
8713142
4904844
14443832
10354912
6882826
2714691
15818591
11822923
7904398
3724699
6938636
2768161
2709104
1951403
1369971
370857
371087
160329
261253
439766
275470
723787
180402
183823
306048
193977
180962
356259
245068
279773
270278
282752
553260
207483
330114
402225
587294
236008
587583
203994
294287
643629
308070
46182078
42022485
37907637
33796901
29634559
25494920
21401616
17230646
13131930
9029071
4848921
752465
6237190
2065736
3125127
2744687
2170536
1859417
775301
963557
414808
218697
413535
420710
420938
2632395
904887
736324
268116
372695
317605
212738
335387
379880
143244
225937
334792
144384
641428
547676
408892
895879
215393
360251
318896
165663
350033
126180
314526
219341
250960
780976
321215
610916
930097
293419
305816
374891
133107
359315
198875
203385
138288
219837
201352
250657
313784
245660
365614
179169
336344
344851
240656
326712
231607
150759
166640
250961
251516
365265
396973
258265
361094
216567
201628
480403
492071
210508
245347
253739
183717
288731
143063
705116
416802
180976
199667
534435
353259
305869
238080
433159
196528
232108
196711
189672
299698
212797
264107
194373
192664
186052
174657
263141
376764
275724
261715
270632
283220
133529
330172
261921
267401
155308
348363
320432
712662
406842
223370
187598
374045
198582
389703
213254
175304
190227
327238
461013
330460
216743
518145
282668
311353
320493
149891
993112
162943
567986
311579
463610
386786
573911
331240
244020
342570
286809
162987
873301
294192
313001
368127
271695
345928
665715
646166
805624
414580
258833
590956
230062
438930
278669
446391
210024
132386
401522
476523
296508
311005
607427
154156
179345
221372
201492
345268
242238
200239
404974
295821
337646
159443
173261
187687
308622
270578
375749
329787
236380
202887
147352
285466
342744
328656
285689
355458
739261
263976
147551
352195
213090
251099
404625
232802
333144
546555
298330
241296
170404
338908
194659
213660
179492
266514
142190
339255
255577
207231
202783
187752
463088
221826
195017
261098
245538
280611
181217
168604
1172437
278181
47491895
43282137
39153045
35018207
30840122
26716408
22583692
18411524
14280993
10194755
6019549
1892663
5144105
998407
5754578
1953839
2405609
3794169
1302436
511729
239771
198064
204851
355739
351548
695127
265955
156013
213494
357733
278475
405169
547312
175717
333043
206109
182598
661063
307480
232791
337172
829355
264548
215438
316035
724008
194626
333638
419233
299592
173452
1016002
221438
247371
165704
184406
731381
389852
212839
191077
393279
258728
572069
247171
331580
247648
286445
227689
399982
241600
468954
309873
143424
442364
312348
324242
146236
210064
234045
169176
449364
329705
143948
340452
125422
197741
357340
298497
248868
216913
228114
385084
396549
166572
211805
242978
308830
341497
748497
391885
132657
549818
496761
197571
274859
163314
284961
201579
239868
453322
167366
183566
548046
314662
232401
172643
373746
200830
501534
335750
154046
322507
641798
236544
329012
330971
161918
249680
261196
465138
495726
279640
271749
264529
151785
359226
186417
153074
722123
278424
245381
524954
233481
210280
397335
230470
232822
534230
181728
219793
357978
184550
332861
440709
216857
332621
368827
311991
485183
545565
175851
180515
363085
232527
318013
360349
408673
185045
142993
189823
362343
249835
210687
153135
315762
233023
383965
258680
303278
369981
213119
372760
268922
968176
283801
382804
189767
483263
188883
337668
835124
251796
763020
256575
162008
250501
1003972
113112
361549
233351
216633
139947
225297
586232
265231
182778
158176
348110
1387232
362041
206495
500190
345024
656978
152812
159571
349343
287899
441744
511948
168923
149831
144041
336876
161044
262995
217041
142246
244814
344113
222122
304734
248643
222136
388404
154640
276962
259167
396810
48900190
44726754
40600704
36473035
32299893
28167029
24059204
19884065
15781885
11667006
7490004
3407314
1067187
5238807
1109344
1656762
2900678
628549
288969
323320
173361
419157
165496
134723
165351
123852
440301
263814
211505
192272
262513
373634
274951
288870
406362
518331
485110
183251
257226
763536
219042
214205
208161
365181
767118
299830
462170
204074
310342
519487
157528
211288
282139
224895
194960
234639
303284
270579
146279
544233
510190
244014
341025
210555
181727
376373
195150
183519
220742
343114
317795
147704
328066
248632
399168
167225
384119
357052
145065
320526
363145
284969
133762
209073
176359
323872
245436
173854
297147
166613
180326
531787
156694
223712
402976
185459
211196
203317
199100
200129
255038
946231
323868
222238
165208
356493
140672
190649
435289
192499
399801
292756
209092
241122
285834
419852
305090
198520
205643
162042
238647
171472
358122
330971
158373
156945
146586
315275
301686
386515
317902
739132
482094
189320
354514
656453
420824
612433
173214
316387
412912
170105
326059
165752
286763
308570
583598
722400
326035
202470
201139
177485
308679
131060
314482
203182
187336
293249
464371
284229
501808
222979
387913
503684
146298
388909
285595
458925
164537
247912
175304
374067
236939
259012
296432
1122665
357549
246608
390904
185265
160272
153803
391856
274626
256161
373893
329009
176532
198851
362375
213824
229487
331832
244447
788923
184516
208531
167621
598864
192610
215049
353712
157375
246177
258885
341410
283855
499960
620805
689926
272473
587116
182610
202778
244080
405582
200319
282605
511981
220784
278411
574437
490001
175352
497158
282722
544148
321723
754463
187666
346080
199156
141741
619747
401483
176541
385465
376231
461528
199408
46308055
42139384
38010678
33873836
29775557
25640427
21507669
17334294
13207183
9082070
4927434
782990
4443648
4900832
2593808
1124974
478706
149704
167896
136301
160263
426247
762805
208659
290687
194081
249650
238907
315641
250970
305507
734414
368810
304095
217870
214143
300200
284066
182341
167841
143710
226661
144404
283059
223786
450385
185567
329671
827143
250723
378161
649940
937912
576229
394983
203554
141604
466648
284682
221599
795573
295284
202950
472055
282525
211099
296391
169259
244167
393018
216745
239374
292771
125474
298955
801877
670272
339442
287678
133159
429683
197589
307171
191864
212824
181492
326001
749941
252325
394396
379917
146097
1147348
318797
535914
804938
193676
452265
386908
619086
384745
492962
414815
234235
182799
743110
326064
337520
615752
345489
167223
340201
179588
299535
216812
435275
149193
179038
276187
416693
384034
291281
285562
161945
221434
243295
383717
528783
657656
422594
203258
473636
433706
270038
258594
158697
325896
301548
272527
454679
213786
422441
260803
249550
170103
293128
186655
278639
415546
832769
260810
494911
206689
207784
219399
179537
431773
155990
151892
255810
386533
157449
233501
297257
317239
562331
708975
362069
150223
389151
188577
303027
139931
358662
291900
279396
155484
309236
288399
325525
449613
362088
219062
241817
354925
153788
140730
227119
325003
318989
143946
366383
232386
143483
319717
417431
717205
668806
363007
296052
431714
230623
390309
264329
263816
406194
439742
215486
152748
264934
302022
184070
164272
222656
444947
178800
785589
395867
257542
329357
204391
296501
168012
347818
176743
138863
134345
443439
326948
278179
177153
321717
76814419
72645926
68520068
64381256
60198664
56054264
51914818
47739082
43630077
39511689
35320768
31190857
27041955
22849167
18719483
14582876
10410707
6269388
2123487
1623904
5120907
954375
3433545
2160393
1406081
301236
169180
256928
234046
306983
259337
122468
426972
756120
134163
243148
158216
139416
202603
165836
312337
252464
160220
199837
284655
321356
150684
292482
442016
259078
465587
199736
193138
497134
413513
126931
261822
209996
207805
281430
187308
219844
354396
261644
214573
229661
217502
186163
1067111
265037
152476
1288548
213891
503051
359083
194077
210314
443975
589244
207294
204669
240719
360222
252283
247824
198337
447113
288987
253747
233678
424395
462321
386571
563070
229507
322978
556179
217852
276869
387693
334773
126842
193727
444988
222303
301969
478304
238610
501200
265274
222104
174849
769209
240907
327631
174705
236190
338427
465863
429266
263840
170099
225421
596984
151502
794390
284573
474912
196421
222712
163265
299516
162855
219532
258590
222655
492057
129514
562816
536584
687042
803625
639058
410619
315349
262354
446746
175308
367923
631802
453902
450912
466822
526706
356793
305213
288727
306683
309348
207797
190546
248810
300935
171139
302486
288963
568060
349166
311381
217452
352781
498194
284335
200600
444991
164822
517562
220617
159171
220284
185158
743679
504939
222565
277793
227518
281825
127683
265748
149026
176131
192366
429275
1110036
283437
146803
485300
179159
1030235
196156
147071
275036
229194
362367
268993
183630
174762
223786
179813
156103
370881
448691
405262
204344
249330
197413
282892
406252
189435
321696
398468
333272
188604
269286
534549
199522
225825
551344
309152
264711
645791
357027
243159
200384
206493
182081
190608
323007
276641
282013
349919
153256
296013
293235
227463
349251
48820097
44677099
40560212
36451036
32269489
28134384
23993743
19815061
15672708
11553003
7382557
3297582
3548565
5801235
1653436
4560002
762436
2533861
2848635
825007
259302
267630
373264
208553
596446
450170
550100
240391
239376
259010
247823
346216
331594
467788
521532
425575
1095957
258075
256569
793790
337865
245451
929686
165533
687884
556601
312808
2029766
302799
424476
158322
465392
338862
252422
278002
339084
196255
319130
287586
514093
