2232178
267719
267384
227277
300904
170084
155027
172459
215739
169717
178614
169476
162368
156891
148343
227892
146034
154572
289347
600779
202270
197935
137989
279566
157725
182248
301950
206835
174198
212494
193388
613144
353461
364045
228852
307575
413516
234067
303954
283967
652915
326484
355337
358081
339646
400665
214791
608758
594487
316646
179964
452167
316539
319732
1651303
233301
345301
332995
312788
1034222
179668
221009
433724
271508
1689427
285629
1490330
288760
218068
494859
425100
485159
238695
320097
234828
391069
408669
174222
351580
24522162
20381622
24452161
20288115
16202060
12095969
7930710
3825304
4759125
901059
7920302
4160476
11084930
6894130
2787976
8392424
4450263
1417925
3521325
3331083
2070568
1327979
652306
217322
195505
741866
401531
397159
571331
698110
45652358
41480982
37368533
33270230
29090554
25021317
20892266
16812056
12648464
8555227
4413892
1533325
3046021
2737447
2249598
2565954
656124
337054
144352
439325
451427
243070
237818
3089126
2013555
1167934
667058
1495805
1136480
1683969
776903
531769
430513
832276
246259
532085
779035
223789
235142
265024
425667
423284
355239
167142
752179
180827
224622
252585
202269
257556
285935
219794
223044
209384
252667
216966
467795
366440
219297
268142
251743
360134
233727
234855
493503
292992
225040
510006
523376
447434
137653
212889
549776
350631
191030
193099
281028
419238
187053
414360
327772
371761
458457
330685
298479
295451
211815
170481
366521
293986
161642
196440
286478
272044
174659
501097
268460
283133
382686
979158
426867
556113
377328
308400
330366
225845
668527
366812
224112
182905
214096
197905
265174
252476
238367
178657
610468
279753
210002
217929
262589
323701
165210
175620
180672
726774
190369
371847
617416
293220
173581
191243
177906
203957
220539
205568
423994
204417
367178
296160
231201
355711
180554
743167
385394
291842
505887
421657
165402
222657
244573
622594
340773
417935
633209
233390
234928
433798
568066
227900
353789
431926
268482
371832
189003
475813
423320
297589
410639
228191
344567
293403
150169
186496
327851
199032
987129
294240
259216
185886
256334
242165
226583
864676
461202
900666
245072
278911
1084465
237287
275528
275301
197552
239204
597462
335104
1147879
329779
229904
228885
348803
190709
427825
332127
283088
403080
371465
276732
373713
565327
289865
335251
288921
209855
429684
205024
749498
243633
212988
429914
224150
196808
580725
263770
492607
172056
172320
213671
509627
205659
272404
500577
551890
394112
309402
217527
326546
340242
253872
46885449
42707383
38590314
34496811
30333255
26192080
22052476
17881252
13729352
9571402
5402631
1269318
3245445
7545174
3375376
6084462
1897547
840739
1401486
908305
255048
423139
263251
465242
981534
221460
500130
361747
245978
385388
325368
318225
277069
169944
176229
194556
148327
378354
397619
173933
376703
358624
345049
233728
415016
652671
933704
186744
1544203
398575
430770
176305
290053
1082794
593751
343964
403816
263134
287080
907361
257665
182139
357257
235281
374801
316402
407675
758655
480737
441319
159234
290239
314185
356273
617588
250963
231855
484600
339382
346029
537837
427450
254305
890175
449092
186286
485107
274097
179595
196389
314409
600491
239249
454043
410159
220529
11862468
7818893
3685728
9772489
5602677
1716992
4556848
431795
3698629
3288644
2676802
673903
607026
302532
202423
403055
372666
494128
342943
399310
225501
182719
395125
281705
800183
170108
267247
476964
382124
406170
835747
613507
357290
544572
206653
163488
322192
242995
234053
279811
322649
242980
213235
527353
178909
630890
223658
393163
326294
443469
188502
338021
214261
539331
314542
497038
329332
241328
233303
189069
352591
248078
533402
251923
534409
556635
371930
269423
258231
166304
1326620
369855
227995
357357
458210
277658
431249
749788
388730
453060
238552
856038
341331
260608
243721
282158
228999
249374
172070
598927
453284
294057
165072
286229
642267
293907
334972
297295
450748
160971
578423
367669
315867
388427
312537
381394
315475
242782
1228185
886151
746528
407642
275197
201449
834980
334705
705970
652740
216327
168004
307904
173275
779165
513359
225814
340606
181840
697756
661196
173407
431837
230400
214558
397116
289191
1110906
281129
377936
267997
246726
390058
303008
338476
48053651
43875196
39749985
35620929
31452969
27327789
23178382
19005141
14894197
10747219
6577549
2451307
6075594
1904215
6222263
2024946
5044766
880590
2173306
584095
1781901
1140832
245692
186590
191304
488397
212765
398947
415075
1091887
356494
306540
753905
309400
395482
390712
257844
408755
353580
240248
339309
350242
258267
287461
338814
243006
300968
448382
222281
178086
209434
417452
323257
200097
441895
751380
542895
284719
530357
285855
197150
429561
249795
361174
329747
238182
421444
246529
144764
336747
516551
145563
186985
699372
2227695
1160605
236471
270111
405662
266235
355778
234907
185256
225548
156102
302020
228059
764441
663380
175547
249669
325364
421198
228722
836525
717927
200514
277647
494871
201639
354364
534874
179037
215383
275862
162078
212089
336258
308797
436827
169114
174475
243174
1120212
1875945
890788
405609
749908
172119
209608
377514
255697
206225
298390
422298
249005
237515
394117
264522
860005
381525
229994
294913
174033
346869
237191
466918
475339
336170
382051
226619
182379
308049
395040
297232
323869
400671
314368
522025
269344
484843
200390
225479
296753
491708
269323
859390
177060
765756
737806
348136
322896
340591
250555
276493
237558
312095
193087
524636
197333
249051
208940
1130931
184753
147697
201037
205962
402439
319530
329744
293750
406496
213863
305319
259408
258490
305904
329982
295316
252822
288597
269143
181273
211927
220850
265422
220860
232793
645845
506352
571987
954678
4988189
924046
2235013
471096
255554
195680
271751
423921
316442
287103
366364
390608
322796
224725
149409
496914
587771
637594
512497
324767
332464
380838
316180
246552
332883
522889
201960
221073
209045
230103
346579
176373
244825
128266
736284
201286
546475
205026
45091589
40909814
36775266
32641802
28493026
24365995
20222569
16049814
16866589
12695307
8579029
4452086
2710893
10558255
6378259
2398541
15438569
11313743
7568604
3863280
10037367
5903745
1967235
5004820
1184757
5890290
1929188
2311249
831491
462918
183569
499579
396673
312545
279475
216994
226755
250696
906473
237567
228610
198462
379166
389592
695322
293660
200459
313100
270465
238515
378751
219740
1060700
418468
294726
229787
375898
1873116
671333
546005
494277
337549
392466
282262
625834
203440
173411
313498
273192
716147
417261
157606
269435
252036
214673
423418
283027
763089
821633
353497
399114
271889
790772
306891
215075
157054
416563
189410
234094
550911
337345
162669
344129
250625
248058
258111
172045
334688
323485
346789
418013
585647
635379
331177
166796
260591
438124
148282
268152
512807
287937
217020
257515
274908
185574
1162138
307875
232554
334532
629636
700315
265205
180245
195913
314454
257529
303292
286297
602270
249520
231600
457151
687856
409606
412658
627971
218563
311791
216614
248501
643727
669260
408659
1174564
571020
312637
869235
624937
159132
276598
678034
165907
498784
166504
142087
167187
276804
316131
239010
679913
275810
303692
237964
294925
432992
280417
1416668
721674
684401
323254
431392
439169
799025
410991
413835
507477
278532
222402
666012
177616
304952
155055
413793
189516
320764
218044
515544
244072
301028
296343
961513
273008
268714
141474
511555
733573
1466657
1053871
455437
335840
236082
569467
370153
587896
201196
509457
249402
420368
299170
769282
222734
189141
340984
359705
374051
141264
533507
321833
333561
481399
313043
313911
240152
238238
275418
336394
699876
239408
164185
420466
202178
230201
352358
183859
314779
496842
213418
576184
198030
46150525
41973797
37828393
33689115
29535448
25405900
21274160
17101641
12944928
8806203
4638963
704959
4248435
5768106
1784048
3894967
3138920
1912825
1558404
1280676
263288
340416
217024
315208
357415
615584
219605
203847
434323
181484
163781
317600
272493
543505
191266
218223
230242
226546
259814
196293
183725
428168
218947
214864
278368
211424
203478
478359
157405
382279
616500
431080
209521
253501
267887
839420
1391827
1322185
2456776
188247
442356
193492
208151
397326
242300
197343
241833
381093
248217
364528
184477
988557
502283
1085724
203559
194800
277133
259377
343687
283248
633870
256409
301646
238264
209090
253366
351949
228611
259656
182443
292908
221618
159556
338119
212528
243728
257057
244735
265200
323845
477177
394891
221844
243418
204312
342943
293732
370635
341161
209058
1518717
410221
520336
310536
198944
835084
301624
207839
147978
483750
357214
478651
318858
290780
208978
236834
307170
223167
327670
144382
223164
277045
266157
401689
241268
595940
339812
175852
535722
516420
345743
1147469
646049
959532
282195
255017
204675
160546
196710
404806
623646
327974
201249
155649
339046
266331
332288
352671
607898
290853
593052
168840
435968
381823
352753
310881
329513
818334
10059999
6404739
2234426
5881289
1760404
3098439
281051
1096091
1014230
951836
684246
355990
349392
276210
252864
963662
256513
1334964
327407
138990
420874
552895
160306
444091
211900
336307
755564
1359234
296451
1659463
2005271
2396482
472397
338095
1459436
1441166
694669
429696
446945
365684
329133
294485
423064
247993
317974
377404
182659
139916
741856
199498
453809
273737
629979
831532
339468
381952
419940
354240
422551
552267
717676
386395
192589
299072
186192
159645
270734
220066
300224
258716
204097
47670865
43492540
39359315
35223066
31049329
26934630
22834729
18645590
14519945
10387021
6214072
2052984
7943596
6385182
2245682
3656093
1564777
821917
455321
310642
472561
355568
167724
275561
278825
215117
361996
686113
331715
375391
165062
289167
265472
328142
437223
307304
168076
334543
181120
227545
748170
314128
390545
280126
649075
379202
438595
455313
156254
208307
373514
287522
147708
154734
398623
251799
360046
356076
273927
324374
470120
137086
159752
364659
291952
191130
333370
167538
146935
144375
369009
213513
232411
232459
668031
195440
634102
179900
200066
1154078
1024638
377109
484844
224108
464285
410856
185146
238618
613594
331779
466535
176718
687476
313602
534947
398948
153970
465501
409079
145019
325810
652029
1024284
487500
155073
313841
330137
155476
396247
338108
536012
467731
239968
175982
446745
431334
442548
358308
245612
415689
208204
369283
184739
361008
609148
153837
348264
450484
196182
383504
429541
695215
266721
377378
214803
502939
136292
283054
348773
324173
157410
278374
164328
242922
421690
323422
527531
362710
178669
357389
248116
284498
163911
528473
238590
222050
217980
245778
197296
159092
369110
144566
352952
166607
140267
182629
138842
319026
555659
217941
576979
419885
209811
339589
219195
342078
174990
399102
231823
475715
260530
330190
447601
238408
360055
311919
349749
271414
234599
219009
1153726
424205
341589
505646
339916
232187
162896
254427
308069
298647
268946
291765
355733
631752
586898
289751
656473
381711
148037
692984
276630
322743
627313
512456
373858
156571
495600
753703
318303
195795
151484
420604
464457
331480
421203
149378
436377
321751
231204
453441
253256
876703
371600
157675
566099
761944
303165
292789
505780
162755
45090498
40904010
36779286
32647992
28482508
24351417
20213079
16028937
11858691
7723886
3547550
1164923
4096665
2117509
2368654
1975811
180432
233769
235111
244438
202265
180337
190808
168931
615851
361262
182455
239572
221742
381458
422841
398800
961337
397111
183104
628428
252288
224698
249911
409682
397333
150838
308274
153434
670977
156132
199950
138707
187510
188390
394782
196759
456952
255815
333943
161460
382619
165120
169533
501489
317491
216210
180105
138444
296877
252815
188612
180368
206984
184745
228895
224473
247883
294712
239581
179902
270942
455696
514840
511416
133655
255880
754473
455381
508144
457231
466415
236746
185830
132116
368927
519088
177982
186586
272453
390108
317265
174384
253908
155930
174951
274945
237103
140579
339126
291012
320405
523983
222953
24156933
20044251
15972806
11797025
7677239
3830494
10047083
5870158
1740392
3946730
764855
1936327
891842
620204
244846
197304
212961
244394
360739
179900
214691
238039
301892
529720
256230
183519
973547
255133
230721
269070
780702
308113
500253
232358
235127
355538
247571
512313
162948
140883
247429
199080
267124
917185
340858
521925
521599
357883
143809
203029
397106
378519
325065
172266
304706
198164
357815
218963
812551
527618
302286
206620
350695
175437
529401
253039
190856
202254
165751
458091
400847
253841
242283
453033
410666
325682
264810
422156
166709
213739
193310
231375
287785
248744
691543
206780
255453
187221
496310
497431
402115
325619
148223
289602
888258
529739
1108488
266584
142788
260905
445104
538151
209508
286944
323079
404396
215989
209177
158094
469591
156372
127375
397171
289991
337784
198222
199852
174921
285745
585270
155005
274744
269900
398245
553541
313935
390760
250385
184575
211597
46423265
42251668
38131937
34035381
29870179
25768413
21641823
17472810
13337827
9225340
5061212
934098
7500808
3313786
6550928
3872588
3328068
1125895
254363
162305
139602
193391
196063
199378
219375
313378
228230
301875
394952
195657
371027
1018616
216882
236541
163686
235210
224231
522321
235850
432506
253910
460563
194511
417034
177472
230059
167272
231821
208438
310448
527664
240134
350949
320062
159354
481824
674205
409097
143984
513930
377486
282431
252041
767971
158968
406569
220479
198578
386830
418691
176661
146050
197329
703792
216998
237554
418945
381227
202362
170871
481764
352601
167309
310719
291439
148991
2108512
201438
192498
302033
163052
204689
252941
284350
444297
368205
384128
192023
210144
210386
452569
414241
444044
526210
471253
168246
335918
207960
456379
200921
438520
149878
340095
278744
193560
233812
137527
552202
180067
201770
522383
267649
188349
291615
441042
416390
560036
225962
196149
287333
297787
408606
470473
188816
243832
293402
169684
425348
365308
289220
308866
257786
154927
147557
180938
183733
246658
261795
638727
402950
199318
322694
189602
220427
153774
263383
324341
414034
211785
309434
282511
223223
515764
313110
244935
311617
729741
189835
152934
470642
184841
286037
160009
179931
376995
466149
135576
303742
464687
384926
295485
185309
426181
155630
324425
205631
236177
226732
540263
455938
197844
162733
403953
216677
171746
316062
286928
188466
212561
165428
208463
438300
193634
792953
213011
186133
157637
138602
260493
147306
204281
462366
205619
288424
565898
365110
163944
183649
290712
272919
160816
349166
165376
240594
352107
201244
332838
257286
660826
207461
361711
228345
440146
532798
244577
177982
164863
273774
253493
48203151
44021803
39901271
35761444
31575343
27433136
23296402
19133268
14982914
10894714
6754893
2613588
3339239
5691377
1805127
4450705
2047754
484470
261059
301177
410214
319899
813370
315895
173944
725134
520242
745089
184786
183890
256419
519702
172659
255549
451329
491414
233661
291687
280809
495603
287494
265095
376878
332036
430530
316233
332287
325338
323483
202679
214492
364062
543089
180606
233628
122918
326618
384818
200891
211046
249533
165753
208050
395017
210718
303398
180285
524906
352282
174725
270196
248626
136647
19582918
15901722
11966563
7851193
3831455
5904554
1726875
4290938
4962039
873846
2920392
2756737
1429175
275884
247868
412356
364542
264733
170460
450782
293165
335094
593727
353817
295565
214100
354724
212285
192159
459121
152200
214558
434015
281514
196681
186252
1255571
352458
789528
348403
238380
207499
581619
291233
203984
221675
305442
172004
355406
248298
233547
248636
129632
205835
209461
145759
209229
192406
259604
255892
190942
203470
382871
179661
300253
232465
428352
499571
195819
153835
197440
371967
282060
350170
154434
357390
205981
314688
257282
941604
190851
778619
329322
201713
349990
168195
147543
196269
188031
293133
149171
218805
262896
332120
184196
216967
238614
349601
227894
283564
418172
299154
348253
245910
337662
280992
109433
632603
551968
179728
1225316
969679
603825
269789
204327
453275
247047
265611
276603
132714
257419
133312
241759
413736
185186
140344
529955
372046
177186
144283
339263
163126
433234
225692
171498
209474
370959
194448
191424
208567
305061
132171
328222
309086
455921
146203
153583
190002
200954
307501
267721
247620
414643
373222
169418
141669
463595
208360
259927
155922
216320
175461
324527
241490
354607
123584
223980
45439730
41268615
37143340
32985349
28824336
24675715
20562332
16394236
12233440
8088053
3921955
1397935
8272058
4107378
1997446
2791545
1125514
419113
235611
198807
228538
294988
458833
179409
187590
203528
748583
476587
284586
429871
302608
1104991
141769
265572
264267
146722
566347
151701
245429
136876
129995
200898
131818
372102
497397
231623
402793
580718
173641
253877
170188
139838
227883
154905
234548
227687
157193
433278
197580
405970
971363
146133
598783
398942
817869
421671
317728
284319
634638
254119
206542
438196
165030
366406
192894
453331
421301
216506
250126
200253
299884
262232
151284
243242
154594
193479
353594
636254
205698
336945
174097
199451
236114
174618
116607
148608
175826
243747
186375
344046
402906
252766
459383
196703
201262
650826
196284
376663
181413
633911
392323
336573
1099846
475238
136154
168275
279172
248197
872565
307630
238518
936462
224894
132592
167567
375803
673383
455146
386956
797706
149893
402960
528591
175063
247719
687839
273577
782824
155761
588791
366570
353263
262873
202996
147239
161754
660263
208426
215127
228588
213682
316767
268396
140382
717356
504990
309961
734767
273506
301489
284405
214237
350711
533708
185796
319997
214733
174022
265313
331288
343682
176992
296855
360339
463181
331086
489194
557856
436494
155940
170092
196253
163534
453199
228314
432900
559706
417605
601747
694261
333852
382893
141085
263316
234948
386584
195789
200022
175637
245885
190517
248177
268598
191527
844260
306085
224369
185756
564599
258285
308547
441320
262009
547796
276563
301707
307786
489301
137850
324171
263536
208414
138057
218792
218860
619503
133360
224297
230911
192250
173695
168888
564439
139065
182823
526062
204417
202712
238764
47262874
43093102
38932238
34806129
30617824
26499176
22369161
18185828
14062450
9961106
5786404
1681246
5583656
1413959
3393055
886377
897158
330171
488322
363866
228804
307083
151095
190686
265234
589901
598403
203981
1102695
179413
247699
168667
229676
295629
198603
355761
208577
407034
129776
228839
154913
345026
191620
277470
501756
495914
362934
261362
688188
614755
534179
527359
501221
148830
287355
195683
347319
399147
185192
216136
336645
244829
246949
653555
146207
625262
923550
287332
130763
198470
144398
372762
327877
370262
169265
188248
276842
342698
192518
246504
315980
351042
141290
269909
262168
226009
188296
602667
168471
177688
426612
916309
546578
335907
331014
249312
250499
164374
352031
266069
199610
292552
326659
363364
201060
257834
230196
393803
165681
308227
160321
323004
259677
250549
229346
199056
328971
246332
604729
168139
244653
320329
154304
277340
466698
162299
131378
251508
228766
380693
522824
306811
150364
507306
267811
201977
151767
166260
21488143
17317171
13191472
9132837
5145456
982840
2309150
2565989
1834997
1919391
1590800
2631763
2294895
723154
292383
198719
537862
299659
540500
264032
232672
206420
287970
187031
406361
648921
379991
202848
168539
332370
251441
399939
440978
251162
332624
197800
199254
198377
195042
221949
141097
390385
520718
283815
832890
194703
151295
275537
385750
216111
222312
292052
603533
345680
286792
291938
132867
200913
517353
339717
209423
463969
199272
228356
536359
248823
180138
341759
673829
167573
381780
140515
195329
192718
275164
297159
263708
192726
317937
269897
516561
354518
925311
350604
238875
209017
228207
463786
209254
235709
391620
563926
340458
206320
143697
251899
165909
500923
213230
124610
226477
48585975
44414210
40319167
36212769
32038727
27920031
23785227
19651660
15552125
11424266
7253063
3123287
3621476
5574063
1392979
1474434
2024260
388164
454058
242662
356063
199177
240707
214975
461961
126302
212459
213366
139992
672004
460565
148357
389417
278971
565394
268404
335358
315941
428103
197876
562603
223739
406266
324944
223819
309576
357840
150396
289028
277529
321063
137838
151494
261731
230222
262083
659319
637261
418409
380200
479351
376793
203407
296751
565301
323827
174035
182386
720089
354912
205418
135186
214668
148922
208702
946021
642077
208686
511075
292468
216104
173075
455568
316581
291680
285331
227303
174474
318265
363418
450176
151400
291230
639084
218383
453284
352488
300648
127468
239859
157553
259706
345368
227064
322590
178919
345645
228562
460642
164673
262927
342494
146642
240130
291699
184763
201407
203842
470332
353813
174750
128791
267710
165182
156442
147574
380781
457520
568490
144496
206531
309353
226373
196089
254594
150019
470887
532985
263717
404930
345742
469579
294153
306015
272451
335231
503687
184202
392351
159349
418586
220819
1014443
402947
264104
139763
309757
378699
218613
309434
325061
180381
169279
256642
426976
344086
528832
197712
584315
222388
223664
132803
256088
238474
305456
429548
996925
385250
501351
142979
715655
295133
221956
173874
426307
301651
396573
147529
531415
379349
274146
276035
219110
208491
174149
149374
247353
201391
270455
298603
577814
494267
318503
189432
172521
248150
314045
439757
354099
424219
430502
484366
472006
189056
483566
231006
178816
224165
223274
461834
407253
206573
476446
173228
206636
165745
153214
429882
358335
349066
128817
234464
548071
239575
141928
240491
346562
394389
160063
392116
45975292
41818601
37693246
33630921
29458342
25341577
21219118
17054382
12982520
8890754
4719301
628542
4767816
568701
3457254
1837900
4168912
1890367
342373
170470
213457
219925
626462
175365
386061
218506
323493
161185
315131
399973
251863
252547
256315
290444
298221
253067
161568
402342
528574
204621
165461
356830
205028
252496
237443
446336
198378
220465
153375
670930
448104
150042
214392
209986
247342
498703
324068
207963
359984
856465
242300
356423
238984
217689
351998
228473
164038
261726
258966
139536
436406
294668
191254
210092
203854
311569
359520
392345
393889
341072
495152
174945
209003
256198
621622
150716
393105
208472
216194
203469
206966
177603
701684
399909
619427
341722
224118
160401
340501
368150
207293
167683
404387
245162
305162
136339
333070
218630
303295
156178
215303
885597
230244
219849
307721
267121
139695
167411
159533
207745
597612
175047
333847
318457
288573
201095
135915
220233
269506
146565
181684
356617
383716
282705
289514
276394
345933
291882
177686
207657
362355
300892
161930
215083
388182
152652
245628
393390
404166
396261
155230
303335
367886
157143
356015
299965
492670
303819
262897
155135
225406
321048
254882
625873
763986
142149
247234
193862
123259
509141
297268
206900
1119240
135469
259398
189602
338292
513231
368580
331876
372596
788054
149464
222787
165196
180928
284251
299776
580898
462199
379845
262719
183669
171739
131290
362776
463957
228209
162389
193060
160323
221774
776332
377569
972596
666331
221361
268791
225115
215139
127458
582269
451758
193372
245100
183164
189665
283994
316439
598323
440699
218206
275915
358610
197601
212318
232764
482589
451891
270392
417392
170982
394353
413918
256333
467641
170805
152344
185664
47386790
43217455
39103185
35017977
30819005
26673385
22549335
18415792
14278479
10136878
5970954
1841118
3189763
3575703
2248769
1522394
1202832
477630
592886
1030640
249833
229406
344563
206804
272896
299036
311461
378147
277003
302982
212069
252918
383074
216421
215221
164956
362555
446884
327851
332921
518984
392617
396725
227350
139150
389084
294270
429877
240307
154608
228079
201933
156259
326434
144969
213323
303931
318424
306273
335373
237703
335061
313056
588376
119574
282865
454323
162088
239321
190560
178185
257615
167242
502935
292125
190670
335375
233299
487294
210576
266275
150869
171450
300530
208318
23828354
19712374
15959567
11789683
7971714
16864161
12970836
8787901
4660512
12310714
8364103
4173077
7801407
3714089
6016447
1844688
1978799
2144442
169021
318041
284079
239304
322296
610549
353863
205390
354456
166473
218134
394133
382680
242772
404284
254050
709604
405614
815846
191226
202313
424958
459791
163808
167486
287994
301907
191421
296991
165408
316940
312426
250676
236756
166265
214803
133816
227490
595994
185493
169330
175199
561259
249453
157340
216716
539109
543557
147531
177509
301269
203925
214533
221127
230627
490684
189885
325608
955912
411419
914462
399361
299005
164610
403004
148329
420586
310033
580157
146085
707871
458690
351756
125852
417820
149135
462420
352136
189375
394656
987375
351334
626010
650688
374392
272034
502763
665940
307289
302918
241521
427622
404640
326179
627814
246464
220305
222148
220302
767307
382672
262353
228722
167778
214733
222458
406622
540409
233710
344651
137691
208548
197815
763292
153235
578010
371244
393977
186689
222737
219318
726235
389333
273317
252767
221410
512538
377017
274007
309379
148267
878755
197985
382711
301592
300539
48578373
44405298
40342441
36255417
32080802
27978441
23861751
19695525
15600306
11448256
7284687
3230114
6020595
1851655
3321090
3458696
1062937
467343
454265
684477
156896
581992
106779
187003
220544
387431
243279
373819
438404
169583
266254
214691
156624
444646
340225
220235
373824
273262
192197
222899
291475
731870
234650
293477
209559
475195
242916
166868
568158
410175
552313
416505
224031
116779
524770
205596
173479
210992
156758
364408
169837
387415
168301
265493
307069
156586
199101
117342
311695
293559
1157582
741930
308352
252988
257618
424504
234385
507413
217144
147803
237745
187155
547474
292820
314661
223382
304534
201995
168866
243923
450055
290941
397376
234320
129879
587171
227202
150147
297963
137234
259876
170577
180666
478451
197371
236574
173796
321676
168855
362205
175126
268695
388357
363625
187101
284231
214778
419390
202182
840138
504556
256499
578546
149275
356351
271448
197981
169921
425704
558030
247211
279450
299765
214401
212986
288705
174679
216607
194568
232760
158722
461436
426768
166494
264864
482539
280507
254490
222639
150404
440231
219080
270145
141411
176104
183717
508884
368617
176909
175050
321518
248651
253708
200891
368629
194281
379382
282681
161607
359315
257386
455182
223701
207506
137550
256674
237593
147143
207488
427955
386400
265668
370391
158019
297689
265038
639883
256634
401839
189420
160073
237530
243479
280503
921199
222378
228764
225171
290280
296317
318521
200769
321751
332217
230644
208110
186809
189434
600348
241945
139355
308264
154657
144478
307985
457946
156810
414859
291589
330563
207881
195025
319795
175216
170451
257182
198798
225696
196905
205772
461570
174657
391897
294738
707107
140371
149330
198636
190861
359818
46462591
42298978
38171899
34085146
29906872
25774775
21635115
17491850
13357346
9229146
5064391
953950
7080885
2911353
2376691
160958
367566
280256
235665
233271
168056
138942
869863
189299
604033
145217
182194
182513
299498
135393
565682
352306
549074
261521
254451
182101
317284
693320
346548
204758
168624
175329
188202
245626
167709
261141
183033
196294
189749
306655
167393
633957
164448
1212391
386257
229692
245016
162501
301930
255868
173327
259027
170996
373523
295030
199069
171641
263940
932195
211616
253309
137529
545199
170117
336608
278540
214169
217886
170664
496163
585578
207257
136658
137962
276113
482061
1171372
287635
205924
244694
232697
329524
194162
192837
179465
164469
322092
275217
351246
295269
403827
266458
141695
306551
224774
144646
169940
1085528
303430
348076
214598
291538
620953
400773
279581
219793
150143
367611
444296
260412
257295
223059
229132
263451
659801
355525
475190
390118
234384
333876
167219
251475
135785
172998
230302
202303
469479
176076
442550
247590
221294
346270
197692
195228
257358
121665
808217
196204
299453
238509
518857
267209
198932
137308
279899
289153
366641
497033
343563
268852
397960
186575
156757
154109
366883
375969
489651
259763
516737
602474
162679
167451
189114
286963
247441
297509
258251
520982
191801
310751
806362
327052
454653
253183
269112
238579
328861
131302
481064
170901
187053
246633
258347
664428
407327
146073
298224
326543
277938
195269
194482
156638
221898
144039
235560
310800
276995
200757
193802
425286
354873
370772
162782
135630
364644
508245
286077
227027
479258
184518
296323
161596
339954
223207
161759
226470
191111
148756
335041
246808
554751
524196
309815
566327
257536
335507
260645
270438
268518
48297188
44124991
40001664
35901814
31734327
27605940
23485014
19332154
15216865
11071578
6896762
2774557
5416854
1307159
2158532
1596825
432154
195625
374455
458509
206074
116128
455645
339797
376657
299409
197349
200905
163687
368270
310468
162273
135312
124805
209737
468716
286899
332776
459719
157923
119475
251394
175993
152133
358719
193255
224849
146976
141955
309733
225030
602932
140779
227648
160566
318415
296420
240132
145944
181903
382230
193359
315363
166105
244908
327106
214523
165444
241618
228492
354070
390232
606526
234817
293237
420239
380688
365986
179908
862294
294753
475765
212513
269956
286865
303513
459079
358093
622329
194584
207550
734721
335654
276298
220146
204278
166253
300341
1146556
466318
258877
738987
305682
186860
234367
239256
177230
228131
484080
523748
291499
357974
357920
579294
261072
169357
736573
737751
226371
161244
387059
204155
174096
326253
229934
467238
273565
200720
213334
381751
179440
222744
295808
191233
281509
176694
178756
355835
163367
139464
166256
632886
538827
191549
153004
302996
439841
184091
335603
138597
191469
425438
835537
402105
272516
242129
200234
295400
407748
192053
325348
476682
358240
299396
127738
458865
221399
289429
309815
242826
492340
156859
165720
159064
165088
183222
407345
377526
158013
194787
201574
234413
322661
410314
488881
495065
342467
268025
254625
154035
224087
283963
273490
288455
140959
404461
247825
185484
323060
165736
125301
160271
474921
226156
454319
737946
169071
322994
879699
520442
840367
255938
765235
301553
219449
185261
126207
39325141
35155883
31248201
27072896
22938159
22003263
17923726
13978172
9903328
5900265
1774166
1100602
1635380
7955784
4420674
895958
140897
157156
184117
158568
190631
311106
374085
45453788
41269099
37133899
33005724
28832371
24702651
20599079
16426511
12252724
8106928
3914458
2826741
5322851
1464571
3957802
406519
233473
393043
143106
172084
160513
379537
245159
314975
210853
338115
498375
147855
241490
419828
273557
129338
422694
341426
267212
631348
335371
232010
238036
216001
235490
299017
522987
205463
181728
495141
141912
330941
140935
271660
428084
685353
205431
502869
238354
727814
388136
607259
147118
194806
327834
374004
192899
169857
434696
307538
176642
215918
164381
339678
232162
285108
207844
192732
533235
164632
216223
1054717
402232
239961
382735
415094
220097
286760
226585
148679
299133
638363
320562
524705
525584
228207
438810
274588
610384
128720
184786
238642
134571
421301
460024
238990
176505
184115
323603
264162
196066
186915
331566
202082
249156
189003
311256
136029
149636
393427
198966
173744
280278
152390
176952
201026
166612
277066
205026
131439
390243
408015
303207
183101
171038
165673
141332
210121
303637
191880
451150
268075
323753
179360
228988
182587
183200
810263
128328
328051
749299
218554
141636
224039
346461
266540
275564
668318
200078
130169
497152
321729
147884
131519
205905
292879
151965
254738
307016
353788
180363
284486
224652
315744
170761
231400
184824
352281
335232
172519
228682
405091
435566
242264
306419
557935
292853
399893
144262
169142
252010
462340
184289
387218
153071
315163
477213
126644
385480
228569
374867
129827
385302
301970
230374
355578
791481
166812
299152
478262
428268
211838
170377
180994
141992
340213
261935
188198
391358
225948
560265
140089
329411
303989
267633
135518
201163
327538
330930
244402
204288
201556
161801
143262
177514
142613
305500
195878
303000
338709
380095
393206
450321
46851211
42687956
38569794
34425607
30254574
26119987
21989082
17817105
13682869
9555759
5369908
1241060
6168880
2155835
4707921
543059
1597659
942900
1225639
897812
542777
451564
294840
352951
191682
732206
498467
462043
342939
245712
371042
137349
428044
170207
410637
414098
257859
190228
403170
280180
275081
181643
295535
771361
209663
436173
229630
132094
375182
297595
123200
363204
348669
274905
252633
190946
204002
1659104
153453
427291
137998
413715
278081
272289
192545
286496
580164
184928
228669
216597
160176
271376
40093652
36149651
31976556
28053313
23921145
19969474
15798495
11662133
7532925
3322055
2775176
2488034
35134209
30958421
26827397
22675178
18498966
14392508
10224748
6059172
1945181
2065962
2377512
3349411
1213945
763413
579357
2247221
1410962
697350
347356
568208
356121
179417
144552
462420
171148
196956
561409
134140
141378
136716
161697
1899965
148372
249875
135676
205726
199836
233859
143534
169024
278800
164338
145633
269086
331497
533840
210596
216970
348600
168121
125420
152598
131613
182960
380280
117885
420361
372949
194242
516816
305960
162224
338820
225187
169912
289449
344016
157858
272485
286158
184041
219448
249535
394080
373453
205278
247571
293754
246128
302656
394767
285108
238488
2804898
285646
856367
153345
260279
252142
277317
267392
131980
239367
275803
213384
406194
173298
391819
178652
259500
158793
354016
141392
190602
227406
127510
217311
382885
223515
372842
416383
379479
362205
254561
558256
439574
181664
415648
165654
205973
300843
117990
215467
798282
312845
328172
407318
258889
332018
450142
298141
497325
157711
239310
300767
581527
473482
497823
494327
196041
206673
355439
165932
199556
144878
202073
256560
428974
162119
252537
224085
291583
399234
665183
255917
48278749
44088691
39946781
35838300
31682240
27521425
23398444
19225561
15082669
10944499
6768828
2637326
5910888
1877633
3905341
1219223
3168053
669984
133224
127114
467261
296329
487783
359147
233637
125532
278992
255839
214596
138375
438464
293007
219992
305375
281172
183151
320069
305644
310808
326064
390986
197262
210979
170305
445262
175488
902599
188292
129632
538715
192382
508034
597767
203778
318150
184336
305885
175616
128815
216139
161006
194854
354486
149342
179519
141686
257426
493286
188770
123852
145212
248558
268030
932873
189003
163400
377100
141958
528158
179558
241174
150899
336275
362063
499264
206128
245375
300177
798454
187043
263957
3381475
2883901
505340
364914
292795
376708
187142
558291
265513
233407
203172
196379
159163
305302
202535
358793
520079
222020
270930
167109
269383
165113
676311
256278
231242
328135
231913
183877
543497
436396
364597
233559
443974
155415
209941
230601
278605
141691
150129
475298
407745
181062
170053
373318
198736
329012
137631
196367
185541
328471
383017
256548
174237
760141
311272
402424
484387
283021
808117
238096
219771
470108
267766
387043
226889
207892
280134
243312
205349
317630
120410
187414
477753
613462
319575
200699
148964
142305
161047
123951
273625
268996
197969
323582
295207
277434
249724
150884
842877
364589
237791
187547
172420
300479
161343
216765
292653
1045070
128235
379337
331156
447536
485337
175725
398244
219789
154562
179396
227474
120519
124321
413712
315678
342343
619086
410603
518600
433293
409352
394820
234920
165427
177820
242918
614563
1422896
609399
178161
229884
214412
466882
555687
369432
313228
264086
168146
317896
232467
214365
515065
222264
221440
271313
188188
188303
281336
312416
158367
440051
45674078
41512310
37375071
33263360
29099217
24939863
20808102
16635217
12504228
8365943
4246044
949750
4296774
3304761
775343
1079148
178517
180267
366448
171747
361264
221534
1714968
2340252
413061
189614
249190
166210
103861
243096
156240
202687
258119
153786
315650
265577
520872
289421
108758
200643
229504
370243
134193
219770
171506
131363
204556
220467
172117
311274
484902
129309
203800
148704
421021
1224595
135596
153321
543544
182521
169884
264823
448954
157096
142023
330502
220604
130191
326429
367010
401249
419650
140657
193175
441480
506174
350037
179562
710312
266851
247670
551976
175477
385732
180890
202863
485452
147215
188986
208440
204988
226840
126160
199275
318921
191420
353856
308282
156025
179335
175193
445730
283604
244929
381263
326956
179776
319490
222136
283066
195102
283234
165059
276146
383924
577991
204400
404911
198155
445492
632699
195539
214536
150878
503033
334260
361188
512380
172665
366692
254753
178808
240960
386240
424137
493214
316647
153679
464422
142149
572532
554342
344922
128367
148016
253984
158242
498164
367582
566462
175675
263427
251501
251733
136972
366125
223544
449436
268696
315611
260297
586920
328463
317840
194329
386290
249050
269979
717765
743668
229398
495563
502427
317077
137712
205063
214780
155320
173859
586953
189929
270094
266680
265758
515360
253351
349389
181319
227691
169781
129367
384204
156917
313457
227085
329552
561826
399934
310029
359818
336099
338318
158328
389637
503280
225168
119343
325538
256894
205493
188746
226046
284351
311981
124296
332221
291110
351134
233730
657005
396896
211810
226835
188128
508878
255132
521624
621126
181308
312393
292891
153458
156789
333316
123117
163680
249587
324933
352563
47153246
42968354
38858129
34747632
30573535
26493197
22363306
18235745
14091751
9949538
5772963
1689407
5089057
989640
2653938
2391236
1298290
329088
376624
799566
351125
336100
630682
209499
252827
284774
248055
367856
242525
534678
305821
387736
436784
254078
250609
566894
170076
163223
22491573
18294347
14181558
10034396
6172473
2038195
3446407
218390
231323
931696
2020767
1402196
1482204
345985
458396
841194
533993
337188
204336
212615
319634
222730
206738
157331
202533
210912
624040
264593
343123
312570
201620
254455
327115
218423
351756
201124
330754
275138
326847
237470
155438
137276
258313
549356
219407
418594
415332
190036
186737
292215
297431
275759
1087449
269460
400943
208982
546523
237744
343299
318629
440749
281917
507813
206256
650699
339312
184193
225763
365096
169398
169940
468435
207695
239629
309914
342877
1028759
210580
337069
526215
239404
189541
394763
447304
181888
217855
153035
157355
239614
379342
449195
121465
165668
659287
303259
222279
130126
335582
685374
127150
196246
274153
220605
257137
191674
142788
437356
369980
199539
230801
282849
247728
248898
262359
155948
284792
429918
188643
267566
206264
381847
186293
303148
249272
177160
146580
405123
360109
365141
181488
180363
166381
431320
391653
344945
157550
332948
394262
231294
132158
255881
394424
244827
209674
236929
385602
318795
218702
721652
271905
749141
249369
378476
250774
369682
264185
238936
247443
420102
200623
221068
387999
521281
251486
238094
213169
147896
213320
491384
236896
360772
319334
527115
329600
345289
421614
362529
784525
187472
271590
309474
277078
326779
185966
236708
266478
262098
156158
583851
352791
369680
229265
293652
323259
342044
154355
193145
187085
240687
448630
343016
48995699
44829154
40715083
36594540
32433684
28317817
24230991
20070511
15929055
11825626
7645713
3529332
1613893
6302480
2229288
2815931
2444840
161933
137711
339750
212084
368061
477563
162660
201672
295959
408572
222355
203230
278723
222014
253482
125007
261344
408663
242701
255897
346171
354367
189282
132692
595835
315726
264165
267356
857378
239393
241124
273827
352049
135756
255222
304467
278186
247427
264982
300308
318995
140719
469033
167062
262205
260375
314881
199431
592889
149928
276905
420388
124515
231695
216773
146827
124207
179193
199641
688074
405363
641633
231654
215879
128107
161545
824857
230692
313871
288247
342146
196946
275787
156680
138287
237513
241604
130241
466238
280666
210282
123242
141804
323461
160999
338904
266960
290212
221350
218141
148226
271049
224239
191070
283303
307639
276292
149037
529760
312975
317718
224120
561221
273217
202325
468338
247125
269607
196030
163659
276395
639502
151462
415947
156292
159362
341774
475889
294827
172811
283851
178344
216345
168446
220241
142086
324628
172251
221715
245752
299929
320727
566863
295283
156304
156795
542135
197350
215070
243496
531156
243263
275531
684425
219482
209809
304424
504915
165002
231797
763834
202449
925992
229785
229212
203069
371326
132217
419816
369860
240422
272375
187126
281996
187769
195436
391437
254569
198796
197684
164714
252000
232136
184391
305251
152711
239518
215651
261280
159794
172673
485014
337915
320963
195289
319779
504736
293789
348655
260273
152272
194850
303940
187042
168317
222026
448694
314337
379927
159759
290171
406593
195113
687971
814924
129670
262081
256942
249433
174195
154409
957613
246395
659855
219690
286839
179216
325888
194267
150543
259378
182511
235557
46881645
42716855
38596248
34453820
30287844
26154855
22046022
17872350
13746577
9608923
5442894
1318631
3500275
3424110
2484710
2256503
660480
418000
417655
325560
477361
319060
215216
217558
383296
138667
280420
258474
154858
143938
247852
529516
232166
183476
486489
266527
381206
214007
271231
232653
384403
261650
240183
149122
211367
224586
285188
144633
309391
225274
318595
430205
164290
487985
290967
301218
664876
127847
149528
228752
140508
226466
177096
201833
309041
369416
259296
203008
154242
403034
386096
261149
207402
135965
537751
156963
190519
236604
246234
302611
414128
167847
321955
236581
131713
168858
187605
292044
261338
627435
283395
213751
175795
231779
151020
206111
340199
606120
283133
266725
197821
208463
611881
171122
294397
134591
460118
160179
111694
166372
211878
402251
147553
125502
239865
248218
354795
246449
365143
329585
155399
390190
270575
297722
362701
276939
260892
668087
207265
244806
322439
175881
286662
287060
189617
471378
669064
772359
254806
624302
192011
342281
133329
168842
141984
213776
113667
217962
147134
325264
153773
238731
170522
155109
160759
145359
114264
181361
192968
256890
169669
200726
121258
208108
291680
245109
206462
333618
298490
205332
754780
204947
606451
151038
242739
268199
184304
262240
423186
301365
842571
201260
476174
211897
258042
514003
187263
274405
350501
181065
597488
395283
123102
160463
240517
201838
358944
271247
173255
666435
433007
344863
235914
165712
394925
130885
257542
177725
130831
192705
218957
223005
244887
369852
119726
336757
305206
222427
183368
396622
227853
820277
390349
730649
193127
191138
279288
330436
457299
255668
230953
372298
194485
459784
265993
272036
418895
391780
937798
48515566
44384996
40256660
36128651
31960843
27837162
23771334
19632934
15539301
11383338
7221579
3120481
5424091
1256293
4283595
2565372
2211782
566534
164186
313553
145352
449150
337344
198890
320220
217843
151031
299221
212126
181604
303647
226311
775880
209161
106071
132529
162498
173919
425659
201432
247265
861650
327463
416726
438910
501468
357638
202436
334852
308730
184765
126113
256618
229429
200747
618113
214910
146383
179043
282294
181721
313357
159765
203012
221045
283054
321661
572648
111178
280137
244797
280220
490717
239966
146823
223966
147844
164211
172722
288046
399725
314646
334527
509199
264372
399532
273492
448650
187783
344955
172322
422706
263239
145819
167621
653918
186498
587954
209729
254627
251425
294438
157946
142718
785670
128832
364699
187101
188641
193247
393714
267553
164140
412279
631540
616539
251737
244641
231804
302779
166536
213093
183593
521707
370521
203013
146139
275195
158719
248616
130886
185647
128253
127639
172251
237741
178204
174491
172050
188646
166061
714399
408656
161090
202873
349910
447677
233213
406219
295060
506729
127468
212862
143560
387096
615742
424458
173395
249004
335986
265266
442223
333983
199609
290951
531805
198769
277056
224371
201553
353227
128956
225486
313903
206681
384076
158133
470447
275882
153109
206171
133928
200707
192900
234353
228097
308950
173480
132763
233201
174112
368703
116189
216071
593227
272792
295881
182956
421933
188574
171417
248410
153073
462447
261632
509536
290106
153800
401981
774137
121412
176590
271517
176945
152610
298187
315756
258397
260392
374131
301324
149157
169795
453373
182710
259965
160591
430607
138443
177967
208765
630244
190656
246098
334590
280941
201290
139412
189742
243277
46076641
41929053
37787602
33660310
29488130
25358270
21244010
17068627
12980165
8856290
4684276
567459
4928483
1006325
4598839
588597
677604
357132
115041
156460
807083
166450
151792
169508
269498
315992
263015
689954
387561
150743
271048
165602
347832
328221
578814
277377
242166
455902
137430
544420
176876
482032
236526
306485
222816
489353
119745
427763
273191
261678
182787
175755
347132
226666
220108
357981
206755
1006562
181038
313159
257879
263638
431338
140092
261121
483150
242735
426388
250001
189869
245774
218855
208946
430000
201043
384443
454870
228933
160793
237223
754453
200684
208739
314555
237990
299416
163975
149941
569798
237738
152408
348208
124297
161911
319830
390643
183747
165594
349898
270430
330783
312009
213454
352318
210949
398348
152315
211659
286827
723279
191213
209440
400452
218549
464284
2519606
1089365
725300
242230
161505
343280
678326
307554
224392
157593
206675
181392
381962
184344
159012
305699
174093
140838
148164
349448
193700
820529
355947
161845
506104
203551
190424
479317
331427
566094
158611
547573
782604
133379
262962
411561
119731
378150
227033
390133
176507
140948
210968
200167
535059
159321
369406
183242
331343
430930
212377
161876
150924
423446
271580
216180
297860
713161
453450
499960
231579
420508
1023253
500345
427321
505077
309021
261142
288915
436885
349577
194763
522265
140148
179523
188206
118937
185141
157333
452010
315193
248160
124105
382990
158233
228563
289626
187457
159249
165563
806907
687338
311294
208394
480317
280467
258665
143062
143322
243505
336457
306633
282959
143613
191494
643183
265465
142654
247698
204311
396543
374595
141496
280975
251777
126100
316589
535363
145036
205778
278636
291916
173572
233790
47904580
43740791
39622984
35615905
32645951
29867054
25712815
21575133
17435663
13241420
9154250
5016994
3504280
1501880
1559728
217981
255379
59204179
55306052
51131344
46979500
42828194
38743170
34621802
30518659
26366013
22389996
18834596
15065084
10979751
7037424
2925870
3544445
7019763
2993625
2629868
1436358
3722500
2392520
1744962
1657727
1697007
582436
301805
252546
295819
296316
421728
149522
145532
287066
251693
381546
268977
320742
230898
704751
410139
180414
329541
247192
148413
377410
478703
247779
185004
498677
303503
306589
218119
256002
207252
277510
168344
364466
228205
551310
181149
318269
379440
221177
355888
481741
209839
135605
239667
289576
181419
190859
285549
184719
435828
258640
240560
271715
373625
186735
202197
160088
403098
177944
398518
616455
308872
481334
364888
178759
166013
263608
143868
413461
248359
615333
192139
318044
332195
528925
171382
141783
517767
310601
254317
391071
166367
357914
193147
354859
471440
163509
153072
169120
173959
312665
276327
148533
354680
207790
322674
135715
142608
216725
230979
399475
262965
126306
264449
609824
668874
162532
416492
260706
202783
210399
268089
279000
626963
272916
193148
120439
484748
455430
280442
153023
311204
481783
268017
356743
225824
485172
456363
253033
207558
394852
166573
533553
308024
384698
301103
342507
210248
349363
345607
228442
230716
338887
270118
268697
213588
322514
431408
211997
143578
280457
194830
176809
147613
381230
130583
321265
270542
153412
134331
416473
828237
151441
171952
304354
412261
289718
268100
201762
138849
307484
181045
156612
169009
335464
303495
716906
192870
337784
212882
254516
200578
368179
151787
172276
230924
403331
323568
578920
276069
333227
151762
191528
142558
242923
204899
257310
233145
45673866
41509246
37424726
33325484
29177794
25051082
20906045
16740384
12615710
8476594
4334084
298541
2948689
1024896
2803581
748583
358118
395322
491916
290326
172012
200965
298890
200280
634146
184693
113055
286247
329208
731191
347035
208997
222627
195982
245603
196252
225931
289327
157534
182447
199519
196289
400457
194749
122002
143796
250289
275835
217260
266318
206936
375308
148156
144239
156085
315172
167673
306742
390619
239917
436898
142201
200450
146520
189454
192822
242312
525447
158745
141749
152159
182260
189371
668006
184828
220063
774147
490317
456939
162132
127235
233274
372567
441686
349416
196106
133345
223704
150904
382070
181766
145108
367063
287437
311299
181656
270353
227782
166821
167459
260471
144374
142069
182274
199713
190767
203893
397000
568222
388372
267029
377638
160376
376542
206394
185443
173678
406240
270036
144436
388568
585652
511779
428487
434733
445202
514123
126267
166313
251446
215249
443560
160339
137763
296953
149305
260915
245826
178349
233801
357809
230037
511831
271700
151744
198307
218264
304486
304401
276837
442837
299002
531990
261357
325873
269626
226763
192387
453701
153017
272641
255057
363975
398695
451861
288503
961674
339188
172197
132812
189230
277569
367700
226842
211471
223432
252126
321860
444898
244300
228849
429227
183965
156759
393806
250725
481131
179968
164573
349672
138724
247866
355897
114386
226439
421383
135586
462799
276095
518116
310071
207035
260439
170841
208557
255014
431464
1053153
680349
807849
627147
174150
639235
166965
341201
243349
386121
312656
142739
202648
1458106
187685
293303
180346
183236
262286
184927
514178
265564
261094
194518
287190
165454
191500
278730
386552
278235
344816
330966
47661325
43455019
39331419
35213986
31043376
26918703
22832442
18650963
14512451
10387442
6220317
2121177
3741900
5166718
1049227
1166923
217577
403162
230771
225869
217323
180407
314465
239669
257543
264328
161627
133175
386739
205093
198415
317583
148388
496417
302265
318085
141396
267602
345791
195719
237894
573879
236827
126227
266085
185382
175379
185468
142166
179591
408437
140150
227896
277520
156375
425205
353311
179467
187187
391655
312545
267719
180055
175500
186351
175938
329772
370969
140091
236706
169854
243408
276958
312657
321686
574095
243137
266336
224042
349000
313110
370986
571633
197717
155364
340546
237255
319216
200746
409221
218112
151004
441265
398662
150798
189310
207905
257320
788217
639524
216281
163702
153345
384206
313166
540642
350696
130850
221047
225027
575505
134451
472245
245720
210838
249179
310625
180402
326170
205340
207901
227697
247973
198194
151013
355427
191036
263436
192943
201661
278509
189685
121738
210492
271865
182361
292188
380968
129937
239822
429125
239138
247154
265252
328410
380525
149788
197399
323674
240497
584185
286145
332038
240736
364429
206764
316321
205889
408982
200736
309629
129739
558014
159109
152408
192743
405625
127821
306577
315012
186686
555373
218818
280287
334594
647659
313459
123697
189004
247512
263701
405316
369653
324045
217817
231545
469579
315209
165516
211150
226551
234999
159494
406189
253234
463103
243909
196102
257815
162924
311615
605138
156046
307191
295164
207984
381815
560247
129208
217374
166466
445332
257866
169172
332653
116766
203004
228545
236705
296834
218179
196855
534980
259777
252641
222825
509001
953209
799718
216390
298468
175094
878191
175857
157419
439160
673624
188771
224446
213244
45286828
41111272
37005224
32905893
28734870
24623664
20515327
16345071
12204721
8072145
3894009
3705663
11261112
7064456
2910426
1682640
584414
300424
331657
198039
119126
210776
115304
330191
460254
214188
167907
198058
213796
132765
268190
139003
173049
418697
197066
361626
347911
293145
228449
335724
186959
329707
268820
138149
359959
184167
145893
191731
209654
327035
259321
405064
207079
179708
350126
181007
224735
354282
233489
315962
287851
193741
349406
235390
142413
238707
198719
171179
282210
195849
258128
307065
197305
185446
137318
198613
189048
474068
178599
202475
422412
245266
228498
307413
201654
470019
162754
245744
570066
609041
383224
310322
355099
389421
293637
700727
203213
403966
235625
183144
235196
270819
300357
265928
451591
215634
211881
220446
463170
337510
242246
175937
251787
335587
155488
164934
122654
144407
199998
363834
193084
291866
259466
660049
196183
259737
312233
160436
221798
237228
289522
367654
224373
676258
230834
363733
310491
257501
317589
246484
168658
215397
281310
240938
286614
244706
342077
537103
328170
182981
288585
183145
671727
315117
263718
242956
169736
222388
579994
158933
294485
157475
237572
223115
236840
285953
466801
300965
163615
197211
276642
664895
402188
287530
338902
418802
548356
146907
217976
342373
411075
354170
382925
175597
161239
297661
389956
196039
182515
257921
399369
151488
150884
152616
129039
123921
272246
235399
171799
147936
302528
403164
268364
201615
135290
176075
218678
209695
210242
384552
424879
142130
377924
217387
373837
497607
367254
195158
356862
193767
240682
204254
134729
634920
359880
174358
269925
344760
431766
146740
136448
172918
116752
157208
478318
345285
286789
199688
336704
47115823
42925365
38831028
34730307
30562083
26400651
22286655
18118346
13982717
9853785
5701146
1625375
1557969
4045409
3503319
1513701
330285
189136
205791
227275
223679
693593
217951
358520
292992
138041
539940
133174
188825
412870
594989
622645
166818
248817
403540
208766
262048
406363
139232
418664
154154
339925
141936
273246
411320
242544
202903
300389
254616
195923
262674
153505
240529
171371
169355
220293
607740
333759
319266
298438
283431
295992
347915
401921
429584
153112
347577
394714
332498
209970
254771
354255
273631
147929
271419
192843
192096
141585
346955
325487
233747
200654
136139
324536
437360
177436
138401
186093
159625
170194
272676
245797
141034
230075
400261
508694
180725
514682
431590
592770
229196
168931
520876
508023
133960
353444
235780
212054
245790
198696
394778
237178
364090
263667
228774
276266
254528
135989
168494
310045
168956
443559
239482
323999
393721
310795
248172
142938
215512
291499
281530
466614
151173
321385
356904
232533
245361
420233
166260
176630
270466
296773
508047
235022
162241
131388
421918
148115
465640
418429
451429
251384
200607
434845
169764
226397
429406
177370
875237
298201
181255
200636
329537
396568
188150
357946
194658
321653
235647
272977
184185
393527
291761
154647
243110
598086
204027
305491
597882
826422
333761
145119
259161
276662
168026
387767
1254397
247727
242524
283274
193887
288167
288165
174769
227003
312352
333727
194447
253992
260396
305325
433267
356356
372077
218659
231364
323782
323574
129081
844187
534380
160753
485908
148682
202485
179313
391056
238186
334559
372887
425477
322123
153931
201865
216794
200661
271462
155982
908041
317527
295528
241865
177737
833871
399652
264065
211935
213603
334749
49325380
45157811
41030710
36894831
32715378
28589753
24470115
20300958
16155145
12010727
7843842
3701778
4236969
3347246
5753029
1753953
1485960
234185
466087
309376
570751
291195
192138
481825
245296
291765
164377
262058
282285
450132
263879
350413
192658
200922
415306
281500
142080
146715
236737
247345
225885
170863
222299
213064
245997
335796
131058
144025
250364
524894
184950
457248
257417
177717
294713
308286
247317
314510
371580
191036
490416
192668
154466
270094
292650
153924
266378
189238
209064
154238
248748
136267
214746
319202
180335
181260
396992
211188
192298
221876
563133
194396
250378
265934
315511
763903
163606
233203
289694
196692
215424
251455
252979
253412
257608
190444
318156
483090
529311
225634
175037
305018
129544
255915
203254
381467
214075
222576
197812
162435
168144
572426
396381
393761
315171
271076
181400
275533
327209
631541
537830
173319
326231
175479
204218
257848
214716
330488
326984
328866
227566
280504
312202
322456
137990
260676
305366
372931
298290
165720
289869
114403
288687
181741
284001
440608
200842
216926
533808
152545
177444
306256
162668
518515
600691
155270
220897
260912
258839
350465
169928
711943
170943
148557
325570
149001
344498
191408
331060
730351
505812
724110
222644
182373
202532
265181
245492
189754
222883
137112
194438
189337
355947
271859
294289
323558
190709
274240
137914
370045
342874
340267
342421
272486
147464
236936
385676
37859483
33741115
29692082
25517922
21394980
17284331
13612349
9433275
5310227
1166046
1028876
1060326
581271
340995
923053
2088401
777787
1802284
830232
2096644
2722993
2646296
2525145
1092542
495773
524593
233506
372892
300199
138749
392538
353447
248022
222241
300056
184020
995092
309516
749812
163556
325358
1057830
416444
46826084
42612189
38496582
34396442
30245654
26116861
21985380
17807628
13684458
9614766
5447190
1336595
6918022
2739437
1435137
714242
460713
227842
200503
173384
154750
142313
624567
129984
198246
207607
196687
318711
196033
237775
345455
199610
338923
263534
160634
128950
172354
1852271
4833516
1004071
654974
98526
418605
169765
205915
250801
248606
660692
331322
393034
341014
145043
263009
330572
333444
325835
207332
200929
1512981
231736
288458
288618
219958
335327
180338
236122
334521
237187
268871
156831
280849
592896
203119
250026
476044
375738
225025
310670
245357
397291
210487
349284
295335
257661
247096
232666
174585
204617
344904
263594
177882
196510
221594
330940
272389
368810
316413
213810
270172
187713
202520
394904
259333
260810
273123
588719
202028
557344
549861
186541
163159
202419
215762
403501
145809
174875
177674
183806
264029
236593
511032
206058
454888
321328
598490
195235
524980
356445
262558
415223
212405
2121526
768389
531756
236494
152794
337871
232536
385539
531912
906106
288865
365435
456366
238377
188801
179979
617991
180968
267230
344172
139662
193286
313714
406571
215977
496411
438933
203857
258483
133798
231180
337408
207617
155844
214231
612127
143747
234949
150828
502438
447459
347907
264964
498966
972520
207614
429534
294725
374265
318057
530695
362471
629133
162658
320515
267607
218960
216405
222500
390551
185656
164764
160877
182769
270166
243366
150457
179923
116418
112936
209676
212444
249944
416637
278254
328146
216745
145303
144934
259419
366958
189081
157323
289388
211270
237311
266978
245214
258735
286586
558437
320944
245113
185369
331156
295453
175983
355763
332459
210389
205162
326872
273277
390635
247267
205672
332871
123974
49003885
44829638
40708691
36583654
32421769
28306433
24193119
20023385
15944841
11895069
7717542
3623798
1124855
5373921
1286899
4855180
1087677
255035
166116
147235
193106
158603
149815
207234
152600
282729
404407
192694
216008
257876
157170
333949
336930
118727
181354
208348
369914
214605
248632
316139
315779
212930
299376
306921
225065
776961
130568
255493
207906
559177
322899
276231
252672
305843
195702
168583
446841
218695
470029
170190
352064
421713
149141
299662
364201
220891
254423
279870
293146
497666
320501
170406
216891
267737
471237
787393
205411
716700
232076
210588
141991
486901
707487
323813
309181
138952
218098
274173
398454
208228
137097
273590
515073
347221
392166
409719
175573
342012
192435
405197
383179
166397
245801
604430
269446
124203
134117
165255
444185
785992
433420
246171
232970
598820
202196
176429
231687
287425
297804
312945
138466
568719
267818
194218
205642
175433
369098
124696
262710
971588
267349
179891
123470
145710
261623
179305
358085
538419
303153
163292
219880
168969
357173
321399
311570
594719
175458
161283
329114
345725
357091
164395
262438
392877
420246
153206
490159
223822
201426
340345
300690
148141
161036
277405
502939
339898
204612
290780
259150
181526
164248
353902
172615
306605
304265
127311
166541
286399
229660
296935
234618
180950
189163
261379
268240
306599
276033
243706
242742
197315
299778
228398
497142
288325
158511
773517
545398
300961
326701
247494
240218
156099
238914
316749
163011
271546
251898
213510
212710
402458
257713
457327
241186
269059
166527
511745
831594
245329
221943
254742
532334
371145
228120
356146
269117
435908
411746
284124
377554
162159
241710
300505
162310
240612
224865
164594
241702
168601
230153
242247
46724115
42557660
38454738
34383178
30266527
26096385
21984226
17834779
13666895
9541300
5406352
1242265
6623161
2449730
4189471
4075299
3589981
1022970
397732
675674
285997
207134
218042
265871
352051
150477
182813
423842
178574
197739
168605
433225
273267
153776
259659
375154
244890
159641
165560
201058
814466
132389
427893
158056
255726
239260
195088
390185
178933
511008
277156
955411
323306
266485
246408
484574
476551
179850
369402
154189
389974
144680
172726
187529
166516
249788
148123
347776
161327
152728
456056
645923
171758
134382
396080
272036
497791
343858
147297
246682
140957
353924
357699
179382
247049
195897
362859
227442
372826
408959
579207
191538
356227
186273
552691
221582
153942
253773
351671
199909
223288
409184
129107
148480
191947
490327
451684
281549
464920
137146
231782
160798
140760
159813
258380
254416
377008
207154
269540
189524
213842
320218
243501
158652
454606
352720
333621
386904
182512
279855
614922
354069
201548
238955
208360
349010
234951
501713
423659
258635
166562
297412
322222
191242
246036
521138
447897
215962
507515
210714
378802
179067
541607
327470
372642
122237
208229
277229
482629
238566
138743
265000
189985
244414
203976
472593
216928
184168
381744
169206
457341
214887
176807
357745
404886
214488
179443
299248
123484
299876
454150
238192
330714
202842
225502
146920
131409
195615
318417
326608
217197
495188
442305
260524
215193
542255
134056
401330
205099
339405
288422
173246
331885
581988
486020
258675
279607
177344
268782
183229
281237
277202
182095
308972
232776
547105
179727
346754
173185
169344
308385
208940
227763
332026
330348
252096
177702
424444
244399
138661
196479
156335
359515
889390
184529
482428
180764
361462
147001
48631338
44463672
40328699
36220671
32054505
27941528
23832614
19642606
15512716
11372217
7205454
3078745
5396691
1338844
3407954
2198125
594647
280636
206625
214119
138533
243286
385854
268575
334983
176746
221779
134907
256979
372037
244530
145403
1051891
134698
267901
170331
272198
329350
295707
177787
457676
168320
256329
250033
733597
177922
419187
152168
538828
155752
272777
134153
192435
258601
339369
384169
147394
473621
162584
234754
176545
235587
333873
261271
218079
198256
127866
143750
251729
252302
198810
152918
180621
337864
505242
347559
674206
244645
174968
218113
184999
177393
210354
271949
246088
132194
310220
229378
312764
230033
498228
310612
598764
269563
317756
211326
412355
278115
196271
285634
193881
217184
440586
265319
195024
344700
279491
195395
733582
762413
472849
207366
124184
234942
546356
286858
152913
175604
237462
161146
379403
262177
311606
167460
272295
488163
272029
458835
164717
394784
367239
195584
145534
403429
198845
194453
216410
145611
452272
323075
199750
213287
244118
162170
148075
166079
238701
418184
192932
154026
157001
156185
164833
158996
330564
171707
166267
278936
387592
320218
265031
262143
159130
359818
205747
719148
379448
163604
242503
302570
190694
235491
208336
408193
151233
329792
176104
203391
168126
161201
439397
323445
365063
179759
158976
470179
119807
240645
283022
140108
137528
288544
394916
269943
325026
208226
314850
231808
224750
188420
381434
244155
187736
365817
141415
240521
262084
380289
611939
236722
152151
343172
361244
119520
913367
437775
325146
389822
189291
158597
277546
216232
234734
608095
143968
152215
559719
306003
125340
162334
140931
299690
188609
154892
120882
245420
206450
238447
356390
224014
46099935
41959868
37865030
33763693
29635212
25521277
21406374
17238464
13099410
8963289
4887120
752618
5915106
1779661
3188671
2775818
423612
936469
184897
178569
145684
333322
338172
664383
230715
487117
343194
418380
165144
136370
979852
212875
219628
692518
191674
293360
263140
280857
380218
361710
257817
282478
287861
394074
268292
202194
495855
166234
201218
804602
485206
122720
1044270
241455
299744
212810
137472
687991
153176
146462
240984
320529
135906
151153
168631
117309
288792
158177
200751
167658
109723
202262
552736
215400
187803
118780
119673
306484
262095
134517
262264
170238
183803
188588
327505
608801
418009
180173
279090
222863
195436
129842
490211
246353
146605
274884
220054
198727
146896
222016
195453
407452
325044
136464
290347
266864
312175
316949
171202
230897
267483
165674
155562
309528
177918
279155
113167
379087
258437
127925
272494
468556
251214
397778
493697
698329
442850
748372
383120
224012
204061
201726
185409
107617
248622
133640
255581
221601
161897
272475
227591
198346
267820
200350
164712
261225
523005
145348
512713
136979
307849
157577
414017
246271
239959
243032
224548
156863
161280
241489
321189
165746
320009
246499
179786
407461
138770
190545
290867
360968
136529
299431
134795
162401
393362
303426
166323
614972
157660
439663
261792
282812
339472
146529
280236
197985
225210
251959
444118
304781
272043
160815
245029
342983
194427
261551
194951
172347
149591
146466
149594
203302
226595
156738
940815
202542
283026
786385
288158
184702
152751
512446
727182
368630
260363
360095
893245
137020
311350
396589
144299
177401
188901
235898
196413
306804
310096
178072
346481
468384
356117
302376
236731
141437
384925
129613
197355
328478
260528
48565466
44416438
40287571
36176901
32028826
27902062
23762199
19593821
15451952
11364540
7184432
3119875
3881275
2580349
2970014
1028601
386667
186391
345640
286374
356269
294381
182802
627415
446041
339179
166355
278331
184480
363360
230593
230655
365814
174748
198067
172462
240730
659676
201935
182437
185189
225279
168430
278639
324890
384914
151371
229126
302874
420708
279914
284840
239236
391702
445778
500941
345413
196091
538957
265348
385957
185062
215416
331987
350614
194530
251058
211345
195547
234650
149709
239625
342581
300055
405186
298462
213130
265098
139799
176302
561677
317122
313083
216792
250027
230045
434434
322415
285263
254864
241830
269753
207599
309508
691236
229182
150835
860958
235316
252065
408848
171994
188713
204152
940598
272073
140678
312944
177052
303729
191181
728848
186585
241815
347388
366821
243980
386676
136743
285208
203398
181911
300454
152501
158388
241812
246730
149275
312553
460428
180814
208584
140305
396806
141976
195253
121798
208426
220327
306144
286982
273591
271172
192562
456439
138747
128771
300127
466602
169898
463224
164436
318824
462118
159733
231412
456813
437422
175296
412879
337227
359896
389913
119695
211078
187765
158037
409850
379311
118896
251568
276681
203899
475413
202239
498996
880534
354403
347045
300324
266148
1252494
145925
152836
346800
216058
329208
161222
329378
330607
423994
618506
283457
171540
181279
217924
443613
121820
240888
254799
394465
507711
178630
203793
238943
764426
228958
224875
173024
274030
140530
139453
200658
436663
346301
147189
410139
766115
158803
422789
128855
191282
167738
216415
154291
183312
145430
135691
201451
286893
167719
484808
205567
227394
131746
199609
245180
283820
247059
226566
46335952
42164773
38043457
33939274
29788652
25649670
21533146
17404815
13249227
9110724
4923613
803183
2219899
1643767
283189
401416
197962
207379
128190
138060
240107
166649
322989
163529
194547
144554
164126
263105
303875
251843
327987
305922
223148
195609
535219
327408
325264
282186
304582
248137
298910
340951
503906
272489
388605
421265
433295
223231
223249
324743
694929
229879
276607
226745
167806
1398812
415921
169614
355458
453350
363597
337119
164471
262736
204281
378335
216326
424408
225674
593308
275113
248383
308215
130832
213646
211383
270365
132739
391347
354243
192822
712356
152204
294044
415346
147786
204900
159491
214945
187699
285894
320066
187148
559880
231323
129303
124356
199991
273626
142300
180537
164781
170248
218723
454034
414649
169404
198997
208917
165789
510552
193551
181671
523901
264181
293859
149999
281382
427040
510528
362999
717029
262155
279489
533829
178377
119667
260641
782664
237031
204995
138113
42252691
65687595
61639262
57432059
53347498
49850168
45672850
41575761
37455488
33278635
29173763
25046837
20874768
16705698
12563824
8370271
4863207
13088300
8949491
8019749
4052440
4010641
2761195
604404
415292
1054051
362944
375285
264191
623423
527961
355386
350173
306132
306105
379190
151360
400426
319577
628680
203048
317758
134213
222704
170720
543978
553680
404259
159955
234584
509776
215869
594864
164131
179559
208035
673923
366193
590505
160882
185778
206117
293851
164783
157250
191221
187558
296341
242622
257643
188650
289895
136185
179760
188779
173627
253847
890728
175462
336320
167236
229619
221237
261217
208380
416787
205055
204458
263974
207940
252682
228980
161405
267279
151535
294671
305218
248886
318674
125025
136730
511880
353009
277072
467843
233685
522229
48030502
43848565
39726789
35591787
31417630
27365776
23263621
19092826
14958926
10831580
6630743
2493383
3311097
4509103
377646
1034764
269694
206529
625413
194937
269586
324827
170530
271301
512006
331707
200546
255746
298176
198681
149877
190876
216122
287851
441711
344213
143093
402976
268504
313690
287040
476033
537296
168825
193702
400540
332778
192091
165582
294183
471022
275276
262151
168338
204113
245506
369819
158239
122013
315549
327827
459682
219997
445495
599264
164813
498194
165894
305822
271317
382682
165130
289343
241976
413012
121862
297469
204781
288679
185938
316516
227212
174643
175972
269453
231268
197576
445265
288826
151355
179908
119300
730737
356820
360973
471558
623426
368935
319074
138918
526818
351673
456038
166770
320839
209101
161042
223830
287729
185952
163619
198289
465390
213792
1101031
275795
218843
284482
444481
145583
227167
130303
829722
239413
547096
284611
351342
300121
232970
192098
142825
310649
194601
246511
287263
902612
234151
165960
973322
230718
120962
180039
368494
238677
413516
270181
332861
385899
434704
351215
353394
269908
240445
268937
472867
168040
298977
176708
297580
183796
295819
328754
148034
389393
378782
469732
734748
255629
213039
159316
172719
257370
243559
428345
233532
376912
492369
486088
184428
648569
543881
212545
330245
159428
134876
245915
225901
543856
418812
504148
278275
239823
355708
653839
443044
420852
364376
149109
188710
317172
317085
415875
188133
610597
362193
403875
129729
202698
423775
133074
386406
491793
187178
257732
159629
178799
220627
439364
333518
458699
691724
510686
312896
395665
349337
345837
147763
223225
525712
211125
224685
148291
334197
468285
153683
136695
608250
316182
326511
49798609
45631894
41508526
37402729
33235986
29108489
24972431
20799656
16658555
12510687
8322681
4184983
2099321
6677795
2507709
4759316
657050
297720
328956
487336
169501
396655
146119
470632
313260
215548
495974
140555
636898
201902
187273
149373
156739
162109
154983
200416
254802
237648
514333
290369
170634
186474
156638
179439
274423
193006
219226
408733
440983
190806
190416
166109
250257
226126
171298
222961
863423
158522
228282
196558
168831
350399
285639
142970
143839
236726
288928
243313
272577
180482
160542
384272
248818
705758
290047
209277
256481
523301
237555
136853
450163
181082
258575
424606
325757
243651
418886
935841
276335
384361
225375
256630
245650
383725
208768
127749
270841
234494
245380
538023
257844
389166
159138
295111
392226
145323
515032
266268
136237
230830
295367
323330
243316
413870
313682
323195
273639
185704
166833
301365
475292
189401
176729
285786
540915
183746
318938
364201
157211
305299
279648
274698
173574
308848
193969
267186
226404
158150
283182
167851
199369
448740
236786
247882
234492
279078
200086
194622
207701
814305
564040
222015
345095
349957
397942
237562
366799
365857
314074
295568
333783
227553
220266
547451
237817
179687
467922
450826
271980
332038
266229
140574
188162
248130
153369
192228
220402
266008
184941
265211
274292
423910
315747
358961
175194
229254
174974
577947
268523
305831
295801
230660
176777
220456
347920
481019
209757
143564
176501
342169
341515
652899
233756
442997
217186
183175
129193
309295
287534
323204
145804
156400
151694
309291
320501
147300
200912
494416
159315
191465
169402
372165
358780
459395
254892
259671
272647
296952
167616
282347
154067
254467
390348
205309
187292
278129
420504
132946
484659
307615
47995995
43826302
39715010
35583219
31414332
27303896
23205710
19063450
14932172
10824495
6657085
2549120
6527644
2418943
2365221
690012
380430
272812
432064
148497
245044
169367
559972
146759
394713
150468
320154
198142
244997
400834
235667
166278
552852
177477
212112
289417
451107
485008
228448
610318
170418
222410
137803
216067
269914
226913
208557
385643
195216
602318
191862
584604
194399
332212
262255
207813
155121
163189
310702
199751
225578
153139
114847
236404
364840
249038
198418
256879
171898
329923
154736
161043
1063208
213257
237994
164349
