2939712
480954
281639
284665
521245
299698
246007
238858
458620
372726
352105
241790
214483
188001
200177
720943
205577
209199
354920
219585
187552
203588
212599
286871
361421
170533
175731
178523
169836
225524
162246
168693
141944
180558
171164
162681
144467
146399
180428
197345
167359
278422
157971
165879
154040
153235
237800
158824
141179
174748
204480
261367
268054
199499
325667
206122
163032
202942
305131
144566
165355
147801
173365
171554
214395
163340
156304
167610
191208
160439
206110
208764
186489
178120
161159
157334
183571
168175
150302
219321
201496
182492
195312
159146
188352
198809
249437
249569
201727
233476
271580
219521
177407
172433
339535
170135
360557
166738
179872
444777
149033
170958
181022
176964
212170
173451
175831
197485
163792
153611
165185
383020
428573
220229
5566775
4105654
717135
202917
169498
146792
242905
160250
174104
255265
172811
188863
207346
170420
237135
166552
158696
305166
146561
151599
181434
192579
367693
148431
169220
330494
190616
192958
341890
172117
164773
160998
352739
180936
212072
169526
200792
160655
187493
222876
228198
184900
262961
217364
187928
173160
136389
157093
179537
167369
161025
157596
148658
146118
167920
155590
177952
157064
156157
135560
171223
167599
176725
142344
162632
176924
136308
156343
190208
206053
150065
171766
201248
165991
298519
155074
137651
147796
172856
159125
189558
145671
168203
165331
146131
187012
172680
164345
158696
178555
143458
162551
170423
152337
183398
198585
134724
148730
183441
176090
147657
149434
199042
139452
161985
164556
150101
172963
141055
145879
138425
161873
142058
149198
157610
151169
144554
202654
141367
151160
164175
150305
168153
142936
229111
176460
164175
139748
180773
269626
287873
173927
244320
236568
253211
337435
165962
135417
171504
161490
201832
183258
214248
174348
183164
212835
217546
278939
185041
141069
209440
158142
186684
193678
213039
173740
184606
235105
185451
174071
212606
152576
218158
178691
174492
173837
148317
138649
124611
161095
136452
144726
166432
155254
149719
165309
166895
158243
184598
146291
215569
198993
167130
159887
207559
408168
189594
4728432
1788761
1270258
188682
171251
144867
163944
170161
162305
174182
283856
149610
140164
219041
198310
130263
183331
152790
279243
220966
216231
176762
254226
162822
216737
212154
233283
206296
235624
157044
193892
155924
196835
188023
146647
174373
170850
193689
240356
260098
168635
201115
160227
213252
173164
187241
169999
166553
214550
179688
214728
186430
177139
173806
176846
165178
232872
138838
157729
159100
150983
255437
163628
174365
179648
169933
204475
184541
196051
273096
200847
175362
173986
152581
206100
168539
283226
264424
196512
162559
327307
147644
199199
180851
161507
4196515
515188
142694
196263
212282
208232
184023
219959
158912
194427
157848
151205
156828
193401
181672
190760
184420
191826
164544
172446
173582
152227
803796
159140
169469
157456
178105
219164
176052
180044
148363
176704
197852
145252
167832
171964
176882
181615
176377
174788
161960
189465
196513
174284
198463
236262
150354
149757
164095
255291
257197
176493
157852
166997
139362
170786
170597
151781
170716
145018
155419
131771
159624
150394
161506
186060
166915
338978
134893
149480
188118
194140
192858
284475
159247
179682
141840
246628
186970
132909
278284
156821
187646
160762
273177
195432
155119
187774
156717
320375
147661
183804
147713
164708
224307
155548
212979
206931
156925
151809
133239
702612
5966816
3609826
1042700
176931
161399
165203
452260
171563
211591
279799
189879
174815
204263
231836
171670
192568
152190
268125
143539
160599
160059
141148
149649
189350
180652
198065
157278
186091
214875
180321
195785
219029
197937
193781
256187
175642
266078
176803
216053
240368
172426
371550
208782
248442
154646
165416
232512
195029
184866
167276
207667
180502
179289
254593
182488
184568
185236
140150
148557
169726
165013
178994
148633
147250
195580
247990
165593
151591
168985
147670
150960
167949
157555
147895
142590
152392
149355
147325
144800
166098
195088
154183
157358
135645
141226
120596
131968
200810
181273
137474
160459
160863
201444
176720
166384
149180
172761
162956
154201
178194
196102
199620
178916
133598
160520
204428
172301
178462
221836
162066
152451
147644
159742
175446
162557
147818
158948
142771
147315
155660
175555
170177
151562
165864
132894
153716
349559
162404
176666
158483
190181
151339
139910
160312
176410
140138
147352
130626
157736
158205
183743
158561
139420
155270
168395
159824
166956
130147
147987
229641
144357
152564
157408
152320
133769
168305
266166
151948
184294
174937
164130
166093
186403
131461
227970
144035
159530
147712
151312
221250
161606
157659
147622
218356
199498
190952
146542
188263
159378
151437
154387
143363
158600
157405
139867
173328
200072
5860270
2290734
1164737
175965
156482
286385
369770
164959
430369
163256
143730
146700
263622
297567
258856
170189
159734
157032
151769
154082
148300
151949
150086
162798
135606
142765
172377
172686
142330
131556
173604
171655
159701
152889
152882
148870
177738
186058
719768
210933
244079
195079
147199
233165
205929
181825
204218
173752
552921
222579
205215
155307
167435
199471
188982
205357
154661
145382
185358
190948
185764
135628
170152
149290
185878
155510
166343
184070
290803
158373
172849
170480
160882
148159
150858
140081
151277
198708
215672
177830
163934
177895
164915
390546
172994
283478
261274
170075
144172
183691
186172
271410
168909
181392
153975
216886
278763
229726
211483
205428
424108
149460
374369
144767
205066
181270
191474
171843
335351
149849
368113
192757
221101
219701
180246
147361
188421
148769
361212
176172
154179
187065
138854
179963
214582
344216
326149
272194
193500
193448
188717
172373
174910
168468
179203
167407
247467
133901
173159
148405
186067
191604
177117
411758
142365
202018
183417
486820
184307
217994
146274
218657
147531
155908
160141
165686
141150
239531
168930
155628
134746
244396
168586
233545
137480
164462
174474
161539
182064
145444
143143
166521
164415
134140
128737
156486
163505
159282
178268
241536
209963
181035
157789
186141
190966
162330
160559
7645318
5546812
1963134
184840
132241
324631
159872
185662
142480
156790
205920
192413
149452
181751
140189
173157
170630
139295
139015
190726
137564
166524
124175
139320
147965
167621
317537
339014
342765
184054
177975
202952
222103
171025
143703
150678
172888
150300
156766
143926
149606
162207
177473
156542
132178
160845
149991
162785
203479
156165
149553
295140
160674
142775
157909
163316
190471
211891
167432
277710
181342
122489
146559
131128
144375
128454
163679
170928
133758
134432
175870
164789
148300
136017
135845
131161
196439
155165
236398
277429
198979
258793
148249
148275
136697
156640
164134
142297
190991
165513
194582
146178
145996
178925
146873
175529
157997
146861
147712
139342
141251
140176
138649
206327
130291
200418
177675
200066
172380
145389
149563
251275
155238
155035
222516
209624
177745
190472
176294
127138
150746
168042
137102
192389
245593
222535
178655
123732
172165
168260
187824
137252
160651
157969
144112
142911
197400
129852
145314
233199
177362
179614
159877
154456
1697274
138363
179340
132839
157135
190642
135665
176178
134613
257286
166079
204336
181754
251375
144635
131532
140692
159250
358951
135959
171807
153553
143045
165453
171224
153255
149338
209967
203601
204372
202439
131982
132016
156135
187041
209175
209864
157810
155185
206381
175557
226344
165877
173172
414269
3598385
1513646
192191
136403
140356
170007
164433
134983
197479
164387
165591
133022
218339
140735
153096
155136
187759
163750
193376
138290
141929
195443
125464
141891
134490
174285
259950
149307
148711
140397
144446
175450
196702
175189
163754
176747
164425
145169
157699
156878
150302
230684
143413
248433
204503
179545
150740
150439
364858
185194
232954
263497
143031
163185
216617
131380
157828
212162
203807
126773
110970
148678
161631
142596
190896
161923
195177
148602
189576
141250
123276
168761
177664
165013
192391
142412
143021
144083
168134
133017
148950
146188
191825
167584
161224
145796
146910
157036
123952
172334
153811
161774
152315
137856
133710
144890
155626
135482
146991
156484
145908
283666
165803
168845
161239
136024
250945
202459
139677
142750
147632
167733
184751
1113378
166241
441255
166242
143247
145627
215087
203142
131995
156070
151969
310777
136157
183116
140328
121795
169425
172008
140923
147675
147130
189484
164100
151405
165383
139210
133729
143892
141299
139148
175705
125295
129621
146396
200648
151361
220088
211402
129289
142768
155830
185613
174018
185233
229926
120923
347567
109795
128892
143009
537825
185263
199310
164340
124523
192082
213024
134721
121126
131906
160555
125480
139949
231675
151005
119633
123246
117643
157322
160383
121272
109841
126494
145725
6431640
3533296
1447259
151762
104834
136247
138163
172865
169843
134924
228015
132259
140920
131913
154086
146511
145041
191155
135355
123701
170785
118306
118595
151300
450824
118959
134804
114759
152720
138832
139162
117322
161910
125389
138956
138581
126628
127360
116917
137994
331516
149107
166101
148288
133231
160975
261188
132016
158928
129034
249005
134374
163925
123879
140387
119757
153418
132152
134667
158515
127573
143550
121323
147590
138950
156035
157845
113356
127523
153933
118837
267042
156633
145650
154660
130985
161085
122717
157263
141275
136049
137804
154743
156983
211362
138522
176635
144894
151479
160272
228126
135323
194147
160997
152534
140195
204143
171048
172923
132899
179857
139227
139292
115939
144862
121604
126348
124711
132701
130225
180352
133011
164881
118100
145510
153763
388660
141941
189071
149341
131497
142886
122450
130992
154116
151437
137965
143495
103383
121874
155290
202670
302702
310221
132361
120227
277880
174878
199403
124947
131379
152752
133484
118724
122855
151659
141671
173324
175442
175101
197856
139300
135944
1306799
143137
327997
1246543
129047
164680
167756
139960
127907
139163
438819
151997
157513
132474
397002
148118
134988
278258
160856
1232051
159134
163642
143078
131279
128463
130609
258373
118476
145427
132211
228970
132331
129059
165634
6506610
4069551
1991726
290661
140740
182495
173812
143932
151375
148496
139926
122356
192083
166951
140874
123464
138432
287832
145127
131598
144815
143998
128887
1417512
134968
145500
138226
148129
106278
254889
115514
143953
111195
150731
134437
134240
126336
139768
163410
140417
134211
160970
143976
228812
140772
147896
162028
136682
129926
162050
111276
109943
127613
139815
233070
128387
113180
144433
163164
138262
151402
116657
146582
155565
239094
133316
174713
260678
164364
132287
113679
120759
126516
124242
134640
193885
146839
130913
185938
251888
161584
149303
147515
172766
158015
294755
123535
124801
191885
142055
143989
584364
132790
173697
134363
135550
189224
138403
134598
180147
153371
149604
149480
213520
140573
111034
133872
116590
145678
138921
172884
186745
140131
131588
126419
118707
126737
202622
165280
205647
188496
124695
114746
115652
148322
161487
156608
114664
163625
157611
159171
128371
166498
137715
119967
188074
169089
175259
291509
177490
160598
119593
132500
270416
220360
238275
190381
167580
123424
187684
154394
140989
163964
151917
159347
143853
143137
142500
146458
145345
153850
192375
159594
164378
186225
147114
164805
138919
136284
138786
135699
278296
146173
155624
147543
240855
148587
147892
119266
199354
138470
177502
244831
143031
143060
138169
229752
11424662
10033422
8023518
4928974
2585569
198010
129761
146319
134781
121622
161123
133447
182533
126678
192972
277445
228658
1799018
186871
165290
141652
156061
167669
178419
269209
152894
190117
135954
164983
135567
155653
136899
121772
135866
130219
150441
134205
117903
116883
196997
202770
2042507
325470
136492
238453
155240
116817
135615
131641
153653
134173
128395
166908
144613
141642
371893
162036
220349
208550
189325
252617
160761
286342
253320
146126
156419
419105
134830
154844
152245
121413
151264
126027
114402
151604
152532
217558
267061
264732
127985
239444
156475
123206
131149
157618
135765
123968
174814
157210
178183
126744
173575
131211
258727
143993
148011
135948
121855
113822
124675
160631
500878
112790
172137
158291
167631
144931
137483
181767
180442
169275
175817
134269
141860
133835
1313410
137740
151469
242189
221179
192276
181985
121587
136711
175536
157375
160014
164244
190825
761823
124502
142238
124271
139759
108924
124838
227293
152204
164230
137074
138270
120821
131547
165070
205864
203835
140841
116361
133756
149474
119037
132478
175572
228007
206485
259996
161942
145063
142623
186011
271003
141325
128985
143817
135308
212893
134039
140056
145088
178493
142872
110555
150780
175733
351944
133155
167998
117353
179330
150550
149662
135376
119004
442163
168741
158466
261520
201402
2246837
6569765
4532887
1661802
157034
232607
134237
118535
114978
132918
119616
264615
202304
175904
539918
178684
169622
136512
134637
109973
218452
143024
271763
278773
162320
108732
132355
143411
151275
150555
174792
108534
162573
120235
136550
120525
131281
163067
108966
131479
140200
202473
376777
275387
150333
146839
169046
258041
225601
135577
138748
120319
165993
159615
127075
161268
147412
149897
114716
125172
117258
110578
122513
138407
190343
193827
137427
118538
177835
136656
221907
102874
129534
129865
191224
174268
133902
137453
208326
145724
170869
36128885
32110823
28096441
24233772
20220452
16183338
12222381
8212895
4229724
318202
118905
148929
197263
122166
112112
110367
262158
103670
146151
160679
115941
146876
143460
171418
124031
111548
157090
160857
120564
135684
121716
162764
135076
149714
142930
119976
273791
149535
140705
139702
125201
129200
133280
140837
146237
155203
127069
139890
130243
144474
218540
131521
120298
157539
128265
135358
114629
141509
125774
310241
122558
139754
138129
116031
134443
111641
180010
316478
123700
178493
151747
132219
113632
124565
408346
135797
159547
136698
149021
111775
167876
149498
151835
154662
111037
114803
148255
136322
127091
120718
217895
133142
193466
140756
129868
120904
159619
249470
128708
164861
142965
156209
126536
109006
149764
291986
211787
293271
5893245
4758685
1890014
200702
179395
135263
124797
139885
119234
117115
291418
160151
160150
234668
161393
154461
129764
160281
143132
132582
138800
200733
135104
126741
115764
150691
120852
137932
114032
127776
139213
243040
164519
344274
163381
123047
164481
134696
126926
116698
133090
152636
160132
219068
243864
138054
125684
136574
159899
148488
121417
153396
137340
197710
106519
196419
126923
149195
125935
205094
114883
176136
188921
187264
125857
148268
99884
144387
109980
109002
154167
191393
147711
136170
182090
207472
188651
184593
154022
184590
136895
300942
150921
165781
151389
185961
178511
122600
177749
140991
304814
288427
181663
149170
146553
121598
124816
263053
175147
260332
99745
233507
133580
123560
351729
143326
254735
216816
213797
167062
268934
240700
130213
237770
191140
147786
132182
141008
280818
140461
246599
335914
247544
207061
206507
174833
287451
770522
144064
333468
523868
227184
229091
135384
150270
131591
176813
198697
215147
180886
327061
162428
253649
200879
145508
198153
176626
150124
150964
198727
194170
159334
123809
128046
313938
131630
102569
144206
184023
160562
152171
136881
189742
316158
146702
200286
176467
246149
175165
405535
138571
185568
203938
203802
162607
122139
159361
145370
155958
214366
221784
136281
242674
292080
233533
609019
414838
2042606
4727901
2294162
726633
349579
515617
129778
181641
411107
252014
232714
378972
298725
183488
324870
358903
342463
478416
393703
448287
365579
233812
307646
339052
350695
197063
170573
2311871
151128
168819
276998
479191
137111
224766
175569
278538
146095
197572
151653
211788
138184
149228
293390
273360
243904
242764
365624
342667
164201
181224
248240
292417
164247
266532
237430
300294
197292
445015
240085
165499
294819
169771
239284
300720
174530
186611
173047
274810
154564
215266
377277
274080
412651
285291
255871
194141
216034
288500
174091
346773
175050
395137
403947
483091
182162
267216
169141
309436
205429
145395
463613
166959
238181
216326
218020
350141
174457
148018
164906
150109
233059
357296
168257
186367
145494
358221
133347
310048
406169
221733
180095
202638
252229
128069
274239
136768
331953
225045
151932
271829
186018
203290
150203
292874
338501
339960
156766
188594
164454
371760
673532
211311
317714
201210
284929
159663
185831
261593
537580
148752
264660
249855
183376
267480
183882
166244
190353
352018
157522
191049
156744
156604
152133
223312
165021
257996
149289
307817
440760
379910
316138
162318
156061
148248
362483
157206
208766
353919
327527
206080
147287
334430
217170
191266
136921
302458
178461
298454
137849
302174
296261
266592
268066
128524
163836
226247
181750
1052674
5841485
2630442
535804
531983
180882
196060
253242
184610
169722
184820
344163
293998
425353
266553
154430
151751
168391
371135
163813
215478
226552
238214
125464
272490
189720
212344
142308
294075
198037
209216
223112
142529
172854
299358
198398
207953
184481
141957
198327
129428
165449
150249
135365
143265
166251
208376
228178
119263
134418
231180
140790
140116
230625
100684
132613
129212
166544
124791
120466
115870
159772
255422
128784
143638
141247
116787
254979
193424
125968
147517
355249
217226
272062
177242
130109
215554
136349
119969
146140
139054
147243
197797
130508
180829
183598
122567
100442
154942
155191
338406
157697
184909
164109
200862
205231
231179
168339
208969
118573
154831
278468
187878
200183
145558
306686
178908
242759
194511
308491
150573
162089
281526
143977
149866
305350
152762
129030
123801
192321
100490
106852
104033
157743
176497
149168
237454
181814
118121
149492
211768
558611
132730
145209
114239
140430
236494
124549
164904
418106
229564
199749
199708
283719
201200
335534
122484
210023
238695
148828
153954
373524
207401
119516
363282
244872
309918
186792
205427
166150
279426
143782
194550
129066
137763
143140
190165
250903
141250
109621
334718
174306
164725
291414
200541
192836
219623
152149
170328
214170
332129
154229
185761
167449
227346
250718
180295
171277
1208993
3571227
2533824
1145065
193907
138170
232026
231730
261105
149739
153873
368288
461668
267426
148920
306067
230879
336864
230992
144849
232491
181659
277162
239971
208077
179963
212667
349244
172438
198331
204405
148819
212577
276240
184536
209686
191771
165785
207881
300836
222069
200867
415435
262734
235371
326248
139781
161979
304054
181906
202074
172374
251976
242173
185059
113672
169410
175141
136152
153002
136590
154242
136017
188932
274665
187633
166513
196668
252673
150399
279883
154865
178943
324766
142774
135681
326257
146720
165132
190761
142756
209690
256616
153459
117622
118197
131886
151531
184357
237199
242533
168688
214722
252865
363119
417891
294343
287592
180705
138402
200255
132251
625419
278153
248006
356167
457470
275658
225860
192467
181189
148468
265577
228841
169882
186722
177604
127261
187708
144176
178455
265794
231538
564812
220293
158339
131671
201749
141397
266052
161344
199534
135535
177104
152592
150531
233590
137550
158433
218496
202575
355080
612339
282694
504088
152749
328093
217288
279328
376560
219659
325704
349784
300846
200487
268481
209019
185621
134642
129324
144941
145570
159110
468830
308005
202980
186755
222686
179378
299919
164994
234399
335388
414314
337864
274470
432118
582812
217016
286853
449579
298578
235849
157747
655752
438306
405732
9847414
6017034
3513439
1495120
380003
207241
324268
123851
143647
295832
285100
397588
266399
258285
229982
271172
278054
158527
137478
348508
209748
186558
353706
272505
450387
427651
102281
281891
194574
172755
145083
238475
198999
498604
262592
462266
451009
501489
298304
186798
234441
315595
223621
390472
534585
347340
319848
344889
451624
494759
493758
243408
166184
296247
285895
164439
414258
292561
428010
270805
297167
265491
511672
325734
311012
250209
273319
209186
307109
484276
815577
290391
245414
293471
310976
367984
366084
461260
308991
306410
560563
227676
220604
194649
143483
185117
493015
355426
270554
616799
674293
240441
509587
191502
423879
200141
505529
348887
379229
433334
294291
192203
192299
275493
199168
313207
161243
457020
265571
232726
784529
765890
365366
223644
185251
362023
221213
155313
170463
224515
158883
215370
277921
183280
340482
191590
221793
151357
239158
381700
160364
494839
159000
170873
182705
449702
419448
146510
230156
152631
223500
152146
208788
171932
845921
204022
220269
860207
326485
412558
257932
633375
210148
333673
353188
151389
502879
479787
533356
140220
219313
122992
134724
214322
185932
446063
462239
362700
188850
506878
218308
155091
374698
200361
163525
429573
519252
663465
158087
211072
327177
177740
163096
286168
278738
335640
216380
251676
5546886
2286528
1135232
276730
200324
183748
174956
279113
275404
632855
153490
285912
137057
697277
198737
323291
208140
363856
12604349
9213793
5246472
1232987
473388
242252
396643
248821
772861
413086
231724
233645
265547
261300
328330
274933
220357
341555
300337
286132
226469
146844
163111
304705
710553
296705
490441
247824
410398
141397
146542
222032
480867
254560
176584
392555
442610
349713
305310
185792
232527
263281
135771
230603
319650
142513
200840
194021
163327
295483
244520
238846
347647
267781
333258
164447
231182
341891
281947
389391
255143
346072
115185
225076
133082
253621
306398
421556
337941
703568
262935
300263
234322
662402
467439
332987
189388
304676
163909
254435
176801
210274
183661
215802
272090
894913
137845
165071
343145
282444
135347
190041
221864
281571
218829
124020
150812
351792
310548
351419
178097
230205
327171
181789
151058
222682
248914
321494
354790
139310
233398
369867
252453
164734
289738
221687
127427
292906
384636
468888
229238
259094
166885
981049
144265
161736
216751
295698
249038
1121745
602012
311351
370845
274774
317613
312645
382945
330193
372103
406831
223011
159843
258779
423755
193068
247034
666387
159256
332435
386886
667004
170006
307499
158694
367224
196243
285166
425220
254036
295002
190805
216198
444941
628689
402873
180050
274946
299256
324151
331523
6226022
4245322
927149
215919
193879
405923
833674
425495
198279
177616
192414
333924
318331
345383
344608
205734
405631
151060
148209
507790
152110
210656
194243
313314
237629
250448
192408
236769
151044
204426
228542
252739
216615
282603
232252
142440
221451
170763
253028
292914
310762
236837
182903
159662
203794
205796
298798
214237
423690
519623
205234
264188
307489
357146
228746
205314
154004
390125
688676
307460
237925
206343
405959
180072
270267
155450
300558
218026
310824
172032
508937
336144
198511
286122
324097
304169
393419
355335
156734
164907
226294
141189
691947
228553
382160
146855
801979
518210
464987
252295
599575
229590
916520
384390
415315
335537
193778
572152
548809
323648
219960
448646
327362
427743
480534
365772
283090
274518
333425
939845
485381
153562
253751
156653
349883
165511
395841
233258
124491
244279
375206
356163
168852
222458
271480
512211
591314
569586
151498
193028
209487
256664
239248
300877
302390
151235
366030
431563
203053
608408
252114
212098
321391
307401
341450
472104
219442
288313
301260
161306
331333
383635
219322
320875
305979
174846
203900
626096
411470
217372
210155
226705
170514
264570
390603
740424
143569
273693
1020950
353114
473023
236189
416611
181456
239409
215648
322313
226126
231115
336823
370390
342646
670139
330354
302911
354013
180443
12051020
8912765
5971087
3839388
1247104
207168
231183
215880
218531
300503
312950
517900
165630
189840
152509
154962
162723
151307
146832
182100
170373
188124
192706
155075
241293
256638
239113
170623
207874
278689
180227
185276
180290
155629
162809
199950
154805
152491
160870
201674
122449
151517
165077
190475
166198
129781
143622
126976
290020
130278
301730
179224
137127
401931
128644
242726
138279
185761
155669
226571
151267
202063
228494
197387
237039
207921
1641296
299058
186035
169825
154962
158124
189172
183795
161629
224977
188031
345867
138266
183969
155086
200706
227124
283680
471660
220229
334361
174420
273275
264768
294505
321955
293501
204094
230187
223980
200761
202224
182902
235470
235454
235426
246041
314520
157184
390822
313388
317135
177942
375916
265939
228714
185126
391381
480570
274195
262032
201394
232879
279993
249888
431292
337526
756499
420660
325796
329953
230171
220872
252767
278124
450668
378270
259468
310735
193693
278694
183354
498013
120278
379658
446522
289011
419626
190685
497002
261457
276294
257547
170512
441310
327037
207612
213057
578684
198468
262660
278543
210770
157620
444754
268870
175299
461612
496187
345052
331477
586936
1098462
543148
782161
517025
196475
196937
227931
360443
292641
588572
236467
1175117
221691
286868
187713
310934
375080
284789
192320
200692
5509983
2660997
717682
265794
190589
714390
272869
157401
269657
203231
296400
187558
208204
226764
254771
696796
180177
274346
322487
390525
235259
220547
445619
213622
222211
351543
460219
257189
205904
248461
230662
714100
450700
312249
331909
144221
515839
182464
435995
502347
200541
296924
232439
228514
292637
272661
726397
191426
266385
243598
199165
148584
385704
349103
407752
195437
196617
261961
373113
164279
233521
190458
235970
175410
267536
234980
335031
183171
382874
307261
225208
502558
478487
366775
343467
570193
328423
393557
309558
432798
195577
159737
224675
274149
830524
154489
244988
194622
141766
127625
172216
275558
182160
281996
163229
325081
182414
435913
184044
408526
345546
277108
246608
361272
494271
786861
584666
771927
388742
487963
449127
345288
341087
284717
344950
285083
237473
451224
301584
288144
326220
175971
551505
331691
225598
214190
172137
415165
339400
200157
248597
187977
275982
445827
562692
359818
400781
445132
267525
325819
391708
315664
390454
307377
319779
422574
214552
148466
192846
125549
362293
131539
164495
134593
263074
280206
146422
215948
403923
253527
226098
126984
274396
315052
529834
170794
360285
197757
139211
484319
146122
127023
255177
201627
232684
254372
157189
144089
127213
173371
346091
243438
203600
204043
204564
128086
275169
7906498
4923110
2760446
335181
255984
322892
349400
270775
276184
206804
365830
316808
313687
138058
574581
353315
195084
155422
145211
173021
145253
149666
185143
327194
204032
222727
280091
276497
254249
213381
283345
272081
295500
151357
171653
145506
294898
249249
243500
390932
452639
386480
212804
169398
431087
208357
314118
259844
164814
188660
169916
224645
148470
203484
315308
200202
247620
180630
277496
183580
418723
364362
200532
316609
138837
180751
158495
202561
228616
152128
336501
170116
574470
163256
167307
200960
155368
321327
321008
227681
396655
744341
334641
442817
191202
180802
231218
286497
225860
376373
238264
384851
360687
210668
243682
135480
224662
426084
741323
524885
366966
159267
281510
484483
249639
298475
744550
376361
487782
150421
677899
333653
371865
229420
195022
148227
224080
294307
369385
239565
362707
329345
323785
184395
303613
203036
373950
180253
212915
365478
504405
379845
274578
270212
558462
224340
176847
660627
362098
182160
442672
219241
138383
387054
146510
131548
562402
333889
355718
261062
261920
278188
401361
446371
155274
229313
273958
176940
267187
328856
293536
180951
361566
254301
345614
394776
480388
196129
600942
338429
215774
297149
165767
830942
231902
219269
644390
190925
267387
255677
440536
256345
227294
223557
250635
270512
180814
193060
4879434
2156091
349861
316004
283008
281832
459778
566583
301260
322885
259019
271494
315342
308278
378650
272331
333086
244082
443240
205345
269317
282997
430350
512913
168904
299975
181772
358090
371353
196982
539016
306369
199469
367734
332024
246400
981346
617615
429472
443928
496929
377827
1166852
163877
209092
419099
222114
202074
438870
338184
265360
232549
222392
373023
675811
252325
227398
206465
317313
411541
281319
334128
206068
507579
425095
241881
510297
289826
572093
564904
177518
231984
292617
213922
282617
280021
379556
543115
517780
224962
271335
365787
560692
408397
203459
392621
453736
518947
505922
569240
236231
174342
589922
417217
221607
296361
280199
389210
333504
217811
893218
239525
326635
267061
295056
266619
333800
198271
917185
242629
339724
543534
197274
377383
349310
556533
166012
552290
666210
415381
599691
371401
217656
223317
430925
512037
592045
165404
422722
541379
284678
224974
323050
163405
250227
248205
245361
367688
372094
189581
329812
235443
489718
551926
400469
1061917
237060
385392
191280
252634
165216
311982
307924
152782
715079
275233
297949
232974
317738
196653
160396
224595
229672
223957
140019
373287
479841
595022
224779
317120
318161
349611
225195
286640
261765
347912
275064
312626
186454
351563
792321
296301
194949
266177
239135
301096
2620260
6094262
4006589
797223
324909
542832
201872
341613
385562
137474
233509
165662
306117
178371
225682
301255
430147
558640
211289
357076
333762
250662
251896
168603
194456
169544
227941
498461
259850
193067
175524
267509
113320
339768
123773
341641
178598
253868
332696
202017
372706
218298
645952
322471
433800
366254
364871
358067
325805
489148
292671
262273
170210
232338
226245
142253
232934
247570
311824
238464
360965
362177
646071
149897
341978
262487
142919
246390
195361
296770
265499
221112
242206
220232
234659
175756
266663
327113
184947
342836
185046
182965
195107
220642
196876
259570
319583
131926
253871
186417
467603
238445
389501
217661
711863
236902
229502
288480
182090
107657
175660
160169
169526
413487
283458
266765
245454
1029035
131755
227715
249622
322114
342808
223010
359868
165630
423206
417460
380238
192340
386621
245997
294766
285818
239763
199981
326538
359409
179210
544896
411298
586380
185936
252256
389392
181628
189542
154768
598519
155359
663802
325887
354327
742715
430713
506123
196299
162853
910682
489643
488571
829781
630409
502044
644713
288992
651071
528656
232742
563607
339981
278344
598618
325462
300522
330828
357074
301568
637476
246181
1213630
403004
629568
235705
325578
299493
331174
224502
167913
369759
460973
359719
323304
276248
303799
236296
8998502
7634188
5504886
2795415
433172
265142
215771
335979
365794
215171
287780
207638
248334
475674
130588
201146
191570
293838
284925
296362
418021
355403
335334
259969
314465
884248
623634
250721
466021
377808
566235
398220
385773
377273
212818
156020
384134
271226
130061
448052
249927
708960
196413
367397
290082
762376
268313
281496
207618
177852
1462066
483949
230837
429781
641322
558124
350749
1012959
263538
159165
377664
329558
280678
278772
311184
236772
418988
586591
608031
271568
362110
734195
405962
519114
275699
483300
310035
252351
468270
391854
201106
463570
243314
268453
299857
300934
278964
667769
597237
307424
399358
216426
236490
359527
631700
1218522
808842
309641
242959
291710
198929
237570
199753
298606
439817
317586
304213
268960
316920
307738
295621
238437
139498
258650
198315
195158
326315
233853
218977
332942
357980
160299
116204
280085
189757
351654
254686
188896
205542
137919
146228
155754
225166
177310
135259
294803
655824
243881
980464
181971
842569
168108
305642
391713
345745
153631
287688
154397
161113
319081
288588
171240
476142
180067
219434
197425
285691
472823
138063
400840
352902
318441
356061
198081
194087
216452
122350
257864
380517
358984
309423
796654
239414
152472
371783
258186
140796
555124
188659
664635
600352
168072
427330
213521
288602
333848
671746
182886
6123337
2218379
1811493
592271
226121
1013526
375121
334062
436411
231067
246567
347608
411997
288379
435371
255396
262616
148467
221347
279401
175164
226665
186878
232879
413990
173639
279905
984834
317004
409533
290822
203768
298688
284886
327429
274162
197404
155498
338390
592356
174736
876190
265929
284913
661078
403863
223951
195775
407993
647157
370223
381423
323502
209821
307265
233353
315568
138273
226565
141947
160359
681240
185321
152729
369856
328472
278099
299211
135217
317384
309883
170664
281334
209340
387862
415036
206088
165114
233997
163719
428524
339404
167209
316855
351202
281116
175520
211796
281916
369206
206928
201052
219296
209393
852514
179432
242316
306100
282019
367084
308946
188340
262888
357918
430365
425913
339312
260073
492653
296138
397120
380274
290734
350962
155393
151960
317581
183372
368079
271410
487549
174157
205165
202345
266946
196120
208281
194965
253488
117029
272873
265616
145787
169888
170812
168888
341501
204401
149487
230706
197336
196241
257418
144186
206743
420731
339207
815438
216156
152376
338751
198199
522122
342169
359958
146204
279408
297902
191005
302228
240040
368380
242596
314963
185351
298877
200009
496233
432632
234254
279554
196349
362653
274062
316337
318919
393857
175082
426929
307307
392239
152877
214944
204720
254199
249508
2124368
6584498
3128032
730367
218698
358172
122094
199382
181016
317760
293120
187861
123598
333253
315751
193677
416832
163995
310833
227262
523668
175388
426038
459318
240018
384943
303584
312671
369082
381421
1098570
277862
213664
226007
283545
297014
310013
178072
298144
278219
243716
452947
263770
367109
548924
347271
280117
346246
301121
142044
181204
213201
392621
728131
360151
235904
336569
978387
316710
169904
280316
172032
191179
176192
314399
318199
783319
482985
313594
238937
199804
248906
321923
486813
332707
308876
242448
273233
154721
378758
196477
413231
267431
175538
151648
385618
364270
277037
240115
279438
373672
216319
245752
351860
193324
300250
442100
259378
220703
262186
294940
316182
342253
209175
687034
163834
188088
134894
387036
231899
167083
167556
332757
205570
473751
301809
297312
374082
417936
398258
660036
365796
278018
252860
477912
303231
303859
492614
312919
439972
488995
1088531
244784
360367
362415
330563
352248
175944
364745
194985
226233
190596
288565
278347
532863
196353
489864
299294
439155
392143
210085
397851
863671
272213
384245
472748
608953
334695
252325
338777
302020
601787
371268
144137
133249
272690
365060
321412
403733
225716
312457
154749
677297
271313
255192
399755
372950
266121
475804
190728
390308
403257
277978
391856
408897
252557
521616
9919960
7035834
4463241
1819675
767447
314917
385924
769645
527325
489451
450368
261688
263347
338341
600787
354527
298284
390845
228552
351558
296993
408086
537703
1052450
676557
276533
273046
324690
253434
220248
637304
241252
455800
151372
269549
419212
469591
513910
848951
395458
348235
240329
237702
206219
369763
117789
537754
415021
215836
275889
248441
193707
217147
324768
173903
343729
744616
667884
265548
536537
161914
194233
275349
227704
247321
299731
311849
1024650
239070
175673
849287
768174
610191
268182
136848
175091
314968
322460
455825
257466
363146
188523
183087
143569
138223
249805
261942
241572
302668
320567
381870
230634
548236
120306
148886
238198
180778
362313
204216
332739
130817
132465
156586
205414
633556
166751
184689
329252
227750
122687
219959
321938
167401
206147
223594
134726
167167
160913
232063
237957
267173
308530
262807
200932
337050
202520
130507
224078
279554
139248
222027
506235
180912
498051
178253
195336
240129
209609
139853
136356
175827
174391
256514
227366
370380
111442
298548
204955
134851
187575
190555
248756
162658
236077
166909
350112
117498
196310
189912
366151
168539
206526
167712
237997
240445
197948
138225
143263
191738
314202
325063
300262
177551
156179
155422
265092
177062
380026
135324
170286
229073
538245
132565
182958
140100
267893
183746
6670195
4519086
1199389
155802
191345
159634
140478
168043
225277
229349
156224
134221
301699
186197
139149
221909
168115
139097
170997
196346
163716
218432
223424
742514
221345
176346
192222
181886
157131
198458
143543
114794
583283
343847
282713
187301
154873
266281
199240
558082
159383
163801
135493
289465
407910
229745
146249
228827
160163
163916
131848
158066
191798
182522
139177
160358
217302
392468
227717
405019
304986
366424
287845
426988
559089
384527
232327
223665
203311
129764
184120
385721
389874
310224
323506
175342
168230
1700106
325743
194757
372098
294047
295886
223847
194411
191369
144112
356678
139020
195511
172277
190452
347421
279163
213171
210396
196194
266896
445290
481813
184445
127998
176906
182301
170914
267887
222194
219351
255799
135579
716970
301580
525827
233082
205959
301747
275263
294350
261397
264552
286191
168456
202355
183728
188500
645696
338119
234288
388840
163156
162050
214024
264109
309968
168359
128033
157957
155442
260265
430502
161554
202318
320055
156744
187957
145154
152687
144232
139764
122837
143520
151622
240502
146466
176608
370539
269118
226920
689377
244437
262416
208598
147837
187714
798026
314005
365546
169887
476807
264132
263779
485095
203640
357398
226265
343216
247912
145173
246622
343738
371219
339314
170039
233178
240108
421566
375233
6177176
3465693
2132926
146057
202726
516208
104251
126094
195559
187136
176347
159553
176383
180064
103949
142921
107010
116358
100920
133810
118361
142451
248654
148746
228213
247764
117661
125835
169412
127147
114604
207901
139980
139799
143980
149917
403030
140728
205002
120100
339257
397669
161721
160806
287956
125463
150832
116845
140787
160199
241143
125336
410923
170589
167797
141762
238336
125620
114284
173361
111545
104330
172001
242226
149104
142043
130138
137400
377633
123224
116255
167330
141674
214225
123784
184788
200225
180680
170909
151906
155940
135154
142948
193149
183674
226010
144439
197900
236146
127031
231724
188854
184067
230732
308025
219238
218092
225538
175724
373015
237059
479016
447484
261607
107056
311290
153281
141576
202633
101844
120934
148570
146844
206507
203665
175022
131971
116391
140900
376175
380070
133254
142108
181879
276683
158038
197434
194237
144936
121049
157922
156842
121883
140470
207657
142213
118742
129116
129438
159867
150902
185633
162975
161952
199433
139002
97869
133693
131095
183993
140972
127263
165896
150209
152523
139680
168050
129215
184177
128882
212934
142103
118466
137398
160797
111099
173264
255541
103122
189923
145837
301139
256993
161853
190279
146706
286911
341169
159432
146031
234627
155126
430956
149707
232505
223387
252355
708505
6008101
3980672
820136
199007
149225
360312
158173
150508
275153
222428
358555
205718
196478
192419
444888
203352
291921
353109
212395
203869
182407
248756
370593
247392
207478
334216
219928
267552
170881
207479
142990
295723
116858
331081
213705
131974
181121
291141
158647
232487
285798
403443
508315
151087
528416
310583
260458
415000
145635
544586
296991
1007075
280330
442291
412572
161440
309691
780048
348494
298769
231910
282609
586177
295710
295390
323771
240776
229819
699535
248778
410424
287761
260064
579905
164416
313271
181064
260784
551129
183407
234550
220994
210840
141342
149001
225111
273418
209197
202992
459942
165549
606968
208204
113557
121479
142014
114309
208688
136078
207052
159297
177314
268588
203121
257211
232595
154420
142580
137807
311389
168231
151950
168664
299415
249511
230898
389950
143137
132933
347775
138915
222327
219443
186464
213101
218066
170589
263138
186859
240074
275853
297133
128054
222225
159174
149399
173780
206892
222149
340288
366170
194313
135053
173518
191172
148927
133566
116316
124928
168097
284902
283760
181258
347012
265771
402072
148596
307144
155479
126943
142030
469657
130004
192852
216947
150943
186089
304489
168893
259371
327937
916944
210783
313683
303287
146398
141292
223080
170193
213573
202180
146473
173784
167178
342605
150058
216712
241095
6371809
4031278
918075
254333
165377
151012
125342
141306
126512
139316
154411
100581
147038
144043
150785
182574
259794
169737
192097
204811
212664
185952
149794
168472
144033
142223
187421
166677
218080
216213
289280
188241
215640
330505
179718
275478
191434
132829
182411
195598
150689
176668
316264
165116
215084
162629
153179
157759
150891
196006
398189
143526
192208
185273
161813
167034
154552
158427
152445
183029
817286
150911
139347
180485
1219546
407360
186660
216840
310138
151733
374060
208626
229593
243929
158237
185451
179212
249067
191971
191590
147007
205079
173812
188406
143346
131483
253141
204653
237030
151492
173908
159865
225567
258405
201567
210215
169270
272033
1294586
173726
183265
213022
207917
506590
178133
122713
235659
185541
174245
177226
191042
249868
208127
198959
156022
269150
338605
191159
221468
192623
189607
141675
172669
162145
145850
207016
482313
211305
171753
166730
161802
229662
171509
182894
253265
236310
228178
251935
276432
241181
245323
507878
267106
294184
171369
200215
157401
229457
249506
181199
189306
223074
186580
142946
498707
193932
166326
184711
249610
203529
190349
305584
214164
207482
339927
419199
176880
231394
189486
211424
246192
268018
229056
223236
219895
233592
176124
236943
158046
196152
174051
177203
334751
183767
188260
169281
173695
264027
9143480
7038679
3614989
175071
163530
193852
1106569
165486
150250
188886
163676
174679
161590
182159
162382
163716
203807
144988
220057
204486
213546
158598
173745
188619
166507
147792
155986
194539
158537
140012
375380
195594
182153
184311
131674
321791
178322
175515
159025
158068
146857
153888
128401
155136
179174
145478
159714
143741
158806
133364
224094
120316
161759
124564
239076
152316
196150
166180
203838
148445
146040
130878
150038
155341
132968
207302
137042
199210
234226
121301
514625
151718
184840
167762
293799
241953
148265
154134
369392
148555
359843
135418
148393
166087
150401
176023
184485
108999
190434
251817
109709
116684
190765
123201
177216
147434
138117
124581
149900
305865
159107
612100
142370
426019
295094
298743
248971
240143
133879
183517
151064
239177
262568
144284
146208
296777
122882
206479
222214
213382
146315
209145
162305
300000
176873
205133
234577
122872
132991
131109
192132
121024
144277
219209
115900
281924
197969
399996
238622
140083
273248
256787
186582
157968
117179
180397
123857
121078
104856
108222
130607
106647
113969
111483
131463
139400
150276
168124
125807
278471
160228
322850
296250
200458
158757
135291
208568
216687
256823
194178
245695
170900
146581
546485
145296
293534
283693
210742
265660
185287
385038
145610
154513
132676
117396
210848
134580
6420864
3495734
1023234
171891
127945
320507
168049
200065
191415
198163
139174
170272
126583
317970
138686
125335
116745
158953
100763
204409
132129
166264
190018
115312
105698
105746
148559
106645
94307
94061
113059
107361
133086
137065
141300
236952
117990
126416
126179
112991
115435
148054
128309
125651
133639
112318
133931
121818
131244
137911
124937
144653
125128
118253
132389
110603
115124
148472
119849
199069
253141
262877
124146
300955
152036
143900
128092
152517
146678
151389
133981
129655
102856
136591
158414
124634
139672
198136
140968
378525
179762
148809
151655
154779
147644
131040
193852
151936
221065
147032
131127
144554
165803
218206
159702
296862
343484
156268
290847
319139
169557
199594
214009
215371
176172
140627
273874
242128
239151
145631
125171
145473
182721
157328
145319
148298
358546
130410
143882
124208
170218
206312
226602
180665
312392
148384
325367
145874
150306
153284
213044
226105
220428
131967
155643
173863
165893
140484
164975
142461
154551
168670
165003
179762
160092
152558
157661
113935
289171
275699
186623
217511
544068
190035
172506
231860
218430
217895
226716
211959
199560
172260
178135
199392
314686
225000
194943
242397
231203
233023
188330
200859
397691
170380
154043
154414
183167
202836
353460
155808
142193
393841
613801
161539
265325
194519
286984
237347
5536446
4135287
1155037
157103
247836
147267
321659
132939
150007
208090
181028
250749
119543
132623
138872
150462
162348
167460
127159
160081
192146
151091
142425
120032
231742
150163
132212
148664
117341
131483
169058
292648
381185
440516
225353
179124
211740
163333
135889
483255
154706
230312
177345
166057
139218
172663
227708
191566
167724
147550
165888
184871
276114
204685
153697
133061
267401
157947
148597
229410
170496
136076
1913009
140993
163192
180264
430981
372231
215699
152712
172548
222200
258272
268808
244770
393932
172685
360975
249235
153248
175586
140786
341772
149338
515168
177767
147397
186314
225363
235723
219421
234283
152596
249285
182626
159456
245672
179097
176758
182201
258991
226570
186361
310910
245060
271365
219853
149377
251304
198744
251345
528389
175747
155171
169488
213860
137119
177413
122192
220969
249715
205088
206713
305353
157410
298897
167942
147710
306161
275137
161893
128459
123619
135578
310145
217675
242530
166921
720049
169809
240996
252939
371548
175078
192703
349030
173288
360493
393195
302798
215686
264735
834843
263006
215364
164213
269162
172224
238076
175608
209013
132965
136483
180848
177742
204042
142169
191954
231563
375403
443427
146524
153559
128018
145504
205349
145838
185369
153690
108759
198222
327907
334164
167059
237899
251888
293372
171440
6397100
2668946
808874
573117
214102
192410
231444
144583
246835
193781
422844
453224
301135
197858
205561
301720
311639
196761
328060
191272
165836
255769
360392
141040
334231
204588
573609
465700
339874
268439
551701
290663
254832
289277
405628
305200
214261
506408
351370
208086
239160
397498
365198
300679
169815
250670
168574
152515
168626
454542
208312
192964
377406
271038
270485
310780
355636
405544
172346
150510
169395
211418
193468
618715
350309
188990
210862
261271
456847
178510
411029
958339
222559
153663
209480
193117
444222
296119
175952
143788
160751
194987
153236
163162
157951
168094
319325
530864
213692
252322
322990
318464
168777
285196
395310
158204
169048
277891
245311
163174
160774
134971
149033
221050
139857
448388
199695
138449
148315
137626
134001
142994
290880
176621
186665
246010
392850
230486
234143
169101
195920
192574
182231
195668
136915
146977
189292
240805
176921
198921
146677
176440
172269
232394
209606
255517
304671
537617
269541
210661
191492
254757
321696
241694
272828
403850
220786
302645
539133
248872
198900
236221
233024
182267
204566
278351
235511
279835
519080
348632
495097
352112
200305
420669
253672
270282
244466
888934
539146
380624
270921
357784
460496
241113
219872
291644
235878
413145
311730
517790
364917
796684
403809
392889
227541
222182
487188
2551440
5708905
2560269
2063345
1048481
342922
341918
185660
319084
213224
201430
225411
426271
268511
308633
320434
222456
203537
167003
188089
198323
350243
228278
186783
303523
177675
494177
284581
427105
193734
222363
176373
162978
148615
191336
176072
180230
188779
252594
416301
335655
197405
223081
325841
272481
144768
235968
302847
229122
209077
296347
198223
225413
181376
808532
265099
138063
140810
211543
168263
220964
387015
230441
432038
373780
137609
163770
368125
175059
151504
212041
312265
209211
216226
395181
341689
280332
248026
288780
193073
295445
166257
202571
171248
146392
288104
297770
262057
390670
160553
267010
362380
212384
140221
224270
193309
265395
256778
184384
320033
263275
225496
299530
385195
151410
218996
282839
260987
211492
230949
238214
208306
173238
174148
233945
199626
199537
191376
233877
214265
213324
166205
145202
438702
658708
365192
444515
360457
198916
267065
272965
637029
257820
175928
486561
256436
177841
231778
254879
604413
171511
153985
338155
504640
382541
456786
161633
136879
150933
168618
203227
115038
251159
166179
214050
204505
252979
293010
249514
200769
360128
167666
184123
879939
126558
289307
590738
103669
410740
330165
499392
126303
242429
210198
303430
137945
174867
260756
248142
184836
168853
413843
153543
126191
164770
183971
151787
392624
358776
5290927
3866537
1035334
143761
110527
390471
595574
235988
325423
180566
233942
180854
622828
362918
321374
233681
163024
219173
225056
313087
506685
226145
152436
225280
568006
315943
151556
348891
178450
397404
370054
253682
206068
116661
172138
297916
255075
153506
468394
298703
157984
118941
132979
537037
221461
179688
259587
297545
159736
160551
165776
115416
195885
155131
319686
871223
134932
181598
131968
166597
134001
203382
165583
182348
144127
259942
144454
440911
179752
255349
220425
340672
191328
153962
495975
128258
113137
226449
169082
170384
423516
171735
189955
201742
337527
175654
275385
291496
149978
229096
375958
275527
382124
255726
448369
256858
349597
302891
335938
143119
213305
175913
232331
237552
356750
481486
202805
132228
166017
260602
256810
329808
190143
260001
159905
218208
123350
199958
240092
156687
212442
296591
185178
238741
304731
1472753
171017
229598
274018
278722
223925
279918
324877
294299
468533
515829
333568
255867
182911
323143
169908
703808
124952
289635
222294
334772
991406
336493
493983
512356
971236
266117
267043
249780
248044
213812
230169
390771
183007
225306
292736
203797
161110
185967
188415
190995
323410
215058
215767
219389
165840
426751
173186
321986
284620
385858
418543
421041
349493
297951
507176
273970
272009
256047
278835
306728
194906
186693
5111027
3836113
771741
258333
511733
144286
150800
214096
246819
173213
264973
157678
355548
336815
526017
398527
314999
298021
570938
224213
254165
143788
239724
293000
166123
340319
265355
291884
256722
144175
146895
168453
406265
245873
416486
322303
167416
247329
146008
179798
167174
159358
194483
465509
221069
517275
137705
161221
224799
189369
145657
181288
182668
221281
151490
175873
150996
156796
148525
269178
140479
131268
185999
180392
344943
265374
227298
414077
219922
458437
155342
236545
320845
215213
327700
248655
147604
136557
173480
231885
223884
559058
325094
338855
247458
365465
196084
179192
168329
193335
159327
161809
167911
197214
233401
210926
619433
1315181
135685
186892
253079
391485
204428
135097
177138
151782
289351
432636
210863
415901
351164
340774
430696
259012
295716
418706
401577
166551
319842
420641
194391
468857
222349
298037
382904
183256
238257
371593
203536
351171
278053
206966
503077
525638
579718
418000
193606
525184
187429
291387
256859
414041
212054
211547
408163
206145
232265
217949
195706
311269
139245
326868
296977
243776
397128
159827
268904
248356
265959
292804
374585
203320
191904
190030
158172
156291
169039
173200
123173
318963
440883
389945
133730
222585
282974
349670
181447
194383
210243
542038
177699
703911
357331
223186
296889
1210436
245438
9642319
7331927
4762457
2263811
329957
371210
296762
238208
137583
224276
185197
284903
640962
361636
462296
337707
213861
192214
236344
141734
171202
302714
326333
204440
305283
373338
358609
251094
145359
299962
246621
266774
331964
270987
340389
175304
292547
155879
203164
494895
226363
471570
405424
195763
336717
452094
155889
200199
468542
363308
473705
282858
159670
408821
479744
226216
168631
171366
186040
270463
191353
371280
188003
328504
253705
315364
295253
130799
169189
200232
215150
177339
113039
227290
316915
200124
371155
697366
270369
176122
255403
210164
271490
214973
147097
329369
267213
386321
278406
244496
334572
215699
262736
212227
168286
301381
124063
363794
193468
238638
343201
146567
401420
295731
266258
390956
544193
420907
313273
254082
318090
229529
321820
331354
625322
637059
368352
165818
243914
334160
350782
209597
298121
362236
273260
430661
278109
415324
225264
233973
253719
250606
275815
256988
214283
226869
282185
329044
432038
167119
276630
179279
253942
480426
253596
418748
330528
281015
184537
285525
274703
333152
336783
222487
204567
395090
191849
359414
270628
763762
270050
320131
497385
192751
274769
247491
162239
212328
178132
184100
243911
319534
397104
327684
378339
251406
202328
227811
218612
148083
441889
275021
369585
501213
284614
186728
343607
364542
2126741
5688959
3023763
1269893
334323
427585
176645
287403
334219
204817
150880
285797
265681
210994
196992
172156
141233
157135
148308
209484
161425
200347
245316
341548
215473
178847
257758
267127
134134
209056
212848
164583
308003
394774
212345
154238
277029
139573
169474
220287
427314
168281
364229
173470
400453
303101
173286
347754
356993
174971
450810
397848
271684
192170
322169
355133
229949
407384
296291
569757
687286
262031
353058
255973
243292
228116
429178
260695
259970
366948
344994
252124
508565
348658
239208
157271
445531
276661
167072
423322
249967
398314
346951
224618
207581
419155
322050
297505
476542
248901
179709
190627
171388
238075
231071
734943
429312
169228
275668
342266
158659
301852
209702
219268
308495
216165
142450
249946
430905
278034
404922
330539
222273
279370
275983
286755
135606
219903
242548
395965
462741
371764
208255
559444
221809
192576
223068
249872
279878
192237
502391
150439
205554
281984
300863
181708
550172
183505
251052
151990
214228
218855
316658
207539
310847
304070
225855
208926
193949
285013
211357
474214
196437
346878
285296
256401
355074
236353
239613
206837
273206
165871
146053
226886
273503
376138
400246
324296
171346
309248
335474
143332
142428
151776
192054
372411
170170
225954
152380
268508
613096
150180
277639
266482
129686
267971
218570
240357
2340438
7715686
4648832
2170102
275881
303950
211302
190491
172377
242934
199374
306713
276341
270028
285990
659460
208911
871179
529834
149048
153089
179144
165654
395321
377053
343248
152596
155595
189402
180658
189333
142957
151799
184451
335067
184813
170112
119280
338584
156372
208190
120884
142737
183871
271727
301859
222809
179809
127763
195652
154249
147103
201338
242044
193195
354269
172998
162188
242017
349952
168937
239787
554357
155694
203818
175098
296768
389256
164896
170419
135880
338587
108486
259520
375249
185965
136554
175103
344692
142019
172647
450196
362261
266800
308742
406134
230941
278441
238409
314377
210286
190126
171633
230379
215643
291865
219889
153423
207386
301819
208754
398243
304376
498875
349239
260109
340691
427858
226329
181484
231284
365530
288647
179668
247305
452492
288131
273342
186066
466899
212227
136250
339576
302970
142447
205740
396622
450307
329797
408142
262920
224522
273486
230237
347477
165666
244524
314572
298767
285635
884578
356181
328469
622981
204758
388021
292272
415059
443843
379378
213683
266248
361897
162962
362064
177377
174604
121145
444586
228265
206067
421598
489617
157346
217187
208486
548125
144390
407588
364007
368838
674849
130320
494068
490308
197799
215483
413145
549019
246653
212969
229228
257668
549384
155010
388715
552711
725933
125515
7201358
3352638
1515745
249103
738520
188401
868034
714165
221814
376206
157216
423151
252083
364453
222527
234311
215157
194131
282565
250180
227965
249873
273587
264630
300624
445623
211951
193438
141458
414532
377115
262681
346930
188843
178966
313859
199376
294700
202135
467957
433625
490302
274277
394990
283112
401651
184298
300417
394026
300232
235515
259788
251747
236020
159740
234132
358070
438370
236753
419001
347179
347723
337811
514461
289372
195767
308776
615852
298350
287348
326668
216863
193022
215768
582293
291951
576652
429929
419823
808583
544169
175550
478749
223758
417611
460603
402714
235786
547817
270661
233505
431114
348827
371471
400822
163841
260942
297433
143129
181241
151204
204661
259280
308527
212045
479218
580367
474947
539848
261158
350744
183678
221070
265164
262231
216020
232107
409172
522236
450039
423538
238552
222220
346038
149270
175995
249515
614059
257200
336903
245096
225355
328903
225825
253453
558424
557552
183309
246177
315515
328089
144242
148448
221618
290742
155117
219055
212232
272890
157645
164771
394088
365843
260506
254018
149445
381218
405723
209281
272522
287043
351769
275272
324681
154798
181169
305373
402568
358920
317114
139316
287425
170780
259384
257743
207379
366602
192751
363903
332553
190577
208675
180133
116311
206419
249639
288168
263898
5294765
1802715
576103
350341
217921
564053
195327
205634
191786
320720
235531
206038
200433
162094
146947
380228
147089
287053
373821
412691
184409
162982
205134
208522
142885
311782
292266
224996
197023
150293
238524
140377
177966
253263
275445
307252
147352
119972
149785
151921
168796
273929
236096
182628
168304
285598
290769
251257
287494
186862
796315
306819
243853
294423
279390
365696
161151
224361
222260
288086
180596
294491
189677
310794
155773
147018
151458
146143
329582
187555
195487
191797
422869
448312
290481
285202
282127
321123
265577
143818
140669
204679
308399
401792
199255
281700
397374
204388
269894
226972
306507
234169
185352
206122
220405
207726
594475
260856
232445
325591
232680
266340
411747
316029
154206
312472
192324
400701
495751
198260
254515
274924
488317
332004
158549
192930
310490
313891
186588
205358
319068
275208
274174
160804
273554
650078
264505
151863
331103
153041
138900
262908
109157
217213
152686
185670
159350
186703
164056
172754
162075
149863
180197
159110
143820
163946
376776
150680
160179
143447
421029
283189
201596
141691
118654
194336
152826
168052
154615
128405
180682
211512
182086
259861
189372
228798
267220
165373
248614
229495
265986
257160
252685
223689
244673
227861
229579
311965
239468
150313
183743
170152
155515
233120
294707
177250
290770
115396
5477855
3289494
406917
129919
214626
280290
142054
220389
172424
180949
269280
197235
155348
148213
242745
151225
357509
170689
146477
150655
188223
245542
158319
151979
182658
260139
235006
308587
289453
284004
296295
316570
138180
149157
251904
147144
172206
156315
287592
117873
175164
196144
155713
165079
139588
166475
209343
153053
231781
185503
212663
301090
181326
201116
277159
397801
299138
638574
452686
364707
519223
263088
355223
236027
326968
368896
242909
234629
232804
316892
758222
265583
272183
108137
399080
346077
435918
546044
252232
400741
198622
321034
242482
306885
348627
609011
439330
496027
227635
557607
226497
562362
404091
412957
373990
221939
355295
548163
150915
269232
222703
339393
316285
247565
189252
187991
326217
944872
186256
245018
363763
300697
353956
482343
561877
386900
277941
204178
201019
223740
234227
248180
220092
788504
330880
213895
284293
227135
155578
274623
172774
410652
494598
467772
223920
210591
227467
404789
192078
173624
337982
344905
200183
216325
216200
139933
168052
241504
319800
219075
310054
285693
186563
325227
178316
414877
297233
268984
568807
183374
171936
199790
162054
184827
285702
219526
373993
113718
198653
190742
155517
212041
327587
364845
280585
376922
192445
1070326
711245
276764
360809
306763
214769
239420
187848
354016
206747
2318069
4390862
1850325
1154383
207229
154539
212077
245859
307974
130696
245547
414111
287569
199406
216072
244354
328245
254648
329837
503178
285793
166278
272565
291072
299460
509162
181416
291422
146477
148050
289957
245916
258213
394703
364930
402338
336256
216063
170306
202437
256895
403157
342864
303992
346421
370715
261212
253761
104291
301930
500950
186646
494625
740417
424242
338329
339681
272776
433649
805606
859093
178660
568143
267095
273931
649502
311347
271474
396818
322981
230342
279871
543716
374456
182107
525685
301462
456778
265045
271697
446699
762348
231219
270919
150884
491069
223994
296579
728063
277018
349074
270699
247098
252400
252135
327690
301618
387181
1224878
463092
873368
258589
406986
159893
157348
862049
366624
264027
640924
342649
243853
434896
398904
138362
485715
362151
476554
384076
154936
411894
310820
132157
615057
311710
264592
426582
322562
384037
173873
148539
295555
312439
179863
148353
296041
331537
142410
200263
147136
196656
274848
162345
168386
351337
207254
206028
266530
199685
135769
219189
150071
203014
199636
159083
196608
214970
134963
186378
164065
195876
172463
136178
291111
318472
223854
250164
196994
167749
293349
138931
159751
502381
238338
273501
287543
154901
303146
266802
335344
171593
387681
259238
240056
712082
369425
241570
462630
7971453
5889848
2800099
281358
116352
286344
229458
325063
281234
217391
199893
188197
328132
501402
185230
149800
246330
181133
132410
235920
193282
167207
139502
146028
185189
357199
638319
349998
544207
235320
142942
423503
356918
241502
233053
311162
351691
194748
240301
265949
323640
276500
259873
538571
595375
606480
335771
261521
545055
358264
628655
581576
669385
462788
381927
308680
296489
421902
404900
321820
591710
232035
405149
631879
535606
451663
322389
383234
412314
307694
215861
242994
379292
167166
179358
274743
396012
437566
488100
396510
278197
265935
368058
162941
277580
161577
342633
169760
236957
158141
171926
830702
266034
432117
230206
154298
323149
338940
1752846
450446
206365
350891
231197
179107
271143
326179
431255
348851
394721
187590
304916
306624
187281
213682
151617
361115
186125
423788
252230
194893
239115
356247
170882
275775
444209
174197
280835
190209
502429
236467
590522
343421
338238
656733
711870
217663
390983
278258
220763
279132
406703
265032
326467
427914
367828
402450
235985
353717
399287
537018
399679
479066
225252
705392
207298
288086
562679
145920
170134
261090
162504
694916
529997
157685
259914
413226
219403
287833
151925
610151
255754
190016
155477
329484
368592
131183
175262
138251
267313
201737
235151
392303
288461
321677
393600
162046
153508
229842
305527
8308590
7033658
4066003
477827
476973
169346
374434
358758
296229
339214
680382
335707
131622
329240
320274
310411
264993
246413
344562
257718
380559
135256
127196
446999
397362
194904
213616
162194
381459
284705
499367
175829
168458
394683
328190
133080
139906
323457
184671
441754
138953
262537
298018
197522
237734
196423
345747
409743
212940
860111
210835
608703
279589
654514
338811
420253
138538
226295
131425
391137
131115
167172
185995
227854
393760
343498
136600
137588
253150
163814
541948
292971
175689
323931
220812
251246
374500
181901
730498
259027
262235
162863
307160
205686
231917
492612
376827
353483
228324
151975
223381
253664
228454
182353
232066
233578
160409
369792
405605
257133
486786
458999
362313
162500
232829
203398
138381
278949
182873
145837
178461
260079
178935
271315
167536
172981
167476
140061
141855
122923
133703
124859
422205
126859
249448
131064
139529
160194
122600
295196
164002
155837
183800
134877
183202
267403
117726
159628
1602378
192577
240573
173955
295398
231540
232917
128365
123824
222668
222629
322403
316504
312735
160314
335717
187518
223729
120696
177450
341048
249897
159979
171081
149946
137297
147492
142299
172080
300199
178972
145267
249819
169961
244497
178269
213782
149969
163909
254483
143113
193832
203064
142451
181659
183273
141763
204386
152836
1254101
6347467
3238582
1054860
271428
199480
181606
163338
213916
277680
208118
183223
362188
185395
160546
125914
276889
220079
180416
162617
192875
281066
183344
254365
297400
176188
434006
374038
459222
277199
394085
306354
194739
345523
534854
246989
226526
396375
200042
198397
478895
223131
474595
421731
413358
472549
301251
323863
496673
355600
537058
344497
369560
568895
234637
327282
336907
740131
464748
279078
445418
353657
190678
619042
435530
176258
458127
310021
239577
397319
414874
680040
437987
314002
355719
351735
337944
411228
468341
436330
257754
402988
347025
398982
494692
507792
457055
279518
663194
350451
268025
201566
138626
335668
194886
610448
534681
377076
279686
302266
375010
536198
297391
428390
376363
317146
405239
231473
328289
492486
400034
265659
283563
352417
377109
356101
372047
376800
362500
250090
213460
350396
137614
410213
411941
318306
222211
165510
234792
298996
166828
231071
314034
611033
182150
161572
135355
130005
125602
298586
157693
1262841
244800
249428
187736
317606
629874
277166
190155
498548
331249
254717
189897
157554
140931
137074
163408
200251
269737
189893
238464
182025
156051
187066
149740
201743
377316
272921
171909
271536
185187
262681
193089
247284
167462
416755
243679
270732
534990
213921
279765
280519
300697
153097
224835
295140
136499
181241
7874458
6658204
3363487
1016487
287059
135208
248398
153116
532963
139498
214642
262976
242125
195971
529743
700604
203686
164628
196220
151754
287643
178626
265346
302007
194111
159844
282994
177948
199908
171103
190687
178315
227728
203764
163813
249730
277427
149091
535810
219152
254876
272753
156857
202362
280652
157159
297863
217833
354309
127103
136552
269517
311695
244479
244985
251770
206105
261624
189966
146745
178608
232270
153514
162242
128077
335589
283116
189684
308963
127005
325128
246780
288747
339809
235108
280588
241989
304369
1059408
726072
508775
430465
286526
217652
949201
421555
225081
266679
327383
339605
523841
190711
295565
375031
171243
233639
370322
244419
849677
235280
405847
207826
156954
214740
252743
349759
344064
283276
168795
170751
187379
258136
505464
151169
210190
310706
197986
168345
238937
224786
139237
344723
277889
171851
411009
325801
262722
385945
192598
215550
189494
417915
231539
325571
410842
355124
239105
126922
365655
350705
410575
213772
173826
295392
169587
401185
368836
161980
220547
200892
441690
180098
309056
331809
223155
173651
211263
222285
293162
328213
375926
279605
278793
276326
289102
338127
235790
184576
234459
228585
193575
638719
348995
448947
422957
296272
208149
278276
750915
313287
191927
487462
476636
365243
224842
365728
271564
248328
1353329
4182809
1709220
343202
264022
200115
255037
348634
208886
263541
870639
954435
306869
501819
318185
283345
185020
382504
561244
339263
170276
165070
156588
213961
177980
213250
156384
129733
162128
349357
134986
355566
178605
420925
253948
180299
173680
179854
127056
219757
203897
221471
262512
182915
187448
211519
688211
178604
200794
264496
281733
782728
362235
183932
207866
182783
309507
303476
283743
506854
250854
190875
276555
450516
323597
270476
187520
192452
254342
271830
186646
256834
169901
152358
225226
150335
199872
177708
165826
479171
174633
166559
162402
159359
232433
248903
251645
219172
542279
267830
392441
191637
197143
213367
323724
518557
402634
216759
155672
231765
228633
190760
220308
165214
171201
328927
242847
151066
220327
249039
179345
265747
237456
273257
433064
165283
173413
349594
206785
208525
277797
297665
176737
374326
229945
159012
379969
239889
317794
189948
246567
168884
272448
191002
151193
175552
167652
203005
167076
212298
146950
164780
157383
268462
195818
166177
244184
137931
198701
266997
127668
189864
292912
141591
340680
297570
191191
215104
222196
129331
179642
152541
282849
157684
312904
308900
148217
150200
163486
226629
435610
174393
358777
304915
159525
399109
312844
149447
353284
231135
158017
376965
184779
459109
152460
344947
156042
433203
10661835
8957948
5739444
2949165
643044
751679
378727
225676
252834
517685
524358
241122
488191
432110
367476
255912
829468
235016
501823
388079
377954
325434
641949
328698
469730
423133
278224
485604
428832
676063
391057
510969
368564
640706
225914
494300
434604
589184
375534
320995
363764
355502
550736
424906
457503
524778
285883
530055
214060
280303
434477
449528
323518
361478
269738
220949
257279
293544
205844
214407
260112
455948
211401
225648
349931
333610
585788
146989
399958
401855
328084
308126
358818
270938
305022
356180
322719
332788
147890
423715
451234
394888
373764
181806
316687
377969
132664
202520
304038
434614
342649
240332
421042
370143
333132
298640
354246
455003
393989
309872
325439
201907
438143
246422
512031
324043
471653
292025
163182
247127
219178
242980
355926
241007
319438
582979
297380
383306
229966
306653
218456
499046
180843
300934
240235
429943
512538
175334
364043
279296
551849
462363
291661
271355
432986
560728
375514
146104
401991
1199300
395220
314331
185341
218067
141604
334895
297735
219024
150083
205272
235385
369282
286830
363127
274610
228720
228415
262259
250952
138019
286062
231496
245676
288146
174290
309968
124407
174201
217873
227207
279213
315013
390384
159274
349314
235716
188437
269125
401804
295706
157050
558294
254655
443458
376180
193155
535555
870960
5586164
3308917
1777627
304612
257259
220053
187001
215794
238136
544878
647437
274267
374218
276343
283726
331909
206562
361525
238103
336206
312148
293352
303843
175539
523286
161490
269099
350462
352702
301723
260351
433569
368009
607950
188727
237321
183906
206871
333553
179631
202141
331083
193940
196937
161819
146466
365369
237334
213897
612811
217573
260856
138697
163442
352129
183634
255634
648460
374831
129866
215648
182889
198343
321549
177234
186600
387090
190045
141966
246395
345484
228035
547885
317955
162019
302140
177653
168796
283619
228686
334280
188723
298934
370235
685649
140287
248517
1078335
158551
146305
292008
296944
283955
344471
212316
273303
375018
139132
244675
256326
196355
180559
303084
122761
172930
134566
141750
157830
159604
142351
118986
386057
192887
298467
181219
188328
253390
150654
234957
152601
175727
139045
146187
175150
253942
173355
239075
460621
474739
147776
371887
556883
428777
223052
131558
193608
230539
186124
299167
331219
313772
370551
182904
157588
192504
172145
154567
318276
279146
449200
215016
294140
447717
330193
147115
155233
177728
211786
262000
353308
183795
201563
243550
155197
237435
232254
322641
379924
374136
458733
248026
221984
210760
329447
312537
157222
296338
380106
402472
234622
282689
350595
387416
316148
304200
245159
365453
1911694
3974937
1912189
584723
328206
308397
289197
227710
225917
197181
232609
422939
377547
215648
327539
208917
214441
229828
192024
488150
406234
369344
162453
149711
299908
192309
204634
284460
155230
256308
159381
353145
188046
198745
208026
216325
179279
215369
172896
333510
126513
207001
458827
198050
279994
144268
183610
150319
168080
348636
131150
265075
161361
145344
240760
237159
291145
224080
183576
178875
176990
177142
351643
381028
320923
202381
304650
201519
203586
217669
271744
159761
377124
304256
203296
218624
223554
177449
188052
359394
129888
140256
151625
130245
162513
206924
163432
176141
134970
197257
135066
136424
143146
289410
149585
197912
207164
174767
142676
290140
203244
135665
282448
173694
184216
196282
197719
269662
318137
328675
148326
373158
255348
163753
184367
253137
282242
260067
296718
201850
222922
445789
270259
234842
232559
218979
423959
154275
199161
188017
153372
453873
495095
171958
444469
344743
152853
256825
165068
118829
117620
205151
159027
196848
277011
176481
201460
146309
167163
164894
165029
240592
148279
138408
246502
249210
212665
242076
191910
211276
211044
332288
194099
190022
283058
445901
223045
174411
205265
573037
247479
316948
136032
207551
160971
188521
193035
251785
183767
171950
280154
241201
149432
238569
291280
170231
177970
192670
7647656
4731938
2196636
248345
243011
158632
132045
197540
290556
246018
155909
164099
134755
156877
236089
171431
435325
279789
223437
128537
277431
215147
234725
145979
165567
181140
294368
292237
194238
216109
388013
397837
203042
313421
275323
347503
247224
139302
177564
353624
137306
176241
168953
519122
239286
207319
371972
350606
125161
162097
226498
304821
195152
169444
176140
147199
134622
239299
193258
203520
349825
204396
258588
464076
317328
441065
292547
171444
175454
197501
230157
135422
156038
201649
187675
191725
373279
209087
243696
410855
196004
407092
190617
146826
145181
234697
338521
349924
480568
193842
355935
191695
462711
435104
237893
129717
35501862
31469679
27464866
23433726
19388934
15457906
11523926
7579418
3664869
479606
289916
634316
324467
187556
329516
425347
189911
351547
572897
518394
460495
398729
182294
195557
469397
410776
297582
295631
199866
193554
314409
236791
279792
178618
239161
210460
33636885
