1663640
446770
424968
252743
328916
433329
371831
355108
243218
243742
181318
406254
338526
224816
282716
288388
293991
341503
350197
293904
349916
277411
255427
313594
229727
418329
210456
404804
344744
521441
300227
271440
336401
301786
231383
46629541
43432797
40707022
37556710
33750571
31846212
28638310
25415053
22595097
19609214
17916294
14980898
11594623
9344742
6747184
4276517
2103272
1631617
309212
225889
262458
298409
333398
298285
541943
218325
341575
214743
250568
255075
353295
177796
497641
257563
292885
193223
295500
382491
318785
265109
392460
399720
280296
284029
264063
192665
487792
254837
323862
277102
333651
372218
283447
400764
305406
320245
403272
240364
247476
233780
390768
334275
252850
244084
463937
379853
294412
269428
259027
240593
823224
215137
260264
351210
337635
346586
397158
321650
251332
311927
277525
167103
281705
261844
259438
312037
250831
277445
296091
268724
519245
333928
364175
329733
230333
447423
372414
303016
387236
314152
487611
376087
337571
338170
339831
291967
287946
327901
323159
216408
360678
296042
305809
193823
186109
503052
236313
185882
401155
202431
356222
203194
186016
353623
354206
307940
231083
194947
3969470
1749342
213911
310363
416331
208069
263721
289911
336232
274351
258625
299895
239571
295180
336477
216234
242649
270636
323626
294678
585348
189989
263396
319928
231314
354202
354337
365347
355445
303700
208353
204108
205705
225444
263360
304857
273807
237065
322509
273325
641438
224083
288227
301892
427227
450688
222536
267616
284734
386439
294453
305816
268896
335571
186182
245223
309131
407462
244130
315440
237911
192824
214612
237787
219159
318901
214926
193410
357397
195868
250691
270163
409980
440581
198259
275815
355371
249094
308052
276865
261242
230176
254085
267827
255228
291641
245219
252727
197291
213863
273035
197396
274629
254768
274380
197294
262268
405457
321796
459703
402956
239615
291706
225166
423597
339221
265520
271637
426108
296450
391957
49236917
45762758
42857842
40677189
38225047
36712301
33387388
30169539
26921287
25140901
22849604
20729853
18332314
15554296
12002418
8463613
5419871
3036333
779994
256388
289100
212015
395778
316025
283689
175460
254306
344026
307154
194840
295118
239595
185470
198581
289045
230723
425275
211100
212041
281406
311717
339478
274077
237933
255985
224519
172159
243616
259112
219416
288838
320495
251910
286798
300957
190090
372767
324334
957418
278490
369383
363595
301197
289073
277392
370617
338636
340892
411901
202009
341502
227973
335341
257761
5702371
2783182
1200475
222093
255688
314350
359956
214315
329805
385203
178731
319267
386126
279398
214262
352896
269899
286451
247312
300012
298110
384174
262890
258939
203993
450636
295924
327419
518946
245284
289400
230067
297554
261920
266657
229264
219981
245271
251632
294298
317358
212720
339215
181592
241819
382780
251273
238540
176491
231127
350072
323745
358451
206561
255379
301025
265626
199502
246198
348191
269188
470523
249307
230934
237675
279334
225798
267964
344312
292747
221259
247738
279451
260228
260897
265695
292549
260666
183819
261883
169124
407028
305188
275930
215723
299146
271416
603782
242203
281754
269321
359497
235477
257168
408726
233136
231094
428067
265817
331076
247561
180541
202492
420535
282679
497911
334780
471108
204438
214394
292732
255879
294616
236227
360144
264878
456655
196608
293433
304286
234087
266335
247226
330173
224503
364907
204037
268199
212286
469916
175130
273717
238942
239436
370749
239896
239774
340265
208546
212952
232698
224548
189002
300502
369714
228873
272112
193481
207366
380819
257730
220462
377583
250289
228096
277545
227036
341353
245032
206610
169834
301081
213673
337419
292665
180932
48179779
44805593
41577154
38508246
34917324
31972920
29027847
25662791
22994849
20349232
16477598
13719745
10219113
7126955
4830195
2530974
1878932
1227323
600876
350316
162933
275708
462017
234261
1901610
244216
636841
233541
200665
739692
239982
227394
505646
292953
339826
212746
189729
197224
413947
205310
208257
375325
293069
275270
365748
241595
294444
240369
253341
255512
261890
377296
289376
833497
302796
209166
402586
370086
479353
270036
241844
328823
243928
436953
279444
210848
224290
242013
269528
242027
297651
284356
277588
393739
293349
284416
223613
341811
282605
259023
335818
188654
261667
289043
193698
240457
236921
249639
347053
230658
219711
224364
232829
311759
228644
192725
360367
354195
244711
199941
441019
227842
264995
249487
329823
328032
240447
446483
215266
348070
310124
410492
331641
365980
227302
179685
221893
236434
219579
212610
268675
194562
234254
202550
407441
308098
241753
404762
385612
574691
249542
248211
241377
416054
318118
277438
423375
408569
252169
348570
332896
220843
322446
424551
471264
309928
392692
247980
512935
531772
588248
362146
224877
248993
182190
215982
263130
269311
350602
319882
216531
308461
241195
274935
302000
214096
224172
232819
398702
219586
231494
229871
326587
306952
289250
341198
249413
251910
210463
226147
252398
293992
263092
244280
303827
404365
552084
290553
373115
203001
457782
277583
277705
238914
208047
434168
309931
248493
328248
447201
458426
288247
270303
278565
289964
310619
200645
262049
317101
406293
424281
220103
201281
358429
219803
4658101
1057584
250012
473991
376203
198365
236575
251214
314459
298662
306207
343431
345144
270644
295929
256638
290004
297850
188691
228711
271862
270642
321905
300125
430702
46487108
43671285
40790749
37187522
34972093
32449123
29638177
27510349
23893697
21421806
19147935
16110687
13354983
9643215
7191079
4872650
2206745
939803
392042
219017
482851
315415
241577
358437
337212
284973
241017
281402
333879
204305
285565
204456
394740
285705
459281
235441
253773
377607
239908
386949
378135
321173
247287
344050
294156
259692
185628
288815
242276
365658
263153
309306
231736
258883
318636
308519
376451
169524
296734
279069
265631
197157
298060
366429
181789
174225
230121
377183
228812
273838
380771
270745
253013
345056
356701
256815
269567
393006
288602
218141
192559
417938
241284
277636
555221
430832
304583
233457
343319
409566
287869
369150
220972
409606
268602
202022
202909
276120
295432
173890
166468
184632
205896
215601
386349
303434
228061
169026
265137
200625
316217
612810
234336
233606
213509
159467
294867
221041
210786
185418
187315
222047
296026
285225
370390
287371
205580
235417
268399
353320
257265
316077
212585
208697
407493
233269
342124
246693
193372
240831
319954
201743
303979
291330
302079
421653
312700
350893
296852
212226
468319
229316
287255
246194
209282
253574
350007
237517
233419
214317
238991
228866
221519
251115
219269
252867
254499
367431
226257
145087
374668
1573337
2363670
1128564
297047
260504
226136
349844
299998
280935
229917
326387
258221
423763
344835
261695
164497
274351
253949
241305
192705
304801
249466
307678
222410
240341
278665
233651
178672
277767
360564
253106
196720
265813
229727
222216
400229
383134
333704
251379
232348
378623
363243
222183
300217
279895
229030
473849
225742
285378
291466
245087
315886
313641
211047
210845
304766
222087
295726
489019
186357
192058
279336
298686
269739
184969
351268
227897
204155
49126102
45533782
42378649
41349225
38647413
35737514
33607594
31631554
29135608
26276393
22969528
20543766
18364364
14911735
11969003
8194627
5236779
2001816
495700
288641
249296
280891
320588
250105
348608
284315
197885
207688
426557
405095
370193
234465
199812
274814
119472
306235
233368
307187
376650
479640
271511
227513
252013
252117
252519
246445
248465
292782
36431325
32498277
28598547
24649367
20711247
16772858
12873166
8961519
4991912
1052092
270009
217352
459473
299868
403887
240505
352955
162299
260179
215500
208624
173972
182444
340313
298732
172350
282560
357453
159650
323733
336563
258442
156539
298121
327813
182307
335777
215998
366018
190725
184497
329168
234259
207822
236159
255156
163735
239765
330849
216141
158044
383528
222518
311811
260873
195005
285803
191856
181053
263019
296611
383827
199229
415040
256337
331625
308607
186200
193685
209019
205624
411074
286868
244141
195429
219431
230316
225152
140455
176132
528726
221670
239877
519924
248847
427165
202950
370878
349442
315320
309336
276549
206208
528470
344849
201865
161141
491116
253247
252455
393829
235779
189169
268009
275584
318187
252998
207622
261282
332484
336955
195986
174300
153970
317560
285350
157659
292393
213719
310240
202022
208902
219136
228303
179469
172759
215991
291635
249571
390809
373284
197656
233496
232198
287234
208486
293659
186811
291207
243041
211258
355941
201910
270699
406042
325782
211512
198655
228486
399738
212920
220538
307916
186333
181585
288826
215934
223788
255744
166347
254214
201093
261342
237854
191424
200609
184215
297201
236311
232353
158324
260475
371339
254595
213248
273826
180888
299915
338245
313058
277175
280763
241038
412103
250073
235543
235096
202836
268341
273627
248164
252297
48471749
45082883
41787010
38003668
35476212
33721921
30655116
27712196
24442942
20888944
18184253
14420977
11728936
8787527
7474244
4492405
2180484
1880721
276414
167420
411983
274453
217436
250263
236929
225947
249720
366779
231212
260068
260593
261820
381229
281489
211775
253129
1120337
331898
288557
273530
490798
308530
595270
215998
740806
195831
202381
160908
315914
244293
291410
142139
285949
211174
209109
209571
269740
207028
394718
243801
269074
345606
226439
294851
254474
358101
328381
302436
238562
210053
363448
329781
208974
247269
251868
192429
285887
216640
553781
405146
254308
240695
196249
182347
243555
238486
400263
257290
441447
220838
283664
412998
2230765
355182
259253
259270
275578
189826
193306
313495
241670
175814
324912
312761
400286
283234
203031
268083
297437
373440
243278
251903
241938
289205
179143
215760
298470
258434
158307
354466
292682
260114
239622
205629
188206
237905
174699
395758
190684
165127
380147
343488
244135
173580
285272
211741
178991
295026
294698
233756
262235
422067
183236
259743
239157
313244
219165
261418
277305
347683
216461
248458
278181
147993
252342
294326
211258
276187
238235
275279
217932
248490
215223
248771
274229
325622
186235
238436
236227
327931
371727
386127
323105
187700
239003
255086
201182
291909
220915
224244
163004
207460
398096
188144
228459
209522
202426
155987
216806
358327
318575
285429
282004
284152
275015
244363
246376
295606
170734
250459
301199
211978
168837
216378
172451
354155
355545
141859
205586
207617
197049
662633
385019
262626
196607
250715
178096
176100
196030
580347
330618
441648
206974
272173
306069
352771
164729
323892
250153
210807
268700
283846
313831
354744
281258
212129
440982
239159
282779
457045
46834355
43599590
40824959
38545756
35987418
33647305
30246585
28213489
25362961
23304450
21814060
18800680
16119070
13437563
11341402
8762676
5437974
2610593
215350
289461
236144
274971
215720
132146
295010
226918
178494
309163
333388
213181
270531
247093
187368
240725
321817
197590
188065
163209
296758
195969
135602
248824
432983
324288
414561
171594
214175
292491
342834
444347
201535
137615
331001
2026951
664275
197004
173676
329638
177636
240623
410773
230412
314637
311289
183398
275612
331402
395900
141788
153921
235095
301183
210599
243303
291559
382945
220340
335573
309153
328391
235511
237805
149357
251697
323434
219433
281335
236328
274347
261138
206867
184082
228762
193414
425226
243962
247669
224744
257874
320195
229004
236660
293588
291237
319647
215402
462123
533089
191410
195162
298650
285006
305068
321721
200300
195674
274694
177756
292063
289910
239961
188073
245820
217682
291106
389876
154532
135400
248641
139564
447759
268340
485781
288314
209823
301053
177531
305687
221385
197187
384913
186853
249181
186421
265899
269501
395411
229844
177978
264359
213416
303235
268673
164327
220128
301172
194991
497912
167604
163062
216427
170747
248130
206577
397936
301440
152801
210768
343914
255813
270902
158352
158743
225104
321077
210349
233067
211080
295084
212723
156959
364926
334970
229965
132151
162717
166128
164632
187523
207615
181934
243504
286169
190086
159845
302018
415605
232267
330269
179024
234157
189628
253049
206247
398133
563279
205474
246808
166687
193952
310394
246219
179931
471815
254529
249592
222242
186456
221100
177476
286573
290027
198189
252702
357857
319210
195403
206577
219726
198954
419779
190051
334044
311407
196891
250151
316645
204193
221587
49369696
45465575
42254616
38625950
36154479
33032603
29182290
26889501
24414766
21115735
18916932
17651518
15615655
12777786
9691309
7116978
4103817
2200239
277754
316481
177705
375582
270870
188728
260533
282338
241721
358173
232462
286076
240406
205226
294930
222036
329582
337525
215447
153112
229260
308851
320149
223550
285815
299687
326215
257135
224884
310565
263535
201736
329410
231568
466878
322171
386296
186449
380471
249155
298711
221456
322049
184497
255579
244665
218992
502331
187764
303497
321581
309078
315691
423633
265856
212817
245384
211958
286613
360560
261361
227436
219302
186592
293251
170144
215728
212286
221589
207251
129424
204012
459938
251488
251125
180167
336581
302679
450205
223734
284626
310750
253237
212891
175400
327325
209517
294626
215738
263796
438203
256695
344020
182178
282213
187013
245124
253309
284452
251944
154107
312107
138766
323470
209380
255485
420319
354495
375387
190233
195470
473379
278984
262630
352980
338772
149897
232782
196395
232691
304244
231432
219458
263321
296853
280142
306792
268222
260670
461948
174550
547208
335476
181529
319675
317502
197033
156668
431505
230329
127371
142855
174522
224694
220696
239804
137262
288228
298945
213090
232325
272538
294133
156912
299069
293152
154054
379383
267190
259509
223692
172586
223868
312963
274136
345843
349845
337669
164301
383951
406087
240128
172936
349960
276833
339837
235606
184163
176861
288542
255562
305675
222947
178552
246489
243648
413440
180194
251020
249348
178148
258755
163308
194786
232518
209801
4329271
1232361
452174
333929
194834
184047
212030
181704
216179
326665
357172
275546
222659
192747
318668
161719
236271
184338
214482
203061
189727
193410
220436
312890
221689
232194
48412500
44756991
41514111
38273598
35052062
31955569
28330428
25382534
22985581
19812518
16461783
13432472
11545616
8058789
5786710
3704142
1852503
1143362
505864
210332
230627
287513
332202
264222
171114
194145
228990
217763
305384
396593
268925
269246
438235
137529
206935
298810
328366
192501
366844
350713
278857
200989
258917
269616
238784
234264
275808
209897
178366
185009
252427
286234
260038
288995
206422
227044
378304
211648
274182
167071
257526
322658
366381
308482
225584
322631
228664
165761
268158
528425
196422
282390
223300
188683
172950
302677
209972
245864
317221
276461
257469
330279
304461
321477
185787
274548
278127
214539
192185
227649
301561
289879
504531
465930
300301
303397
168130
230732
319055
218058
365407
178020
180990
168097
256463
195292
207335
215859
329870
331687
232104
268722
386723
207362
414041
222386
247247
191405
213195
1356780
255929
191177
283823
189697
190269
253501
196408
227530
229848
212472
289336
426310
227148
272535
366595
230702
225280
242674
224818
221448
233514
209877
374548
345750
200240
219302
334238
202665
258710
267575
359067
256021
230204
265687
203565
454988
369790
361365
240584
240591
420732
230720
290544
249130
177109
272234
200099
200591
465738
256421
220157
183625
210159
256207
391212
280602
810085
3931273
1226133
349411
240130
238702
261160
303658
235087
253513
312696
214623
327957
235644
196625
205203
409758
329413
353062
199066
331978
196834
343882
348907
209426
188059
220679
187814
344807
377616
191982
250473
206021
247687
367702
445401
238257
234664
311220
355064
353780
352966
340567
409093
438492
214028
163931
245546
275379
201600
180055
281406
140240
348705
262608
230406
148061
176655
155301
175151
236929
331063
351830
226648
47036290
43555352
40401597
38109110
34825988
31396800
28782967
26629820
24113834
22041627
19441372
17413407
15398578
11918045
9619111
6918563
3329502
712271
242278
209199
222737
331046
201047
190882
414411
302034
657324
251463
259628
289410
301960
155622
258424
262943
366668
370013
284358
227417
318915
229249
203361
199702
224194
361612
235971
179112
396494
240592
322094
193611
281622
270953
188195
217826
304146
177595
344561
243298
194181
389874
245910
236998
374178
214966
301989
228479
348463
204311
280652
462526
298177
263227
237537
165909
221219
171974
260222
203574
222536
244707
169062
181549
290408
227150
251800
171893
275793
288815
285410
234960
314278
211048
241781
353267
159458
458367
367455
286802
189096
209464
326075
199853
292544
197957
354378
177460
205813
166253
246294
302452
211858
264178
431772
237350
309535
208131
188570
253258
277774
174148
260229
308647
399409
266853
199252
270457
190403
356526
236789
227065
264829
343558
321649
358652
240619
268149
348467
287645
242397
156881
3972511
1943249
246988
214833
339957
268714
173136
239137
184282
159102
224005
261611
377787
253417
427582
182346
256074
225603
240041
154868
246621
323231
235512
137833
271015
297474
296865
296657
395137
216330
310840
227301
222121
221900
266973
178951
249571
329140
221861
232836
225379
273259
175337
273097
279892
345662
234023
206971
306171
254109
272046
291664
225578
317866
386142
170745
218851
330711
365291
153990
232231
325867
198422
232717
316770
220277
340742
296751
293110
151114
304067
188568
236285
179413
254158
421103
218464
152366
273675
173084
258402
250161
243916
206715
297583
241209
278238
275208
245263
263249
259724
355649
204145
198121
303350
391175
215259
254770
218876
215881
45777831
43126370
40302761
38075695
35724876
33658690
31970818
30312001
27508147
24985467
23009256
19594325
16335208
13137261
10502257
8068151
4747717
1891938
268254
451092
369200
178786
397868
256350
459183
361813
193070
263528
264805
335513
358225
402150
194694
251200
354765
294245
342721
173391
266372
235670
195467
199285
136697
223705
320593
223253
184595
375621
335248
210087
236661
346942
198792
194301
178977
263793
236335
224052
271737
276466
302982
178359
351247
310901
190624
175084
251294
250368
243020
272028
359817
129514
261186
182602
416763
335635
287829
207932
163277
403176
362926
279587
253736
200894
393654
281724
257979
220899
431191
316408
347870
132819
254384
236684
239774
205324
400851
194500
212223
364298
250681
205533
5556211
3166368
625129
271670
244353
223592
309030
401343
298381
185963
250691
372577
237071
159478
271051
265114
186341
217608
248233
234000
244856
193624
257834
191283
174814
166890
156403
217784
254506
193931
255866
220715
223118
443945
236273
282130
220083
156018
184277
287912
234156
273168
556287
174392
182025
150877
254662
209208
302503
335473
334893
268011
185527
279726
204211
253433
355615
282352
295514
419994
245669
201902
255647
352162
229921
256633
308164
256503
199016
262854
177183
162575
160505
214020
223749
202190
278862
192006
350823
188526
297521
313144
261631
186389
277712
260749
192950
236903
257431
144737
352942
341340
217506
190355
248222
177765
246253
210302
224510
188220
292741
211841
250461
269486
270859
228960
395230
375830
271422
218073
228859
207472
185737
282066
264810
439903
211281
239070
288253
383084
440481
249604
230911
297507
327854
307826
249225
181867
249989
199417
187296
451491
134393
201730
280747
359685
398804
48612162
45338984
41767165
38789438
36992888
35067132
31988965
29626440
27520266
25746848
22150705
19316895
15656019
14018288
11995159
11144674
8908711
5490153
1541461
259162
459743
268035
229855
157715
245766
191467
231725
914121
201921
220336
387310
384651
201739
243723
382299
267595
412022
483275
156006
157014
229294
272047
359918
204449
252268
151670
242431
356392
294642
465587
285774
375440
173921
211813
206260
234573
196515
234658
185329
351462
381041
160147
204396
435075
1039357
4646194
1082777
214452
322182
362876
351204
393733
311509
309069
228095
266972
301745
301774
352316
242099
327785
187781
197002
228204
225398
325032
199676
282439
284482
340971
279088
181523
308851
255198
219328
281547
299425
183488
191438
180438
297631
242775
274099
196262
290928
252466
243543
252101
330005
212835
272649
298553
294822
157210
211062
256207
243552
257970
332669
300789
208365
215732
191395
308990
236419
283445
179593
226714
401617
235154
196360
394276
211236
319590
282182
335557
289664
406980
459317
305110
319459
225943
136806
351225
338407
225073
301635
220788
288856
219792
161648
184633
434816
413749
432860
226707
239976
231114
179571
280617
284707
264670
232856
245809
390391
496413
174590
194492
311828
280335
301063
272113
104834
287523
375035
458802
263548
182402
185018
250238
186907
234740
166581
188092
211889
251638
272905
214560
472375
242583
266121
322601
280024
319413
268138
190725
244205
448647
176483
154122
197412
246509
245393
257578
237401
204489
195271
254843
306711
343664
192573
282269
180300
180021
386397
349618
162707
293029
264118
216993
161001
356017
295187
131495
628853
180075
188563
290917
710547
187547
159866
326488
195882
252793
132698
181911
196432
214795
225680
338100
47827433
44462754
41629078
37979106
35451292
32542760
29742716
27883963
25375104
23535395
20818431
18013189
15616829
13608547
10838786
8198483
6070192
2628709
594561
253849
227501
163577
415039
299663
700011
3276408
1736405
330957
197479
293974
342178
223989
240265
263028
262217
165778
215204
294793
387334
196914
296163
576875
202245
296545
351548
241952
407088
295657
200547
246624
210431
379724
228034
235848
216103
272900
264166
307148
170112
334350
225958
205719
385150
221766
294502
254756
300204
274266
236783
237382
206960
272713
231137
300311
304686
164629
217061
187705
218540
157500
189276
141586
200192
269363
209194
219362
188187
229571
248651
258462
336436
295250
226202
245877
325356
231233
331206
237400
197882
355722
221848
212696
308591
542449
226778
269826
198615
208086
204116
275727
197400
339849
464644
307373
341240
234591
271870
228976
169750
167086
192537
171004
201540
218488
180491
291419
146979
241001
245353
318131
178844
294175
274403
308408
397208
342749
171111
136091
212482
258250
276111
284350
288458
358268
279148
472724
255242
173368
357389
179603
195520
340408
339909
314694
316641
306534
406903
244556
265615
244140
288169
181905
225489
159792
255806
220879
185731
203865
176988
267497
208280
311937
194492
254812
324275
493002
230968
186069
301682
196763
200711
407208
169163
250135
295988
275696
341641
222690
349227
218745
316685
237019
160676
284028
331457
155671
448042
181483
225828
188055
213795
235570
265286
421997
395050
253477
278859
451807
185485
230392
266303
301858
277559
169154
306302
395856
302723
350487
196114
281411
251403
250185
163865
311884
4049298
1504903
157154
258636
234818
307081
180542
346327
317851
261302
355671
242760
152376
216367
380666
352662
46280495
43618959
41133334
39210963
36901455
34141259
31505304
29159911
26942606
24588449
22231603
20444568
17623344
14686682
11999733
8462840
5492844
2234506
358829
161354
233587
197779
214279
304027
164942
332341
247495
285394
225984
221237
195406
227083
192762
434871
162462
313374
438589
372140
263874
145276
213624
281009
279991
286519
146600
171493
170193
175516
283312
360076
193953
156669
368382
257650
207311
350840
189421
276154
211507
304549
245465
177380
209801
200441
188541
262916
204556
151601
265287
176018
310601
341637
209063
327204
265950
322507
223726
324865
162198
175521
247666
218829
364316
256447
426342
217462
153285
207370
414084
262043
159700
169678
154738
168190
228558
204307
332109
186294
227672
421642
301758
375636
286588
195992
338033
214391
240586
257824
217300
304053
308736
235888
169701
248085
159653
313756
253373
318316
267485
313581
355184
234525
269346
230696
270298
260526
206867
151234
170142
147355
229906
272271
294473
205510
273463
185284
205750
186900
244766
192102
365460
331475
258430
217073
398678
145523
295648
296721
299540
156924
296591
207250
212626
258332
295858
162611
241181
306741
211795
286318
250595
313997
175008
314837
241408
287340
198637
185209
223709
286900
319686
285812
275623
239376
175011
417840
195608
265388
250805
272166
275537
300091
154931
469233
155997
229649
207580
221094
2012146
237686
243728
279019
304005
251521
292265
274354
192036
271183
141063
365305
215118
201368
159957
302569
192757
201040
209853
289728
237641
191778
279027
442647
285064
124292
202793
169588
209508
187049
163350
252746
198837
200419
197301
186377
400791
437547
210922
199416
370579
204469
156257
173715
267254
250515
350668
248906
171002
267134
182945
49050019
45168600
42036038
40517977
38605238
36333550
33900681
30904649
28273195
25369933
22295323
18690716
15785618
12031974
9624002
7411964
4514271
1454956
1049137
149550
192593
213408
473520
359955
186834
233098
252635
275507
243377
232412
233192
181570
246983
290209
198434
155693
217637
213722
259655
214048
194481
217041
199124
181677
405517
481167
267974
272561
257927
294575
182483
204797
389212
341583
245728
286034
253229
169026
212332
209219
341106
291724
277224
324613
199887
280341
170324
320504
255462
378912
512877
237207
220440
175896
196318
323559
274762
306322
241436
257469
291425
260657
248273
292392
230675
261411
367521
307311
178130
205046
206815
171128
184287
357869
314662
254373
229072
290745
236539
175412
133751
451949
351659
283766
213458
198508
290206
167050
296637
291544
239366
185589
234574
281196
166732
257271
413599
257618
361807
334015
251388
166781
404664
231888
278280
161290
181370
182714
168950
231225
256519
387976
257624
275962
397840
271713
230082
222714
232020
624109
324776
224010
257061
213556
266570
221023
229368
199681
201920
156147
151209
372373
476767
953756
817205
257750
232275
166008
217068
202397
152795
242262
300877
234346
162812
260296
331298
200321
259575
180042
184228
242321
299448
376742
160904
353340
281958
264024
231577
225890
197302
151890
206823
464943
257956
178620
308123
280991
234731
227012
381654
209502
379653
417955
338347
518822
297751
166609
462279
341956
208230
320445
614786
305116
331243
254336
203122
339937
639416
198888
347751
308175
206065
230389
226715
325785
297131
222284
229873
291247
202271
188642
296328
174458
304286
242979
245432
169400
296376
164231
347899
356727
322458
208459
432937
208141
327082
386985
275492
202816
48188322
45908735
43342061
41467490
39117763
36192046
33841408
31271061
29600535
27030025
23675988
21227122
19242227
15962567
12368642
9697020
6532539
2833859
978016
277652
282412
316328
176715
168807
271579
279980
238934
155464
306574
248956
239997
286211
242900
305993
279762
305012
281230
307445
350520
192609
454071
136176
299795
139321
374504
306271
400545
286557
309090
218610
317309
295348
250914
200437
250646
172790
392267
223270
364656
320720
379485
306809
366390
219639
402675
180494
278193
182139
164211
319792
247228
185883
227724
492855
203718
146272
374409
223064
250176
203019
169703
188541
277342
231933
239342
216200
303713
305022
329381
237565
229247
254783
444775
242266
299481
184142
411765
141911
215165
144871
377076
184009
233696
241487
175237
209030
160401
194688
285247
319574
369948
229707
220698
336197
216187
239582
133959
1052325
525601
261283
334392
261135
454045
205515
292968
255808
265320
239483
270372
220307
271815
182529
441276
362944
324223
210225
276562
410686
447847
346693
231138
236986
145780
253929
199910
186067
202023
199543
348158
168235
199527
194921
340414
248226
239121
279199
441337
264171
208518
392844
193271
271556
222378
183061
287514
193203
167161
279747
276737
192407
411673
217106
182110
151401
253333
270621
285384
251376
174872
154645
288561
263358
365079
198138
323044
212845
203217
213271
140450
187250
203625
211053
312185
384317
265002
373719
263372
230405
248988
355818
227290
691643
273390
340630
565691
179220
360757
505644
168499
187140
259805
344853
250924
354056
276655
264871
196367
218399
365140
286176
172283
274960
272979
196714
177612
185067
222233
252536
207626
464221
140428
197087
193698
153204
189125
276504
242022
249267
218157
303087
46996813
44186446
42092667
39411072
37514108
34353617
32608284
30436160
27963868
24486363
21463033
18008993
15376650
13068015
11738720
9348757
5961668
2404139
421476
271159
211623
282388
161380
214023
355412
206676
335160
189844
189683
304875
466417
229482
362384
272749
210807
225608
239975
237460
261042
192453
120377
197357
170422
423319
214959
284894
194890
237164
250410
407664
194147
154538
299704
205776
444874
311147
184654
348444
175210
492274
231285
416706
378759
263267
402416
404768
369687
315222
146886
298821
415407
284367
329180
221925
393737
359683
675540
3300267
1119009
199049
211894
232460
321221
161809
232244
322784
246781
415935
385656
201682
218160
236770
206106
196626
283876
176724
209965
358436
261952
249768
221002
332740
191823
343621
430588
294186
301329
290108
189564
222184
144059
192077
232572
194840
264183
309503
286305
179265
171084
218149
182643
286010
313140
290238
286151
424993
267968
279350
179267
278426
192464
309769
212281
195437
324000
199157
244898
294500
246262
205223
183070
296132
433245
320520
223491
204302
146415
177353
294588
215261
169464
321671
274498
163739
251915
244765
244229
453053
167915
335553
220496
367292
303311
286503
385774
356160
276863
374520
254429
229610
322894
217622
210046
214655
218261
362305
151343
151912
288780
432819
173442
176243
231937
154459
182017
255281
340549
285257
263881
231075
230973
152111
210999
239996
181576
267671
564439
190236
191016
182614
211298
205921
348871
370497
208166
307354
176248
237461
317478
305497
263839
364157
406335
311453
386011
157018
206449
383702
184311
174319
325447
221260
190352
346394
188201
395701
178831
1105013
391955
206981
577260
194438
264560
243534
388841
209618
221058
204836
217614
196366
45529423
42588452
40269133
37197607
35078053
32161516
30872996
28598685
26128266
23553525
20677704
18492402
16451977
14457407
10891163
7300497
4406259
1123765
264075
274134
161704
212347
399097
322858
267460
199525
208384
251762
203898
193040
517509
234387
329598
366761
255988
1659059
2235729
758754
200697
421191
224166
209940
387834
378263
228560
152897
208436
204389
310405
202488
216592
204074
322859
313396
294212
300358
154152
312909
303060
292833
300239
365725
178261
282001
226986
318256
247459
233058
267643
194674
188351
195686
178229
430331
381549
291719
374653
470611
236446
168502
381466
268483
340051
303154
269461
236715
348259
270359
333166
317441
302847
187148
253279
295930
227301
128593
272017
142488
182476
287650
269711
234412
201065
370620
274562
267149
227004
355373
262085
227940
470948
215054
235304
180490
276825
229646
163614
308327
325764
164763
369392
351087
277998
302298
311936
206405
265896
275313
249269
218114
263661
259728
236297
287402
193703
258617
160286
166631
325491
316877
142899
189503
229222
460501
225788
308265
436930
217167
280210
328323
167149
331727
361156
335875
490894
258058
286000
183923
357055
132496
255055
348297
258788
259145
342507
227981
224420
322198
240183
287810
197902
190075
252402
235792
266343
409813
186246
871264
338569
281983
203486
341989
279581
244816
301063
273245
215516
184751
233071
328504
258090
185151
310855
254986
326072
276215
205899
178184
243414
203844
270723
192462
331088
240940
228885
228357
190959
185287
245328
204397
546138
178333
230638
155741
266219
343778
263041
213598
234314
360474
344209
453759
151804
201062
206718
171496
243607
296159
217333
316619
281357
255706
177253
280908
250554
5756636
2548196
640596
287715
48243218
44580038
42528625
39238449
36457185
33241436
30204989
28634204
26005470
24531943
21793224
18477199
15366622
11457476
8920218
6861504
3251395
1149213
567400
209646
217825
303198
234185
261964
174993
255358
174265
192741
361495
184614
206849
132059
216833
240859
336068
343493
168704
228311
142650
213064
451126
287042
276376
211915
178792
593618
152162
420179
140343
171335
397870
192605
365366
389918
477221
228864
319480
336305
228831
291329
187784
190494
231700
239722
443698
169865
424195
184333
192253
168265
323964
197496
253211
316776
283508
311829
184241
233954
216252
322996
619662
173163
283783
255906
211824
279691
230204
394891
245283
201593
436439
187857
179354
355669
140329
272127
253562
343287
277296
216584
150474
272011
266326
209436
290657
235141
257160
301487
212893
218149
212408
165117
263693
351335
172883
213883
193783
189524
188766
213144
255295
185373
343152
204872
202720
188551
231191
186375
212923
262482
277792
200659
213375
305985
209599
232757
167034
214592
187307
192036
232449
365264
240193
329494
180334
240836
184134
337086
192553
252613
193709
280838
286013
149143
251180
331023
292161
229400
198653
187237
237856
330874
186814
292200
158907
247529
256993
240771
425319
214919
310577
206211
523558
176418
502786
359309
299366
272101
275165
215441
276721
249749
236494
344034
425483
301321
473010
352084
211429
253507
363482
203079
197299
249624
180125
284144
195117
202324
347257
227727
283885
204744
4769778
2514547
399001
248542
329292
265644
242968
296403
180270
258092
303638
286185
209670
182083
313200
251995
182602
233591
330414
313695
222856
239309
234984
353978
164132
439130
196028
223036
251074
209134
230148
175749
283845
158060
266355
162985
231340
262101
46853593
43875372
41653940
38357017
35670394
33584782
31786571
29422339
26284543
23090938
20581730
17712036
14910198
12879858
9145281
7237576
4592830
1891376
353773
252939
248493
185994
217051
307760
237730
243934
238967
251328
208052
165684
180683
235560
527344
308889
208334
201079
289303
540464
195650
129949
221826
207620
142241
233669
231308
210682
271847
223854
439812
183186
278029
243849
173153
370984
144503
256434
199274
283461
185275
216884
168285
198729
274171
272929
182162
216701
132476
362780
303265
194623
341994
157727
319077
362925
185133
146975
352544
366383
206825
194875
202807
200690
263944
201192
226101
344504
219091
472412
164324
153642
236712
144582
406687
220199
189092
201706
466228
182720
297696
218721
228507
224547
199352
265260
183028
234106
269214
188155
218631
280648
262037
159064
155092
250559
216536
242280
223957
221101
248968
369944
162484
207918
212419
274575
175459
240050
262982
310834
191821
289003
392477
355950
334198
208769
225379
302251
302525
291827
227809
296912
251074
247220
439593
613358
459229
350479
210508
247144
450377
230937
290611
402170
196459
204074
314903
147466
290721
176475
202942
178283
185990
206669
279221
305196
267805
291937
409070
159647
4358814
2248903
212600
185559
210619
459337
179201
178273
205298
178955
168891
253876
176353
190173
164279
457028
226636
346374
315680
279553
236144
177543
242089
353358
160303
323252
228148
731554
386855
204192
196383
339350
398584
281228
197827
212246
263005
186174
448222
1355684
323002
135138
168603
241895
248291
327707
275219
272155
439700
191729
133916
256903
149088
236055
224976
240851
210152
241367
409564
327905
205413
144844
218769
291765
283616
226904
278107
276583
320723
265875
170354
49397359
45950638
43177343
40863917
38328708
36566376
34154963
31733243
30300906
28150167
25445377
22466950
20421738
17957924
14553142
11456988
7863869
4415011
1567993
225201
141760
238224
245968
286233
356253
241946
191918
229356
184827
244054
174944
225633
239813
311482
318059
194348
303079
343448
188437
200907
266217
157433
191131
211010
253021
190901
298513
213424
216821
244770
186324
390987
376459
253553
187873
238969
166059
248391
238137
278964
240935
227159
205312
318090
313913
253622
194511
262072
203657
229111
431758
249528
209755
230401
323892
328994
195634
302537
185241
336805
305300
209049
180416
233364
264691
290555
203701
190910
209946
248445
166684
206070
252739
205532
252840
239442
186896
283881
342344
154705
260446
159265
300600
314884
293788
248201
181370
302328
275259
264426
146424
163400
346791
294114
220569
210667
281580
207026
228319
280527
275451
183086
345209
209873
248921
192791
149183
240471
768282
3457574
796897
187350
187219
159754
206392
161650
156711
164355
277726
257319
310119
232574
181665
175694
267745
227651
200538
297180
306025
279937
237089
228168
319465
221649
202593
272075
224491
214854
222309
259989
409669
256217
197770
134694
357254
158401
202888
248301
230538
282357
151253
249617
238612
163189
274023
161987
331761
379615
317616
195431
165470
227900
211585
244525
367031
440972
332462
214325
434581
230353
222678
222616
219283
1023178
299741
308569
404671
287540
236476
305393
191627
336536
137669
208510
225648
200757
307590
176420
159185
257208
177069
277592
246313
214785
239798
358637
261266
393935
262143
415117
249146
206620
320954
260013
248246
240836
204107
275218
297863
307868
180216
139134
276268
219832
244047
204582
218816
427349
220301
235960
48885285
45803313
43679286
40855495
37501176
35151630
31791947
28800451
26434310
23704300
21835231
20054066
17504290
13922465
11045872
8792328
5358273
1915467
1035994
394374
231532
255231
270189
316233
246928
233469
269780
355233
246426
290825
224557
316906
641872
205414
200808
207617
189297
121625
145467
165966
222798
113945
207687
157948
161335
232611
187447
367579
177413
237440
188863
279226
253660
231593
383961
130261
407216
415646
156322
293642
206160
293607
162248
147087
219016
174421
348267
298632
193450
401467
272372
367512
136850
330611
141181
268046
157466
264975
265616
165613
288821
201875
193812
354134
476430
3496082
1797223
303579
185905
354556
219781
447299
143022
187954
214084
260233
206102
410563
254092
156811
313321
226212
207514
241518
200422
308931
179941
172745
186079
273600
263694
411450
294597
272216
358925
187396
166797
209056
371898
310091
311976
302030
263475
159624
230699
346870
296364
373812
191310
415502
255325
198028
166934
260597
306187
174400
403835
237472
328820
274030
270503
340546
240121
263031
187963
255544
255840
191594
270733
216744
285064
363985
251897
165906
281249
380675
194514
245312
145977
251955
158398
156011
197747
191363
206067
223366
338597
365607
182010
232129
345124
267617
371114
259063
342797
200370
271371
231373
268419
234327
224367
335236
168302
186125
456338
164056
300871
268542
192526
240735
218971
168614
274736
263234
344542
413775
274542
298532
305148
243500
266088
154444
211745
107630
179567
212360
325063
185645
289685
242448
301104
182162
213442
310692
236015
308480
212479
360225
336821
159209
236012
284468
199898
214295
310919
137421
322269
277794
220750
181943
236015
200822
138547
221595
191627
430503
353872
157424
274496
140192
47432131
44373649
42163106
39314560
36768693
33418279
30549214
28848196
25244435
22316272
19554139
17413024
14590319
12517391
9837336
6895867
4631671
1788778
451329
257888
171616
378769
202836
306414
410158
128894
274579
393668
289849
297722
187976
159921
194544
227660
259499
6416482
3765610
1178463
224587
269310
211903
224749
222637
255984
215344
310979
359490
339533
322736
267119
216924
578925
182422
261211
350873
185169
161887
272237
236208
216262
291585
143977
242047
471845
197107
271279
282836
274781
225721
383864
185828
111227
129598
202906
347862
315849
280010
237006
302234
262480
299763
232657
180376
216636
324898
293295
218679
159401
224545
189685
208658
278791
352005
347325
195198
222657
218055
315306
279836
209518
220118
242985
349721
148290
219163
233463
254789
223094
235421
163414
264459
206689
244590
222787
297489
312402
395687
216186
259459
210144
327276
199947
244605
276398
295639
342594
383094
230158
211218
231076
204634
393292
153734
290955
172125
167399
290232
294879
161442
332902
192934
205038
202924
294624
188350
288481
279843
292631
221385
173614
258816
380372
309910
285363
203742
223881
162145
195060
216381
334863
225077
199078
209750
306793
269881
142633
250288
186342
264125
320004
248891
217711
272984
314323
286538
378915
323828
169534
188689
193353
233533
158254
536894
188417
251571
253656
200460
308442
180158
205836
233821
356914
399833
239412
165151
241114
214989
599981
447361
206393
158489
309362
297559
156761
183682
218488
261185
246933
281356
290036
259634
178201
177463
321765
250593
261926
322187
167302
189704
346496
214532
187200
287926
238757
5849028
3156588
625208
295285
361382
202328
366646
189409
232537
338434
193507
316096
308025
255187
216711
175492
46833358
43503743
40220173
36619484
34089706
30917473
28193278
25796728
23917168
21038902
19446610
16801427
13085435
10730390
8354242
5244276
2375252
1124834
567585
482164
351715
271646
235121
409855
258654
308546
347534
178127
187074
233026
265328
300827
265209
312732
243228
251714
224071
246056
377838
134084
218199
294224
208148
247677
201067
411192
752593
222699
289757
308262
329175
188654
239469
219139
224788
158281
370021
288907
226374
327799
292112
245795
201135
329486
261632
179647
305077
279099
168165
190956
285360
226228
269950
315392
250261
252770
321880
200534
207541
251656
251556
261336
371139
169359
187252
314887
241787
277187
319184
274622
380846
341155
324932
230682
228511
343228
265778
259088
203295
332939
170150
236642
226310
223352
357756
233971
213568
347143
233461
318329
260273
239252
138134
341734
244476
271031
163980
330161
224648
300863
261126
226761
193200
316025
396276
200516
288403
372818
143025
364077
214847
187474
295115
183244
143449
146375
202537
346667
256892
198705
167643
175120
166408
286687
189663
257713
358626
292165
371760
282110
141542
177732
272762
174638
204327
272387
211941
329698
289369
248062
233907
420229
201481
230381
395290
229339
260437
265511
263639
247194
215289
215220
924086
180869
283384
276865
301767
1376380
4168435
1388098
276192
352636
134655
169940
266843
125418
192258
182813
198584
245296
312185
231967
269303
219316
199869
180708
243159
200355
279468
250112
314138
218492
267982
194046
269604
219148
162877
237034
236158
382383
274142
233625
136684
314732
190945
272716
199862
209022
378600
221561
300155
329125
240436
369821
387562
285745
290567
248340
167447
274908
230590
220430
171300
168921
205020
297082
260034
147191
246429
49015577
45480993
42253836
38343792
35558378
32068049
29106712
25742025
22912263
19935789
17248058
14831492
13250409
11104223
9237667
6944705
4513065
1069864
471700
443144
278631
188301
259366
268084
203570
327462
226743
292705
224987
537330
277140
398124
460451
288434
262275
161102
226492
191372
196085
517691
262670
263407
207032
376378
424999
388551
287344
290813
414221
268467
308424
256773
214990
267619
286832
311426
224778
164371
286450
314657
234527
193944
365871
425503
165709
298666
380018
123933
291378
271820
242695
331273
184911
204453
280812
267143
464689
294503
284424
385782
178524
296245
197559
255801
285507
181067
213127
198425
308864
186384
408826
159285
229757
190230
143416
210867
316800
167021
204743
254836
277044
239565
185422
146609
244549
192155
234524
305564
227354
240055
207556
316220
191819
177193
183317
220313
268007
457520
191799
269045
308169
143071
213297
254200
206249
162634
139473
246338
332281
6864186
3807399
651532
241438
212047
226335
210718
249665
225970
335136
223366
204439
301879
240051
349939
147453
423160
304440
237194
452958
220523
333814
330801
397614
200684
230359
271845
327961
143885
377261
320254
322515
196687
215896
299681
285621
229071
362105
436135
262496
262096
245868
215644
171067
379353
211182
356152
323586
215000
251273
187069
202199
212015
222537
280266
279998
144304
306780
198773
255613
205197
332641
250291
283599
242433
276344
190059
184375
211440
221676
171599
244520
267681
266995
215143
236519
274804
199429
332668
351292
219111
331580
195415
293508
366110
206529
357459
247842
408320
183985
280549
284610
245536
173209
302277
223572
204056
264495
230767
336013
205192
249074
294907
345284
308747
239487
387419
259270
329838
324794
203377
47344454
44416341
41960617
39796924
36086829
33354971
30148004
27477679
25005620
21823166
19231748
16924692
14589680
10966889
8102713
5004108
3037640
1154666
1036269
156460
161634
341872
315619
206473
256563
291559
250004
228287
275768
337758
226283
170204
190430
243189
186221
166684
333572
210692
209140
251876
238838
149257
225116
244122
282966
128730
190975
177923
408891
383271
348942
216164
313150
325576
320814
222309
281443
198896
228998
139982
316108
303487
166675
164660
227577
265142
296603
297832
357611
437183
291379
250176
203893
278951
400203
183556
346278
240891
365525
6765677
3824036
1243970
209433
219543
218300
270780
327358
179049
207389
234223
148799
430585
148752
188743
260666
229415
273502
181374
239900
185054
277945
172696
265135
273966
235946
167328
390313
188990
239433
421640
191459
328250
168894
319818
179279
191708
342070
197106
187511
316575
293603
230983
161490
216433
198758
289121
224951
159100
318830
265042
244581
232544
186474
276644
209739
229698
163530
217969
293369
154477
149183
404291
206900
315586
349037
291405
156224
228441
174247
273268
192439
273066
266985
258949
290794
210029
160822
379086
295788
484328
308996
211272
263283
464912
147100
127299
206216
346721
277297
206208
223857
202667
206450
356223
205551
329482
523648
295782
172849
409140
266916
243427
334539
371748
316635
286535
262921
163433
360537
389284
238904
287417
212233
290563
236150
242772
179874
193704
322161
208369
258057
207841
152017
181928
200485
165310
127734
246823
259570
294657
291129
423902
339312
338116
507909
196291
270685
214396
279471
175553
214576
217423
267634
237346
276461
194419
204678
305714
255145
182999
248201
155813
268437
169849
251848
390104
192691
289957
198278
239432
46990088
44099721
40722281
38024216
35290868
32135458
30298951
27065791
23428002
20697693
17906322
16170068
13267464
10215576
6733403
3637134
1588188
747812
333323
156064
239365
246431
263610
201533
255306
287789
185800
167697
7241664
4427340
1602683
238953
267654
209434
377710
245497
263018
227702
234597
318457
188940
210717
128957
260998
446226
328752
305265
215475
299406
241692
315859
171384
314103
268522
188612
211034
201711
266545
139896
326184
228049
245179
246910
296757
218290
271967
170230
192494
331452
244363
276662
346047
233717
411153
289998
230190
424472
298504
345779
237329
458899
269303
286742
342580
199833
305309
427967
216242
175461
227291
258506
250209
189996
161257
338022
195026
174007
246926
230144
251120
330567
297238
261551
377364
438875
232088
221272
234036
248616
223207
337684
350754
290215
325062
287633
169890
248640
272964
141636
394709
425482
441363
222817
554363
207492
240114
356871
278359
244398
275102
226104
217028
217937
314198
322282
408561
290676
297543
191888
189243
241962
215892
336372
208332
229910
137186
204919
210566
201707
396947
176982
360331
189595
232153
381638
230942
168866
275292
391251
205550
460377
309775
215408
181850
240580
175015
120928
183588
307281
211519
189773
295588
241158
322196
331892
200068
184480
446020
271611
286896
242898
303336
159992
338937
589603
191499
252720
298951
281473
145947
269195
178145
162761
334800
184104
277459
201805
312162
245279
245575
235775
206888
1227086
219532
149790
454059
324434
245617
209310
272837
250672
179459
179003
255781
476795
299511
1238745
2371178
1117416
153381
446498
360635
217010
327704
222931
247271
278070
133759
270815
187677
350280
174292
273398
241268
231041
211209
250757
400525
214991
49593480
46378274
44223885
41883574
39194355
35675796
33789879
31530304
29800736
27420324
24310423
21577644
18979577
16604214
13801126
11256530
7924050
4353867
2476555
410580
342909
359182
141502
283578
378167
288128
170200
386747
243564
379914
189063
439586
185668
181416
319795
139582
281257
138598
191424
326309
258231
206146
329215
305636
202678
365758
144263
137900
180958
157600
241332
219416
374578
313341
269272
175373
201688
181593
204116
245840
264767
264188
215523
221672
242003
242762
460313
235555
226878
244879
247346
271798
210916
228512
346736
249412
217760
211419
229251
367004
266566
265004
205822
159488
240911
204174
191139
199828
263670
323906
382827
302037
363264
234967
278561
197309
292509
161913
372592
264957
330267
432925
243368
145121
338240
221211
258603
252684
315951
209357
320463
226903
242104
453955
265635
233068
244356
254797
264636
376243
187773
244693
235092
283809
280596
385605
249887
322909
226419
192818
197626
217723
240366
233944
344523
228615
190462
311435
350541
217346
229349
182998
242148
328621
243331
210972
277830
228364
374290
200663
279491
230186
128635
355596
229767
197000
394751
292137
292876
309432
406734
192083
224952
189625
218567
235736
299091
211968
190965
282509
262009
5209391
2137637
823752
358491
179587
178655
214076
272796
180718
184321
190354
261897
301262
208735
437968
200575
252797
276320
252869
199860
260040
345064
281303
290961
218528
874944
194467
271379
282385
319119
212338
173158
175074
176493
387972
368020
196094
205933
157123
327488
290055
281503
199769
366005
226048
203299
158672
197614
337196
444831
313825
165152
292906
320062
254398
283171
283898
216715
227378
313827
199385
213754
246779
471539
199933
354694
223811
153938
248152
48570844
45048695
42400856
39988202
37175862
33871261
30528026
27961737
26039170
24981240
22034160
19629799
17201411
14306501
12039559
9724228
6889924
3380273
980698
192959
299488
186964
286005
375327
149012
235958
205258
211076
359282
262466
517862
258435
412609
320619
352145
174816
236207
207142
223073
302832
238029
225784
214576
180079
359682
412605
185474
182461
182948
194495
241939
289657
264356
348020
205093
142835
295155
229437
190027
189560
260809
233404
203567
378242
201954
212069
167653
496779
215040
295997
342610
171759
257812
329943
266341
225679
413845
189678
581038
171283
497657
285583
476002
198039
214200
244547
376944
184343
298048
280346
382353
322952
296428
294579
172869
234352
247804
168998
397742
261955
219495
264030
238574
237054
341651
208826
289973
320821
317672
403611
298685
283793
232814
308815
304899
303437
211059
224974
295916
169915
238304
271317
171678
6011875
3494642
537876
203699
216017
181589
158798
298195
236467
241046
367881
226091
273169
343735
171672
241796
245911
201427
208125
230311
197935
271941
215250
292119
211369
299948
244957
179346
223797
215274
334723
232754
220536
327451
190036
219413
312913
303759
242896
164879
216381
277654
245657
233199
162722
222576
146344
185481
197404
149218
386198
182254
159185
169245
268641
271363
192155
214628
356357
237062
292928
138515
242392
1380499
186316
225004
259987
234119
271604
222740
267092
300492
162995
185292
231415
142995
273161
225935
242900
280135
384428
344169
211835
163180
345618
193475
204296
254375
202149
455619
280519
396533
337849
172343
253790
271778
223996
202891
206722
310170
156535
189100
319537
346666
277242
156587
235074
211778
314400
299592
297259
260420
188796
319904
206861
244142
202933
47625692
45017091
42098989
39251702
36802586
33894696
31791203
30297654
27844966
25284165
22644437
19686425
16685975
13958966
10950603
8750310
5752006
2617159
885446
221864
302927
245438
384070
327107
449706
248084
163259
199111
237552
205521
143868
168202
225830
244190
243286
197762
219881
308244
259022
273653
232977
250664
197109
325313
254217
282433
177285
245338
149810
234870
355219
302205
191571
210895
270465
363297
229152
174834
199893
238470
219819
409876
342415
317692
218532
266268
259375
199609
273909
488898
338759
350180
351678
319336
418260
7357130
4806220
1357465
224309
285219
255377
179254
240937
333201
367445
332228
251114
220068
230303
360184
333082
291287
343912
247849
197522
215464
297994
212226
373203
380200
383283
192247
466587
223829
437442
179806
309841
215042
323498
366113
265977
313614
266129
232686
197079
254952
307020
257768
398199
220642
214975
164383
195558
276946
350045
226589
191693
209667
336474
288407
410877
258342
287500
324389
359487
209428
384953
315724
160408
260210
424427
211346
211567
195910
415033
218187
295747
226974
168438
221191
243022
260841
281221
222316
230120
327686
222448
253142
240791
322478
213200
346560
200190
313618
217512
167029
196351
315157
252599
246924
214201
202353
218724
118511
216043
235598
251265
1255380
282457
547254
220026
202691
871632
308083
204895
151083
162026
184784
180866
152529
138641
286454
279748
220292
336488
231612
310257
330676
215912
245598
234319
179224
232207
255041
208046
224296
347663
195664
227019
186259
283810
1252345
365968
258402
298445
191884
192573
393584
458115
281904
138297
219490
207432
280333
378353
286254
314371
312827
162125
285334
121579
320475
366900
257435
305473
325557
255379
143910
230421
300658
46672635
43468182
39854661
36651248
34167250
30703754
28153727
26064781
23124075
20032555
16806985
15910687
12165414
9414388
6509893
4832310
1651921
725221
329167
197755
273185
174060
208172
237988
6410677
3493617
1212738
679680
402289
384236
284640
284895
274519
248011
256491
299158
215233
261753
186942
213856
189263
333421
539725
383847
231508
518922
210119
236364
178287
184044
195875
235694
186869
285775
219635
178078
287756
457915
334314
250923
246470
212315
185071
392034
406216
191485
169157
321549
232545
237313
237780
301938
249935
194842
305872
409935
223419
227881
295453
196166
337604
417210
293424
358649
208078
323591
206355
206122
191447
185701
263945
182200
211265
260633
236654
295192
271765
300166
323949
304333
218057
223062
226628
319730
386178
219133
207159
243357
304962
314850
192147
326396
214447
289157
260536
303383
280773
273805
326674
414336
170592
241786
192832
201268
247079
221104
253445
223530
149761
354114
324522
529140
246651
306612
325054
231705
330002
226216
301176
274266
228935
184261
332422
152000
338288
187997
317057
425675
209106
246956
216063
256307
315657
296370
364474
181850
262243
258949
159888
182054
343064
340141
137404
240213
233570
250766
254661
435091
192215
210047
341894
207153
194395
191086
211347
251311
170637
217616
310866
298258
333799
217150
289544
184985
230551
260517
174509
177376
160330
250445
133085
192607
219765
235027
343070
205700
242499
456166
236845
381514
179639
255339
192234
351971
290992
237287
379713
298135
187836
294517
220084
148686
4468024
2441149
335981
389001
149713
309700
488990
207674
166393
335863
142001
257480
169956
265477
378103
282561
216378
221649
171306
243936
235579
324840
152224
236854
492507
223354
296350
284771
45769611
43043237
40153275
37667921
34598480
31070224
28305800
24761194
21629544
20204943
17752229
15406439
13339194
10898910
7569604
4157313
1372448
518617
303277
285522
346975
431276
141041
352979
334067
173064
306187
270756
181938
205163
227680
213033
343342
194513
241179
241008
163092
206873
174258
287369
215188
227147
147961
266507
180199
386474
324735
207566
216672
271791
244901
359789
223827
299823
212886
347849
256012
370048
294360
342545
172871
187574
368793
301774
193373
230153
212196
270846
223259
177338
299278
400684
215596
173700
195128
223597
216329
180941
219633
293864
245406
379216
251769
171962
206041
197679
250318
230063
280731
262866
198631
252100
214735
97652
266323
196175
265720
205780
226244
193672
495449
170871
156160
232132
323314
236142
211625
191267
235002
445925
203477
336679
256912
245366
166690
294044
301968
131471
227576
309325
151508
253897
448815
168303
251473
224527
156813
210929
230906
364257
182221
162738
211823
319224
218977
278667
231533
152644
253168
241529
387733
185748
418241
315393
344724
245012
300477
274501
237897
409057
392241
407574
339013
195424
171381
336681
172947
278409
210854
426138
989126
236418
191522
199834
239980
1057708
4502480
1796974
297885
291355
154750
321195
319250
150305
389182
234147
359325
188346
227161
275160
189048
249662
242226
249593
198226
231059
270537
365173
385829
145215
353392
223299
201124
210252
214580
426967
248033
355196
193267
266795
229955
287034
224118
216537
284579
214008
313247
229721
193663
226859
200889
318962
348369
238144
404413
264164
382345
253912
298895
304368
220548
254638
273449
264898
180791
170738
274343
408452
218410
193898
240067
281080
267402
186926
137881
235940
161835
321815
147033
48311205
45715507
42703313
41124771
38154409
34562861
32321349
31068449
28529621
26085565
23610796
19920570
17083412
14563739
12239205
9142278
7437046
4164973
2419270
199642
201245
228459
328452
303826
254049
188727
222967
300206
209579
419524
360792
244263
264496
294668
403826
237834
179972
290328
269405
170403
172318
280403
433794
402449
220613
193916
213715
284428
250349
339189
203913
373585
223799
319494
309024
217199
329574
174920
268784
282949
392891
207662
291727
182695
168246
224646
442361
461030
248130
291857
247915
214568
241885
188305
267646
126344
426206
280611
243223
356999
220966
369505
191757
300474
204254
282507
194847
189313
284108
207040
285718
227309
174066
256580
306898
243994
412881
226428
170758
339491
170108
530449
239509
152383
207987
385881
321230
268867
339140
173036
222426
222609
225233
316194
203250
218704
213842
301436
837964
6822432
2937841
257224
152609
181948
326370
240312
215769
322754
204867
363544
235043
280422
248256
286170
361280
274851
336400
312569
320827
354629
311207
229328
194862
231301
166115
200071
252701
196159
270063
177312
219929
322419
284430
248607
278025
201252
202294
197758
255929
1259495
266529
345496
377495
286903
386181
271516
286934
188385
277219
296822
175650
239612
336327
186199
293909
220723
322214
210583
368210
162061
277509
345220
203923
283365
232911
235335
203652
354219
203512
168459
198382
148553
398088
202677
193677
197629
263144
321080
215544
290592
221589
274892
300924
220820
249755
414616
285253
276624
189377
265876
198862
261125
209514
146087
167218
279830
269068
250916
232828
294894
259647
215182
236909
193991
192272
252733
197670
135945
217649
199431
202159
233925
209680
836015
250802
191259
169249
211680
189383
193630
47447336
44043670
41256773
38928071
36602963
34155331
31371086
28401927
25017809
22919745
20323083
17463536
14380283
12467173
9837929
6394789
3544222
720195
545797
187366
253754
394570
339878
383731
234338
280122
266528
376822
239418
410417
311468
219459
172146
230472
162357
382673
221629
284222
254794
165793
194991
165444
249472
222970
263688
226214
202721
240242
268302
211551
263203
278619
284040
334523
311318
245234
192006
268360
265411
162570
207370
308192
207342
261396
284664
182389
244271
219872
266633
6586387
3999893
1173139
230334
250319
273184
210768
230246
226590
237338
377733
161216
214400
247724
155512
242654
292026
253803
109942
193060
293126
255238
168426
133297
289805
262163
274184
170250
312165
212244
208713
262886
267518
263289
491322
172373
236592
222444
156675
143095
180045
241798
258535
179446
216824
273035
246194
421433
336716
186894
201596
179536
215732
325718
211146
232698
309418
301111
279622
296315
442258
452478
293416
274132
155420
157968
241039
280575
273828
260433
204706
329710
211551
173383
250633
142587
313555
293310
170831
207219
236623
259166
181128
367604
315221
205448
265648
308738
414365
241177
187720
215982
191145
308276
188277
240599
204614
250893
262234
215368
231608
183330
222218
208369
354523
194555
150175
229189
225945
225547
273172
212970
210016
302585
175442
241606
193971
220263
288566
341094
277124
160420
375552
262415
390168
275346
229802
136220
228900
138706
342078
206263
314001
181249
252404
116321
176417
272576
174479
255503
184782
176613
258070
229895
344212
290052
278651
277575
473003
186555
287059
286947
243410
222881
292622
313511
170648
220831
361305
520113
258405
237213
259582
386807
170957
285625
239198
270750
301327
272447
243618
46843264
43689960
40187500
38342809
36170681
34470664
31321974
27817165
26426815
23771668
22600053
19100512
16648970
14695331
11707311
9360707
6388406
5045790
1336328
3824522
1874703
684502
316034
240448
190677
313995
289290
217180
483119
436899
183215
328595
366908
235504
168910
314437
298306
214744
187375
163540
187935
224892
170981
205501
186188
308304
250086
210409
212717
238165
415141
286523
248636
196037
278849
366467
202697
266078
190468
292104
336551
434104
267158
166836
223759
262705
275221
167527
219300
152792
389037
317656
415048
385759
353379
355799
335165
259751
147077
200503
223776
234247
331628
232664
175267
321558
302016
178834
278162
287870
178108
411872
203965
187543
212013
189409
174337
165226
275862
166143
143665
198065
277639
287571
449922
178784
214892
237329
295585
206596
491699
326411
170467
161575
277611
249928
231675
440083
393991
265162
324385
157545
178303
189791
306573
456093
286250
309363
146345
397377
191365
286680
234467
288890
363402
335624
286172
380449
304793
267851
2194882
273672
220722
181884
310848
330606
182334
289733
241483
195436
273312
231106
236799
247604
264120
303976
240937
305981
241041
290337
155849
237810
257839
141258
221901
370617
275869
134780
158046
207689
184420
364004
242556
205542
403090
210615
223821
463915
440309
207181
197024
430312
163475
201649
181838
274454
393299
271505
170168
477053
230712
175788
258471
337861
333559
208343
198789
175644
208780
203321
322587
293766
266645
209153
211499
288481
293285
5409015
3013173
715707
357366
270022
317340
159276
252224
178211
316134
442292
334995
185505
174970
204007
276280
159398
272180
193221
210608
180875
247731
424902
299928
169013
208204
202740
284499
386046
297342
257723
237641
49064474
45993871
43944815
41027434
38731108
35794236
32918277
29916895
27868851
25491394
23213972
19658527
17286773
14318170
12022921
8498190
5701146
3076633
1151309
324466
332536
200887
264848
239895
152937
250083
159344
187525
240632
340865
199532
183893
260459
168049
193909
324926
158413
240765
215253
246287
163287
334347
300981
309390
263493
163258
298821
445863
456484
143812
291796
361439
201713
193803
345742
243140
169385
207774
130163
359315
390535
396676
276547
172477
362696
270295
268607
253522
272273
350562
326296
208832
363906
225836
208275
203608
293708
459574
275799
216484
309144
246241
293636
186301
332167
444243
205998
283885
245207
372470
336254
257250
231126
204400
284578
234173
490924
167013
207805
206270
266092
196346
200992
256612
544679
175046
267555
288976
312126
139117
379580
192734
301376
194590
177803
430568
275784
278289
294528
201622
249992
250767
362447
186242
296481
153208
518169
295801
216869
177459
280736
178361
150308
276208
280008
209022
248472
289014
201528
225844
256347
209344
174191
193864
287608
159478
281457
352068
228639
260362
204863
313416
267294
256672
273498
194355
225440
191509
187789
212716
737302
3043103
1382104
208047
192673
268280
232157
270607
275272
222441
151000
289651
315079
278249
273224
235128
380450
234824
179930
557856
215260
160114
312161
377041
415117
165307
210250
252381
219978
401944
342735
283620
481020
199590
162297
209352
263144
335841
157076
379923
182365
224088
235533
234405
193059
207082
152360
180143
204879
306168
235528
261002
310526
231288
188587
302523
170958
420750
272117
187862
137823
994794
199419
302333
169135
190730
194169
173670
213841
204296
248970
186237
210833
146168
424412
277018
178459
224531
127150
446396
47844955
44563189
40708783
39535114
36487830
34305329
31422043
27727098
25119410
22675979
20234859
17959861
15561766
12387175
9273710
6700047
3646003
1274675
594247
196741
206734
485800
164340
239451
227715
231895
217726
175071
286289
455115
174068
445505
251751
177182
197387
156049
309354
238404
211734
213155
278963
263643
318274
205779
377566
399254
312963
320969
238713
228828
176757
121699
226985
298365
226875
292458
199060
370902
191481
304097
164930
306755
153906
436432
169503
172114
429923
326578
314740
201801
298506
261330
339658
174542
281940
341185
262817
256009
247598
196217
169115
181193
286668
171059
261926
382467
395305
289959
217891
286730
205125
326343
256115
243723
197460
328188
267814
272680
183485
308110
190803
280291
192782
185179
282057
475025
174205
177049
279379
203403
457124
418482
580197
3763033
1119236
284724
168260
200448
231661
156201
287121
266051
171063
210963
359718
137442
349616
334990
234159
348371
318327
181471
225596
227254
160229
241300
426010
340595
285561
404721
266887
261399
235457
229028
166030
300124
355313
208428
482076
198397
194170
163791
315940
194089
281940
259911
228323
212673
223738
256608
192859
197333
158308
314639
487248
169094
287455
213404
239924
284155
228386
401096
267441
237998
245245
292052
345242
194246
160171
345372
173170
241150
194774
239517
284472
189640
214600
259179
260968
394217
291234
180531
325952
312957
268848
317727
255866
157274
194369
208976
352627
236816
350876
196644
218643
193255
531835
283600
703008
373728
251510
286909
263102
304627
174493
251026
243104
169892
230386
335826
254576
241046
172533
244535
263521
203203
237338
278318
445989
196689
296806
191756
293846
331384
279936
298825
218080
316937
205267
182420
47122790
43636055
40014651
37057758
33802777
30933932
28167217
26160636
24088236
21779592
19645829
17605178
14669429
11267747
10236328
6985110
4194123
1571411
986575
150082
201179
202434
207063
176372
154742
264802
290125
384393
197402
219686
234696
272744
208252
185415
185611
277552
323440
147512
440703
192080
208185
225520
212854
166184
232889
234764
305214
265068
215879
223174
296600
216006
453481
200851
284670
307870
275186
180955
321233
250829
221398
201959
160835
5784533
4057122
1692202
260671
255288
182687
175678
233447
182510
245001
214286
238267
284786
223205
211990
314203
286390
213905
238440
215871
370608
220909
198320
254729
229251
229453
358817
307283
164128
255765
381807
354669
259219
191711
270499
350870
307972
363181
224295
431990
289588
203763
359033
341333
173449
216667
200127
205294
233146
547660
416541
219294
187241
316862
179327
302968
376167
132189
1056246
327754
436418
298298
340602
279520
262263
327647
327406
208629
238409
296026
208024
400374
169639
259621
222287
269342
223076
270509
172484
177441
288079
392607
401452
312606
377544
204137
189267
304543
220480
248677
337383
342179
149803
399725
211778
231565
415431
310766
146136
204202
208987
274409
249863
404314
190231
279985
403019
323623
272555
264662
194167
270131
290404
230667
263216
243308
267642
192209
280316
229463
190676
187163
176368
169527
238294
232268
214610
280950
207726
225397
344821
169209
231146
300040
260985
218832
232751
232977
229231
192788
251209
339532
313115
212878
233935
144260
183863
232023
280384
222950
210496
264548
200269
286530
425772
231630
366038
247089
392226
287031
168492
201561
192256
282972
196305
247808
262744
227180
238135
206745
316138
190778
247487
257414
139672
433207
49511980
46253690
43614350
40748463
37922104
42840127
42287943
39577125
37395383
35108592
32839851
30761867
28401850
26414092
23141754
19825433
16556977
13812893
11587110
8492677
5822247
2738866
724798
150777
261426
237575
243945
198202
361433
146173
248710
234008
512766
264070
221105
403821
210612
150998
172053
246449
259748
265187
259449
254554
187236
233440
314384
203231
212262
252150
323994
364480
161424
278715
276161
207856
260465
287872
354515
379997
528993
227240
276481
347441
235547
230259
208300
241814
707138
153173
319160
183572
313156
265298
202402
230844
312406
281691
377703
172412
224935
912454
384365
337121
373346
210964
253393
287039
229791
397109
233264
153932
230900
216595
284913
258559
190337
287750
299390
177601
196213
503868
270285
210251
169324
261397
235625
179370
318171
118618
167915
348282
255055
261452
241738
280923
234032
197378
206810
194025
222185
231283
288588
176548
290114
233501
201641
401968
297338
145361
195951
218819
297981
276974
224170
201293
285057
289254
208386
171233
196762
237194
277971
249920
151202
278514
291059
189288
284127
387924
336271
386342
387949
167664
178855
296633
216346
237498
234889
202740
289790
321503
204751
170086
177823
251922
326603
246090
266136
427283
308120
243586
180160
284580
244007
424919
254659
261992
280685
242758
298467
352447
165357
201030
250393
219528
314573
175494
344362
202119
175265
308868
198377
176646
310095
306016
249065
211088
167106
191193
198506
207316
266886
221997
201830
147302
123020
758413
2392511
1156558
260259
222033
217742
186776
242961
234717
300314
328615
380340
194616
208078
204963
247052
225847
216446
353566
239782
267993
180848
314935
687960
221768
243132
239821
239320
249613
684297
205067
242482
266711
49114494
46610898
43764682
41231908
39379633
36622226
33130449
30343548
29137462
26089762
24446865
21129246
18804737
16166709
13996936
10821055
7604760
4329450
1533579
214614
392369
285157
337279
236368
346278
418609
325874
254777
608568
327268
207137
403613
263520
162444
360313
187568
204476
275583
345628
299237
324955
199291
200846
330390
125558
243064
279830
163087
309384
339876
304523
145791
207913
263374
283846
205828
471779
282827
437617
307223
142791
225401
197988
206041
325475
235972
151561
309988
278144
198842
135538
190009
420368
424896
224062
180620
202846
153062
250441
235785
198800
252544
297132
260858
162246
310486
306915
168372
247663
395258
220348
257947
206123
339659
227311
428347
197402
220079
164847
321877
436783
318989
170962
262577
275675
400539
160119
131172
221452
209952
320616
207785
188559
245181
197510
329245
241712
155517
253787
222747
216126
251172
205757
329732
198892
464851
209543
164394
154707
430374
380508
224307
234739
316896
247230
176902
152465
236434
184904
273227
168290
155091
224171
151632
205263
238261
238184
369749
217501
209910
265490
159410
160327
206377
201722
366675
370462
446487
247910
199428
575285
3406250
1194172
208164
166660
175569
246024
340361
311802
383790
200022
208236
400471
185434
193327
259962
209103
220671
250662
234881
276076
270540
338282
200183
265520
265690
277286
287529
183572
258772
224238
163794
256474
194880
240046
160229
391116
369306
309536
179635
188653
245479
420687
179051
308537
200626
324418
253089
246898
193092
347905
223177
133207
256803
178136
250567
132831
282256
295762
253076
197307
257087
175084
189934
182387
297615
258345
275987
252534
323911
190394
192405
169951
211918
374094
262971
249783
311115
212590
163314
47436726
43549726
40730705
36947427
34600739
32434797
30567666
28151059
25751050
22261306
19872108
16997695
13802032
9893357
7585782
5148321
2614071
578804
597979
259564
272548
247137
183817
191525
207389
171530
207855
199729
189688
338524
254274
295916
373370
300240
276581
229440
187435
142822
265435
238693
274502
323452
265682
272567
163943
350229
220019
278438
224730
339615
186808
362149
183572
249181
291147
267192
338894
234970
181553
191913
186339
340206
243117
222601
342900
242493
190654
223411
157661
189244
146668
241843
288220
247438
235105
241585
282265
262078
430085
275709
231616
192797
290802
185383
138119
189379
402172
355168
234682
197671
166536
254727
159710
204973
198378
392947
156402
286961
783597
361213
501253
187897
229328
257441
306109
310880
225369
228541
159255
200994
246715
188498
105621
5986686
4148796
1257732
236802
226104
190011
491599
261698
250894
278160
238875
531470
217588
204785
323682
205331
271026
148996
269835
220992
237171
300009
193800
383980
230949
158653
371978
291145
270641
193602
195153
267801
219217
184070
303121
232822
230285
258120
144881
261037
254538
271700
313029
272761
200728
230806
519731
162780
273716
193307
171490
234496
305432
325722
252953
300756
189147
260944
180719
341016
246165
250706
212717
189735
435446
159840
552362
247194
258745
220040
257071
248687
197694
274743
341906
259607
249749
166136
635826
248868
171006
192828
276465
198113
286662
283373
246110
213622
232273
263819
296077
277165
246591
172686
376961
233445
288893
239312
182610
298767
156004
218789
167647
271436
178981
218760
184234
166947
266669
191742
229738
297040
342941
172011
240841
196250
189705
275200
211113
310855
266272
211426
294909
371339
310904
339465
259312
46899084
43904755
41661586
39158859
37428719
34973176
33728038
32102279
29053133
25838869
22530363
20995830
19032228
16091222
12590247
9429639
6858621
3365273
568503
224604
161038
275528
224314
288377
148285
409303
355447
143553
195978
167251
433091
402126
291202
296841
224107
412025
321208
174272
178175
217728
148316
289347
288835
298768
229278
312850
459932
281314
324509
175696
210237
237408
181481
227076
260515
136262
196180
470182
360759
384567
275185
248453
211573
253450
7632321
5090871
2437970
426092
211508
221462
128989
275327
364712
272242
307041
247443
229143
264896
293356
266344
229624
228658
371977
241190
153202
309750
231710
296383
223089
419729
263434
240357
188566
271701
183877
420443
305510
304520
184090
238281
492730
181338
269199
347488
334417
235769
183956
305369
524781
278588
137112
201758
287052
276770
273338
327444
186817
191977
198780
206646
306377
192581
267808
239662
389947
211553
242638
185767
242804
268786
237397
136969
43421247
39545132
35908519
32160029
28381979
