2578947
538449
309816
337415
538382
246681
288329
416029
341570
255664
319453
252380
166673
159100
216396
198299
153984
141607
185197
118596
137065
134209
121764
128984
136308
145519
167139
166080
187122
129387
163443
174324
133278
143368
111232
160795
97303
128981
119513
121034
118126
117784
184091
113929
175697
133667
155703
121648
126712
126834
147306
140985
158828
125317
134251
191013
136146
178599
186184
147514
139755
140099
129363
135129
184712
131805
146898
156546
140929
151963
139189
150662
225824
179186
174983
295623
233464
213364
350424
195962
180973
180033
244486
199818
242517
314015
226725
200631
312722
184049
46019855
41808112
37707108
33587728
29420504
25291066
21159021
16968106
12848395
8751895
4578272
485264
211581
155275
200923
254385
160763
160393
187864
288813
161770
226360
181766
169106
197436
185479
176534
227798
252652
248751
229494
191288
202454
191424
348527
182399
203187
159915
176618
150267
150827
188976
144815
193310
212225
359001
185442
256615
227673
309636
246086
298836
252888
187033
267320
188099
189079
150876
140559
209694
193080
172687
202410
254067
258639
227162
291547
262430
270825
226778
164697
152775
234062
380302
296244
266279
185263
229623
356158
208471
229149
241107
235774
156198
179379
148242
208613
128092
178222
170983
183582
199887
206007
165359
174242
266215
198094
190472
184369
161386
192163
243412
203011
217421
184969
171320
188774
243266
268997
246183
193141
250184
289605
338594
184997
166964
166258
166603
173231
161430
198670
173196
153098
267884
234631
300989
235883
211771
190647
164978
155144
151021
241066
275916
210134
232452
198257
203373
141986
361949
286451
140404
176576
206697
178882
169725
165909
248772
255873
219196
169257
135270
232124
290275
279790
233966
187676
172409
161637
166862
156836
182513
165595
190834
273505
316600
237618
262951
285942
242977
217587
189813
157738
159602
166312
197523
146884
191592
142507
198846
219329
239371
183974
241185
263984
259438
138022
199969
145451
134647
232723
150076
170019
178279
322905
332259
229433
399942
216436
250169
137692
182958
154265
147036
193588
162787
180090
238458
223130
155399
278235
252013
241502
198072
158555
185175
262772
256074
148682
131520
144376
259367
276550
237024
190779
162777
274838
171132
198254
260140
328550
403039
487895
183429
179463
228916
199730
173442
48763313
44566709
40440692
36306376
32161514
28060496
23930851
19801931
15658917
11523846
7356667
3211170
155727
273093
238787
195918
234118
168118
185013
243076
222741
220388
182490
193921
135289
152248
146363
181536
164381
195187
195954
229974
316255
172072
259125
202015
191798
153485
164254
228807
150218
174358
163700
152993
195308
241079
209512
172057
313492
241859
245071
321069
280237
168548
197344
212031
204445
168997
190981
149383
167051
287781
192978
200969
267351
207144
273609
292700
426759
228834
209427
209204
151435
182445
157049
251610
161607
206857
234289
282811
170564
341049
147135
130801
155480
141670
149425
181345
190290
246864
198074
237421
322227
227585
369462
330843
343786
198217
144269
354272
201111
166168
125094
160802
191094
222015
260167
304610
334602
220527
204939
156202
255721
284218
203015
206844
176619
141628
149219
150062
239404
163369
215659
202311
174453
215561
159972
426049
145777
156872
197431
173197
144401
224322
225082
306329
186202
272778
208113
227272
263482
284573
164370
150300
173678
150322
177750
193585
186462
378289
157136
185175
228613
296685
190749
205663
255463
234249
207746
144703
141760
146203
170459
253948
249216
245606
254458
191118
210853
182808
233314
167577
149012
240786
236935
159423
159981
168836
220752
157522
225662
214645
206041
174968
248450
195282
202291
238515
276315
208569
139122
152639
198014
248911
166348
235510
219235
187166
192732
172412
196399
329610
158592
160093
164623
144635
145445
204679
184314
198163
252429
153157
269627
165010
272741
181266
268406
140655
139400
147473
185195
141223
150892
226631
174538
210324
207017
214624
217563
216217
170118
218554
151431
202994
298478
160762
149733
142925
179955
47558258
43365870
39207108
35116973
30948258
26846371
22709122
18544617
14431038
10274743
6133840
1966122
143623
145534
249769
272838
176946
222101
302362
247196
232042
209050
171177
332607
208106
134633
155411
164902
156529
214763
217658
345750
160998
294594
308853
274085
261610
173744
153213
138440
189561
172725
152589
178924
266063
207451
180018
170603
293209
174023
285899
205845
274488
231464
147360
149585
147944
157164
148728
330398
258192
179226
253522
222751
160691
275338
193682
285484
249878
213276
140942
142038
137367
207505
192837
169909
252286
242038
164772
189471
241388
143631
158024
148846
170885
226358
194158
215017
198611
225801
235794
211409
356951
221331
309844
230391
211957
352140
173267
130806
120947
136848
137306
153262
267622
201003
186731
207139
262821
160932
198173
153973
248064
154376
162757
151895
196967
196196
246089
152680
276318
172739
184208
214726
204677
167064
209744
250262
223557
229336
187391
141396
198507
187660
184378
265938
223120
249531
225255
192354
155335
201197
241594
269243
188671
212864
191028
190477
312297
219739
269986
260152
289698
263326
161464
312709
244012
269795
311687
202235
166889
137872
147088
213045
245973
263340
190377
173810
280589
190235
208870
213782
213972
141308
158373
141243
199929
117393
286440
212646
169773
314562
187394
297518
184527
286663
190933
291152
200722
192609
200658
163723
252658
172731
259239
232243
170980
164855
225259
220282
236140
168083
142949
135810
139078
192725
141728
187432
206464
232937
194308
164776
232968
253590
219454
188438
145718
218692
145243
209871
214943
171763
203930
219990
256561
246308
223813
214880
282486
139021
272105
242132
178876
168765
284528
181547
198220
139510
49110586
44923692
40763699
36662111
32509720
28364207
24245165
20063039
15941792
11796820
7605320
3506553
242548
138190
190545
267567
238910
366239
178401
197993
191600
181706
253146
166947
185531
166201
195175
194089
236109
173229
169259
232576
195579
190076
147763
251249
256221
161345
269079
173116
171306
135197
152184
206885
247526
319834
225918
212052
270252
153594
282733
200808
214027
206708
206220
166066
272241
149530
138815
256655
202901
209293
184016
189739
227834
202503
214539
251524
216535
297385
215519
146565
199484
184154
237527
214121
179840
207497
198808
141841
214369
164227
152767
131514
199293
148347
160204
145374
237351
221494
226371
142235
191443
345648
271612
159312
168155
233297
159246
233028
136125
142788
183884
139068
299423
179678
237288
184538
249280
188890
270573
178427
209721
144128
145397
134927
175534
190809
145889
175627
266283
203396
258149
218415
176787
251803
198115
171407
188156
180126
157981
191878
197678
253951
252229
295917
160670
317461
178953
244517
199654
241389
171930
140888
291130
188570
131031
143906
229849
207236
198423
265755
150911
220304
285692
428966
238056
259148
178900
149783
202630
185781
157531
199351
303956
229600
307116
264729
278334
195602
272007
207783
197199
199812
179000
190891
158428
181563
205592
227729
213519
172921
306696
266878
194605
192274
266104
180450
155653
149864
273344
194857
151576
238289
390491
199893
283504
182225
201422
206830
254313
248589
188418
161320
175402
190515
129802
152725
270997
257946
248001
168986
234538
274756
287488
168207
195376
158358
163704
129602
142626
152242
137270
162164
243992
166622
204260
151183
210933
225581
178622
230095
238651
188060
217467
184761
172537
152373
197128
48075131
43899242
39767622
35634256
31403314
27202472
23099523
18923828
14796884
10645675
6477469
2349545
157158
228321
277991
183014
269063
337900
196166
383584
198193
163794
174577
142186
211189
179956
163519
222187
296073
221702
206301
193280
283897
201956
229691
227616
272980
282364
216769
163818
146433
189196
187392
191537
185848
211324
216507
206946
219321
245005
152942
185310
194344
220897
243544
136637
148884
144195
164046
223642
222723
193864
183524
213041
150692
155729
177476
171803
238256
290296
143198
180566
157307
239612
205070
247695
156911
137988
229342
205814
223720
211271
304408
156861
166716
193205
181089
180259
176893
321150
198442
174226
220292
214947
162712
158391
282638
162574
185255
204234
163445
140893
148046
232747
158198
246243
153381
178516
242611
233648
192401
207996
216419
164153
156940
149111
136084
151649
143101
239465
154917
223583
204469
194389
211275
228268
228877
236627
261446
163437
256967
144471
148517
170046
269423
235011
268811
190952
217011
215999
236738
202673
153409
180800
151765
132071
137954
153720
185336
234526
243880
196655
209346
162192
150693
220894
273232
191329
242870
185487
208289
141800
203923
197050
176333
192355
316713
217657
234741
359643
172481
211901
169321
258890
289752
163562
133601
149742
153661
172414
228173
220519
284963
292445
186803
158563
257389
198884
260636
137802
205609
134621
259573
262017
143790
222809
206098
146281
196968
307219
185664
150844
388033
177278
148942
143397
184767
123222
206406
228557
163517
177171
176435
353643
193448
207621
193965
204934
144017
142255
168880
155176
227957
240390
320615
197796
214716
196090
186520
283323
281473
331589
149991
196118
283834
185196
188870
163456
156051
46216368
42024793
37905566
33778972
29624273
25499216
21369805
17210172
13067314
8930243
4762428
650477
156120
186572
197803
140803
234358
190318
257354
243239
162847
199408
336817
210258
204492
273032
213487
196077
178660
182877
175743
257372
154711
254709
207229
281039
131536
184973
143788
140228
151671
145981
171385
220431
221339
158723
176239
162595
193658
160759
326103
278300
339299
147527
146863
145610
143346
213702
166827
233064
143603
162313
225837
192118
190565
165501
141436
173141
221257
297967
203803
210104
145928
188112
320742
337260
141007
264028
213801
198259
146176
191626
123143
142250
126953
138672
150991
193356
234975
215521
219889
220007
243971
226459
164758
225130
205970
226258
184505
207094
135424
197202
201717
190579
242509
338137
175590
195944
170928
240427
205894
223979
153561
171494
175482
179019
134412
159802
156676
360195
164371
182296
323678
142839
215905
170318
283304
251203
188141
160711
160661
157170
241506
221803
240211
147459
236432
202435
205229
204988
223224
267737
136706
145922
135080
159676
157215
151391
299252
258457
221801
277596
170161
169813
216931
277721
231581
146406
147020
155545
194824
167491
198996
285509
188628
186480
251798
213748
164594
198093
228445
163561
161525
184196
159002
156147
187191
186138
162114
230311
202869
186353
219140
185541
208228
219538
204357
181602
173390
204510
192617
185633
171111
204995
209670
163134
218411
182144
244554
194505
327420
147392
115042
129245
157415
133289
165004
303577
151894
198449
193603
181213
276837
247261
218642
196832
327094
317987
211491
191373
163134
136001
174110
251028
169551
216731
176405
220118
173195
252124
195202
201999
219302
241378
146897
145213
152831
152241
48604916
44421052
40315389
36165155
31989503
27885246
23757659
19583834
15449272
11348351
7193721
3071001
145736
228626
256717
204983
219500
190001
216101
203099
164490
167547
234526
137253
144445
181092
167497
160670
164797
226108
307921
149814
175797
244385
174349
206449
240223
206612
236445
135761
220833
119633
199457
201607
147918
209983
237810
201263
274671
241811
155180
256332
224702
195045
214370
141310
126440
150577
165544
354217
189025
284149
144593
177731
1662581
135657
142224
164657
164856
156747
174689
138770
150778
223379
199334
192218
265065
175574
333477
174062
191240
227872
226744
383302
186580
137875
184293
116739
275058
181608
212012
192045
302019
200410
217991
229780
185925
214126
171886
201596
137079
197349
288016
208666
231682
216766
182223
206526
291010
348000
300277
330696
140590
153067
158887
207975
134507
185047
159074
131368
181427
256785
173390
232603
228010
187243
241680
200540
219523
228143
158691
137867
209722
256091
247528
209934
227314
294401
209605
244830
190976
262102
290658
200495
146831
146759
140751
126056
171454
171081
221912
202281
144784
200993
250131
203558
205215
147640
188635
143357
160132
180011
208816
148529
188488
177622
189213
168134
161868
275013
181049
170645
227028
150128
161959
165638
196780
134809
204071
162870
273036
215327
230234
180879
175924
178062
243452
209758
208576
266352
151616
281072
203401
152998
198739
153227
195393
230050
267042
264381
237281
177829
281793
147877
151145
169512
213452
234651
180532
164386
301334
172987
189068
241027
171461
201771
166887
124471
121991
1341208
123184
251107
178225
209323
244928
149248
223282
147812
178374
178889
265127
179350
271732
135348
195557
158093
138409
122882
146008
46186849
41981370
37878678
33746939
29585056
25474036
21389335
17215465
13078832
8938851
4766536
639051
170047
234022
178099
248051
194449
275090
186340
185214
172209
172831
155260
153708
157595
151793
149523
232386
258157
167047
168841
209526
197905
188302
283502
231932
214074
247323
150828
141347
134820
127379
148140
275440
326458
265791
242372
159770
206778
320833
187478
241381
152967
142407
208791
135263
174256
137509
140072
333946
254496
159578
148157
238563
195198
272503
150106
233448
216577
143667
151110
134855
137211
178339
179623
313096
216688
183916
242351
267233
149389
309801
173676
145293
131570
151947
152525
174009
165022
157801
270446
154402
291628
194659
267385
206651
191605
160098
157332
194334
170419
135928
181354
149841
163846
172336
191477
185712
245382
190328
269330
171251
160888
185835
192022
196043
174623
173157
182575
390532
201227
147987
211507
142626
235332
253607
153209
188258
213287
146995
311192
133061
153650
374623
246678
360380
156922
155622
186394
302093
180821
171820
196842
148047
158233
152223
218999
154311
250510
377709
167492
165049
168138
182124
240365
167646
242112
212695
140391
146397
180682
146024
141589
153638
252191
315726
225680
177535
207504
153818
157817
240064
150276
211887
182437
137594
124483
199517
139776
242285
176017
196729
172636
266224
205184
187099
142370
195687
234695
124067
185488
153371
388605
157765
187768
201410
270537
152739
146799
185250
177477
157873
201808
130037
144875
158069
196491
225525
244809
180118
184708
210924
269910
168731
168462
201961
163142
129200
132340
125886
128465
146356
181756
227247
202024
186919
284298
245586
260537
283073
202146
160189
238417
155224
318182
175789
148565
142573
48491943
44276877
40190359
36061970
31882542
27756401
23601610
19422280
15321139
11197573
7040419
2919682
125823
212425
160813
153932
210228
204467
174714
217473
270790
204532
396276
183190
134718
139529
124607
271187
276410
211137
146291
259824
241838
218909
248305
293783
190703
131424
126737
130614
139796
166076
112113
190844
241780
174087
127004
165308
131675
145566
265016
212828
190267
184529
138496
132231
139800
134263
183943
222690
185710
268246
168538
154914
156502
210502
178070
186637
308743
181441
149509
262894
192850
181698
203033
261521
167929
235538
257996
288960
191260
146366
182056
263310
196606
171166
153868
193599
163733
191341
221475
290718
213635
344662
285379
277011
264357
158011
130389
130949
154885
133652
155758
148762
294188
206994
178042
286189
293157
293273
190733
214398
152607
156392
161977
154703
252795
166356
227714
164241
269970
193765
181205
210017
198881
282423
195704
170321
199041
179835
130657
244152
209673
302567
215011
182518
244804
167153
202656
265906
163949
189620
303641
175003
153919
128857
147663
136934
174787
229888
305285
197110
217449
236045
250561
156067
250150
149256
130194
127624
136542
147697
253398
247624
135877
166863
231863
198777
226195
171807
187363
279203
149996
244621
221539
222338
154762
139055
213360
192810
313318
218931
139544
237850
187543
158816
208686
207881
241607
126624
178176
134362
199577
169986
257259
147075
196240
178864
155192
154501
171033
257290
165242
141416
149099
123454
202804
480325
264162
177455
360461
138052
193474
155822
181083
166179
152392
157097
148351
184590
141142
137170
148539
190175
234812
190921
202339
219227
169923
229403
167827
187656
252194
209753
162633
139922
143243
124774
159109
46105665
41907105
37734043
33587836
29436822
25295328
21182028
16986608
12843452
8731728
4550306
425064
219196
332034
147040
169001
266704
234977
145016
142128
169943
189897
165008
183745
169990
139872
179919
142108
195099
155949
195392
197965
260405
153389
251674
166452
271994
161823
134525
125534
141600
159808
146541
244882
220306
190011
258071
181008
189415
171338
314269
189409
175023
236490
291207
134259
130274
131897
143472
206314
191449
204365
241727
208735
310491
239581
133815
182096
182945
152180
148135
146309
207828
193574
168629
211830
170410
232323
233721
158820
252714
173710
142721
165383
141400
124930
253866
153526
136518
184640
170601
161587
152641
150384
140977
395067
214389
214453
192274
129229
139682
160189
139850
167552
204148
227254
279315
171707
221066
216121
174517
138680
186524
222605
132668
137174
131493
183130
133314
152593
168706
131532
166561
174173
155400
164781
194129
212723
164690
262806
130429
257778
154483
225138
155735
152846
144528
191565
229742
251015
193640
194711
165138
265856
144656
135248
186211
191649
206914
209273
150205
433817
287865
198281
164550
277990
151673
172726
187344
136870
126955
141957
146628
215573
152647
194677
253270
289865
216953
284158
232562
270425
158527
136593
127134
129770
131314
169439
195194
184199
138162
264132
146733
212299
203813
216713
123794
304427
215207
240769
136393
143996
186447
242751
184838
262610
186368
354474
191797
282663
199969
149621
121084
115274
134235
147029
295051
169301
192480
192421
158999
194764
144253
204735
245076
195688
135216
345635
216517
133089
155485
198656
153182
169040
163636
168164
273308
159168
186088
186963
204473
175807
155007
173593
195600
139911
142610
144417
48061925
43837981
39702828
35527735
31315688
27125555
23004395
18828771
14698036
10558387
6377745
2268407
220805
304546
257246
198896
181301
168337
187924
255689
209844
257749
198112
174016
138329
160556
136515
152003
198611
202065
149759
164476
171827
162174
276926
139376
251308
232522
132736
133329
129598
148933
184926
183247
182336
205338
369615
260231
144245
227359
297529
189082
201769
130735
307568
208099
129195
124154
143282
136796
270584
172187
231356
262482
192966
156429
155034
194811
318382
221582
148531
148194
141057
146525
187020
152949
202077
201405
314804
183070
175806
251294
365206
194929
135713
121773
143125
190181
172873
140410
176115
196961
276667
265298
264002
135017
221081
208900
167072
140063
136584
153699
183970
178008
178715
187527
165233
163765
262206
249094
223576
200353
295635
246463
235724
247772
155913
136524
271451
142045
244005
196697
187221
191378
172320
188585
219620
210870
245137
140097
223701
151635
295756
192748
232777
228409
181459
153658
261972
148375
163801
131239
211655
162527
208246
176445
182588
147997
236362
159002
147466
225447
234503
247729
189343
253474
163264
142411
157060
157284
187388
156169
177302
246368
175100
166428
179069
245751
152837
136590
172519
144447
158788
141929
131130
134698
137271
236515
172825
335372
172211
210991
267488
241434
245912
196641
218970
194952
164893
133838
139909
146013
172522
206381
282279
165573
194615
186257
227589
263094
316945
182873
166341
185341
150421
138389
144967
153799
156258
237957
146467
165559
298374
192768
144598
212491
194440
160541
140758
134507
140966
155856
147950
177304
221993
177395
164044
179388
198977
174658
181233
149909
196002
126113
194245
129379
138506
229005
140300
45572359
41408627
37251567
33116731
28939602
24815072
20681863
16498826
12367551
8248757
4082524
219414
162203
174557
168115
180999
168101
244481
257458
166541
201346
152108
176288
153300
125544
131419
141482
128923
150967
172048
170892
167773
240917
185403
143801
138916
341781
303563
138303
153732
141129
130746
147231
248755
206787
336079
372070
152745
159209
228735
184004
152781
256106
243342
178619
177944
150504
137443
181306
166744
172697
200564
230647
279482
232345
314187
196548
211143
261621
217282
135432
123743
251898
303999
173601
259774
132847
154710
242435
127315
209736
152331
129835
143790
136458
148912
157394
140880
188278
195986
247901
131206
176409
184091
184603
159898
192102
183039
159070
133192
155384
156826
150921
157813
206995
178774
201679
304690
200193
222032
232621
201958
136111
146315
182932
128156
132825
151936
148415
303148
242577
220178
211232
154227
192709
164641
222748
155711
406987
159022
164193
153462
155149
171467
167363
257001
233947
160895
260572
173464
204926
150946
123078
140685
144043
156251
155537
197434
193815
161910
251128
136220
142406
150098
250193
185678
220495
182126
133682
164024
161026
153989
137225
207047
155192
143046
325412
263038
187433
194119
191803
169108
167383
144659
187170
129538
143206
134561
150638
161069
170324
150713
210046
156028
191531
228584
155258
194563
207918
217700
189160
157742
143113
221940
153470
234632
187009
182347
171260
221464
200020
169296
211015
113758
113307
155904
110805
140847
309339
131682
213700
167067
173219
198992
179305
205651
160079
138846
147261
115212
148674
139946
166511
192158
178802
212058
137248
164277
193814
204416
222039
190059
183434
179791
140007
137182
152623
175087
47312625
43099949
38997385
34842917
30654885
26528950
22402002
18234029
14105587
9961423
5785025
1658894
355414
138594
170298
182135
174528
139890
172296
210858
162742
282996
142315
150507
143913
137103
157309
197871
143466
190924
165383
221006
125602
209221
199116
143443
174506
217843
135464
139535
123163
114253
165681
160526
224037
185167
188600
223132
174908
231034
146888
306991
226455
235657
142658
133600
151314
165587
231281
282077
196845
191381
139407
153755
393895
190253
260943
207766
174630
173633
132230
129399
144275
174838
183381
206474
134762
187085
264401
301887
274663
227567
151614
142696
194321
119852
164290
142888
228714
199340
131513
148880
204658
161703
274033
365773
152648
146790
158151
136556
146948
142000
143442
153919
322739
171728
170230
197555
185370
238317
172550
210375
153713
124505
113990
127237
146982
151140
157494
131567
197136
240247
215182
147312
152471
226514
142771
260828
193320
111980
132316
195803
318877
167307
148251
175393
164362
181144
221591
292942
322013
166863
154803
141194
143145
132723
127391
141669
222925
264068
263752
194983
206069
200987
193819
238057
165713
190943
181965
181952
246043
159435
141212
219442
155583
232471
176379
167581
154644
144218
225473
209785
231849
213724
125705
135541
148305
222159
153022
158401
216579
225118
255795
197708
202056
156012
177842
240635
163393
170680
129036
185149
238793
151339
141211
165894
340565
180435
238724
198187
195419
124388
150403
162651
125643
160465
128068
138402
147008
192173
185879
180017
178165
205326
195407
171664
127007
132327
195329
150469
145959
198106
155411
159699
137264
165787
180969
177094
161612
180138
226054
166937
180801
188672
113236
129832
149206
167936
155134
45784644
41635801
37322940
33180992
29023537
24916444
20801039
16630150
12520200
8390719
4214459
194120
132525
166435
173903
166194
160365
200611
230036
135724
166955
260698
132077
149596
130804
178852
160875
143935
209794
175636
211405
153324
223087
163046
166234
197045
176768
222248
207402
123263
137794
152528
153599
210777
335240
175882
184198
236123
191128
174555
273330
227581
154430
219027
133740
148289
139923
138550
137547
325166
157290
145726
201579
201553
147521
249976
155103
141435
176860
145234
145589
146705
149351
137999
135014
252426
305276
254213
225549
153563
278312
169228
130343
180647
135629
123885
184516
142742
202353
144010
193413
149197
156100
161059
205800
188296
261081
133023
157682
191704
168945
171203
152436
252490
282429
171141
586287
172469
205091
220638
160672
173838
168672
150995
122411
130382
129806
178592
123923
169943
135562
202229
219692
168531
259510
216557
314422
161429
191594
137675
156515
145224
217358
201357
228794
185419
189256
156318
199091
196007
350130
156883
145673
164773
127805
135640
135739
139621
204301
153716
172095
225793
192192
198274
390980
167958
181954
163939
138141
128479
153213
141849
148666
149405
199029
149623
178579
169135
199343
138466
167351
210780
143787
147843
198587
254578
158623
206320
237609
237856
212044
191829
167678
184348
217915
144947
159563
240254
139488
196730
164627
144753
185387
227178
245977
243989
231070
155367
203489
180854
186402
209732
212547
130283
127506
145672
123708
135556
162600
196403
191301
180785
183206
164177
178555
170771
188194
139386
147476
230961
173326
185827
232001
203298
206686
191839
139233
208074
204988
172712
165936
167742
195937
148284
158970
149881
153906
139014
48712081
44487972
40386160
36241866
32032286
27904439
23784028
19617139
15483165
11353883
7181718
3071948
162315
162249
173713
170429
142947
176484
131451
153317
151330
189384
235215
206975
146552
148341
143824
137332
189694
176880
190350
131237
167118
196488
175123
164834
168957
178423
275020
138269
133127
262456
144609
180252
326584
144253
219637
166092
181627
429281
222189
174258
193252
209858
168083
134581
133754
131191
125309
162834
162152
235524
171873
222432
170445
171303
207801
186111
283920
234055
165204
270528
124461
222742
199100
222160
170900
135469
214244
162020
148517
131513
147736
110931
127274
137177
132869
125221
142072
174898
269352
285760
184136
243672
191678
254377
243535
170033
157434
161446
135604
176686
137409
171370
207425
133238
221672
220972
155040
126888
170863
230083
343442
126163
162370
149770
137067
131309
129595
124504
229156
193868
152536
234603
240560
213270
154400
132748
210314
151830
146648
180788
167770
255805
262160
204091
182579
237261
173754
135040
194044
231598
181810
137736
181345
143630
135504
129020
141709
134336
129533
193522
170849
141269
180835
151525
138884
315401
183345
156194
116688
138134
197121
361048
187429
172286
218224
153612
213509
142429
184288
226081
186251
206023
148645
163458
142541
138974
160630
203935
198303
193676
171019
171160
161007
206216
141237
166516
138780
159304
146677
213174
181027
179313
191422
169593
197490
151888
144411
170653
157717
139956
150569
377974
163184
230089
216824
237756
154942
253870
198056
211352
180572
165709
150421
185997
197018
133208
174130
145469
129650
154286
145548
153369
308793
177235
279432
197824
245710
167506
199261
169955
147781
270034
202481
149991
136209
172584
129644
46664870
42458430
38316138
34202334
30027300
25884777
21739532
17568840
13462803
9326250
5147623
1004547
147239
139810
182307
213948
153840
216457
199212
148297
145799
158540
187167
176420
163221
135662
124705
128978
145966
255031
180432
241231
308274
166449
193983
147863
175436
238171
142227
153941
204329
191115
130169
205003
202082
146835
164499
173418
248687
171197
315792
214380
153070
166518
199494
200281
167544
155627
147782
222189
148700
284640
151429
239874
187801
141575
170915
215436
179253
158232
236318
165289
282117
197794
278564
153730
204998
125714
229747
230247
281123
141518
147087
136221
168054
148548
154636
132431
241887
167393
206127
227146
177627
161744
233817
135759
201433
201767
154065
167217
139492
187711
146141
183039
195055
196678
181920
249829
192106
140213
157296
156497
232019
153448
153992
131482
181504
152303
209543
154931
174963
192370
203128
239710
126022
235650
188732
148703
167396
171604
176785
137703
210002
185027
195394
174810
152716
332553
172985
163791
228976
165251
164016
176258
203053
180785
184886
194998
157640
204513
288463
167590
164353
173607
182040
160573
179825
253273
153308
148680
202528
157850
172987
210486
209700
125823
172950
160167
152518
245955
154159
191223
146551
135141
131964
136479
146805
166564
132654
169263
213271
204659
196967
170375
192323
208987
204856
212979
167754
134482
172735
135132
222314
147177
260422
177872
125396
146459
262997
201675
151847
212015
148631
222330
274402
161784
210096
167712
169316
193572
151228
194917
254873
139362
162625
166465
259444
279089
200433
193667
125589
158689
147369
186240
160949
145874
145647
171287
275751
185530
205185
230921
148714
140323
135596
124016
176051
149081
48048893
43891751
39718465
35630669
31450513
27319860
23196293
19042395
14923180
10799274
6637365
2511452
166812
140837
238157
196718
250669
153171
203320
144958
141006
171408
171742
231496
185955
207563
155628
158152
194611
161148
215914
204726
141703
160089
139379
185188
202166
143930
152454
251763
108346
133343
174709
170676
171330
185636
152313
194635
172427
154021
154881
151388
143224
126569
146028
120626
215396
135587
136565
128171
207045
166312
188165
160899
163471
194862
204471
147350
222899
183400
173222
130905
134040
150105
187278
219470
175687
199699
203520
193716
189491
210332
136072
142683
117608
127150
112279
123489
162314
155189
230343
160432
149413
204554
151645
161238
263648
175790
261178
208406
141343
136600
155781
151542
142452
156105
149596
209869
217208
241186
170078
148842
174648
153854
162756
137700
189638
139602
123773
124138
192136
228177
174275
131685
144288
158047
190963
179418
228970
118404
119252
134501
127980
215064
190937
238907
147752
186899
156673
168106
187618
171912
142539
142011
143505
127073
134184
139650
164717
221614
186028
183526
148487
171253
207819
212848
163083
279329
138128
159767
141345
137038
156732
248585
185865
141316
208612
144750
198247
178879
199936
153083
320272
157899
179811
218743
153227
165793
140730
169024
144009
205764
156144
155638
158324
198665
149147
159303
150291
280735
314849
202764
210285
179416
177237
208764
204332
136430
177633
176147
154675
173803
123138
134459
140501
112032
181116
150912
132627
193552
198945
143834
161930
159911
156551
182468
140507
156596
207599
213842
163020
281077
251499
201394
137670
227985
273626
208417
191804
219155
187711
200591
236526
139011
134938
122489
125090
159646
149507
46140735
41958033
37806427
33712511
29535492
25388219
21246007
17095179
12974348
8826754
4633504
494657
145745
197093
254143
215236
139399
191777
171456
790041
171642
191628
134382
150887
142617
138655
128598
269871
183651
154400
204510
242200
170040
197423
175668
156310
210742
149067
126978
134816
140289
153602
144188
203509
314004
166348
154857
209599
173230
176901
205692
347025
249534
185595
259453
247693
158974
131321
179880
149497
153064
203745
176486
196581
198064
181634
257137
195727
239961
203972
128875
146425
182118
147696
252822
188626
220061
176937
188052
262410
221689
132325
172297
167013
121908
139212
138120
136492
300182
162243
152317
168838
210208
182700
208993
314137
135546
154636
121960
140054
173212
114346
142538
186036
302567
167740
230917
245479
194272
279518
154816
162971
212772
182777
244895
122642
139766
164599
145426
272361
158676
193000
248069
167673
158077
164424
263701
197493
151395
147681
466127
181301
157716
324064
212525
171127
360700
237437
349884
157603
197438
170064
119494
124696
192524
137406
171883
120628
132779
204800
236581
179516
209389
175729
168051
161197
202483
164197
137964
128776
138718
165942
135112
181688
192538
162929
274250
235701
208216
210389
152369
168874
113712
140392
184981
147495
127900
134923
139916
241898
169521
151603
306862
203656
179553
137418
232919
207415
145670
255702
160905
124057
317465
173813
171288
159445
154612
315168
191781
172965
326828
284801
147416
144665
131758
137324
123978
166962
156263
169269
139893
166692
257845
248752
170445
276005
171239
131255
141713
134939
139566
146263
130375
132187
145456
166437
167458
147757
128843
268271
165050
158264
311379
182730
222191
185743
156242
225864
48854414
44676621
40524786
36396214
32235552
28127975
24008955
19850542
15724675
11581265
7397874
3248592
161057
161646
150637
195133
246336
277762
302575
281883
231924
173821
201720
139372
136864
126241
139861
127021
208090
153912
257852
230093
227072
164249
158736
251197
195803
186682
147379
136658
135010
134888
159678
150048
146220
157435
164314
177341
210663
168894
191996
280446
240355
283567
131026
239802
208623
146338
133768
137834
164233
201825
252880
201773
203318
205353
174557
234911
209940
263048
199331
219933
144921
187030
294288
155539
170818
178761
189966
192953
170556
280028
122817
128903
139969
127059
112894
123266
167205
257777
242629
203335
212584
194132
282529
210630
209037
179958
134181
113761
147392
137594
186593
139811
240076
173015
165689
227908
123452
177061
223268
148648
267945
188562
163705
123959
147854
117300
118648
234922
251383
256599
246205
196814
206849
182506
245696
221387
163088
211992
177998
310245
248494
221226
207891
147201
129499
209971
238530
191423
219821
159405
171051
133913
125071
189214
264546
231299
159762
144920
150285
200044
207023
187568
169104
233085
172003
178051
269354
148930
155773
125286
126889
206645
276805
203211
225198
175606
207185
272956
242530
142976
235934
330129
178065
173617
153485
181007
130754
133335
189724
175881
329702
281336
310448
239375
239950
318903
243299
199594
172076
126708
150470
188806
149050
366779
221888
270692
255532
256999
205186
269817
147349
153830
146711
132687
185298
135824
144047
292364
222885
164760
234079
193006
250350
249196
169557
187672
127776
136231
131668
146502
137837
293995
157562
340782
273018
200457
181222
214923
303762
279386
216613
207849
154673
128789
159791
165717
155549
45825901
41652042
37519890
33426744
29268364
25049909
20902212
16706566
12534754
8381906
4241884
417711
177940
203290
286690
251299
133091
144591
202803
176091
153381
275906
160682
142043
181057
140768
149214
232703
169150
242195
323888
142747
168353
232375
184429
345484
212583
126024
113519
133800
248853
135503
149218
133342
175393
170343
236204
187077
207984
204267
135962
248573
296613
354843
224596
169783
143992
177445
126915
213572
255627
206917
353986
323714
191674
242561
142658
329535
266529
214789
155305
120713
208890
265860
179768
195496
186606
140601
191791
248727
165100
267910
131095
268850
139296
148348
150181
139899
210571
189783
280447
169122
218501
233735
272592
292369
210800
154937
141003
131598
151670
172348
127308
304195
176850
130498
213128
215998
131865
218857
171890
254882
315797
147149
187226
402939
145272
187023
145818
154170
239263
216432
215102
152959
298206
209595
142766
250122
135006
159473
166333
122939
169771
269455
143319
145324
279346
319922
175479
183092
140154
131189
152589
132515
127347
139275
161160
154270
192738
147639
263226
246719
195679
156428
157221
173096
148005
222908
141517
165201
144954
171773
143300
277631
147689
241542
278204
164824
223595
182817
270448
222534
146115
137243
183195
132570
164956
208691
153023
143889
212828
153803
149116
171693
267899
162313
158796
197529
174044
139126
132506
146580
183630
184294
161520
214057
186765
170964
204768
232801
142832
214649
157703
248100
151882
122573
107376
187822
256121
163246
164100
218898
262655
352256
182053
241920
185128
159382
125273
135999
161984
135223
232260
183647
158374
161145
242031
241882
173831
337747
379990
136518
132112
194820
262661
174202
142207
155024
46874228
42682549
38591526
34461274
30281375
26140529
22008602
17858495
13733543
9608080
5441794
1311842
201493
154897
429869
128202
137592
241710
620325
182129
185973
206153
166092
154200
289090
122015
161335
382671
251729
256094
154785
231096
201447
238643
240111
324894
299671
172856
208367
257813
172693
283890
164398
226262
171053
159459
156282
173347
269183
221064
456440
240736
228771
136850
147465
121265
131339
138845
129071
251813
172773
197468
135439
222305
128466
135971
239130
252254
189159
145095
133144
128092
143732
185509
197860
162890
189815
209763
210615
216108
238336
176041
126900
140021
133629
139080
200871
135166
238776
202388
144188
153311
243767
187745
141955
205658
238871
224669
149348
136124
136461
145219
130139
206502
180665
182714
151550
141278
120101
230507
248026
188436
158993
158951
158210
163645
155782
169925
142345
148820
183881
356061
195370
153724
226857
237653
226915
146317
230642
136091
138871
129631
152191
266826
167212
233761
286236
199795
173120
220487
178977
130534
135144
151340
128109
133934
133299
136838
202758
194788
218252
199074
171846
235893
182169
184198
181883
239221
185454
127522
154620
162618
148932
137508
208483
138357
225514
209892
234318
191269
220154
204320
191512
175580
203565
119903
136129
156655
134703
214597
178242
216535
187976
289509
165874
167784
232939
251290
167497
239604
157786
131883
214838
186191
242605
190736
133362
146921
250469
336775
223661
169620
302183
179774
142956
128949
165706
227748
147238
175642
178492
203339
153262
219537
224713
160160
232313
142626
124753
144329
143042
134537
127560
302897
231071
125515
188660
195715
259500
193976
193289
248872
252747
165344
170637
192809
140490
132549
49060271
44875720
40771863
36643562
32461030
28315030
24200817
20028390
15898949
11761641
7601185
3466803
231261
205456
163494
309754
213594
241107
212779
156246
203939
224650
220555
136217
161896
158630
209190
195879
164574
149225
275966
187102
285458
139512
170116
175039
225143
294131
159576
170064
131875
150800
157409
153258
212393
185010
171086
164634
188886
195204
228304
219975
160524
199516
130782
176849
135853
140072
149350
160543
239478
231841
193221
151591
296544
172449
178128
213742
166331
148028
219105
198830
139640
235012
203837
184169
177263
221104
143395
151305
301224
208327
123450
131770
156418
134751
197102
131976
245862
220163
133913
223409
222331
166120
229947
165633
319726
182207
139247
139208
123720
136648
161672
154968
180139
136808
180808
247181
230085
210106
162428
214092
316796
211522
344953
137524
139270
122433
148467
126183
241248
247349
161107
205779
300026
195973
164951
172528
162360
144551
177236
133270
133501
230448
181108
183822
217047
306114
203055
238191
248816
169595
337147
137813
153429
134009
131070
126753
201411
198273
233500
150105
162784
184270
210566
214252
209105
246643
184208
139297
129026
126429
233878
243401
169724
212276
301327
207462
163676
257574
243476
235753
214052
219587
185077
134237
169355
171353
137845
236731
179260
157434
325717
301432
176285
241858
196050
200065
236976
287666
175770
187960
164014
207059
214830
226073
340753
267696
211907
219513
176295
125814
127087
170352
128571
150169
204354
143177
197446
243152
144121
185244
196019
163067
168600
204172
172505
283937
246144
132332
135161
151682
196541
189884
201060
290843
208093
173536
194763
242109
190738
167322
245244
188001
137139
189830
151760
151641
128420
46058716
41815475
37681533
33556785
29384229
25305351
21221182
17065558
12910444
8784169
4606995
533740
179945
178606
180144
150699
187586
253899
151493
161951
172234
270329
137280
148886
155805
138416
128272
164549
181722
136627
175435
190320
198276
185534
140194
167176
225145
318460
134502
144696
173834
219931
171622
186980
142625
150902
188890
148224
139412
234689
286029
158563
166820
232692
156605
155962
164129
148671
134863
200370
242383
200859
253317
218703
353565
222037
219570
148118
191398
234315
367274
173968
199397
185782
229815
202486
149500
180672
142914
165749
283058
162280
127793
134319
184061
126290
190452
147877
264891
127147
228591
225817
209694
157025
156128
292254
202000
131618
305294
127458
152648
145108
188114
292315
215372
236111
185191
220502
201055
224016
158644
209067
174226
204248
321594
137205
187999
143260
128686
171045
172695
184556
267149
177100
282521
225256
218460
250461
165586
160840
139016
134232
246068
148007
190061
210957
238584
266308
193231
217941
166376
178722
158229
124646
141439
130161
164490
153378
230637
126000
158726
218138
174900
135172
216450
271400
212988
150614
130441
122451
129049
128593
266152
183691
212749
162960
341236
359816
166728
247691
156119
170775
200985
133354
144369
130131
146685
158370
214342
226084
206641
231620
171920
144509
167139
176031
212923
230534
157552
180908
149910
161297
208908
187667
163727
199935
165226
134381
157324
188340
185199
201003
152470
136950
127435
153157
126382
206699
144043
167917
198659
168731
133800
170037
222455
296215
201310
139994
133449
122441
121854
169198
217905
156646
143879
237045
214225
177197
156620
255760
195880
185177
151318
136817
143910
145650
141190
176627
47751240
43514512
39383427
35275911
31109922
27003682
22877098
18749053
14654111
10529546
6364699
2231759
180598
182816
180543
245785
174194
191512
149782
165868
140875
149989
231467
201433
138470
160505
132325
159765
222415
288167
203461
174625
151441
264978
175621
135180
208153
312370
132245
130688
130456
131749
140439
384776
195021
295807
212659
159065
209007
139840
168334
343428
351419
181332
218251
145199
202108
132218
135090
182269
187513
178780
222158
208345
168681
201080
290845
182752
161106
269482
139152
134650
162579
222627
315780
243133
281268
213079
165286
283220
167259
135189
168412
141931
141326
128357
172028
169586
161608
145899
199391
157743
153404
305867
256673
162383
207862
145253
156730
151974
156610
127357
193178
185088
153266
258830
301433
290723
261054
257198
297431
249188
185307
175296
114355
146729
130777
154581
223757
141144
175534
178134
160708
165469
209275
183492
166828
197615
313751
201126
181048
157204
189549
243018
198003
156787
164855
276424
162929
244288
164223
159907
129632
139591
146514
136124
216696
147926
279527
191751
192064
201442
197074
278530
199987
174194
218807
301284
201378
140068
143199
144300
194359
165307
206887
189677
165342
204155
140771
161835
180201
206014
209381
165812
172168
154536
166737
142660
149112
184590
193269
160925
210372
172611
239681
361092
352802
295561
171290
141131
184986
140762
211544
189132
156757
315699
132573
211116
369439
147179
171102
216937
195861
203576
210548
149815
136465
190726
270278
202296
237357
171686
186800
144871
201624
253898
170480
227468
130162
142744
123129
154223
232689
225038
285195
247745
210943
176581
119825
153217
196913
196941
243134
151045
199506
167111
133782
122312
48869153
44688459
40557413
36478349
32303026
28161330
24017036
19838608
15742508
11641425
7496043
3397606
221519
140743
175846
253946
273830
187231
208787
145265
186014
154955
155167
186487
231132
163480
135656
145174
150690
261851
192231
254902
235755
162599
228221
173977
229868
234292
198591
183313
149919
141782
145872
225288
307021
186719
185568
312538
134474
191490
222960
188074
167605
258744
302961
167595
197795
110958
167015
123805
209986
220986
264999
142613
236147
226921
176879
211143
164982
207296
143478
184743
288527
152796
168640
191599
186340
222969
157773
283465
172294
203254
167290
205116
235759
156098
135893
208231
156933
131157
181441
139555
237865
164493
185900
267150
234848
279843
158470
137597
133018
146975
129463
123799
176824
262048
217712
165335
196509
260992
140829
222085
147668
274855
125487
147081
137155
113294
256797
145824
173830
259496
192266
171924
159035
140868
160017
259862
166757
149839
141113
159588
148530
183414
156794
224491
164185
197913
271783
167326
165579
175046
153279
143886
163117
141360
140664
129688
179303
196745
198704
253056
164743
143481
166434
145767
227798
250742
151714
143201
226834
133265
162960
155278
195901
312704
184716
151105
238581
281156
152819
179320
218389
206311
191472
167641
155096
132833
151664
158617
219336
169162
270877
230878
154405
189614
284465
183950
309037
134610
140776
136845
226687
167933
331613
186252
233632
188034
254276
196235
208700
211760
136986
119967
147227
149837
167907
124477
239655
143851
160819
231944
157766
328572
256069
266261
354121
139866
152945
138481
135004
145109
146496
181591
178408
245052
153561
163245
171623
314239
215988
170716
204784
129348
168497
141424
135446
151487
126835
47381430
43204242
39059718
34935600
30794121
26665147
22542962
18374125
14272729
10132361
5995202
1890995
146911
141870
235109
271907
208402
120483
168965
179316
180706
208230
227042
145202
141850
135076
136589
129638
278822
191692
222246
226120
158886
296011
255844
376958
175759
201424
224117
312870
218924
135321
146311
258821
207989
183629
186695
183419
169755
233362
245911
361961
165276
230748
248137
135066
141198
148318
162877
135920
192236
211866
230304
179283
157332
260496
195171
185537
189759
264698
151315
170740
191621
324398
241076
166179
151472
182290
250848
204096
233973
203924
154201
158919
211789
120736
129581
146138
143284
223594
167010
177846
211788
229232
317175
209358
164502
149642
239707
155425
144378
169343
138395
305795
137849
144491
196717
199643
298735
195821
201062
253285
284133
142951
146496
140226
136951
130200
132766
220944
207329
266615
172405
289247
153103
162972
282289
171841
362451
143257
166755
217413
326708
211901
245885
162547
256946
180023
205841
222001
245589
171619
146642
138791
166587
149918
147841
161334
228175
216375
243347
219654
142302
183246
168058
190285
174953
147154
128579
126005
156290
117474
147802
261254
211543
221884
172845
153554
218655
152052
334266
184429
164688
233563
121560
134155
182376
151408
152512
283072
211784
253519
208773
146864
211236
186114
159320
207479
190341
193324
260101
143790
242486
153786
261038
170883
234758
227645
209196
199703
344562
147382
165346
136358
139843
144796
179637
209910
140916
264990
144487
226905
197983
166455
170322
293704
203171
152154
143609
174661
135954
134388
172093
222487
166535
191038
204082
187904
275233
233305
215968
203470
145305
249142
138047
161267
135281
146327
144999
45088566
40885604
36769739
32614561
28429880
24281182
20140234
15966249
11833976
7694777
3515640
128486
153309
142413
161758
165594
158646
353851
207564
200515
133497
159694
294931
162984
147526
134549
147295
168788
226997
264756
156243
171524
155551
266385
197441
310814
170780
305749
126606
140988
137850
125462
161040
171692
277874
213865
199518
202753
186063
179560
167494
197385
191938
285169
212618
149953
201924
136841
152124
219984
142151
170544
167248
162046
233201
160742
298408
127547
179655
190386
142865
237542
129283
203800
186542
177606
289173
161261
290035
223265
231697
172992
124328
151804
136568
148730
140355
151887
431374
139156
301988
147120
206522
227067
185844
188201
156017
255453
179998
153211
128053
249552
201070
232604
138951
254363
178902
236234
214340
183130
242445
259445
309179
167836
129599
111054
144224
149468
142906
137787
233100
175892
151098
266114
137603
256101
371220
221164
177022
159456
145479
144057
190556
147144
199727
191015
240408
167405
221449
164575
210795
153803
135444
136484
138890
181449
129968
253676
165583
224900
212638
173314
151658
193664
209123
212430
169056
173002
138152
124524
151022
146219
196448
210186
191756
178150
142435
246978
179246
180749
214515
148814
187454
152206
223946
160255
139320
172631
164985
279404
151546
202420
210762
158807
233600
221570
272282
136048
173147
201345
170704
164896
235218
147429
179294
162277
237039
183225
251155
224224
224208
167088
271671
150778
145841
142256
132174
220090
198659
194332
242142
195294
218766
191125
219698
208318
135686
198178
161790
155084
169023
193106
211060
209795
219677
160107
280669
236104
173800
164631
196265
190413
167801
146217
154553
171524
142494
148511
46932275
42722745
38597174
34455453
30283754
26184043
22072736
17914090
13780798
9671907
5534651
1390887
145966
128914
184010
152935
228068
192867
204317
236233
190167
321663
223220
145137
167761
121123
141229
132980
224053
246734
199997
193436
177704
197832
198999
207099
243693
294089
187479
151384
137834
138789
191256
293280
229585
259938
278855
141223
227991
396977
239116
272866
233954
252031
162089
260363
152542
137658
137001
189811
912556
218859
152003
264810
277559
185794
250722
140168
228505
190009
201046
130002
142864
140434
145307
168020
139476
227231
409047
157980
195662
222706
156502
172844
154363
144194
163972
179329
188262
203061
215752
277073
183736
168640
233742
179742
173109
206572
194260
160933
165668
170240
202505
184101
234860
153205
222567
206394
148405
200164
170897
162959
223047
213968
188094
162822
162238
142399
244344
164867
188093
149988
253323
163061
185085
205920
184669
207643
170505
168801
141152
218368
154551
235933
218588
223893
200193
177514
180141
169336
209083
185558
177581
146473
140329
131897
146307
151800
157916
250828
300969
217244
181805
176245
174380
235184
221257
275142
179541
157559
146448
196751
147875
202353
180854
210699
188881
250489
178655
170529
304644
151047
198530
201824
128508
160820
144448
169988
153148
187263
221303
195844
185893
240041
202151
170516
185203
157207
262651
142610
163365
143261
247216
254443
191547
259903
195668
147060
323511
218531
229620
147461
122142
148321
153141
128767
209179
173622
188930
166892
249114
220068
191597
165096
247731
156926
144661
247885
147309
168461
159821
147791
136086
183385
271235
171856
208449
230588
167274
168226
176279
222986
140464
161295
174003
140712
151960
125587
147284
45515156
41376034
37258684
33108992
28940493
24809929
20721150
16550729
12427140
8284485
4105523
162625
148114
175464
233290
188357
179295
216071
146239
176366
148326
174944
145397
149150
171980
142530
159781
128072
202305
245642
233076
209608
184122
145505
198064
278282
285705
231219
154983
135521
143852
155852
167224
168906
200611
227121
249602
245682
220158
168889
198313
178167
187493
219793
167458
220052
171462
163656
220833
198771
371221
228038
207176
180248
143646
263815
165932
167213
161252
172597
197046
133593
205695
243647
183775
206362
210826
153831
257385
293762
158019
210882
145644
172716
146264
161379
227080
150080
233557
190797
199998
250653
197481
325275
244714
234020
282843
166690
158772
202635
157393
182959
168680
224248
164670
208515
277417
260105
194661
182800
266773
247431
186501
213175
176608
172172
145152
278268
152599
318326
194405
177076
230302
197023
164019
214942
192737
200419
201878
125554
147114
138133
182679
255320
263107
340449
239588
287665
201120
162111
174013
196103
140165
125780
149032
188219
147866
180890
160525
249454
169121
173560
225457
315953
320569
289465
128833
150417
133837
134032
142976
167908
188129
194129
213722
232300
155521
231796
215951
175233
177890
232947
240309
164737
165162
146420
135905
141682
151644
149233
285771
153222
198919
231146
143943
201518
235693
177580
193780
156897
145262
282787
211563
166232
214800
186044
145617
174202
203902
177913
202928
154133
150118
129141
152150
145319
122208
166459
157217
178556
153312
214654
274589
240352
317615
202113
201627
143833
151906
153115
152286
161397
147392
146270
185491
170768
191228
189023
484805
155794
150718
284145
163412
185532
207423
171205
177644
201159
47597861
43334883
39196386
35054331
30874038
26762677
22638039
18457306
14338534
10235320
6063162
1918728
195187
173792
246185
191332
202603
167953
195286
245524
165414
204752
246482
142485
144996
175800
124297
169588
477347
213554
243851
240754
186701
198619
179321
160078
182642
179710
161410
152327
190671
172915
143425
230890
305624
167953
217670
152117
195452
212069
183032
153765
228252
206746
221238
129993
135957
146393
150005
225482
185832
158985
233161
201321
204039
156422
163773
195315
193564
132059
170075
258355
142944
161606
172067
195375
211882
199918
204818
259151
168037
277557
232865
229919
154030
122784
136272
136910
182363
144333
164057
218273
156807
143355
257086
155798
201453
170297
129807
168618
134345
165031
165220
208065
171249
146830
206856
224961
196398
212221
253473
171750
227726
194141
167806
251964
390832
192680
242727
159988
197027
199184
179172
166354
210071
281809
180735
171534
141538
134755
150034
143700
147673
187289
268748
189439
157351
192545
295024
153278
169020
188118
176410
170645
173871
155930
239878
171639
216103
183189
229090
224045
252052
302692
186223
180826
151567
174107
124123
151207
159204
133293
160140
191247
247786
237529
201245
176230
222175
285723
297552
158541
321757
144371
122836
157566
135388
137079
142307
182195
184703
196826
255911
207708
225809
186460
200376
170348
171839
294793
202402
149120
183815
224199
131950
228582
216113
150066
161508
245236
156669
272028
152184
156525
134170
160175
172042
203804
179149
203079
172067
145060
202269
236323
160007
214092
551567
195812
165390
146401
174455
179190
175133
250530
240549
257884
159444
227370
228426
206077
162353
149374
139362
147372
141505
141008
152111
149781
147981
45428805
41239488
37105962
32985152
28812342
24697444
20559571
16395002
12310168
8170512
4000396
174288
165905
202472
195358
249535
200136
206757
176167
186766
207838
228075
153553
135330
147283
126324
141302
313427
188994
173463
204594
169313
179316
148706
153204
152430
294803
350470
136127
154399
137984
273234
146842
138116
188787
154023
166486
302172
345637
278305
232076
196925
167837
141773
122827
156985
147691
180850
189402
204724
198223
237140
207178
174523
143316
251359
180662
195212
176943
153705
183862
141006
139111
137604
165957
198409
155068
142118
203540
229018
165230
174786
192410
145184
168930
157473
199817
166592
277059
181879
163614
297925
240293
210056
208356
140724
239418
270259
272289
203141
128534
167315
225990
192790
217773
266991
191813
241337
185613
222338
150313
288871
219915
237786
209964
245052
162929
215954
170209
207659
212493
334100
230090
297311
195659
192115
238349
164336
187330
209869
153515
149391
177685
259828
319256
212889
159031
199253
215124
205218
218125
200593
145500
139777
152298
136940
166656
266368
188255
154128
203374
150854
268161
178338
164291
170915
188711
175522
191588
123800
130191
134814
141027
205334
192526
300267
167351
185357
181218
181604
218241
147827
213979
263959
183511
200890
161831
258881
189808
202822
162595
182596
191171
229064
174921
172397
151426
165793
179773
186219
174621
196174
197638
216684
175403
220084
283727
154813
177282
184116
144374
123443
125660
114570
176477
258634
193059
167537
226364
162183
206196
247971
217577
164079
217967
167066
197981
174983
172163
152513
132724
158091
221796
232323
141387
194513
235276
286105
185163
177272
183684
186637
169197
178267
146913
160417
171908
159774
47107253
42932131
38809528
34684274
30513483
26350420
22234468
18051834
13922468
9780390
5625019
1499112
145294
191469
158838
189103
212784
170816
184702
208889
196373
178194
205983
159496
169135
165782
192358
164378
175659
164158
252746
160195
191511
203393
157522
145496
176814
193040
121958
151990
139783
147817
156196
261447
179116
165267
296102
159530
149805
168064
176701
169486
235183
168422
143541
166894
170316
143689
185128
184728
168211
179283
240057
180697
240143
220883
201139
279101
194440
170146
183084
154594
130401
266626
264802
227043
163327
149565
222604
194920
178163
177356
152729
149136
141191
145265
200485
141972
159328
215940
217825
220482
141890
175112
318042
144771
286322
200657
208681
167697
220441
145149
150590
298618
170710
184303
167682
212457
258230
170973
191735
217272
236097
162735
191270
203888
169560
226566
283266
220808
279138
151194
189936
198063
190793
256270
182229
172874
191265
154974
128765
138574
160587
225246
178316
211402
286448
170443
282857
136774
190253
164832
169150
161682
175356
142085
203661
177464
204463
179810
152904
251451
147093
184347
254048
158099
213606
169239
214479
125830
141206
152903
205770
187486
262628
234159
178716
252659
201435
272852
226808
172800
171871
148589
161690
144420
146907
153730
140767
210096
171832
166991
206912
159059
254393
212639
171830
152956
172699
143459
147762
141850
226437
225826
188219
190580
187007
208674
154585
205022
203036
138620
146486
155531
167851
145766
172327
145026
177436
157256
238456
194423
160725
146237
198237
246855
200913
118320
151442
126874
142107
152959
189329
297016
196458
178018
221505
161791
179673
202268
245192
234246
255554
232252
196922
161491
161490
200937
49187801
44964693
40810054
36696006
32551269
28445909
24311779
20183323
16066356
11924384
7760855
3649169
218037
182329
204790
175216
212731
147880
153752
315361
207045
154024
150264
176782
144019
146390
132259
142253
140912
290261
163840
191074
183936
261697
256026
211092
165784
236553
163563
154017
188436
123174
171345
150195
181005
169608
312974
215207
197710
229615
222672
168615
259065
206408
163279
149894
163386
154952
151497
140587
255999
299460
258588
229664
145912
231894
178243
164790
219225
236201
163868
149144
156624
170213
283346
168463
185791
199365
282855
160680
171710
187327
146060
182786
135328
132430
135390
166503
230786
193538
158559
176158
137598
160518
221201
167440
185652
174900
160290
197957
168063
172437
161981
151408
161783
162053
216340
216053
185806
251673
223525
221885
205346
155144
149158
169039
283467
234349
213599
228568
233311
191257
331482
152527
203794
258186
211487
216263
287298
169215
162453
334305
127735
151104
226296
182332
168491
209109
295916
169872
226303
160201
163592
152433
112444
150720
134657
177650
214958
239582
170570
155792
146379
182484
174327
228302
157031
178498
147038
154854
155771
152418
136911
179159
226562
145970
195030
219571
156743
237525
296684
251460
233734
205193
156044
159476
140688
187433
154160
184060
170056
151944
149588
186433
159644
166736
168959
196636
179169
206887
215837
247210
153977
190114
196584
247677
193564
155131
164600
166581
224596
330940
162984
143093
150042
187152
182350
140305
227349
319502
201518
168089
162539
196323
243286
155081
179122
170962
159976
139718
125712
130503
138614
156214
288208
194874
198716
403909
168053
194532
216482
207989
200228
131055
155929
145587
197782
185086
170602
46684905
42405404
38275667
34136449
29964737
25836477
21722045
17571726
13438133
9303117
5174152
1091434
153398
196659
177820
340666
194293
245063
165825
166652
161890
190409
143131
146779
133644
142618
129844
138932
163393
179078
170752
174512
152439
194895
161557
167457
219075
250619
174475
143884
172395
153466
154318
191973
233721
151275
172837
169421
177142
214784
261026
311674
162995
182892
275745
190654
225574
144036
193608
174452
278647
159627
179326
235972
168101
255722
166258
174701
196605
168865
204134
204235
140469
173828
217204
188472
234431
166315
166077
184994
168869
344523
182118
181430
172367
163644
206447
171393
190719
156792
164169
238755
201533
135113
250518
205204
254477
164271
135267
174564
138126
144052
152614
160247
189653
200691
200077
170069
216098
199289
180765
200439
143469
235733
219613
169026
142661
160261
154173
179108
167778
225442
153042
344305
187486
146645
161915
267881
182062
165396
178807
156566
215536
181197
226374
139874
165883
154557
258375
177232
159432
153265
149367
156201
147425
147600
189383
146876
154536
307945
180250
191091
213033
243252
148201
194404
163454
170144
162058
158240
161725
229841
280977
172367
170049
183860
181656
159961
208006
232585
404620
181087
219050
171011
140010
164889
141726
198597
168196
163379
160290
244347
181183
166779
236077
196977
177292
170624
175378
147960
134960
127083
155945
189103
188716
145045
161233
185333
160737
198596
214335
177272
143553
141673
144171
145280
164533
150723
156072
181967
155170
267899
275139
185741
231558
174052
269111
154810
149785
189045
131196
134717
156855
189637
175052
160695
153760
208511
234145
221053
185370
149981
232794
163749
156536
156964
135383
142536
47956594
43770016
39643591
35491005
31315909
27175206
23036274
18858913
14723065
10608745
6451652
2317540
147436
257251
232379
198397
314315
158498
177073
166600
242683
205297
179126
155352
180906
168147
147743
184883
172879
218235
167253
162844
144741
212055
259911
168713
211149
177534
278769
152287
143949
163127
179275
261740
288871
379655
219381
159111
157281
216452
181333
161291
227463
161587
221435
173827
192050
194347
197769
198730
191383
187930
189727
220319
245638
140972
182670
208402
200180
289234
143458
141858
178065
162950
157008
150218
225449
189763
166683
170987
258075
156756
155215
208201
229386
169527
154952
184124
245246
200841
167267
237958
165522
199164
158377
148426
239224
172250
154657
149040
154259
150660
190668
178841
160194
208877
224621
190264
220517
177588
194942
232162
244829
237062
160313
213423
146036
130912
132112
217002
164807
168656
153107
161748
197122
163778
149702
200502
178439
149746
170224
185707
256148
211102
157744
203865
214393
140865
150529
245512
184069
154185
141335
145072
137375
158725
209732
169833
192610
217488
240494
171844
508671
199733
165676
221204
133940
162283
164134
169610
151848
150146
135090
152924
188216
188860
196576
226909
169950
201698
289614
242960
148877
155862
166018
124929
149655
142293
137582
169945
239030
206074
161067
157830
150491
202990
163506
204813
272926
209329
177519
148766
218932
213747
166182
230457
351971
200772
194162
159138
249145
277424
256860
161545
147707
134083
162918
203704
220526
221216
184305
165958
187733
229423
178130
178260
155993
202210
194888
164245
155224
175361
160670
209116
174278
156951
143481
224638
192083
172257
165962
264328
217230
186071
209832
173116
167416
154446
48029171
43825600
39702915
35556880
31382621
27284963
23159083
19028554
14880770
10742509
6540166
2450196
149868
185642
269126
171444
186478
155721
155933
357644
169404
241457
143521
190066
149213
151859
144556
178575
178855
207669
250825
192420
146358
159858
212795
150963
176349
193707
177454
178826
125950
156524
155598
161835
155866
164404
164803
214655
289373
158954
168345
218700
164020
151769
164179
186639
167049
139727
153392
271723
148458
249712
314819
148585
143821
347796
180145
221364
187407
169442
166933
151120
147165
183588
158617
192037
189529
207742
192209
253834
151966
195278
158482
192612
222349
147284
141632
142453
156842
324568
150512
165535
150143
141841
217663
158195
184441
157948
164731
158649
138507
155241
187625
175303
168264
164045
184216
252375
196957
216974
220975
283763
152791
160650
213089
152067
141313
156153
199676
149600
163667
181278
236151
153340
188597
150250
172478
172680
208193
172706
152412
165565
200879
150092
162731
202283
204823
175688
183940
342164
182274
222246
216608
177573
138130
232819
191091
151262
162842
174855
176682
202917
176164
162530
179305
208115
184571
161948
161035
161177
149552
155520
169225
202874
155962
216081
193576
187313
268158
140995
207515
157641
213488
159677
144454
144208
151081
145078
159608
190341
181624
165935
175289
301296
153255
153141
193798
198953
188876
241903
290418
145408
236895
179344
157364
171945
273461
218203
196922
228881
194767
208773
238194
165060
150223
170469
152308
188937
231474
208467
156345
158386
192939
212447
187446
194748
198720
158882
151205
163785
138739
182292
200662
168594
141325
271807
171253
170603
164874
190471
199520
232590
178073
201631
169610
135983
146738
162480
48331585
44153560
40029292
35896659
31702818
27544344
23404711
19225142
15120208
10966323
6775197
2653859
226398
158745
179636
248098
185727
177020
231714
266366
222887
163756
172322
163901
157485
170264
141919
144836
175968
172499
174554
243633
215857
153826
168818
297684
165881
183128
172548
151723
165646
156916
156119
189235
167101
142622
152787
218760
151440
164130
152629
210520
191107
267193
242808
167379
187727
142710
197293
184189
159383
148130
226274
170218
194095
172587
153973
181406
190496
160416
152348
174559
151165
266605
156294
230916
263764
283030
174077
224710
227074
161915
183271
157370
137049
145148
130463
148442
176800
188031
199844
212260
218932
204775
175260
261717
274022
151877
155266
190981
155028
150254
146922
146970
180738
156362
221830
238437
146273
166906
308160
168621
218185
170281
206438
271383
158290
138159
174781
167404
177373
172548
171933
181674
203325
179769
161753
258850
190580
264050
155885
156230
225212
161287
214220
326284
170653
167412
191595
184429
172940
198614
156184
154990
147543
159878
217031
154259
172186
210881
186405
210291
178411
209727
227138
207462
141806
157431
181490
131052
156942
204200
140646
175321
153488
151711
251018
148292
165168
190492
248693
199429
196087
154710
228611
165508
168555
152988
190810
200705
197703
286167
308507
208497
201762
197186
160964
171195
202962
269521
201109
184509
206579
152236
167336
157174
156085
166642
234448
204442
151885
152279
155536
167300
160795
157710
182703
162685
210602
210197
155768
174916
234512
183759
193622
166981
154885
163630
151441
155177
151465
264606
186054
215114
184060
155148
218924
338615
199372
148984
179231
140285
158075
221223
178889
160820
145999
161150
48298434
44095797
39948522
35806853
31636699
27537521
23395599
19262833
15128189
10987734
6801688
2725706
138189
164108
153790
158028
191104
187163
199527
190596
140489
178235
180675
154961
143301
169858
170947
149725
142384
220262
137821
318086
162291
191752
171630
183869
180702
184392
216411
144449
163326
158608
146034
157793
173516
190150
184815
224417
245165
152148
148942
212659
187739
171596
161958
149087
144942
127133
175750
279573
191155
173034
233318
327362
233638
154616
185058
171438
159215
238809
165920
179872
141522
203159
172171
155099
158904
215529
165313
154873
201786
187191
153686
218953
153193
133490
145258
178036
184161
198011
150689
288844
298721
175173
180013
295818
257370
225419
180439
651358
173470
188421
252616
276274
197026
163360
231581
293250
201016
250450
277398
213919
190144
147595
196153
160230
172194
140422
165981
141369
166349
219631
226470
160810
213631
170361
270883
241253
237451
214135
160608
132399
187114
177456
205809
210181
188608
295509
201623
330627
155789
190316
133060
208018
129061
146570
195034
143383
196950
179033
224475
200990
341556
165872
161634
228504
227240
185713
138734
223413
192755
179794
146390
282895
212511
268024
266178
204242
213314
205321
171665
205828
192830
160681
168435
164888
162542
152133
156183
199516
173273
263107
162817
203970
233693
213356
242925
236405
257290
165163
180971
149459
190576
212816
241169
284222
213602
166089
173305
194766
331202
275794
150571
172885
175800
139475
210829
238884
187722
272285
303704
152126
168478
319615
195789
215805
207957
179931
152777
195175
152089
151028
155295
172114
231649
238135
173775
289454
293877
324170
356841
291234
175514
167924
186709
197094
167227
177183
156325
45362635
41165642
37017368
32890389
28713573
24553416
20413945
16282424
12145487
8036892
3865745
202173
155668
162386
249885
169650
281248
294125
225322
192863
165090
217228
238288
180593
160749
201372
201480
212264
182129
194991
301277
248398
198510
238665
217773
332165
223034
183978
307977
449333
228163
183169
209460
251717
253852
235211
266407
187710
184016
172157
186477
180919
214605
241818
168907
185137
286981
158120
210635
218265
225729
228672
163388
212717
208334
272006
190624
201055
200457
134677
170805
157564
260927
171652
471686
173232
217407
200822
286433
197236
296845
265763
172326
162258
167452
173163
159872
207153
254858
220772
301265
203802
249717
179219
218418
241087
242697
216508
242885
222879
149725
153143
180043
192549
303551
216914
174045
187784
259839
254541
279863
158495
173498
190026
165234
145750
191439
180091
163873
223819
285342
221718
199420
210732
292291
220405
282590
264443
185710
165183
167007
164498
246098
201912
270532
203353
173039
224657
237983
194002
134775
186542
162882
176013
153320
214969
148127
212803
197841
248307
211160
245571
193328
202963
210409
200117
290100
216084
168033
138455
151185
145819
273652
204535
237314
264219
157948
260669
232175
170008
196574
178613
226076
150914
166991
182912
156721
162900
160977
184673
306304
173853
154428
253789
158870
228578
228795
329793
196733
170402
186503
175810
250042
158628
167555
259668
242353
181143
376826
190681
223283
188356
242049
168645
173492
212906
164926
257526
225421
290548
230564
256468
276319
171591
442681
233203
191247
162996
187345
185888
175038
206106
307717
253477
233743
342596
201066
300391
188499
273025
185546
176482
153213
143375
173384
178750
247284
178976
46108464
41892309
37744747
33631591
29465092
25345746
21224477
17054845
12920680
8760061
4578423
447508
210065
184336
208337
285485
279787
167633
189654
243990
174596
316465
167920
203821
169910
171671
134506
219896
265881
276222
183540
186139
177687
268233
185286
206918
241972
152153
217468
240179
212399
182306
279150
167993
281503
233839
229428
183320
247963
208358
288208
242682
250105
225396
234632
156074
159755
137809
206818
282006
249681
151177
188192
210924
197343
218640
173079
267685
175166
220135
151200
187157
201305
282846
301086
202467
235622
192958
190857
185206
195488
187296
220146
172706
172112
155420
274659
191068
239768
227062
186067
215716
201785
222412
195715
298639
299830
274023
244999
163807
203559
224202
242858
276803
271504
216368
290668
170983
211978
177848
176774
280186
224243
260181
292212
176691
162795
163867
170380
174833
219622
176665
262046
197144
285106
232450
227575
205327
251413
155025
180223
157659
194447
214798
179171
197030
223442
372071
163475
169195
273553
183501
181782
134076
147723
218143
165439
258953
271404
282937
233816
258762
167097
218202
169364
185575
178850
156807
212540
189374
211620
232664
208716
157662
194370
218207
224039
215313
228799
304370
279948
170996
171110
166012
157919
147122
167306
162984
176307
214308
281329
238959
141277
230707
208370
234138
250881
170682
153613
154532
162229
174346
224729
274119
212816
167179
176157
365726
184559
190022
224879
288908
191736
159503
156799
171381
142578
300760
225387
171671
213575
246597
193392
258515
221258
255698
154992
177349
163216
169746
188660
188507
215074
193253
240013
176457
271945
266818
277617
208133
233476
216636
231842
218621
221490
179821
233749
174941
46968544
42693364
38520785
34382830
30204261
26070098
21931387
17750270
13610827
9502004
5330403
1211063
173322
313804
241829
226024
188898
223895
289334
193837
331287
180888
232265
194928
177663
178790
199757
139386
204198
368162
257962
293466
220266
164579
223644
170487
212196
296430
270439
163410
171601
180868
213111
244320
224845
164713
283677
270283
204960
193291
228656
205996
164982
167544
164332
207234
213508
192721
192450
288205
166764
265322
191900
256286
188694
207708
358792
319838
186955
156518
175968
231996
170671
163334
201989
210367
177789
207747
221463
305477
267256
247400
351878
170843
192726
169082
236723
306400
224387
237117
180648
240332
353926
286925
249096
228026
220595
227043
165833
221812
187772
168698
181785
178697
307276
215890
190459
228585
190621
221001
353186
329851
179551
218655
220477
167463
203617
186263
194644
222071
194349
194966
215047
212057
254464
220314
187995
335569
162438
165753
182480
170318
227393
264664
287270
201035
244957
251820
160876
238500
241079
191677
169649
144357
206433
197247
213362
340034
251450
211137
231544
249358
288383
211604
238705
202160
247667
185095
170583
185654
158016
219619
177969
188641
270395
284402
311180
295237
240197
231117
229418
168402
236806
165920
155178
211375
164059
153526
193554
395593
318075
402102
272268
282612
218828
250346
167270
215001
185637
143208
234021
175305
240874
142209
217255
192805
198960
261424
180064
201000
157595
153604
190404
164545
202621
153052
175497
206770
193413
258437
313922
293385
237034
210458
290536
218857
210594
186743
175889
232313
189310
163465
184594
176826
265555
286363
235154
239100
216501
180177
197967
286112
250049
169238
159675
153140
200383
153269
47347167
43152551
39004799
34839659
30678659
26543757
22414982
18231328
14103930
9972038
5813841
1690530
219525
183784
310436
176552
236988
242798
183706
196166
238449
240132
143317
324350
166421
205270
169837
340379
235906
211854
228340
253462
189361
249548
263225
183016
268011
234677
143715
182019
164621
179277
161053
209781
351075
182707
192008
190837
180755
316855
167225
215015
236728
185472
290263
220450
191057
190086
130662
181001
162948
228136
157482
169037
212557
244491
236898
224773
221134
193107
204811
164896
250185
214540
170146
225803
248544
267374
160013
284128
223082
161734
185839
277026
216864
163263
239116
246832
391375
190942
206166
204305
245561
465364
239466
288686
173062
244775
223323
196751
208633
208110
203343
214895
215140
171596
206554
226007
191645
234156
212007
236099
395026
246358
176472
172573
153537
152008
169801
202199
191077
188135
196188
178790
187739
196007
376021
265940
283845
207788
145646
172516
234007
233832
183728
