6215972
11162729
21133891
10999425
20861322
10788872
16863914
6771962
10824905
20760627
10686334
21725878
11626159
21425299
11283869
5763228
10892055
21072648
10966156
20695766
10597905
21027378
10957271
4919742
11072444
20783259
10674870
21004770
10895629
21144971
10591963
3613052
10677357
21166617
11002852
20734688
10619264
20818347
10717208
2581265
11591686
20540812
10455546
21081089
11005150
21117070
11019991
1647883
10497411
20556691
10417226
21188554
11088756
20730615
10654535
873356
10663476
20662192
10592953
21070945
10943073
20161616
10058617
11723263
20892466
10767876
20677932
10602259
20522806
10447651
8987815
10897352
20711295
10604642
20598719
10431786
20673328
10586794
8043673
11576941
20699800
10613008
20584250
10495802
20911561
10799467
7287237
11666880
21773501
11648524
21523146
11416590
20961285
10900833
6502736
11366968
20706698
10592471
21789443
11704412
21522747
11402486
5534542
11094017
20788436
10636075
20590028
10469909
21528905
11419078
4489315
10632542
21289844
11215686
21552773
11449943
21605064
11483517
3455136
11310559
21031952
10926927
21143021
11041280
21114994
11021332
2528005
11524605
21348370
11266483
21277566
11127830
20927934
10821815
1609478
10710084
21194980
11131894
21212358
11127328
20543532
10466795
955768
10510304
21204803
11107998
20795445
10697564
20142612
10030977
11281155
21479903
11365846
21476154
11383220
21252251
11200903
9282052
10469827
20755661
10643060
21031890
10911231
20687914
10617647
8399508
11151866
20821868
10749236
20796365
10693540
21203370
11076668
7439177
12542114
20532540
10416510
21385293
11310281
20656432
10529483
6528115
11455521
20767385
10663825
20593739
10494039
21487153
11334672
5581149
10867739
20899963
10814602
20789624
10689733
20674086
10575062
4622252
10693334
20663488
10555309
21166419
11100487
20576386
10526488
3692570
11743044
20916932
10796320
21348137
11201694
21321083
11249802
2699012
10920081
21615672
11498576
21027169
10857030
20785608
10720865
1770768
11088638
21048402
10959171
20936729
10877141
21528613
11424898
1410952
10999173
20841714
10738266
21412147
11344164
20782511
10667622
655784
10700197
20687533
116968915
108337182
98340826
88255115
78132745
68074988
58026651
47957628
37887420
27766092
20886275
10800296
8604191
11060883
21177129
11115576
20988219
10923865
20784497
10879598
7876597
11914970
20833501
10728190
20810514
10707274
21101359
11027220
7168176
10855117
22309484
12221366
22212365
12139075
21611066
11508672
6199114
11444864
21432676
11350761
21346863
11242441
21514343
11360186
5286576
11337847
21026241
10910019
20625754
10512786
20982456
10878020
4357876
11523609
21574629
11484079
21999831
11882747
21686500
11576508
3685831
11561682
21647733
11484339
21559297
11484122
21525630
11445288
2621618
10619644
20557128
10475052
21097496
11020254
21304692
11200792
2018076
11723121
20727660
10613446
21048700
10965441
20884235
10783332
1067425
10717534
20534114
10454849
21074322
10950400
20101437
10021675
10709795
21747232
11673589
20840040
10639712
20542715
10463013
9153558
11390585
20622922
10499856
20990082
10885482
20896392
10801165
8315706
10824367
20873597
10768373
21205981
11110808
20929012
10823181
7360323
11028135
20888036
10748121
20838177
10698430
20669490
10591463
6314667
10691026
20825963
10683244
20846108
10811495
20614931
10526427
5307127
10646109
20594615
10510969
21586822
11493766
20847060
10773606
4402017
10484146
20582815
10490222
20817325
10749254
20706334
10569326
3514953
11111875
21368751
11296729
20960892
10859696
20470876
10398993
2813071
10677707
20930718
10827137
21022086
10910420
20875488
10805315
1851364
11199867
20842880
10715309
20814624
10703746
20933159
10822857
1083367
11290216
21086466
10975926
20987820
10888787
20254106
10133477
11267172
21489007
11393755
21518704
11387167
21597714
11482586
9157206
10650655
21015194
10896033
21017526
10879963
21200342
11078316
8214642
10812226
21010959
10835988
20667225
10576021
20768348
10638316
7088251
10905409
20761899
10617809
21634232
11477221
20646097
10540652
6120720
10910175
20743543
10603271
20839751
10785369
20798268
10680611
4785695
11628432
21154636
11022589
20825137
10653107
21608432
11528894
3901106
11587016
20725892
10591267
20669340
10542355
20818557
10698446
2851932
11217979
20654600
10561906
20814031
10701005
20674848
10576944
1982932
10499792
20937468
10834284
21117782
10978906
21491136
11356918
1271741
10974156
21107429
11001266
20736393
10641150
20456645
10397419
10816811
20645272
10441258
21113274
11029951
20758500
10660611
9262316
10887676
20527904
10445652
21338274
11169084
20573720
10445423
8281916
10722083
20807246
10724167
21191255
11115824
21375908
11270235
7415029
11553796
21024901
10898335
21559384
11435160
20604353
10496060
6433045
10915010
20969034
10889851
20724883
10579569
20632204
10539176
5507297
10681093
21561330
11392124
21007046
10920578
20926297
10832110
4560327
11093502
20746668
10670720
20437521
10363955
20732085
10595423
3697581
10735304
20717038
10575000
20710776
10547486
20813890
10733434
2666093
10539003
20602871
10522325
20660386
10577298
21089619
11011899
1861155
11461928
20687138
10587312
20924214
10835694
21320823
11217162
1177702
10646420
20829536
10729923
21324802
11179079
20210728
10092205
10486967
20682014
10599856
20853135
10786063
21252610
11122845
9188881
11074959
21207710
11120547
21380573
11310768
21039241
10912383
8282861
11136874
21150255
11026029
20893295
10785823
20690614
10606281
7456299
10985120
20859310
10739408
21466876
11368667
20862878
10779937
6578115
10529489
20599787
10518720
21352472
11289337
20997492
10908723
5740207
10972226
21058232
10956791
21624546
11526444
20892645
10763959
4805809
10947252
20724133
10641476
21151536
11019577
20813459
10681524
3882391
11339308
21100163
10979358
21301260
11201533
21066659
10953543
2783161
10824201
20755173
10640078
20724242
10647884
21312678
11206873
1883328
10962280
20883753
10783789
20817757
10687864
21035943
10910391
1232658
10680728
21201828
11060355
20852068
10737073
20028062
9901946
10725046
21045262
10945116
20980099
10914960
21056259
10972503
8993132
10965184
21478522
11356587
22052564
11965395
21080310
10976139
8043221
11813976
20949856
10869140
20852117
10757048
20879093
10741851
7028708
10736816
20773221
10691192
20967905
10837855
20998772
10914988
6101750
10570331
21228060
11103271
21197865
11098418
21008958
10905219
5155942
10618762
21553116
11450770
20642181
10536262
21177961
11110755
4306747
11057693
21080849
11000318
21049725
10979435
20822143
10748091
3416708
10847865
21241654
11172202
21510284
11399586
21356668
11230192
2566167
10634389
21265346
11158273
21065610
10881233
20750570
10649436
1684055
11213046
20657703
10565657
20645046
10519811
21018351
10921362
1258072
10799552
20781641
10678559
20799675
10695048
20001928
9899568
10772818
20994151
10921442
21521877
11440813
21459241
11350551
9126120
10790700
20675899
10579593
20735666
10660779
20518659
10426194
8309496
10838906
21552858
11426092
20921614
10778072
21102582
10965107
7367046
11071827
21325247
11214663
21163822
11064775
20765595
10635513
6456720
11247720
20743036
10659678
20791127
10679314
20703381
10627203
5670622
11568195
21026492
10937620
21491488
11417940
21270512
11153256
4879049
10861335
20905241
10787339
20964696
10852133
21398084
11290806
3920933
10797262
20911037
10808641
20958989
10870485
21416098
11341882
3073206
10859085
20847930
10779162
21045970
10978428
20697905
10620295
2240082
11479973
21008653
10909854
20908796
10837089
20787690
10667531
1319303
10707804
20752785
10656844
20921286
10794863
20964875
10865492
870011
11073691
20836271
10756059
21120391
11024280
19843859
9726809
11238175
20778390
10651545
21037418
10964864
20685984
10530021
8787050
11549658
21222710
11128143
21090796
11004680
21360997
11219861
7787746
11223688
20813934
10703149
21188233
11096949
20704452
10632514
6901914
11184518
21367690
11213960
22404552
12261180
20809057
10671584
5798526
10636878
20793352
10699573
21131181
11032216
21039480
10928741
4907372
11027544
20909271
10809155
20849033
10668715
21219304
11124684
3879534
11265489
22243930
12150751
20919455
10811399
20580336
10477696
2965030
10874622
20761305
10659780
21162129
11061374
20895632
10804180
2063971
10648587
20959799
10818487
21159912
11028736
21138420
11001614
1191531
10455583
20728597
10612664
20545039
10458471
20415969
10315805
10392587
20732776
10632712
21151877
11037567
20723929
10609942
9543883
10512066
20645535
10516455
20633984
10521310
21216378
11100576
8538154
11406635
20570003
10454855
20701703
10594359
20708014
10578255
7517712
10484776
20532688
10448830
20939184
10865996
20606579
10437524
6659945
10678544
20999381
10899997
20645636
10544600
20509674
10436630
5910793
10517886
21057778
10983385
20488018
10416861
20535212
10438813
5145110
10464016
21416671
11317656
20603071
10531101
20612840
10535409
4394377
10623739
20483772
10415800
21143330
11041413
20676337
10565545
3607546
10815946
64151032
54050646
