3510378
841286
382611
563214
842709
416717
611092
623638
594768
377426
660191
573128
564016
469440
600819
622467
542329
503977
620180
291960
363420
402758
494072
461815
492058
379437
562704
504760
517043
562585
559857
559945
402683
505689
530901
491083
532537
511453
538333
522010
510354
626067
534055
522640
496216
537075
506209
553080
535158
542526
606087
544698
593220
409915
306125
464008
534548
564424
538494
755947
517496
502039
640809
513205
466869
484212
595512
464965
444908
503051
527376
493594
669845
533548
320068
422235
371898
423572
541820
643021
541900
554028
530729
289399
353124
437877
395686
487672
430112
442095
488519
499159
478680
573768
387581
662182
495686
561902
485062
530779
477020
418458
361046
549093
604845
511789
543355
488363
499914
815820
548691
475536
677551
588218
536330
444283
358161
520190
534517
546687
592756
449914
578148
515472
474826
591506
517376
541880
518723
676277
538296
514305
465570
505279
489754
574902
426799
572484
530014
422550
612195
475083
587423
741059
439192
573723
590403
329432
429352
727749
664685
629611
626572
408859
522454
423983
550236
493568
627098
562062
455877
502888
519646
389454
599149
487990
484619
590932
506448
649182
790512
714271
482447
450869
450391
353080
462965
718044
542253
484773
441636
493064
490218
523768
525150
453256
491072
400013
352063
500477
517197
465214
455029
527798
457246
414421
461111
617698
567448
622944
481447
514779
244241
475868
456812
457522
568156
466368
550086
519871
610094
532599
694430
659154
558598
628791
361139
529803
555494
618664
749682
468708
443938
361934
340107
537362
534435
788358
452674
405091
560398
463419
376373
401621
546048
673860
656003
618427
590592
463584
585356
2852931
419560
537107
567060
340920
700512
568239
537556
469748
700972
539589
599442
371706
553351
437711
489346
540732
650399
431027
627067
702106
683718
297327
464740
509168
577701
458483
740860
416555
424976
449883
471065
456936
460816
284566
511931
481621
474541
358145
463564
636884
554413
762174
507819
482406
439601
486075
518941
471210
496570
547263
385702
503055
587634
489982
580191
571869
443718
425412
524549
459074
437453
474896
258224
450259
484351
587006
770210
548393
566247
365378
443007
458850
498986
474435
507753
467088
615852
487046
454640
496551
476792
517298
491869
517963
511604
490845
311915
520342
341048
388460
545488
417025
455600
498803
531944
595011
521280
463747
513629
529016
533134
441424
564349
515652
594922
501765
477455
465744
538865
349499
608958
464152
494783
582000
475945
524410
419028
563175
428097
512874
554489
542769
611829
540940
560224
366745
478030
512665
555139
695051
482128
612901
539794
643735
571702
469174
520801
621251
421238
364671
550722
539557
371352
555219
265463
519405
427461
527071
466830
481245
484469
513622
500787
466137
362878
501864
513593
573551
481551
480399
538875
540966
534154
194185
481085
447579
447391
548218
412161
402907
653909
513029
437268
400316
456597
510119
487416
493881
424894
455353
493911
495188
478539
211618
487965
530041
331461
481874
524735
486773
371124
549124
523242
358865
514133
538184
448397
527241
530577
591740
455492
496823
462404
448493
455854
485254
521346
363160
399347
497898
442592
463254
515168
486028
412890
438156
436847
455362
322300
524501
557674
430816
468100
527191
423863
489940
388132
542152
510183
304733
488158
443346
588802
555393
443540
409888
533260
496703
491116
508769
501714
497130
529150
582625
435736
530498
398865
448362
390677
329811
418012
449716
531888
450613
459753
494465
549634
456642
503422
495396
492812
544500
285819
441035
454337
422394
308168
261817
564922
418636
600083
525263
514568
423982
451116
451089
573289
513746
481710
484687
291202
419818
476623
487440
299075
252463
497963
446435
582004
571323
359103
361590
282131
625327
509600
530347
406877
471000
435036
397382
550084
493037
345113
630440
453984
484333
369677
514664
544053
484591
554900
195764
342419
549232
545986
497564
518109
484174
567317
401594
449892
456246
449148
370560
532513
537715
562970
556394
478236
514904
495234
511568
547378
530797
645463
509919
560405
538334
458575
486098
411078
494643
429911
492178
450075
475401
503612
513524
246656
472722
508280
514085
477226
501907
510217
429360
458339
356812
506501
521985
468006
386141
283895
491049
704473
380432
481568
501800
557545
323101
556886
557218
485372
543022
425238
565138
507316
396367
341319
516160
507294
543513
459110
425084
380552
415946
405535
412833
545378
418126
540323
467625
454963
454962
555324
399593
305063
496857
489711
510510
546893
522617
571976
474613
413715
518455
529658
489494
600565
523725
422328
576862
515207
511022
593992
558006
565489
641275
472169
556194
508136
553014
494011
512936
427762
493149
473548
548499
564281
530430
429562
411614
540663
340365
539389
526404
338750
533040
447680
525711
491518
530166
462965
526660
502130
496246
513876
500402
535954
490238
483926
341195
462629
427967
410487
581618
503358
594975
529040
684442
337435
573062
571768
513311
341974
497516
535795
535568
455320
525325
343064
438852
383999
383889
406767
493298
489310
621514
543333
528075
547108
516179
581390
284039
646548
583700
516796
513538
475246
509180
432314
485846
469574
510498
467343
372203
488396
561740
501595
580151
408205
450166
381747
406732
270023
281797
396519
400366
450348
519518
477732
317108
501143
574736
434123
495977
475092
289215
485017
450767
372821
448516
514928
529949
393156
460239
359998
397332
518793
481300
344316
425653
435748
455086
455788
463963
530314
529132
580403
575797
553740
427383
413855
399000
279489
492256
515625
526015
435525
465142
343286
534447
447821
475826
428568
338886
400927
456511
558054
468921
509791
536833
465373
279322
558062
547674
539585
532063
425683
415818
428746
541017
481100
429697
561430
491167
500525
430952
511161
450500
504846
567863
458227
351930
497581
352205
440631
600609
485952
433607
507053
414302
497545
447662
502648
444806
483090
267703
484738
502451
466587
443158
463996
479936
413704
487925
473949
519541
422852
467253
535149
282015
462855
546293
275114
387922
470994
464210
406431
389253
321329
475596
469651
411484
459965
451528
512988
451634
514769
285944
315366
522817
437774
487536
420763
468480
443320
508421
449591
546012
520170
485963
457015
306896
523891
321767
379111
437264
420487
506961
496492
478204
415757
481060
416985
425544
467658
230017
343719
443416
511918
234068
446579
350481
446370
507196
428941
426218
492321
392283
339200
312288
470213
466771
547896
568902
464912
354627
410119
420426
511217
460946
395438
498810
396817
498145
285348
520299
461719
453720
493794
533975
377963
344782
457615
475097
433628
359660
344497
500201
499313
498664
522931
340612
470724
524941
548834
483233
502986
505526
441834
576126
455380
485422
436093
341289
520633
434556
489178
457737
411577
507486
536014
382454
381074
524547
493174
376625
530796
316164
395008
193596
458174
580724
558356
535381
469819
512929
399227
473032
544510
1690733
583766
575584
336848
678657
577075
560297
1168689
345686
593300
426038
528441
501403
510249
488079
522924
1596442
529320
388160
513513
534184
513325
500960
391560
344676
586427
295970
470466
417963
455402
508716
533221
503244
438057
509365
468081
488705
525941
533028
472102
482856
550293
483020
498927
381737
309667
668430
524426
610866
302174
479627
322307
554778
495665
539611
509820
456326
513861
298861
524957
581972
631634
526561
496705
515192
568305
508396
541278
415145
521271
576003
490106
513799
474560
591764
433254
654827
496507
541857
527827
340510
534268
493660
431255
495458
512231
334513
557119
640427
571242
534986
364124
447947
501738
465793
463843
552818
383533
466209
524344
458922
480784
517893
365517
461061
522391
459868
545295
497577
390425
413346
480496
467052
380658
536456
446477
481216
641672
515928
491896
652922
572998
349227
483613
574382
482306
310050
555171
384793
495515
427497
589838
353977
535811
549525
536898
606418
456747
497941
504490
593149
533937
389280
543199
488159
267852
529832
573723
488581
505217
235225
347063
521778
625869
577147
663804
735301
501685
403724
510063
524730
547118
602341
517425
357550
581033
497487
490109
539669
503147
501754
479180
344704
476970
502542
450833
474212
596082
287253
470858
524106
541823
505197
455199
524532
430634
418233
317317
527598
257000
698218
470268
735754
425886
613209
450673
703441
513321
516270
474253
531247
561435
412050
524354
470163
330536
364462
469530
561846
572436
588911
585006
414661
475993
542820
391898
561884
432116
488495
507551
508175
469976
497255
475787
387374
554814
566349
515986
283324
525377
443550
652344
424088
402216
490245
515295
496800
557633
469886
496798
533039
540314
443568
481802
557087
592270
344920
590209
592305
542383
514901
500961
489718
553279
518380
257041
508350
504605
297323
451759
542031
488494
504107
360949
519131
515788
395136
429874
502610
511461
627980
569632
502249
677933
518642
475168
481984
347205
873897
450148
599745
517221
369840
522002
530389
493502
448353
543774
556070
516970
502239
686566
476566
536174
598494
564532
221579
523295
524319
554670
558241
367888
491060
392283
635246
528876
409179
350698
457901
323917
354442
547978
550507
496394
550229
487004
499290
500646
594665
532774
419919
494408
549385
410447
603796
524385
418506
460207
495867
576664
503607
508005
281607
282397
493831
477616
625343
518100
470350
636423
448789
252203
435910
405310
277991
483453
475952
433661
512112
332429
454160
285869
478397
410350
530553
475350
475576
502712
464603
463546
480501
493357
465247
428750
444139
397944
480192
495645
439120
468825
326614
551834
613349
350679
246645
419071
489687
532214
590674
495639
549998
469981
497004
331776
572508
546514
536032
574063
754652
672326
631677
514248
649723
519417
466232
541527
494125
416863
476516
523512
502503
629411
503429
426150
544267
532579
393565
522571
544991
498135
355977
509287
541039
574623
507390
565831
374605
342566
432270
464086
460145
452478
491570
447014
370165
480715
699945
473307
542267
560005
586655
501956
572897
473619
396093
504395
373668
489648
465299
602289
610882
531661
570977
529519
508698
516086
526916
533488
563742
527414
482591
551873
507264
366302
523148
550505
513738
482870
346033
586347
480209
325624
552434
234298
558026
640882
497037
404012
514827
492834
518402
577418
297489
367456
576568
486925
465323
545784
414295
512754
517321
569987
616979
341103
507812
583492
297830
449550
431216
430353
342277
419179
485308
448747
485716
456013
405703
427362
460071
651318
493928
606434
457106
486528
498382
568668
489144
451219
437238
394691
340280
485117
548863
337143
314690
473561
299940
474554
607073
286396
492116
449872
509969
633388
629874
467647
481106
393966
468037
315819
504400
420774
188613
512695
460133
537160
313455
510855
439506
524924
600615
441931
313005
391769
338838
431420
243396
486173
298656
438115
437635
310086
332239
704568
487796
340426
419718
525813
529857
470648
415727
424913
456100
474432
393368
456913
561047
380280
437667
393451
408304
449149
545725
506620
519023
495943
348382
443425
307335
384964
572113
517060
349876
382202
375229
350753
381448
489246
503560
572134
476190
221783
411857
508140
468768
349138
569458
488079
473125
483805
540214
510603
483539
664997
549298
550466
505765
552048
529060
536894
482804
479170
507850
504285
530792
502479
570564
534683
511601
470552
697763
432696
486685
547424
423043
493614
490221
540522
457460
472685
467533
517374
471375
546291
498216
474210
399661
514139
395711
450730
358346
530561
528917
484638
569367
563628
484243
376069
494857
430616
480529
462277
474073
466080
505826
438259
423136
498403
423185
457703
338606
415741
791216
601389
567909
490405
535306
309005
515439
487834
555326
504508
637599
539917
441127
528110
512205
516002
262110
602906
740069
541726
535259
532906
440168
520025
550687
513495
473468
420755
528156
549001
544326
462566
342887
503004
520336
418284
580206
585200
711599
541494
532322
525697
500912
594335
457434
487111
504323
431702
497519
530226
442836
458103
465482
358517
494545
354301
205171
191474
362959
486201
534257
563910
480403
512091
485385
428998
477137
495040
540950
566575
615605
340051
513100
318703
518469
571558
507036
305853
441840
460089
310998
348246
411257
421513
504412
502444
477247
1534870
469611
582970
532597
521678
467143
545411
328239
470385
566419
471074
427200
393270
523436
348909
487243
489573
507318
486030
427005
382474
540264
532789
454652
515672
424593
637698
572205
602853
531399
464280
371434
460487
490134
466666
508678
453825
399056
512519
474921
562153
326683
426272
433230
493054
373247
503727
686399
702080
622863
672048
512667
505697
475787
469105
524750
554141
597458
427366
416935
303007
483415
477629
431743
444724
186743
434036
438291
519196
446913
420695
453462
305297
447963
269848
524656
431134
481722
451190
438675
462726
452229
447918
520610
199555
481113
539746
218799
423159
542939
561683
516079
440280
353099
490315
349526
496018
315425
471900
447323
465725
482864
508854
495424
466808
488531
454642
304915
430709
268654
497619
451856
485061
495200
428837
381685
473498
398663
354787
355750
551470
367516
349974
452811
487674
508523
501480
501256
316397
504698
406272
254743
590584
490969
483073
465608
489175
545473
504474
454805
526186
463558
538191
355937
520506
393607
502758
495086
615648
463501
513804
597451
465417
493468
461226
504378
485729
322959
494915
489383
492673
498199
528371
412105
521621
495166
484441
278530
461034
421210
426260
500839
360273
522074
260256
519586
626718
343886
498697
479609
492996
488759
463860
497036
630476
422703
364938
357237
509344
495269
508281
482790
599965
550615
369345
490888
554631
435504
299870
537398
602625
481468
526221
302655
518689
532807
446428
330930
485792
312293
556943
285551
543981
494984
430693
388089
361538
433174
525969
257096
502721
504105
334435
491561
331464
448769
490278
486512
482441
339713
536628
542911
458532
293777
237543
240413
459376
509329
417707
227505
460586
501457
505254
354146
293302
367823
497851
334683
505538
493328
532115
423715
533680
485291
355590
497205
499304
506014
523236
254822
468245
396273
514589
538293
502287
348832
419665
620813
441152
311832
448918
508445
514934
464640
507252
315958
408601
520314
517190
499964
485870
479150
490175
301421
539934
435116
513331
536171
317708
385176
488856
310166
227409
360168
484057
487335
502959
523830
495294
466544
419324
479906
253889
455336
536885
491837
457310
492641
362035
462723
446153
347155
492580
387641
500953
530849
540775
578644
521671
261224
535070
346047
350886
322213
446013
592032
543073
522896
402551
558326
404820
407567
503828
566478
523543
352507
304534
545659
516506
430215
431986
307057
294666
426056
418534
498523
363352
352566
524298
439498
491557
466149
483616
437701
468216
455998
512121
421693
479218
404785
293011
407116
516064
457586
409316
453465
388251
437722
436219
429051
511263
754079
469763
523379
449724
530283
507429
408187
542962
499814
514752
474679
496958
480372
373433
397445
483379
501104
505308
386361
508975
458529
500355
584115
332181
516183
517752
495548
506558
337249
517948
556511
452866
532956
486792
462927
550946
377607
507278
399016
520691
504114
533629
497035
440151
502845
530241
496246
444761
467904
435307
433200
446860
453726
423227
413551
424163
478967
288825
490345
336637
413222
412368
276894
464748
412257
505799
440263
295909
366244
398894
259893
303900
601874
544267
511159
441754
484522
251259
484197
540658
488474
489638
547000
449234
589018
548020
443729
443537
484942
550561
516652
393633
283210
590326
477895
313465
612789
331636
458985
602380
295601
483986
456583
513948
520451
408107
469922
360843
473404
514762
512687
533982
490706
356461
418474
510177
472844
319007
559589
613676
507373
518175
574957
381961
639825
629039
374472
660903
486878
479422
586318
503031
511319
525701
466197
411855
398286
411452
424265
420350
394402
403206
400247
457473
313697
383971
412240
514179
491595
453894
507934
447653
345407
446565
482438
423554
522297
433850
310451
471152
462074
490459
475198
456900
397470
502243
487430
475740
437767
476094
355769
497167
363651
518369
522162
397484
394539
622583
494274
486327
294401
449022
485430
499049
509808
369205
514902
488406
520100
519170
480494
383188
370222
497972
476546
402050
419628
506053
478563
438106
466142
243962
353685
161786
437200
483622
504238
359711
425569
573631
477836
348006
403361
474690
351928
334003
554815
366283
363124
478007
455193
462091
498513
485927
281453
468478
559991
417244
549329
516092
532838
578007
488873
543089
480705
522780
528085
446032
474557
555995
515253
496948
470334
419878
496065
531729
564596
528464
213664
435234
444493
577155
759657
514902
545736
484924
466658
517724
538695
525397
331732
330778
437894
565953
370130
466086
504146
405151
416645
413440
444794
459925
352122
401907
593974
479669
408141
463725
477806
473948
425855
483766
412733
538983
468139
456706
390962
512682
215276
464329
478729
494476
453913
429233
361611
497801
501072
328426
297632
465395
479520
520607
460485
515689
425502
364019
303023
489697
582934
390784
450837
550530
258355
368805
472011
303701
430128
443824
474214
414529
495271
449028
477007
410987
457428
438734
412026
262404
386802
482633
474602
414139
372622
363891
184175
492432
305257
455610
427241
469800
270531
461444
317395
591106
432109
488057
404078
434136
495982
472445
451555
501955
380641
420532
505426
478201
477716
486881
472429
323137
417492
393509
385140
495016
452262
304376
441916
629969
538543
387405
520075
411646
311062
522210
433407
501572
232816
507992
554095
476466
506308
456225
386033
515473
18044019
13829180
9738396
5562931
1370802
579491
405361
309621
400212
493246
402664
565644
589850
549010
506975
503018
556780
499165
293823
435407
456605
259130
638090
557210
352801
488483
401906
819314
441165
612266
617667
483394
315575
405974
454841
344482
455194
480616
489012
429113
529835
326066
534987
421165
420736
511372
460415
554509
582919
411664
439576
425209
317804
375694
581956
582605
451795
445553
515833
564226
642694
578091
342687
256066
483236
257089
319560
402659
415440
585563
538590
374865
718844
514698
448156
480942
471498
415432
527014
468219
934483
265487
461586
520036
441212
613994
599563
511765
1547464
399545
944870
477564
632101
539591
379427
532263
369323
632923
645712
526267
474396
411113
1281476
585890
417092
647033
468020
454028
390607
452278
541293
507561
3115734
312433
400113
359088
477607
427704
489936
440520
474377
514002
664483
361061
507933
538696
491230
548166
539648
442239
289464
482963
422547
481893
433650
596031
501172
450024
554156
458851
539698
490841
577154
503370
550762
519835
383854
526068
543166
551957
1626276
241205
508600
436019
471633
513642
588953
668650
488747
547610
605669
432286
276184
383916
301188
520993
505537
785762
445494
473285
506851
506163
497540
338804
478820
520062
695496
361275
623906
512005
441664
496357
429695
311610
371781
186630
411676
327270
213209
407417
413452
655932
436168
586169
471419
240193
404886
598383
710206
556395
600492
533456
379676
570952
623754
622661
397982
530201
315528
615048
504097
549530
473913
479545
1880371
525202
275346
539422
680357
385979
648192
449105
693323
671427
650138
557058
676938
381840
498037
536327
451179
419678
479250
425868
486686
408572
322128
428004
444847
538070
466972
447303
403610
546072
481334
721844
419759
386212
542651
511828
532031
595796
367644
376129
783657
523614
409567
497102
338952
382844
427687
530402
470885
563205
466135
615469
497041
446082
523764
497667
397794
620587
576169
528729
498719
486465
488841
1101653
512612
507895
545133
329137
537978
512201
487764
480704
438365
456918
527893
517494
485526
382561
338511
425158
381353
459283
473937
437670
525259
619390
440768
477786
596458
430773
582399
351147
523261
524778
534461
456321
446151
489608
501724
446737
473126
570125
429134
449622
574614
495975
453384
450837
510540
422389
291309
411876
416374
478024
478402
388157
506730
537409
413066
441743
491379
458600
705958
437186
320676
456709
822516
576712
633590
524860
563263
286348
395661
447147
473688
480350
490302
490859
543715
445118
562577
478308
433430
410155
408679
343844
464680
483174
479197
523790
512830
566508
478147
498503
532288
460806
565227
546012
365323
550703
423008
506754
533524
476419
530779
487528
452866
433972
548473
503227
493223
396055
450866
478736
361786
451399
477650
476517
609544
584465
568559
432831
455624
593634
183825
427332
322299
418068
252790
599900
437972
310471
218629
353534
502286
314981
712694
477921
523012
443541
441791
516046
556387
460560
511814
426522
398859
485859
463802
464896
483639
533546
516655
503507
530402
428330
526712
467076
398660
256323
515550
489290
353670
486852
391946
398484
581280
553404
386117
428668
500999
550638
467008
591753
458110
538335
476045
496421
475982
444417
311668
437606
410049
521778
489689
588900
497363
555708
451998
488422
480635
237700
542673
572589
531091
581751
460198
417170
570437
374885
486804
495225
373743
452210
476334
489542
576160
466100
487339
376074
480397
552829
567267
496016
489614
525847
409655
276034
291957
497211
454232
582937
623148
543163
477235
573110
429475
448720
540597
483257
567548
595197
503641
497335
477474
550801
476334
446926
478264
571557
559217
530823
514142
477776
447427
459133
252621
489274
238333
473908
485751
497636
413220
466929
499248
527120
491767
536283
386215
450338
347615
496128
386212
504326
452901
605928
629479
417939
503561
377786
397211
523724
490546
450893
525873
519132
399192
526820
298467
590734
530744
424316
444378
373481
469315
445646
358887
425447
608648
335558
374291
338986
221331
384408
342884
421465
381631
450931
349790
459535
442330
200784
534620
740138
529106
508810
346319
576926
445214
359313
547266
399143
394090
523228
305379
503551
571026
527307
504040
474219
499836
519899
335919
524979
483126
429955
567966
421384
558702
384718
453346
420951
450737
305428
486108
292082
454212
417385
376455
400338
423354
374852
486363
410750
455941
428984
520031
272815
487804
369851
391358
395294
482794
427125
529702
554574
328414
575006
350783
473545
467365
497755
408349
653810
360312
437894
516589
482038
475021
218851
476008
466915
495247
225552
373012
445551
439224
479678
354839
538654
467335
193525
466608
471175
435961
430303
496800
475862
379868
400517
350879
382363
514884
488828
532596
432156
453661
554147
443024
525275
329908
484979
549133
501247
444709
454862
480326
263251
309121
324977
332652
479150
331423
362142
601578
484573
379867
550437
441022
464158
496542
628505
527124
430995
465659
427496
526826
510925
300131
400686
467995
509934
500424
463907
491594
499024
250790
233860
389277
491263
516923
483952
327860
527864
562791
471230
496715
549505
462279
444953
576269
481754
336833
434391
449012
436669
530464
507199
480905
448465
656177
548325
287818
398953
440981
432560
444254
354242
452044
314723
440864
389014
496723
465422
439522
474007
524024
472867
441223
471435
387429
399025
313097
534932
464212
501908
794281
566724
682134
584191
279832
523700
467121
466839
403909
495753
481907
468393
633477
512430
333861
453590
376022
486721
352688
503148
417787
501429
1310967
521013
609325
500059
458247
488820
455432
571284
549408
461932
495742
281140
531597
487163
453020
497512
844809
505395
388237
363097
510672
476761
467803
299138
524659
472406
465208
466080
324104
659558
589981
459131
443178
736935
605104
381702
440270
530442
477219
505216
482783
613288
482417
651656
616595
631566
504279
492136
484390
521456
433917
567232
582545
499470
600422
628494
445932
556149
597386
568104
593419
457014
462470
493418
377250
504264
473163
515429
492654
597687
532250
368803
461198
504826
559414
632824
522973
500661
544630
366746
477446
507014
344361
463065
460203
442226
491016
531353
553479
480634
324815
489277
454770
562034
535915
564271
419896
449553
507143
455816
487028
521012
342478
470240
498131
459687
471556
530463
441301
395701
505395
631983
417393
523896
651196
488871
598647
587169
415209
624808
425778
478295
530529
481406
518842
482677
314668
280329
538202
504645
488399
504378
417927
642553
563324
572707
516484
253772
518479
638211
587252
367857
523655
507806
573176
668299
712114
543798
583185
852965
500798
501164
505066
330393
456433
439408
463368
619304
617008
435542
436590
430423
443069
415533
464315
475616
452588
357944
311567
534164
481869
505672
519435
440529
355373
448656
418675
390720
521755
534821
370239
449063
525515
466941
496410
548404
485335
467126
466325
485041
525602
474623
310632
410242
466995
500740
503779
541870
318026
521411
574401
336562
411434
548261
495745
209895
395095
462150
548473
448802
478322
428378
392335
255887
439725
511020
457036
483096
458741
528771
441450
507472
489018
482830
505825
455256
329275
572069
512656
475656
614673
673204
421200
517387
477539
498691
515709
563440
492941
490625
640735
409042
468576
409659
552554
399363
474153
487512
443903
479943
372849
527180
273612
456608
439475
408379
428632
420036
384975
444597
470402
421186
420623
365699
528947
404316
423658
593614
509759
481001
512375
550821
559572
371991
370061
518023
331584
295557
314211
368722
318124
422950
459302
523126
412965
317314
343465
474775
398098
311212
304082
340898
456167
449900
330799
310704
413247
257701
464789
465197
548566
530522
542753
603582
450410
424269
354488
444997
456809
408264
264869
544426
502395
407707
585349
458133
471411
443409
431939
310907
393306
463845
367880
391032
400467
481889
393964
431718
405514
473327
313694
367746
489143
412229
471632
485428
442178
323735
342148
623417
459180
371808
380810
497520
535509
505665
299597
401985
598387
506381
470382
435040
431905
466674
392058
507924
497276
459821
564776
418872
430089
419795
412525
432824
537215
480637
397617
454909
392541
436722
341057
460838
420789
316236
461291
396633
468504
527782
332731
425838
501319
356158
497444
485581
489141
429412
426388
410843
521222
472167
508764
443235
497369
523150
462658
507452
433888
509554
439326
475459
495551
499093
445280
284325
501495
315080
577059
376186
221594
327339
459810
443075
476527
456050
591413
226908
506799
530220
421116
469175
348452
631010
460940
365358
429327
349188
428784
411342
389463
420249
425798
421262
485375
412928
182238
454052
440511
429871
405785
415816
326457
406290
518573
432969
457490
320821
436860
382604
334411
312222
459749
387735
480109
457255
482245
508041
418510
418638
532156
484824
331706
422648
405452
425979
483068
468442
478166
474414
407752
250177
444790
333421
520897
371948
266645
407471
614645
440554
510614
235236
402450
277312
279404
455267
412115
524075
420271
427419
498629
427728
168734
398160
262600
540189
412865
405629
452402
431722
480398
298300
578037
426538
490096
429148
475639
485038
321422
455989
525275
409368
462293
391635
460414
386231
415328
428515
380474
492952
439914
468742
459990
474933
446692
416917
518338
449352
504766
303134
255579
677955
336031
397588
598569
502598
399153
472095
424652
379069
444883
298474
509028
482870
454540
415491
500800
543473
441513
295668
286468
412728
483418
324267
438932
289084
507040
300956
462599
408645
412005
441346
369775
380273
521157
333717
475166
226445
371383
286275
460256
607408
477339
476002
418961
449863
501349
442379
463578
544962
389174
242338
245432
464483
450855
391517
497901
373559
616810
393123
254838
509351
455597
532788
465410
492417
460414
575612
467875
457553
483488
331941
536817
539215
359867
456217
470550
450057
378762
323016
459687
380688
368584
502827
335033
474480
403296
457585
466549
526720
511962
492200
414463
516806
458386
602867
326640
691346
406508
500809
542993
456150
530366
517455
563973
562256
480129
459989
526435
509101
495886
477097
479546
538170
504257
417801
510292
572353
475027
512402
650850
528872
456316
265181
428696
465353
456175
225103
307306
464705
459223
424331
221085
445620
296558
492788
498178
434615
475092
464165
544860
458293
515175
449322
499833
589039
501474
662826
430698
353782
477342
370783
476136
453445
430756
568316
597033
431137
442959
385936
469443
384057
332229
617129
409498
471803
438043
456472
501783
496223
447719
536606
508593
461778
498662
430122
290115
408416
417284
315841
452218
303954
362777
527191
418189
455284
494795
494102
482928
503760
367566
452556
533502
500087
352895
374445
492767
323514
397629
498786
357193
470844
425308
447120
530680
460235
649842
421821
493135
520762
498743
456250
492541
451002
511869
486362
603097
296031
484292
462999
491339
479121
349516
312273
508205
362511
409445
326417
574585
448056
522727
508770
477204
816137
538094
507581
586755
496361
319353
566286
391067
397706
517288
441489
473359
297160
766468
604935
497592
488561
380863
188324
492182
524113
419563
494186
484218
576393
575564
505936
452154
579054
666742
230472
529322
526868
589503
693168
581973
365681
456783
474315
503499
294121
634291
459892
519692
401119
398190
279117
662243
321614
538001
613483
398963
754106
515785
473026
586919
553003
506197
431166
517570
448318
365563
541729
402973
430232
465145
450466
396593
305307
515822
417613
451016
553198
458759
518645
501807
507658
454986
505337
358814
389119
468097
189491
547560
475961
415468
437305
622346
252012
722283
601831
677393
435479
233218
476961
799445
510856
515100
314596
535290
483793
563787
515027
433402
261811
566656
550298
378543
440356
492909
429139
433955
412623
528913
474727
500902
494383
423467
386067
493371
478333
491767
465553
268252
514175
572014
534519
301719
508967
450223
395100
404095
486212
576936
325391
423888
331367
489174
375389
487637
636458
484269
406801
479629
556838
485744
490665
507745
411996
496030
477323
542464
370213
521775
436869
558933
415279
467449
524275
477604
468729
457383
477195
518955
498125
469289
344099
354929
190530
472505
302033
411514
383342
300270
428325
475051
462955
411237
541831
394081
387821
439317
352660
512225
341388
438726
312580
405863
464746
559725
471839
266336
241370
303828
358157
500120
482797
473174
539871
435954
418526
426921
427330
446154
300406
499283
479845
500890
508867
550567
579111
296371
468207
457562
492670
427452
505368
362551
497036
495307
360258
482146
382135
447642
539358
399221
369277
442787
508566
490291
539721
451186
412172
356472
444981
493448
405895
324776
376317
422543
488901
458858
535240
427949
423120
430402
339576
349341
516254
471342
493409
355095
504901
508164
561241
519572
545467
522883
721872
449613
269468
733469
543157
492770
389867
410548
392974
429102
475937
560374
494966
389458
516800
479473
498107
487993
453841
321857
503640
451842
421857
488789
342485
560482
494213
432281
541107
414647
462074
460595
690189
463911
442806
424418
508399
554235
624883
587159
457276
518105
428146
478367
315995
398492
393046
426172
325528
357876
431368
373020
296215
501336
531826
361835
446295
520039
591505
414177
474042
327798
625733
543224
564084
528514
526574
450320
618286
492771
453593
292343
390975
334143
436775
552090
449543
611324
592844
394999
534994
778037
575834
594737
388763
448317
382523
417026
459141
504140
498328
477843
507214
388679
558127
437209
480841
374030
270710
565191
216398
596764
531354
534171
586532
501732
501323
515389
502275
455656
505110
515973
444748
499023
437885
435405
454543
435075
488899
471947
467021
419083
499172
452076
511295
483227
456465
504702
582160
448182
352125
397921
422432
386108
426666
480965
539522
612773
521463
496728
485912
404868
455930
291203
408937
518970
534650
484786
617567
516590
600309
418675
531663
415028
449336
372942
521160
368967
200984
508344
460539
480650
346601
383532
521999
462782
349512
468760
475715
473957
522984
404083
570892
393885
308758
408930
479242
451150
420022
381203
474278
457833
436051
465098
422961
282757
498252
460316
494891
356441
409590
519917
453566
404046
443356
268104
276324
828217
413690
390773
445392
459436
461945
535822
536968
614060
608873
502020
497813
500557
516385
463293
509026
503137
472540
508056
561506
497034
424725
417933
621466
513593
481662
597936
417448
401205
514592
484212
478303
508712
542684
402200
385959
473841
247653
481879
382000
282178
486608
441313
402444
392497
467030
458649
576680
585409
518047
534167
472383
519651
493924
630995
474661
370207
510244
501976
474206
487639
538094
445650
435121
296936
462817
208177
392875
290093
425102
486779
372130
470910
432958
458829
474441
511489
508770
530171
494239
618891
467594
367292
517199
582958
556815
519039
615908
507431
492753
484610
371325
488439
447606
524265
451164
410445
259462
499165
301849
321726
470271
481614
558988
519028
591322
436309
447647
436384
428711
510450
518295
629897
410473
522001
595412
509682
370119
409029
536805
341507
507287
287672
541208
427248
329383
428180
455095
562237
461146
348589
422619
467755
484201
500499
487570
444327
454196
511004
339397
462116
266929
481069
512304
478696
306702
355384
502176
510002
435984
708391
521459
488955
531541
518329
502585
364387
513449
349603
504927
370905
491196
520620
427134
531334
425795
274208
522232
494372
495153
498127
493341
289401
403710
454644
490016
360865
569548
509578
494599
429803
462457
446866
509085
448728
265918
404322
576574
473212
557563
503005
483099
485160
419671
490043
578884
364609
497732
542032
440780
541476
489270
476246
516186
415155
499810
488749
513866
356699
407596
360318
505836
499965
474741
576033
495767
486530
417062
566671
573875
415248
533436
473697
539360
489034
469606
493994
412712
517246
495692
415088
321050
218618
549106
327407
548275
536227
458275
398387
508314
591369
464171
542153
581047
364108
421632
464841
505911
544241
545487
576619
538693
392414
583466
517968
418537
481187
574200
560521
520473
324377
349826
588384
321344
480376
650481
461685
584831
974907
743862
501374
487601
429302
614290
816452
510437
584604
583400
590395
493188
618236
308247
452028
475873
593381
436535
368204
535321
456505
300705
375844
463141
419515
535478
614304
490066
369008
450527
284716
441961
487387
426883
349232
328114
483465
488872
702475
527881
426341
422848
335576
253103
503837
472809
246879
462386
560129
611537
822027
323104
335570
257622
217170
271022
513173
399888
510782
558156
452508
640166
506335
602047
592733
508733
466556
453560
338113
370724
461065
450354
411868
414253
411261
409719
205077
451111
238307
419750
400645
495703
353149
433437
412150
366226
397761
459723
595639
270468
474710
623004
438287
530087
523789
588181
365289
437874
585082
556356
552992
569427
561832
513464
518242
437711
407700
477403
413216
472838
552820
450849
377836
599851
510536
506193
463469
365957
618974
493384
438884
450766
429554
531102
500705
541118
277985
464041
395767
368160
480499
519136
549617
238387
212451
364084
389699
440543
439651
397086
462612
435420
441932
517629
497375
412190
470476
565685
477457
485197
488124
461284
383394
474609
437958
556046
460653
444072
509818
482786
525954
496017
481360
365321
436715
444114
563804
511866
492556
395890
282575
467134
293019
427719
414282
237553
298397
388193
506313
286112
471267
498533
418589
508583
410693
372912
496216
326511
566150
525049
652644
311819
468174
451068
432693
489836
506915
417749
414976
483473
531766
362147
362828
548685
672670
409587
451364
463054
531088
434095
470507
440882
457213
421107
509489
498111
570010
489094
531583
455761
337290
503308
496311
362407
521430
492055
548393
423018
467364
501501
300826
291062
499457
507891
517371
510464
474939
622529
336816
495328
470237
388943
580329
290411
449869
459344
491744
471191
435368
413572
302144
372278
355458
437496
414404
413791
502648
487314
468810
213412
457782
425344
395506
414251
436811
415348
433267
343555
447260
400773
379147
514862
371857
599596
405216
471900
417959
413155
256605
231792
415705
293024
343566
398769
533312
337333
390500
471267
392647
270489
427572
429715
409184
432357
355725
469175
449894
427669
469611
401519
258088
203589
440446
444380
431139
399690
485156
463096
472997
339486
437537
524135
445118
383592
305450
358476
387158
464454
298775
505163
394300
443863
494590
488409
615367
574117
498843
515614
285550
500908
516387
272197
327240
407054
437412
463245
452797
481638
517805
406973
514130
427532
536795
436852
241716
505744
463987
235294
389102
392071
342469
433804
373030
369670
417203
314125
188057
431981
533990
530787
482249
466714
276488
506851
526707
267846
405804
582832
455227
463106
574099
460505
491858
369355
392751
434590
608489
400722
430082
479481
468344
444145
523503
655088
564695
505406
371641
463251
422482
362113
604817
418228
528177
390906
458426
530260
499964
495945
474457
555054
381537
352259
439466
381088
465147
489758
458136
446823
486775
474753
466288
498116
479349
500279
448586
420475
481519
306345
329208
469045
454413
490532
527644
356652
502552
464112
522981
417013
557097
441026
437499
488528
454869
356194
516289
532209
561966
533473
395622
471750
401833
385402
392628
353393
495647
199699
390876
399607
434355
458418
352898
403294
421959
369098
396303
418942
468064
416498
421746
408800
443744
464322
368408
169578
243769
448445
322872
227990
444772
463876
212604
457785
335011
326644
281422
424797
302782
367542
374049
521995
457099
470958
484039
423031
442572
552576
348170
300074
428968
447562
464542
416078
341757
478830
442846
509471
276409
458850
444349
407529
489739
462754
481732
468201
484021
467829
417983
493053
358137
496702
363944
365353
520566
498436
384476
440249
557953
339077
514801
272964
488207
501755
490690
481285
469221
514472
280085
223291
439181
359446
289842
455918
467618
482451
273753
471159
417715
475789
328068
271059
477875
490208
486370
446820
476301
285681
503969
527066
511382
456342
447583
543634
464632
487286
312595
361857
449202
487278
447194
409948
408511
468980
387035
426587
380868
516318
498249
479223
482157
501964
398793
449761
359529
510447
416895
449809
486818
330678
493695
440204
408311
483726
503506
362169
483189
486782
385801
472902
353203
282721
500705
497648
515524
401690
481881
492856
438200
398839
384696
459641
551610
497797
223136
450587
280430
636702
518103
541105
466671
366899
548711
404540
559893
643852
482597
380821
449121
512694
487589
532348
504520
325298
388305
457810
483199
369469
484456
490266
498085
539518
412960
470094
462793
521856
563436
490102
389893
451078
490049
452814
582785
506107
374290
476478
486038
259433
438685
664590
546304
374053
496311
390903
172541
458698
408545
407570
337469
298097
495672
511856
447104
457028
518223
450799
456910
465215
483110
410092
513883
341470
262200
464740
450335
504263
409293
198223
397477
363012
296317
430174
482879
467343
471165
504039
398084
466108
237137
404127
456343
289894
406881
405673
444467
558743
398353
502795
494639
504844
484258
501802
435506
403982
323911
527813
521753
465105
350353
406008
485678
436040
457058
504740
526790
367878
506476
410940
323105
821687
545944
533090
503985
467623
505689
369107
587839
430502
389520
314681
340845
981992
434179
430538
665991
412424
475739
278547
619516
457360
500799
317014
522069
482663
463474
325597
535557
365886
365860
563166
510409
564613
261598
470347
506191
456094
519123
466490
611208
505725
494318
481440
460504
525856
552736
571117
396633
563706
581822
522189
496544
504014
476111
696043
567205
501241
391694
529153
499502
459974
570876
471616
258824
475111
512625
525444
445840
458241
282239
417454
318570
541781
486207
492584
530135
491927
411550
712129
549275
382895
585262
505237
978280
547651
352780
614719
584664
545893
334377
381157
498685
472955
650848
476593
438761
509436
439144
489062
594984
420435
507108
427400
542575
512329
494216
605015
561337
517654
558702
506322
550273
629117
442769
536195
524922
601868
485749
420152
523503
369585
542723
448053
424705
460876
433673
497904
546421
422534
279765
433462
598826
371005
562012
393662
454840
481278
692188
638762
464799
483632
506647
554315
443376
451916
591705
550613
537658
453548
343442
498110
449050
470271
458191
637233
521954
518258
552820
446542
470546
520216
464255
419630
485198
494645
571099
540558
481225
459761
548074
438523
461166
504578
477676
447735
558696
473577
486004
353534
443162
450574
463346
433383
521725
415442
508510
506070
447662
467593
424616
471616
553595
412891
418163
280222
293281
635561
471820
512222
213291
484259
402265
484207
546298
451662
365778
496788
480999
476518
500648
394304
434366
460679
390201
550672
354487
404896
405493
516689
472561
519982
466302
493935
467988
438316
495532
456755
477978
504631
501309
429949
372256
339373
444072
583980
322284
502546
346202
509705
527870
321054
444370
525834
402210
470493
506301
287322
547468
487763
535049
445770
461483
491949
476922
479552
486288
474103
488278
459999
290393
512886
425704
336840
441984
452350
478070
465440
171935
389760
576021
405360
465149
440842
332601
376854
323448
511536
481817
377704
356307
480396
453870
588712
500742
482113
384075
679808
504176
587561
440584
482528
408595
333061
450531
511176
501954
364784
486410
487314
625266
503329
462450
495367
423219
435060
481627
433392
453563
431527
487108
370371
512908
479021
382452
866929
485148
539649
494491
526464
357877
438972
439293
495067
457709
523976
459787
552023
447349
459797
430951
458358
277486
437638
562204
469133
577101
280270
760736
321101
507754
432591
421785
361154
514897
432759
497026
514367
495693
462251
264975
440446
214315
490121
478456
242548
467944
379609
284151
424944
484461
589269
463336
515538
460935
408060
362657
581218
607343
497484
429806
322734
546332
461183
495564
401839
304402
438493
436803
491841
505318
328461
632828
396069
457472
471455
476125
502212
466340
476995
422164
492605
511489
526372
545896
578804
590966
527596
377065
479369
540782
466016
408623
521353
594063
533297
439880
581478
480313
317318
408444
560818
503787
490117
416700
457379
469751
669508
527535
284864
526685
309612
463728
510265
412326
267643
425146
597397
314058
404604
283185
501606
454209
553633
500288
499799
480042
242203
558598
365794
327374
426935
434019
330275
527562
359244
439797
428988
528408
559593
351816
582998
258951
421203
347740
426591
455589
437751
533751
601397
648385
385198
574316
474060
781908
566502
497344
520761
520908
481079
447519
513239
511581
482627
454834
443194
552616
399931
537517
460322
451871
410331
467025
489054
406332
283707
361112
460229
525086
455261
489754
476980
477133
465531
519182
476417
506809
444981
340742
313737
534277
494433
439640
412218
416612
453832
444965
418020
494489
482105
470679
478630
445278
467698
483660
481355
350035
495942
673609
502694
481989
448308
575902
454178
276279
552760
461114
293578
462894
521724
564393
502415
516872
495754
456922
424802
489011
460739
714301
502440
465408
557534
445080
341893
242602
423742
555244
637582
430513
505551
420451
305743
236095
390628
510092
546559
484822
638974
501029
528696
559834
389194
588511
542238
630895
401189
343924
432777
436743
535654
596355
503767
523854
369226
521173
244532
262347
347082
638354
481358
485213
438735
476100
443801
466024
498461
475422
571574
598800
498621
516720
574338
422108
497042
420777
473061
481677
538698
328007
523148
519585
518761
361244
583308
482933
372082
471929
450446
476650
492610
385119
342657
282019
487706
457350
515733
392419
283406
617974
482314
494263
318924
475017
361896
464566
474031
471318
577473
429995
527518
513192
482910
483260
383177
383865
477422
447816
446476
592552
525282
470094
413520
446252
211011
395693
543949
356313
368726
275689
528077
475579
504713
479813
510541
296276
336044
408891
428103
487418
325021
306296
457291
322781
439871
371101
516481
513193
393794
676298
526833
236951
356273
532749
543709
423734
465052
428927
457050
481534
326547
302743
471755
426298
477298
386458
474796
445639
639941
430437
362922
578549
515709
463375
302070
437190
523349
489967
556527
334418
466780
491314
364407
271378
480388
513236
453893
465907
470782
448229
464863
520782
466394
504823
350996
462801
436706
492327
526968
517825
431145
209211
454213
530168
446254
559805
446825
511317
649824
447110
459023
416077
478841
427588
216904
573422
461992
417431
582942
454037
440450
447683
333149
391278
521323
494796
495546
571818
448105
352434
458193
505791
451038
322674
429568
465691
449152
429969
304137
280400
456412
463182
420982
517649
556393
568811
300591
504526
379310
442701
442668
185348
470835
431727
438294
432963
498269
479050
457058
449690
443610
486462
314694
305376
521549
363140
507100
497271
1003970
763380
476981
518958
279301
443904
454671
457962
435030
305659
676389
561071
299699
431447
510818
503842
527278
453611
368647
567958
624750
495184
360103
379489
490490
547096
524826
417601
270703
536361
344361
427251
578169
290799
418701
667738
467777
501629
425142
458680
329021
569348
629375
524308
596453
595838
483488
491958
456437
826069
481801
541988
485737
304383
339649
679348
514058
487324
454146
478294
207221
450196
467118
433950
444388
725833
723227
403042
490224
464815
351907
505444
325705
534063
431186
577947
234311
426217
481982
471446
463841
494452
470481
461027
525933
361320
323457
317301
463377
434893
648124
470133
322256
431200
446317
480470
560619
342201
485029
495233
465352
463000
485403
405371
508231
514682
360505
415551
498638
512563
428589
513395
230302
343050
390560
476079
479404
403889
489808
525466
335786
496800
597284
712325
542949
664126
513617
545934
474643
284032
626790
666653
605536
407549
256311
498194
452512
529393
524262
465958
462434
543618
430540
520145
486797
583493
488060
316918
483327
477920
553467
456051
556344
712716
538239
329922
458171
346401
295414
507889
255963
549740
476544
496749
572131
387794
384613
457846
210879
560061
326962
565912
451225
499900
472673
489819
469686
540749
546522
436765
594452
463786
533790
576480
366930
532044
526583
306022
442617
494003
511006
498038
516067
482377
321249
337166
462937
481253
441147
508272
355610
396807
327859
371306
495111
461855
592210
273275
405695
492259
547064
448664
643425
531670
568339
522448
516333
478364
416261
503954
392297
441943
370241
533793
500508
359348
516368
365289
496743
506623
529883
270329
534324
443218
471011
517662
479380
407731
245499
359116
565083
364799
472230
380583
436889
464850
455016
399260
509399
509821
503124
514028
364638
273481
494833
314762
456156
494207
402648
467617
467100
260948
249580
515410
413340
636469
354982
431230
292245
458531
480116
488656
504082
455220
490258
478482
492674
493421
516543
489797
510676
431554
495934
546995
395534
309401
436870
477058
565037
429191
441687
407690
249460
455534
333787
214824
388760
413618
447658
556502
535305
487906
347484
500893
325889
538211
514811
494806
466543
424187
486876
458095
465731
407407
317170
432541
321468
432486
418271
393169
244564
422959
452010
485207
391000
370081
416757
379214
435036
409887
396533
282035
358221
501582
423812
424727
436034
168036
428560
466218
299662
359621
254599
308477
452983
503647
538848
351449
516350
459876
248630
468039
393365
522934
548906
396585
566474
218821
455931
413057
439201
510048
373545
298935
536094
521707
347726
519877
486006
404319
367528
326962
443057
379173
393958
517793
414262
396613
320716
365112
457645
364693
326541
345776
562466
444533
443227
490294
604990
472665
537363
383617
390865
406817
407136
413255
451424
275721
449636
428370
399740
419555
393810
421537
406352
489901
302571
451087
314707
452758
316548
290961
624489
359106
521004
289169
440292
282561
342443
423957
368481
485789
431589
469176
404483
280519
461917
441994
437536
283020
345825
532950
374854
431562
429485
438057
354639
544777
410809
477692
378101
446653
381120
436110
455782
433717
259679
279397
490609
244720
233548
441565
475352
254478
467144
537132
506060
466410
489270
494152
495141
515036
553832
466034
311943
450144
457153
503725
408019
424857
462339
475642
312763
281002
422855
505362
347427
585470
545203
270570
483629
397603
425529
514872
540106
500819
343212
581017
388568
199463
326897
409611
486199
517535
467596
449737
549175
533595
389327
509666
276067
581410
467476
468588
473921
487144
507604
581475
466371
441369
481967
531934
490897
467661
447661
487084
266126
431641
345959
296354
360387
429307
321455
480372
477026
424008
454028
359167
314830
429179
498906
459400
344440
257002
556813
499213
393573
344314
499000
489395
437478
493589
466404
448001
406316
477082
398882
502958
475643
498753
500808
440601
466245
563479
402838
515617
492762
447134
327568
520509
505922
517782
474136
529509
367199
475257
379810
230178
358889
436948
339637
584722
511121
229692
542957
472176
465664
414098
408461
447715
427070
498459
504146
417061
435930
339232
339529
394914
504074
467636
475904
337839
538755
324412
517836
468874
463272
344072
332581
436412
330966
533292
392568
365703
469312
480986
372300
439465
491914
428868
536673
390271
456957
500653
418605
508000
399738
419729
498000
468329
425319
521703
438751
508392
346023
378255
470365
428739
507418
467315
460845
500681
340222
430140
369480
344235
550539
605566
515529
494048
492287
488306
461476
355987
489111
509615
500787
481701
454001
257894
566617
448692
479583
488616
288737
456630
495891
315910
516526
399695
507875
359831
386175
525507
467823
358568
474164
521619
526322
265939
438719
643008
444798
454306
452037
423851
452685
513517
523731
439472
481846
447497
431613
491326
483103
407512
423349
440453
304436
494089
426338
379852
459176
489753
477809
456312
450670
343580
444574
460158
465323
342533
501243
186897
443908
431180
189958
389298
476773
474311
569963
510435
428137
461540
428220
561917
471018
491408
479724
576684
592376
554141
281941
373375
520391
482805
511778
383479
434643
405340
466308
555742
558334
518273
482800
541189
263893
461174
535648
372368
492414
477306
618289
581347
515394
365375
495052
358334
445087
479151
509342
448612
459238
245329
507136
557466
469500
454083
481667
257278
470230
597670
333700
412338
604703
508501
378409
444770
458469
497388
489624
430466
478009
438908
208402
355986
408282
439418
533686
501377
406997
464103
355535
403720
390596
404676
418751
425230
476019
391867
434694
285963
469921
458275
410469
509863
622654
555651
358505
497351
469958
712994
185825
1230706
462218
607672
342835
659583
561147
515612
506725
470335
523614
688011
374846
491034
491473
485740
499015
527269
499971
459531
492637
499449
568070
517150
701410
537741
586842
473597
500449
449945
508486
452698
612051
596643
378852
222108
470387
521526
475604
512001
480657
522061
427574
454122
579223
530002
497363
566557
475207
494079
517169
516621
461633
475455
443800
461809
512679
516044
485778
485464
531937
429990
519499
531901
453564
509171
354995
408101
432572
440571
437966
524238
441844
417355
543010
396894
429560
286911
442598
496843
492949
486519
416112
453980
413621
420284
281397
492670
370166
570839
494366
531534
567458
393242
445501
500808
600638
465562
487913
483518
502241
437166
379913
452575
424622
437453
443185
483393
430615
464291
498197
461973
476129
420574
524853
446209
432430
415123
428804
427054
372507
435138
387601
441943
404137
414760
301254
502884
251581
463059
435634
567434
234327
320760
385495
189377
440309
514330
182894
448323
404326
503511
392193
503746
444777
722486
673577
708802
463399
513598
451040
478803
362703
433630
356811
441866
355156
425426
288356
420363
344410
402387
407355
459010
255514
450394
414220
244955
447533
440005
220087
424472
539895
383803
439952
625997
485825
472459
320288
454504
545963
489426
442823
330478
387808
539321
468173
291148
479694
478208
474309
451634
548681
506141
501757
458955
511535
408168
450205
500074
581000
205758
564741
483473
434867
587750
519203
591497
511526
540705
455762
296042
562157
519703
387033
442270
531056
551849
549057
429207
509124
455080
612195
509077
420776
401285
510526
556777
521443
262924
397995
598758
539636
470314
466726
484864
559278
398468
446575
588138
659616
318849
373806
604817
480965
446003
304343
433724
264390
506969
331149
204713
476328
454704
340780
428100
299483
406944
353101
502868
584511
386802
548990
506855
696244
495726
640749
326739
458329
452054
181713
507320
447044
523442
396040
484378
590392
486979
461251
246517
548173
360629
415496
245727
488629
374656
217983
502067
395836
428341
497928
261933
466598
300854
521867
505137
484308
466120
449147
405018
443874
600531
513657
365293
455667
471189
289871
288201
219548
483247
325829
513420
498215
539217
500468
504514
497048
491971
329833
506396
657045
492994
520993
488189
334946
543679
483798
553851
507679
498725
483171
538980
473589
429976
447249
467279
242840
442539
514264
498610
494968
525506
539863
452124
482788
549459
471405
469435
366518
464935
477146
515994
483832
297611
296478
382180
281757
500913
491393
395228
494332
472829
329327
495380
464647
464297
439112
498712
430426
322623
522755
248293
304429
256813
355833
426970
380170
447417
460964
456048
525986
413937
293033
301090
357155
512836
471402
442229
470657
453699
512398
484284
640046
495710
497788
483725
602772
554910
382439
454872
269996
376423
395594
578179
417510
351769
324918
229199
421353
352048
385106
275593
508681
440250
318578
457112
508775
467160
427513
498428
492484
482528
409457
521306
341255
496665
489499
453379
662158
555855
472213
268594
460200
228186
508686
536818
396350
189014
469341
462116
438724
444384
489843
461526
464929
426536
256408
469456
497685
474158
477548
821324
446205
409440
348620
461855
457101
349605
515421
531478
506457
356628
591379
274442
506847
485860
478796
436014
459138
218929
456381
260487
522299
522528
487881
190642
507524
498287
409785
410898
451049
457564
454508
404818
554893
423815
488970
364860
244722
324141
411775
394667
448004
444306
360392
473280
468195
280261
452830
439452
643047
565226
372716
311678
504566
488766
511851
568828
518110
228023
486460
449765
443254
318095
532210
439614
487719
590955
511520
259402
548600
576471
482137
535550
585846
502390
287681
513153
503759
532309
532869
520604
331074
507363
486099
447777
528669
481651
418446
320666
514341
306103
452316
505519
386638
389195
1534395
435720
428199
336301
443987
466377
536784
492486
392705
526876
528563
649038
426814
441638
307389
328331
433146
448380
422931
456679
187154
273693
406484
466160
401940
293627
222850
433300
443129
371024
436556
523036
587258
481210
375184
434308
549659
344523
459254
355945
555152
460236
420747
229201
415783
483683
463881
355287
394505
320173
476059
476243
389141
306505
509330
522992
578378
289107
590937
451446
509850
334296
280730
453040
403115
457324
289128
329358
391511
547603
385252
290331
380095
435204
525774
382048
787623
564987
484970
491580
334304
416938
485353
474896
560385
439217
452367
462456
367403
524236
506835
321002
443522
259834
501879
312126
309129
422090
354668
287064
283821
360201
416636
412813
290889
459076
467315
352492
403548
515810
489628
458100
473887
352747
530656
518804
587869
432128
385994
360143
569588
396783
368984
494891
519294
516004
387989
353299
542577
466301
507343
331924
512264
477440
469718
519459
476205
472560
471691
436526
431415
417832
151261
413185
372343
395898
244296
538401
348774
477427
418187
389577
505282
396321
437381
387458
463488
406007
451571
470251
440427
396465
443317
269578
351446
406076
441687
488401
371552
549929
289590
477172
445352
476978
474981
539413
368066
494322
388800
479000
518536
506212
446188
453518
557788
374061
582749
514335
439795
448176
498001
446321
522551
403199
459903
662521
476066
386358
432510
398060
266572
463912
409683
442963
686380
534902
162578
440661
432278
498380
410079
317766
272809
404189
547723
388743
557733
324009
539642
361421
246287
349008
491013
456585
436344
532948
440404
277027
382645
509093
218419
265990
400421
361137
375417
523687
449100
320572
590202
450856
397315
315086
497377
421225
270214
434519
401495
441765
458570
417528
422026
544009
525439
421865
281155
368543
398425
484102
444492
458377
404354
495870
454168
408075
411509
359322
346222
522090
481025
388080
431764
398243
443801
404853
414692
372821
387030
441750
432697
427197
463582
474043
253604
405530
429235
382949
405697
466626
453791
415430
533063
383649
401160
433095
365927
408051
427039
430584
483379
416276
361166
450973
405654
436961
361100
352473
483240
333917
424913
442003
332554
586084
376157
439827
404980
387373
389194
295397
436553
365366
408152
452318
415055
447806
460488
449807
411845
433201
399038
315624
261154
500462
463727
464722
457750
289560
404098
177250
299831
414707
461707
462074
405739
386370
186080
442187
290305
408995
315162
342222
450396
519618
477946
449792
224162
238954
251294
462346
395282
390292
420684
374866
332348
424606
388283
418541
441692
366544
428647
289730
369544
850989
246253
301657
541908
439496
546483
379005
449685
475305
464185
451097
495000
394261
464668
474876
486183
442465
443296
434887
504856
432262
404448
433449
407929
350270
333455
441279
298851
282884
184802
316647
408365
476666
388313
446161
378976
313781
284281
364757
436451
439131
303612
421096
421502
401000
363810
430517
478430
460740
537325
488841
226357
458086
493484
310185
321114
447457
481897
470947
333835
613230
552046
514662
424659
376536
442924
425575
227291
410813
213986
491638
448580
251173
279056
418473
345734
468202
459760
204953
430130
554959
438424
451967
417474
261551
294926
407892
366002
286715
439784
421513
501765
419679
453446
347985
379576
376107
505499
424027
519808
425214
441321
407599
482525
462932
474992
475018
445687
496610
436333
417436
493203
447044
493522
456473
490954
263701
469121
337714
467479
467573
447622
344233
332987
473896
461802
359253
438949
508118
317512
217823
405196
449396
460378
438879
395517
506069
462389
457642
315900
443076
483946
370387
453187
462743
489745
448128
644231
391604
540515
346715
588216
469450
388767
510853
427415
474216
551716
467448
589648
505073
462030
489663
496530
590851
486688
471227
357510
371545
546620
479549
476578
485562
501945
472399
405793
394440
501053
565388
475337
480305
555376
513385
419858
493211
538344
329611
469881
435297
477895
514980
598150
480251
512892
520213
421321
504952
503519
548141
425590
445832
431518
447266
567562
510048
500187
419373
459701
345336
549788
493550
466103
286144
499399
404334
284583
483408
395797
496009
456501
324785
449793
398689
433475
518203
401652
384543
253332
440995
625172
388408
349601
359874
426267
337610
252085
442650
485070
426115
410074
505954
487878
435664
386109
306275
285786
404132
392221
508501
426576
271849
402884
426868
288492
372502
432299
262422
384616
296267
442413
418478
391033
431112
437606
464735
427233
227436
427077
401216
501049
270844
375860
406540
512830
408640
341100
487792
396689
479557
476006
286387
438757
437497
193079
290902
427341
483800
379056
433460
460853
156040
298716
434678
327260
473980
397333
568666
710913
481934
458778
428527
437192
385432
285118
408256
449218
328939
341547
349358
455683
390765
416949
585245
366823
450957
504854
497206
530616
569063
415144
446378
512670
336695
472671
348336
451075
498985
497149
479646
603050
544831
482122
520229
483159
429868
513144
470836
313137
396649
478540
433715
307331
444232
446977
442369
249707
402874
524160
344658
458783
376132
469575
414251
453213
410175
337593
356456
358745
478455
529100
202924
505243
512465
338953
422104
435630
539487
461173
375356
484952
296304
489800
283524
491906
542385
448299
679385
502127
481124
336557
270035
475362
507503
438943
434232
511988
480117
324834
453353
233582
322050
370179
462277
430339
621391
470499
438892
486027
436376
588733
473859
401081
393371
602652
412674
421926
400341
414136
395876
394202
310497
417146
442074
591532
462686
397742
498403
562981
394783
388689
409297
450355
381810
437379
458363
360244
418077
444473
432399
430398
434484
403662
467524
446197
399262
429479
413526
446220
311144
391763
377578
421421
367922
434969
383665
434966
406281
261069
398507
447186
467715
507153
385938
405685
462076
421343
513691
443735
574539
289143
390926
436614
471278
464944
197390
478883
358560
474802
516779
530452
520725
338861
215109
462705
213455
301856
436680
284047
425025
434186
195508
414135
500668
352889
483523
432398
291966
391741
506254
580472
476574
460467
434133
474043
506918
546926
602253
455496
527098
353512
452437
575622
565852
529825
581922
487347
474800
670838
544966
740477
372183
459006
376555
170556
419870
385145
262573
424682
464260
435439
426892
749877
408344
375089
393177
509255
504803
520842
454701
312829
259490
427946
402800
422724
393068
514682
511793
524133
458277
486274
480446
465560
820188
401185
494783
414477
285623
414343
820459
520418
342265
512681
477141
480095
440872
503470
419922
275405
427225
485986
496538
524842
564792
615940
427986
489802
472082
440879
1164536
577218
533484
393682
424515
423556
379434
560346
418420
150151
460288
465111
343867
363839
389971
534430
486865
418050
291601
363788
238882
363703
514203
373036
408787
371950
297930
406608
399299
431080
411173
242226
440613
290483
560315
548725
525467
419451
488714
414891
416690
294876
414111
361316
327541
382045
388132
378805
469525
344477
410272
444408
410313
442128
424903
427753
513802
436205
454965
481709
256656
342230
508808
441214
408492
469330
382282
441323
464870
577313
215040
455551
480081
501564
473363
447024
437032
419914
426168
432009
444590
471594
459889
484310
472422
494464
530242
474419
484457
446802
305627
419665
493139
470448
538366
198039
377037
386094
466724
562826
459371
500643
445923
533642
501517
404700
499851
459464
543336
371371
354724
394347
552728
496937
428486
592859
472149
468534
474068
194398
503209
312207
482930
370909
506273
442015
415448
282090
550861
508198
488920
356596
478608
460482
517746
293227
324924
311439
462071
416252
514488
524662
508197
509162
494136
533829
550760
495766
512552
464228
546855
448945
433311
413297
601492
345624
580777
398575
473643
424908
414247
422687
459202
417167
428885
412472
496805
274725
469619
287042
457338
352152
590309
554412
450074
382711
501570
392431
459987
395310
450344
289652
544585
433225
435150
477034
459175
391697
627551
502470
449914
553210
506444
517455
606827
355381
499584
317129
425188
445994
482155
561811
573234
602212
526117
358545
429347
508025
429361
374911
360360
347243
509418
367107
371602
507422
432664
434920
227790
456704
588806
513176
486546
467835
442680
468993
487314
437228
362347
380017
456609
499104
427797
256729
218064
412127
452130
368364
292626
485787
389269
335644
324652
513109
487680
499722
465908
413202
591045
372273
572035
419518
395610
454156
472060
320178
406098
516937
538903
571917
380048
461108
414804
441038
379707
474833
469179
400320
334465
346769
404495
332208
463261
455323
496311
447937
472301
415734
403939
494855
417499
443832
433176
497363
443724
334206
445389
318288
339302
515097
465024
470718
467190
437930
441615
450497
411639
276825
572522
532328
486635
385053
459015
462887
449982
491156
451206
447028
601987
471100
438209
432334
502108
488514
543196
474635
435161
460951
480529
433602
328651
417403
467390
474794
478238
355887
449850
497871
469105
451688
543765
516138
445528
484681
513177
486947
411066
437226
677488
528909
494242
407782
380280
438981
429107
285264
460316
373582
538489
593073
423156
524581
620789
487725
246313
481977
562149
470314
544621
471625
591894
379650
510013
477808
471651
450234
469418
436373
412365
465560
503082
311357
510812
499552
432467
593679
502672
504611
440531
522393
522405
483060
383228
461343
449785
517900
474236
440368
361802
480506
466792
493560
510425
492720
494799
487123
349847
528662
448079
267804
494312
520320
517744
507535
660993
467758
425556
391718
526496
399849
429213
375104
482468
452868
344287
421299
484795
339847
453853
421969
513854
534688
393588
427131
505298
474739
449195
350481
545097
405627
429219
429068
414107
583790
509270
451369
474757
309300
428348
445452
534926
399418
402710
428732
406310
460240
462941
498797
463782
471552
522699
516550
443244
588250
449244
356300
482608
622769
436808
623083
557584
460294
439988
320153
426711
485466
423197
487353
271329
480437
453294
490321
454897
479187
519381
588952
340892
491045
437779
533799
465547
309228
226988
487051
386982
502380
496027
467937
431472
504995
533860
452523
498213
468174
324646
467147
283541
333169
473422
281383
549119
401824
319676
473815
447423
416166
527588
473511
502653
418216
436637
405072
441005
409579
488110
428417
392856
323140
366699
322663
307107
417182
412509
184031
310376
283339
433958
457864
392926
492957
220169
494810
266034
352267
334755
536551
336334
460678
524769
430882
475253
519138
489967
489361
461661
402936
441638
507687
350968
456508
660156
496761
453651
472013
525404
412743
464197
461591
581576
493743
485462
409237
445355
463967
342035
376992
398191
468462
332244
409222
417919
507614
415381
427188
536702
417257
468535
499346
411023
352279
327534
321344
425319
594217
279983
465359
449230
464517
469478
428171
428966
329474
426546
494873
295985
430484
470890
495304
468520
489117
340905
485165
454011
465377
376864
362719
351094
311984
500705
426964
499411
458503
572842
487672
473665
442908
479459
484359
526590
489323
449080
396347
370049
427408
451087
420636
331545
294049
195711
186465
351730
422742
326499
480162
470317
403298
428345
399168
605907
397670
317908
445415
450900
464160
545886
335417
363693
386715
361882
297490
261460
453286
479525
414631
313477
503627
466150
364658
269208
350201
438617
381988
436596
452051
400751
386689
445307
518125
440507
426568
509370
459655
490494
529322
515699
543046
174572
457059
616368
285618
483572
480409
485942
464740
507484
468488
536297
433779
392806
653421
507557
637247
381642
363427
330458
418944
287412
388244
299748
420005
397682
367020
355852
307656
271963
413837
401581
480227
381456
272809
418676
415524
334521
615631
500835
446559
447893
486403
494525
518404
464820
459740
516870
500587
468897
409837
358494
436649
420421
519091
441761
360210
404911
377512
468788
384221
367512
582042
418053
527792
515708
461029
221643
398710
489018
503448
461921
466755
478027
391858
466192
513385
507036
450415
556402
408478
282307
603003
629092
480541
286415
303617
342933
467865
485505
548565
526054
544122
394565
421288
447318
242896
616092
446362
490407
620165
320503
605894
519722
589565
285376
435436
514257
404452
535008
362436
493301
466066
530785
425125
405977
473384
484924
418363
451529
637061
474381
382348
393479
547198
497806
481196
498303
410875
544546
443783
514505
420216
489473
515604
542184
439810
393695
487447
492253
476614
450846
359067
470676
463592
305713
353388
357032
553611
509767
545099
469200
486418
480469
544943
395155
509133
503307
325203
423803
391627
332425
392721
410946
440634
451387
205009
326352
390030
320425
188857
460752
449744
402235
385124
453040
390984
211749
313573
366640
439959
475981
545719
432369
384254
449003
387461
150015
306520
159655
449086
460999
293059
516848
287616
338949
495770
469701
470272
479292
525918
314329
635482
524431
515333
380133
544245
442653
262684
393252
501559
387767
507933
224782
387249
555762
435056
444281
458577
475439
515742
490694
442377
442866
508874
430930
506669
489331
498078
537494
416514
446042
452490
367639
418884
475625
312200
455401
277559
457304
477510
517776
507614
527698
462748
519550
464388
333225
572089
426571
388595
456695
432868
410129
459164
481754
583011
457174
484462
311426
488741
345167
344025
525171
497541
484914
478472
506374
385996
511057
397605
571388
350158
482775
454445
457484
481188
514274
503655
494164
476803
347921
477187
479691
485051
508856
423109
515384
396223
466280
438402
341564
458702
469375
381834
417937
332271
377086
135281
437253
438869
375238
401824
385208
424412
309163
403395
429712
370973
369063
409891
214233
412162
420887
376264
463553
465705
637743
258078
510507
495245
552827
165638
468861
435983
450371
433999
455940
269798
441712
439762
418413
389357
388846
411216
541833
408803
379993
367370
368708
345313
255363
474468
486765
499773
502925
573931
343452
447704
472150
491993
466061
405873
486374
545799
469230
406093
535972
368575
471542
670211
316417
474518
446057
354115
404772
430118
414365
476069
403050
490514
527614
469397
469315
317535
424964
491345
541203
460447
395904
257379
509321
517254
289729
519075
440953
346342
340873
348672
534785
518176
277446
249209
464973
259164
452688
493337
512813
504248
474463
458351
633062
521780
495901
417531
446905
449602
490689
302854
455370
343506
489089
427017
400309
295890
237619
409433
364997
461222
317318
415741
425490
300094
530489
487802
472957
460546
249102
267917
526329
344307
442728
411099
448018
369086
534382
455467
560976
449025
378583
465198
423922
270751
456260
218197
531743
488438
428953
485918
402781
455691
333462
338441
336259
489236
182134
298993
492997
619088
467213
467511
382610
444657
448403
551420
430815
482470
411304
537593
487401
345857
509673
436269
447040
365080
514534
462371
454121
326809
386970
477154
438033
357771
446121
455330
352628
503481
462434
289256
511104
683305
455506
223595
477813
340257
518345
444897
493004
373680
523616
487332
226465
578056
479664
509924
277465
418673
285239
266382
408662
658093
429669
381656
430686
675589
237974
403916
442103
312313
284555
438527
404309
413863
472033
447682
399593
431432
474258
345671
455665
423374
456637
425171
345540
539701
425828
447762
438572
493214
246690
409065
387714
455449
334527
504431
495644
380394
447525
483002
360403
504825
473211
493104
418772
481583
492287
315647
449109
440018
577978
314942
430521
401750
296105
442077
318874
387633
370210
409901
410064
257188
218883
324397
454946
497720
492299
482424
440716
491825
513015
306821
449415
544714
483794
469456
478135
489418
502060
241066
393347
492461
475929
310806
517292
362444
484981
479413
470623
215259
484793
336611
396839
437897
486876
437499
499577
539150
327141
495436
482880
534250
466643
271012
302657
398952
548949
277493
582896
459089
457909
496399
501731
541427
496246
412197
516764
490802
456242
487311
413887
414063
428041
514320
403629
442939
445000
405677
335262
461574
420232
501282
288812
458577
489849
400187
456470
427549
482414
458943
336262
506951
499996
401963
341989
378262
379707
463922
506883
507909
361587
368930
414102
300049
566671
515621
448009
514392
396921
285194
482942
525511
398075
451858
344176
532038
400395
350403
378691
332236
495671
314014
369156
510191
421664
288658
470308
513435
492106
195772
499747
245206
382751
278949
379117
474120
471497
370486
540744
494524
412288
502480
557798
291023
478495
475458
553198
691864
653863
528120
413787
427371
421526
329310
418403
466262
498412
403977
507671
534871
306054
410552
404844
349825
433496
409866
366363
429599
488736
374462
496751
439564
230993
413102
428021
543850
421748
376147
503433
260883
293407
510396
475355
438046
519062
506127
266793
301885
527151
513647
487824
415768
795003
499303
494206
369612
503767
430004
463940
479596
465969
382309
487742
389733
453937
471853
493196
298033
448844
521246
418437
306992
474041
436411
469338
449980
416558
373344
360704
393642
473686
495379
8963770
