3573871
93486573
89217742
85058298
80824960
76584157
72407338
68279139
64073182
59878808
55674656
51438048
47224170
43050435
38819738
34646741
30483053
26265915
22124583
17943773
13719793
9482208
5235759
236873548
232531645
228294564
224083786
219808949
215614417
211327586
207069744
202861492
198649704
194404232
190252194
186089605
181911888
177759336
173603069
169425576
165274130
161139062
156978068
152836719
148711945
144537452
140358971
136183175
131970120
127780391
123626691
119412391
115268480
111098543
106906328
102753635
98588575
94386001
90205120
86050487
81846937
77641421
73418748
69186824
64989890
60781456
56550327
52350428
48150266
43918161
39707304
35493560
31258157
27051577
22809433
18562072
14359289
10139851
5924155
13666536
9467653
5329329
1175807
236017183
231809637
227628563
223450136
219234350
215041250
210887821
206708974
202615792
198526831
194360372
190244601
186085000
181908322
177745266
173561469
169352720
165171933
161015606
156808647
152639764
148455549
144253636
140075873
135915214
131708605
127558177
123382383
119175521
115001881
110830707
106627433
102467910
98309531
94120065
89971171
85794375
81587494
77437176
73286532
69084335
64901416
60740992
56559121
52393200
48212396
44007822
39821505
35663322
31472924
27244067
22988067
18725984
14503681
10304111
6056083
11350048
7100882
2877987
237349550
233165525
228959488
224785923
220548835
216373125
212232530
208026681
203912109
199772302
195598025
191354629
187158537
182929977
178750840
174556993
170359416
166191788
162005007
157791405
153595628
149392821
145175384
140982221
136761200
132525759
128318031
124140791
119920907
115739011
111553016
107332128
103157339
98972940
94744155
90574237
86384756
82146851
77952186
73768913
69534513
65347169
61155470
56920486
52714202
48506438
44269321
40061241
35863773
31612653
27402738
23202425
18967659
14749366
10540500
6266939
11552736
7329389
3165504
237028464
232818974
228643314
224453505
220235766
216060220
211864759
207645885
203473074
199325324
195086107
190847532
186630341
182411552
178243008
174044676
169824735
165642218
161458419
157242687
153046477
148850119
144653680
140470874
136243804
131988240
127766585
123578379
119382913
115244075
111102280
106897666
102723884
98523260
94233085
90046223
85824733
81582183
77339824
73150512
68933266
64713302
60505144
56256587
52090002
47937438
43763782
39622300
35473451
31260572
27046573
22838295
18612583
14394834
10204611
5953126
12228336
8045197
3907125
238035058
233815874
229635349
225438240
221214424
217049091
212915345
208693582
204508419
200336567
196081678
191868422
187653886
183402347
179185175
174996144
170745705
166548626
162323863
158093634
153901483
149701121
145480947
141275269
137071436
132831905
128639502
124403007
120154678
115944756
111652227
107420400
103210382
99011250
94719250
90516963
86280188
82094939
77830368
73657527
69410369
65228183
61037014
56832566
52579318
48369030
44122752
39921359
35683114
31418586
27151814
22940252
18667352
14490733
10239905
5991887
11981102
7720549
3533662
236869184
232617896
228417107
224231274
220004283
215769964
211709071
207663470
203400824
199215315
195078906
190975426
186799903
182726706
178607240
174405604
170295727
166140254
161947325
157774941
153614750
149421672
145275658
141127960
136930463
132755030
128588304
125654890
122011028
117929117
113734979
109642241
105465731
103392468
99190043
95021838
90840866
86612872
82400184
78187483
73950064
69748855
65573361
61373558
57195019
53016782
48815867
44631939
40457182
36261860
32034311
27795954
23531517
19287962
15047612
10783893
12894403
8651665
4454083
237044912
232812819
228616149
224384098
220138005
215909552
211720828
207522359
203304713
199086873
194863447
190725875
186570221
182392518
178169065
173979283
169794179
165615146
161405564
157198067
152988413
148799961
144594613
140488723
136350248
132131143
127934429
123760214
119537210
115373412
111197374
106987151
102816716
98614686
94392429
90223995
86022850
81814856
77616718
73384220
69201266
65021006
60827954
56601354
52406611
48195730
43954133
39779129
35562622
31310756
27167592
22953302
18727252
14558911
10407650
6189946
13622734
9375113
5198406
997150
237865660
233643769
229471680
225315595
221107788
216961780
212798784
208613827
204450974
200279382
196018708
191829094
187615409
183367085
179143552
174948584
170699564
166458852
162242387
158012555
153762124
149528633
145267261
141099726
136882818
132686540
128463083
124224184
119994517
115775717
111577025
107323613
103095877
98909415
94656056
90480464
86263834
82016593
77799863
73577945
69342241
65113575
60954282
56732322
52488580
48338715
44112968
39897908
35726532
31471080
27213919
22943843
18714035
14491541
10255813
6036650
9155229
4980713
740096
237909353
233690280
229468092
225243953
220948466
216737617
212537818
208272722
204087273
199933289
195714110
191529973
187351111
183105729
178900297
174690605
170517398
166313268
162066052
157836521
153625477
149435202
145223021
141054683
136856776
132605533
128461736
124284285
120052885
115860488
111672385
107431806
103242408
99025689
94782812
90570959
86386643
82121620
77914560
73712645
69461648
65246961
61046842
56821119
52649368
48445907
44199471
40003816
35780815
31558619
27345315
23141974
18915606
14707441
10512504
6281814
8967608
4730331
558597
237960490
233727879
229545416
225335462
221119964
216919490
212708801
208493679
204277333
200098632
195897486
191737544
187569315
183363440
179222803
175003316
170754174
166547113
162392172
158188718
154032705
149853497
145650004
141479742
137304991
133033501
128783165
124549451
120271622
116046078
111770508
107492717
103227998
98987825
94712648
90534710
86320021
82010224
77771076
73562513
69323506
65161523
60983067
56782198
52609360
48385797
44158343
39983163
35769228
31516297
27275552
23021258
18752242
14516284
10251836
5998983
8678503
4402931
238571765
234338772
230125715
225870893
221603449
217376262
213164415
208914331
204742427
200527313
196315866
192117637
187903812
183694639
179482985
175249954
171035814
166803321
162602967
158398609
154203790
149868467
145678357
141409946
137214887
133019284
128762340
124482881
120273059
116031825
111814765
107622307
103334747
99114925
94892160
90627101
86419376
82172492
77906076
73667363
69443904
65189022
61020088
56801306
52544567
48314750
44103169
39827731
35605852
31408707
27124074
22926680
18712400
14432336
10223605
6003300
11904507
7665417
3465162
238232606
233985096
229776391
225634369
221349165
217154928
212946357
208689274
204511311
200310752
196082378
191833491
187644711
183389780
179165247
174923378
170667867
166455673
162211660
157949863
153729589
149513456
145255762
141050429
136834886
132587780
128365287
124197645
119970342
115773209
111588192
107362059
103176842
98997078
94775454
90602338
86411637
82190054
78035771
73884877
69650886
65458746
61312560
57075854
52882945
48704367
44480239
40304683
36117241
31770202
27550290
23357745
19112475
14910221
10728191
6484225
11218923
6976856
2783898
237662500
233387160
229193152
224945131
220681450
216453150
212217076
207971319
203769779
199597097
195354487
191225341
187031103
182794646
178637274
174450187
170217832
166083853
161950301
157739354
153613315
149463337
145204239
141041398
136893618
132657753
128520910
124368118
120143270
115964148
111769282
107544648
103386785
99167148
94949871
90743844
86554054
82345421
78164340
73989239
69742587
65549567
61359179
57142330
52960505
48764569
44519867
40351711
36155791
31917703
27715638
23506418
19247456
15065200
10908303
6657404
11088078
6854520
2656638
238259586
234011965
229808120
225610386
221363388
217156511
212993408
208805503
204571909
200424243
196205366
192047134
187816761
183614232
179471468
175296356
171082316
166916024
162748414
158514282
154304884
150071148
145821929
141588694
137385049
133126965
128917519
124685579
120415056
116173668
111946773
107691849
103465400
99228619
94994352
90740596
86538013
82268798
78034932
73809082
69575142
65343919
61164068
56909763
52707186
48471695
44240985
40001151
35791189
31507073
27256898
23005570
18744345
14485101
10244901
5962451
10461721
6219114
2016134
238284280
234003013
229796863
225514053
221222469
216952009
212738787
208500865
204291377
200095899
195921154
191673951
187454147
183199209
178994219
174771535
170532397
166329042
162112237
157877561
153673459
149457595
145229612
140990651
136766148
132537743
128320277
124127438
119873375
115643958
111432267
107177903
102982253
98734226
94501856
90281329
86092512
81838270
77613664
73411513
69156944
65019594
60816199
56571747
52357562
48130882
43879587
39672443
35454327
31223407
26987833
22778366
18552072
14335121
10127896
5903455
9767769
5536842
1337828
238202741
233980557
229787813
225597854
221341423
217157969
212964075
208728919
204519855
200345212
196100934
191943999
187723584
183470712
179279267
175068049
170830070
166647571
162438240
158174489
153978739
149786352
145553090
141409004
137212151
132960219
128774181
124576444
120341668
116133670
111952834
107704339
103491561
99325787
95047594
90842526
86638325
82388924
78172587
73950585
69700216
65485888
61271988
57016653
52801552
48576681
44376539
40135329
35918585
31685238
27480446
23245454
18982510
14753030
10513438
6250072
9285971
5061748
878965
235880418
231699828
227440601
223189785
218949640
214700698
210558761
206270086
202073264
197870591
193619648
189433401
185212520
180968442
176790797
172667275
168413982
164232454
160069406
155840487
151667349
147506685
143291001
139089536
134960304
130728212
126534008
122363639
118193272
114103597
109968329
105796378
101649988
97530223
93369811
89242659
85115747
80942048
76801958
72649785
68474015
64337942
60229566
56050431
51933113
47722684
43544616
39405210
35269701
31095085
26948708
22803951
18599472
14356705
10210991
6033484
10942566
6771338
2610087
238008403
233738341
229525938
225252217
220972801
216742790
212600436
208369532
204225046
200096970
195928393
191802992
187665403
183472791
179299163
175146164
170892818
166700425
162538672
158280204
154095147
149905893
145672732
141466684
137251973
133024374
128822590
124620394
120394122
116190662
112038281
107784643
103516055
99301244
95044580
90830276
86612610
82366853
78158669
73986089
69747364
65516717
61282026
57015028
52770500
48544780
44307917
40122266
35895570
31640405
27419514
23194872
18941581
14708787
10475560
6212640
10796844
6559808
2398976
238624532
234379336
230174516
225966633
221722441
218079330
213880086
209774480
206628205
202385518
198213848
194005778
189765768
185543312
181272676
177078030
172857620
168634888
164383289
160219483
155972998
151695472
147457520
143203258
138937293
134691783
130441557
126181895
121959033
117750852
113490804
109329982
105038307
100754088
96555519
92398539
88081106
83880509
79675482
75431309
71225648
67021961
62749374
58541389
54322241
50103870
45875008
41655632
37410565
33214564
29034079
24793712
20566405
16350952
12106234
7899505
9806270
5590354
1407514
238695824
234387816
230112078
225871481
221605767
217426883
213104456
208859107
204650297
200477245
196235771
192005031
187773834
183508489
179293962
175077019
170886905
166630781
162413806
158187212
153963075
149733823
145495696
141268312
137074946
132852635
128647485
124447635
120224344
116026682
111821814
107590723
103388103
99209400
94977425
90809215
86556699
82312848
78110487
73911948
69663119
65428565
61225815
56960847
52736010
48511260
44256563
40052817
35842134
31583771
27360955
23164261
18919285
14696178
10474362
6175704
9037048
4796843
556356
238920146
234683503
230472190
226263618
222010793
217780737
213525371
209247838
205025271
200802552
196525094
192288664
188067663
183819723
179645208
175431475
171180547
166961166
162776486
158519331
154308789
150074818
145811886
141572133
137382884
133134526
128887682
124655712
120389720
116155007
111930662
107668244
103425377
99190049
94914897
90677165
86437698
82217466
77950237
73720924
69433306
65141989
60907822
56633439
52388149
48200362
43933385
39721122
35490451
31254531
27014368
22802367
18574365
14353819
10119024
5891528
7577952
3351854
238476612
234220947
230019606
225834398
221611555
217417064
213229060
208998535
204787490
200617127
196403777
192218443
188028547
183811155
179590588
175390575
171156007
166937658
162742938
158504038
154333877
150121464
145894580
141656603
137451778
133185298
128991528
124761984
120516803
116295996
112090714
107868009
103682093
99471605
95227628
91027455
86806123
82570548
78382873
74231778
69990004
65797701
61613747
57391417
53213632
49037456
44777518
40568277
36350814
31976728
27750486
23516196
19252630
15027679
10799348
6532585
11155816
6908634
2710694
238245113
233984428
229814831
225593754
221325323
217107377
212893428
208678784
204501644
200309186
196083257
191930968
187719636
183483143
179269950
175027043
170776103
166571458
162382621
158141742
153885524
149694565
145455836
141264716
137076828
132836642
128632200
124418493
120198992
115990488
111745827
107515732
103295657
99092147
94857281
90658400
86440176
82173241
77957607
73752791
69490204
65278145
61077116
56820658
52581824
48378322
44118216
39892968
35688303
31456579
27233924
23021738
18770657
14514079
10325372
6098935
10478652
6236029
2041774
238484358
234235873
230055744
225831724
221593320
217389290
213184094
208937168
204735145
200543846
196276887
192050010
187845391
183574977
179352237
175158079
170905629
166688301
162483369
158219529
154036998
149869136
145566685
141351655
137114943
132853887
128676638
124518924
120281358
116090726
111874502
107647575
103466691
99170248
94922190
90699201
86478057
82269609
78063447
73848655
69602732
65383202
61193956
56949649
52723710
48512502
44269362
40062022
35865510
31616780
27402014
23179671
18935645
14695847
10483709
6235154
9549754
5286476
1068234
238845837
234612522
230411609
226172147
221887155
217700122
213402569
209133599
204903219
200692011
196428094
192202037
187961396
183720030
179522925
175306062
171051322
166816910
162592532
158303931
154088287
149822442
145604483
141371024
137089621
132833766
128595339
124361293
120093558
115858139
111636131
107369531
103160137
98965108
94679109
90463771
86241755
81977417
77770645
73559458
69313049
65092017
60869367
56609747
52352337
48115589
43850045
39643265
35437170
31196381
26982046
22744738
18488873
14237289
10012221
5765476
8279985
4036860
238697328
234451445
230261346
226059887
221790122
217583177
213368927
209107310
204888233
200646782
196410239
192206048
187998945
183738729
179562747
175322103
171097751
166886635
162586946
158364604
154152344
149920003
145670917
141441728
137228365
132961020
128732458
124532771
120305461
116078373
111879932
107614627
103415065
99160039
94941947
90721947
86457994
82277806
78022806
73762774
69535917
65341147
61070337
56845665
52610401
48358658
44115761
39898885
35630131
31419293
27159874
22899819
18664671
14430775
10186647
5969914
11463525
7218003
2987346
238197178
233938097
229755887
225543019
221290591
217122381
212885225
208636131
204467076
200236919
195989264
191765178
187537614
183289886
179090866
174889039
170618068
166388326
162180941
157934356
153739129
149551398
145304898
141104425
136896326
132667277
128454320
124256229
120029514
115815756
111593824
107355322
103186388
98985054
94744310
90533164
86302964
82048456
77856609
73645618
69403296
65202850
60995855
56761166
52547874
48341773
44105725
39870366
35663870
31414407
27210235
22994052
18751437
14533454
10302378
6052871
10779885
6536199
2336704
238297473
234120769
229878358
225671102
221403872
217255385
213048232
208816262
204603823
200408899
196177255
191996294
187773659
183544874
179353544
175149172
170927720
166729214
162511938
158282924
154024107
149783571
145517207
141288736
137068703
132820820
128619658
124397572
120148830
115908716
111681606
107429956
103208875
98982880
94744855
90516939
86292045
82037733
77839756
73627441
69377815
65178771
60957136
56710174
52514641
48301056
44061347
39826205
35607940
31367523
27155730
22952256
18719477
14506133
10297513
6063145
10154225
5916455
1714538
239008544
234760063
230567573
226369504
222124636
217914316
213706951
209484193
205323879
201171674
196907006
192707485
188532695
184208378
180023204
175808560
171553707
167356663
163143810
158906653
154665408
150404730
146146681
141889234
137648173
133382746
129129097
124925097
120695863
116451299
112187542
107923327
103741050
99485600
95231170
90989299
86737366
82483562
78248820
74002571
69679167
65438604
61212064
56918434
52690172
48442858
44178113
39944369
35700515
31440198
27192072
22996307
18728655
14493958
10234786
5983951
8899078
4683428
563344
237841440
233612126
229431275
225224171
220984715
216775947
212639429
208450627
204310106
200151255
195888495
191685259
187500071
183260076
179041281
174824355
170556081
166334301
162123212
157893701
153651272
149511897
145259139
141032293
136804453
132555478
128309757
124089949
119907080
115663257
111430944
107199773
103014858
98754408
94516436
90305122
86097737
81862042
77700156
73461337
69219685
65000062
60796042
56584147
52377643
48150032
43870096
39681419
35475690
31193712
26958106
22719155
18491513
14278572
10066605
5831322
8709669
4531870
354548
238699851
234501944
230321184
226176712
221964847
217739107
213582940
209356585
205171328
201000271
196741217
192527859
188327474
184054035
179854477
175631456
171448521
167189848
162952077
158773851
154478701
150251004
145976872
141751746
137523797
133326565
129058831
124847907
120564670
116288263
112003707
107696000
103469582
99238457
94944058
90747488
86528648
82297441
78067267
73824982
69575870
65339469
61183178
56896524
52667585
48613990
44594627
40410639
36480257
32264002
28221813
24004575
19733499
15508648
11292287
7075557
7721970
3483331
238511511
234237698
230061588
225829291
221582152
217374199
213223198
208919729
204762657
200609348
196384995
192189780
187977792
183743306
179549892
175395301
171134244
166928729
162721296
158483790
154279189
150117426
145823895
141617839
137407452
133139615
128925571
124721459
120453426
116225257
111993988
107743748
103508348
99274519
95024489
90807027
86569290
82316173
78096573
73871241
69615533
65417016
61187434
56954085
52702199
48495475
44217633
39989483
35761662
31461993
27215271
23010326
18744103
14478460
10248846
5973041
11166942
6925290
2744660
238126313
233899453
229741650
225549825
221301282
217132570
212918590
208653799
204557385
200354478
196086613
191928716
187762975
183562095
179289124
175052032
170843695
166694264
162522482
158317601
154141338
149903348
145693195
141458513
137192819
132951022
128751258
124548861
120300421
116113185
111928445
107691162
103472561
99237288
94980646
90782832
86562585
82329751
78113868
73899494
69670608
65475117
61303613
57067109
52878630
48639531
44389019
40164987
35951647
31702534
27463182
23285854
19021104
14813083
10569550
6314770
10707824
6462863
2267399
237853134
233636172
229469444
225268675
221054052
216865817
212655475
208441631
204244802
200055630
195818888
191626372
187425169
183205173
179067033
174853953
170624546
166437873
162209601
157909908
153709375
149496984
145250832
141025236
136812071
132590724
128383845
124167739
119918928
115694351
111467489
107230969
102984833
98766729
94492033
90293737
86070329
81828810
77600452
73405143
69130707
64896282
60682041
56437264
52234670
48016608
43766238
39534333
35306424
31062011
26834092
22581098
18336997
14121196
9910724
5674612
10442617
6221235
2032263
238602754
234320787
230103860
225883664
221614293
217435666
213140447
208903051
204720142
200478406
196219624
191985870
187767930
183508316
179262831
175038813
170731877
166558065
162300318
158014817
153786656
149560255
145309279
141103668
136882630
132625030
128405324
124181171
119939081
115718643
111509573
107252013
103047843
98817969
94563343
90358600
86133192
81880403
77689938
73506151
69270645
65085173
60900551
56644765
52447605
48236109
44003922
39808884
35617789
31410205
27217553
23028172
18802826
14593411
10364760
6125685
9540505
5324972
1160158
238618792
234368989
230140550
225917194
221667902
217461838
213232208
208981937
204804700
200617702
196373659
192132960
187899692
183625594
179426043
175257453
171025726
166843412
162661262
158401319
154133606
149955093
145693014
141488240
137233634
132982841
128767640
124534917
120289518
116054459
111802881
107552923
103315702
99022443
94780714
90553223
86336354
82112649
77817833
73612121
69355566
65138952
60957255
56746501
52541908
48356691
44136688
39944598
35730363
31492283
27269438
23062094
18819373
14600668
10391742
6134330
8796373
4555630
237546530
233297390
229100519
224883553
220653648
216466064
212266170
208041607
203845139
199665131
195426019
191272896
187143731
182928142
178749265
174569365
170346293
166167949
161959959
157749268
153555899
149368877
145145574
140950344
136755493
132532435
128336799
124146283
119925558
115722465
111514354
107286979
103076985
98883789
94645079
90434446
86232004
81984582
77771017
73528611
69285002
65080236
60865492
56608667
52396573
48169307
43923351
39697960
35469367
31227803
27019186
22824401
18558797
14341795
10139574
5876952
13108610
8852966
4685022
497353
238459486
234180131
229987233
225818866
221563201
217375059
213153301
208983850
204767158
200544604
196383562
192201291
188021953
183783925
179567969
175324218
171084811
166866070
162664744
158419459
154194031
149967290
145745862
141548255
137328041
133096417
128888171
124677368
120439320
116211086
111966148
107718046
103506164
99257507
95024497
90825021
86605420
82380810
78170185
73935017
69679460
65465783
61209479
56961886
52749735
48520756
44299818
40080809
35877935
31603520
27376262
23120937
18857005
14612685
10388675
6131191
8288098
4045917
238434168
234194303
229955080
225729674
221437517
217168011
212910310
208690709
204501882
200293831
196092279
191923845
187729644
183499904
179279418
175048907
170797286
166612882
162365735
158090357
153861208
149653215
145409949
141196408
136986764
132746630
128531816
124332773
120092250
115895016
111655625
107406066
103202313
98981115
94742695
90515382
86299762
82054804
77860292
73629768
69370353
65174334
60963113
56717773
52499978
48264199
44012295
39794823
35582302
31290707
27040839
22794525
18523976
14323048
10103981
5855089
11726714
7508586
3319957
238163846
233919642
229763091
225624533
221341215
217191864
213023889
208800251
204619578
200461797
196221149
192054188
187852947
183614176
179424389
175243379
171021092
166825014
162627031
158338134
154145218
149916838
145659834
141437893
137216089
133013336
128793349
124533232
120283821
116082703
111878628
107642748
103486267
99228522
94988363
90788299
86611137
82319164
78104372
73911232
69668558
65458213
61246071
57032918
52840526
48530246
44274946
40066167
35848190
31619617
27382985
23138700
18879365
14657272
10444618
6188755
11283720
7049664
2830800
237965079
233696151
229463137
225212961
221006809
216731610
212491227
208237642
203992174
199820417
195628939
191467828
187248244
182983125
178751409
174509257
170248730
166070452
161873150
157657842
153451444
149186768
144979410
140778449
136554503
132303338
128086830
123896805
119653393
115431193
111201012
107027885
102807070
98569248
94348562
90128512
85908902
81675813
77485689
73262763
69048682
64831969
60644700
56393516
52183404
47989298
43736092
39559151
35356331
31116430
26898008
22683240
18427008
14210521
10008774
5741540
10999900
6769162
2590108
237796401
233564357
229390818
225205565
220954055
216788789
212601284
208378402
204184384
200019589
195836999
191693808
187514803
183296798
179108961
174865281
170642056
166422901
162185943
157941539
153743392
149517085
145251051
141026444
136806342
132535699
128321498
124103951
119865863
115663047
111453861
107210571
103010868
98801619
94572399
90372310
86165918
81895775
77669637
73452358
69208969
65014123
60817279
56578194
52368050
48157986
43921754
39637976
35404911
31140064
26925995
22696443
18459217
14247543
10016941
5762156
10889939
6655630
2457483
237274388
233043398
228860335
224649820
220404658
216190840
211973948
207715743
203487279
199328269
195109177
190987165
186790392
182536063
178325471
174107875
169827261
165604611
161356426
157154209
152993856
148818672
144622847
140464968
136299697
132103000
127935085
123771035
119594256
115445396
111299707
107100328
102923169
98749771
94554105
90384149
86189730
81927934
77738487
73516363
69202658
64946616
60733472
56478058
52247525
48065974
43804647
39518474
35316507
31082968
26860921
22626997
18381793
14161100
9935893
5721042
11200383
6946422
2724988
238658765
234403634
230227267
226064336
221786121
217597854
213463883
209213557
205031818
200895662
196617417
192430900
188245060
184011102
179822784
175643921
171417676
167460544
163433203
159297379
156205532
151889706
147714893
143517312
139283218
135117298
130911056
126636435
122439856
118266705
114020725
109829548
105618939
101277486
97061166
92857725
88645433
84431768
80201895
75927951
71686156
67489914
63246090
59031312
54801481
50589334
46356610
42080004
37789213
33571608
29344177
25089181
20871116
16653248
12402043
8174639
10138632
5934323
1691307
238096546
233839925
229645388
225434240
221185894
216948513
212710912
208494713
204282524
200111226
195924463
191762061
187595593
183368414
179149979
174935762
170688981
166508380
162322030
158099698
153918227
149712963
145503068
141315267
137137034
132935800
128720940
124537648
120302550
116083693
111849886
107588268
103358163
99172221
94918170
90699026
86503750
82250254
78057443
73836460
69576651
65353116
61148896
56904644
52699258
48480213
44222718
40001750
35773726
31515567
27281965
23055495
18775624
14560439
10286345
6047700
9668545
5481432
1311097
238339843
234024209
229848078
225645441
221352241
217111069
212928424
208703379
204504957
200304947
196067172
191857269
187641577
183401452
179190512
174973916
170730553
166549158
162331204
158122122
153933306
149724488
145484734
141279492
137072243
132819743
128679478
124441072
120186283
116007304
111869838
107583466
103388645
99129972
94837704
90620507
86377767
82130775
77892656
73661122
69389073
65198863
60975761
56623574
52400947
48186101
43941545
39706085
35475363
31213163
26988478
22763282
18503261
14270684
10033570
5815162
9059031
4836475
648273
238227544
233997170
229794103
225653804
221396567
217192876
212995049
208751713
204567200
200372488
196134385
191973007
187758131
183525746
179339969
175128401
170884201
166674364
162484275
158241440
154054241
149861392
145631330
141374417
137174066
132933679
128724799
124506808
120243897
116023870
111818029
107597308
103377993
99156460
94907736
90700044
86453665
82248850
78058446
73862400
69598887
65384677
61172535
56882316
52629774
48422417
44130319
39905509
35685259
31448021
27240767
23008184
18761934
14529742
10329009
6132353
8432907
4213443
239132382
234865550
230708452
226486183
222227792
218017348
213795131
209550206
205345279
201129576
196948987
192729652
188563702
184356166
180168892
175918215
171661403
167410371
163196233
158909007
154666580
150491141
146197274
141920757
137692372
133446372
129181010
124948020
120729498
116458647
112212175
107940148
103738428
99468163
95135906
90893628
86660930
82443602
78191548
73978449
69731217
65510583
61294593
57032542
52833864
48587054
44366204
40137277
35934255
31554505
27315364
23082625
18772172
14536805
10295011
6025933
11337678
7093977
2877498
237296765
233077888
228913135
224709530
220535358
216279266
212064690
207898977
203647709
199482394
195283208
191062141
186876765
182699549
178471557
174300894
170092273
165876675
161675602
157461249
153220566
149007955
144788482
140556335
136370041
132168086
127932528
123734221
119539359
115362804
111179581
107010099
102792484
98651378
94474700
90238709
86104320
81829726
77599528
73352633
69199556
64907715
60690579
56464861
52210220
48047076
43777344
39498702
35191686
30954446
26767284
22611439
18455091
14278507
10126098
5977665
11488270
7319355
3203721
236928643
232769104
228654890
224529039
220368710
216228246
212086172
207922381
203797665
199660292
195488521
191367131
187232686
182987950
178822520
174587865
170339893
166084679
161844024
157596847
153392278
149165297
144914882
140683795
136452912
132273385
128118776
123972855
119791400
115598016
111443949
107171122
102935455
98717432
94528989
90364909
86165469
81976586
77738521
73525340
69298394
65122469
60941796
56717999
52522041
48319521
44074652
39877811
35677213
31445687
27266652
22968378
18709978
14482725
10219150
5953729
12392379
8150107
3891632
237449113
233195213
228981831
224755625
220494706
216211004
211960656
207726845
203512103
199295186
195045827
190830341
186642940
182435923
178275005
174034225
169832464
165665312
161486662
157222825
153058177
148888624
144692267
140458351
136272023
132069612
127893090
123667561
119465824
115285020
111118429
106815845
102609663
98412830
94207186
89931078
85742209
81528817
77349357
73108257
68907454
64680586
60482164
56275707
52052443
47858896
43664172
39441187
35307710
31144460
26878587
22698680
18495295
14209505
9969457
5744039
12535634
8307100
4146772
238342534
234137294
230002657
225817057
221615196
217449448
213290940
209094947
204854162
200678623
196461428
192287512
188136674
183839276
179646054
175429677
171184191
166962994
162733606
158513247
154283505
150051621
145822882
141546057
137337869
133123229
128863776
124621468
120386488
116127531
111893288
107619612
103375136
99146851
94930851
90669117
86431410
82189280
77891367
73655777
69447269
65186776
60961088
56695616
52432214
48198116
43971600
39714821
35493383
31263987
27009349
22765406
18518220
14250156
9981008
5758215
11998844
7779621
3587046
236619815
232405484
228196958
223969633
219717682
215498427
211322195
207097031
202898750
198706822
194470198
190331771
186760675
182552363
178413921
174233816
170014734
165874463
161616838
157328874
153168150
149015978
144822513
140576545
136372466
132137604
127959411
123818166
119608718
115444661
111300844
107067166
102932106
98795526
94621263
90486350
86351431
82176624
78030796
73899515
69724052
65592296
61453172
57278353
53123232
48886947
44660914
40442862
36229872
32024687
27824539
23608009
19372992
15166508
10942770
6764268
13017662
8770734
4567157
236817442
232581164
228442660
224234616
219990830
215796056
211622798
207420616
203270419
199146529
194975242
190867350
186733415
182564075
178406455
174225832
170032441
165781237
161561468
157282472
153074926
148906117
144729008
140478388
136269037
132025714
127828089
123603683
119410709
115315572
111177706
106997118
102868073
98727635
94550407
90375705
86182624
81949844
77745388
73568924
69327493
65097883
60893346
56678368
52458680
48285092
44027205
39855808
35669493
31444375
27229686
23032505
18785998
14571528
10318434
6128222
13689903
9506844
5355343
1155734
238727755
234472752
230290463
226109320
221896182
217722572
213473214
209253282
205092038
200908278
196701449
192448177
188284813
184021908
179803262
175578853
171349548
167057933
162813114
158541104
154315773
150068603
145808916
141570507
137329753
133069259
128855891
124617743
120336134
116081955
111855444
107602540
103381177
99155784
94898728
90672482
86431440
82187368
77938925
73691641
69461118
65167822
60963759
56725757
52578344
48314762
44074567
39835416
35575473
31308937
27064649
22888577
18596702
14404419
10170554
5989261
8324924
4077915
237484250
233245773
229046998
224833277
220596494
216391740
212154997
207916325
203701315
199506020
195254041
191047757
186874537
182647263
178474329
174278267
170049281
165901225
161749172
157538737
153404080
149184430
144959900
140772953
136567799
132340968
128146057
123979208
119750368
115529923
111326252
107098434
102957597
98789801
94560381
90369972
86162311
81932678
77704228
73486068
69281760
65049292
60886727
56716294
52521322
48321113
44103645
39864764
35672806
31483007
27227439
22967958
18736543
14402073
10176308
5942611
12795011
8546162
4345790
238132371
233890215
229698594
225488136
221223854
217019417
212788352
208519987
204301609
200100945
195835271
191619074
187382735
183125936
178887332
174669649
170403129
166212713
161985652
157722523
153500985
149204025
144939458
140732043
136496306
132286901
128055029
123858844
119559113
115340228
111133550
106929145
102738771
98614811
94394703
90223496
86019841
81804481
77628326
73476738
69264370
65059156
60861453
56639745
52429788
48225203
43925542
39665026
35479543
31208257
27016583
22826942
18599091
14387465
10194480
5996550
12307275
8086407
3958846
238369644
234172409
229996737
225823223
221614171
217447215
213265019
209048837
204847625
200675311
196454382
192252595
188042015
183800376
179636316
175434347
171179397
166953908
162800691
158537602
154289714
150092240
145858910
141651332
137439178
133200598
128986200
124771995
120511692
116324751
112050205
107794827
103569576
99362185
95138392
90942094
86727595
82465559
78234566
74057269
69796217
65573055
61355183
57076637
52863181
48607674
44288535
40064552
35826485
31622465
27335711
23107530
18848082
14633147
10408714
6127389
11705602
7498957
3201740
238191818
233934720
229727386
225547954
221341340
217138529
212886195
208647377
204422348
200281400
196049366
191811224
187629433
183381782
179172787
174959150
170716635
166500497
162256279
158027508
153770738
149577958
145321660
141111198
136876546
132628357
128417104
124194204
119945449
115725649
111480554
107295740
103018845
98790320
94531455
90322155
86086430
81851166
77642997
73416028
69146440
64943044
60762159
56496722
52293048
48060975
43798638
39562200
35355628
31113759
26892744
22717656
18471225
14286694
10049156
5817871
10992899
6770088
2636738
238078444
233835558
229615548
225409530
221164432
216930588
212688655
208458361
204247735
200048545
195819621
191603429
187462240
183200621
178918310
174721626
170483933
166267922
162043709
157796166
153599474
149377856
145130314
140908222
136696259
132465629
128241374
124082928
119848580
115658349
111457281
107235370
103024036
98899994
94632075
90457138
86265071
82024370
77822174
73644004
69459343
65178012
60978945
56745768
52564801
48380346
44122515
39902071
35676432
31411626
27185449
22963714
18693634
14476861
10245904
5972017
10539428
6278665
2078576
237994351
233743038
229542297
225327767
221088884
216846180
212623015
208360131
204183565
199969842
195730141
191518754
187296945
183092205
178889287
174680301
170439283
166223505
162011480
157778082
153614705
149424727
145197058
140994668
136784742
132560608
128352074
124135705
119924095
115749808
111532556
107363316
103081978
98847710
94611758
90368587
86216869
81949349
77702316
73506515
69276225
65093560
60873218
56657676
52482364
48304188
43990984
39803932
35615287
31374633
27139830
22900311
18634717
14401606
10153916
5898854
10172671
5909541
1756371
238075397
233782896
229600393
225368855
221092398
216856465
212626542
208374133
204184966
200049122
195804508
191653443
187472287
183254651
179091414
174862580
170628024
166480458
162220795
157989377
153767580
149564227
145320717
141078828
136903154
132630616
128503326
124302176
120053568
115871532
111710806
107449859
103247041
99045168
94791037
90571955
86345646
82100494
77889248
73676835
69447159
65313177
61084954
56815368
52606404
48360256
44128415
39945673
35696607
31413608
27192897
22968048
18707160
14463387
10235187
5962858
9823025
5576752
1365038
237994819
233742737
229604931
225383662
221137418
216899460
212665920
208445087
204229027
200051874
195817926
191585872
187367664
183124641
178894700
174712081
170501783
166302351
162082589
157836832
153679770
149425289
145200005
140979589
136778971
132597257
128359173
124118064
119886517
115674503
111444144
107192550
102974557
98756256
94521677
90272292
86044683
81835392
77637238
73431543
69206248
64938527
60711559
56462548
52226818
47994626
43743401
39589936
35303879
31040010
26777945
22625334
18375638
14159073
9926194
5665237
9372799
5075016
868636
237449552
233197243
229007973
224781316
220517851
216287433
212086262
207882790
203698679
199533001
195333438
191143866
186954849
182729386
178545962
174339565
170117436
165905011
161664880
157448651
153224788
149027191
144797877
140580103
136367866
132176084
127936113
123723308
119506705
115285801
111056613
106807202
102589647
98377156
94127337
89880080
85659393
81418277
77200563
72971551
68726064
64535495
60358864
56175580
51966666
47816904
43583129
39445893
35248810
30995198
26769448
22571330
18321218
14126641
9923515
5678817
9493171
5266501
1047620
238126462
233884717
229705566
225556386
221277934
217060379
212859595
208620901
204541428
200370987
196153143
191984646
187800694
183579874
179380731
175172933
170954271
166774404
162646278
158402277
154214106
150001842
145769266
141552247
137343894
133119669
128905157
124735974
120433977
116228521
111974196
107768185
103504546
99286263
95054797
90899255
86555115
82321902
78074488
73870268
69639909
65435560
61243764
56993860
52763530
48545234
44294043
40078088
35868161
31637210
27443064
23206692
18944188
14734557
10480557
6257287
9098029
4862980
673826
238000267
233749767
230387667
226405215
222205779
217952376
213777728
209597240
205371054
201189851
197012786
192806353
188618063
184454580
180219506
176008517
171784653
167519590
163301466
159081927
154811257
150564836
146328304
142057773
137827766
133634464
129358896
125122878
120867644
116565875
112315990
108089808
103879129
99609553
95422780
91208545
87022808
82797691
78592065
74399737
70221747
65972833
61781447
57568306
53330834
49131632
44908668
40665435
36445879
32212137
27952267
23722368
19500157
15250280
11026317
6818057
8643991
4435554
238466915
234222365
230049563
225816441
221560609
217364193
213173461
208936703
204710179
200508878
196267409
192036426
187863693
183647466
179476739
175222739
170988936
166806505
162608941
158308098
154101700
149877209
145619431
141410644
137179535
132923129
128736245
124533207
120305045
116091189
111862729
107621257
103394584
99182352
94904374
90639081
86425533
82168350
77965693
73740118
69484129
65261519
61046309
56788988
52576161
48353616
44115388
39888401
35670693
31417479
27229715
23023312
18777754
14540368
10299228
6026231
12040833
7795951
3624139
238069142
233840612
229642285
225464541
221219899
217010640
212788787
208544067
204345475
200170003
195984979
191787044
187566382
183298843
179100418
174882390
170661454
166500276
162347764
158152898
153890487
149674398
145471850
141301613
137132658
132837295
128672782
124519874
120255636
116015116
111757216
107485411
103276820
99070408
94863261
90643846
86404535
82113032
77895039
73692199
69437001
65211689
61029114
56806807
52616515
48371648
44146449
39912952
35686928
31469167
27258271
23046011
18792212
14595812
10417596
6185171
11682564
7416236
3224082
238660829
234387741
230194146
225992163
221759693
217540759
213305960
209033270
204809451
200615087
196341206
192137005
187935069
183686534
179498776
175275247
171027896
166829945
162600140
158328863
154117693
149908399
145636044
141431182
137211563
132976257
128753073
124522186
120324826
116107819
111912791
107629023
103476398
99202934
94987714
90758594
86501038
82328640
78031349
73746352
69496925
65282525
60989684
56755425
52521869
48238524
43994100
39772827
35497514
31273287
27557518
23487376
19285717
15107846
10960531
6754739
10532585
6313752
2119170
238398261
234160463
229975034
225831163
221537332
217322178
213125378
208889503
204711324
200512710
196254256
192016838
187807180
183543348
179330116
175111623
170870082
166657363
162448724
158209443
154011537
149811852
145574799
141377246
137137800
132916884
128705498
124500048
120279996
116047162
111826322
107590363
103386282
99180824
95003031
90738611
86525236
82272768
78038303
73783459
69526785
65297793
61058147
56849291
52618878
48302618
44068956
39862111
35653360
31402948
27153099
22912241
18704106
14459194
10220843
5965936
9850456
5596738
1332403
237845955
233602174
229454201
225232602
220969509
216748329
212526085
208271344
204137251
199918645
195672622
191487117
187269208
183026007
178762163
174503316
170282948
166054429
161765857
157519129
153273832
149027981
144761401
140526896
136352224
132135534
127929064
123749718
119536545
115357140
111148727
106932944
102741366
98544610
94323168
90124488
85925287
81708146
77504510
73281373
69061457
64818087
60607804
56383538
52156663
47949699
43740452
39507821
35300262
31096945
26892487
22663167
18465488
14249950
10022737
5821128
9529247
5304868
1121138
237587356
233381557
229225095
225057540
220831116
216618441
212406001
208179110
203970492
199783530
195545127
191344148
187139618
182894420
178672392
174439638
170209001
166015798
161818516
157653718
153492733
149280176
144981818
140844110
136641634
132380562
128157633
123956081
119689073
115469569
111253180
106997096
102782218
98582457
94287728
90056645
85820382
81581098
77396404
73233998
69054085
64908245
60788351
56622643
52484987
48345186
44166118
40010462
35829097
31589335
27357765
23120027
18847170
14624224
10378837
6112927
9770028
5543893
1445636
236199990
232007697
227825649
223603820
219369164
215138653
210984047
206802947
202651309
198509739
194339540
190192703
186042755
181852557
177696180
173533019
169327078
165148019
160981714
156774946
152594074
148394083
144186053
140018014
135819633
131624821
127442578
123244339
119025006
114857720
110657569
106452800
102277456
98083601
93866708
89679644
85503469
81298671
77142955
72966581
68752238
64582110
60384451
56157031
51992841
47807239
43622607
39442514
35245418
31030148
26857154
22661773
18423508
14220512
10040452
5818920
11332641
7098547
2929871
236474794
232265321
228130431
223948450
219744902
215577876
211430481
207234544
203074016
198909854
194709704
190542590
186378365
182171540
178008293
173818662
169607010
165418213
161252802
157041748
152873805
148698287
144489345
140299495
136115658
131903192
127730757
123545815
119338011
115159564
110972885
106759730
102571046
98369946
94165252
90002752
85819590
81603275
77427034
73250654
69040258
64852172
60700450
56493831
52311068
48121705
43914872
39731121
35525968
31248008
27021736
22831791
18581011
14388331
10199053
5973670
12463601
8218296
4078156
237752422
233581933
229357593
225171868
220862145
216652900
212514892
208311404
204143273
199935447
195695850
191497137
187323339
183087021
178884429
174657244
170396921
166186522
161992599
157757599
153549422
149332961
145099669
140888558
136700774
132468112
128271975
124069752
119833377
115627929
111404471
107186519
102996459
98807395
94582611
90380384
86134480
81897078
77692480
73488498
69254790
65047475
60841482
56604886
52398031
48181814
43942050
39728155
35532349
31287361
27041066
22831092
18596352
14396031
10193045
5963857
12422108
8192059
4049894
237121691
232934451
228755734
224617386
220393807
216196359
212022138
207769068
203578632
199414205
195242918
191097255
186964616
182794448
178641982
174459780
170227508
166005407
161867789
157635463
153490271
149268815
145046819
140878422
136693549
132460897
128295612
124136784
119917582
115728298
111531067
107306051
103129129
98952037
94730273
90552251
86345406
82107507
77912366
73699495
69471283
65269686
61133320
56893788
52750499
48545105
44354782
40257091
36028244
31863062
27698527
23453126
19248114
15039496
10796245
6580648
13227259
8997066
4843800
655307
236582937
232354967
228159042
223948927
219694478
215478866
211250660
207005159
202791600
198545741
194346440
190149425
185923697
181718683
177538703
173350932
169228221
165085488
160909671
156754880
152599169
148425201
144257049
140110053
135934009
131785447
127636234
123449797
119275854
115123925
110950370
106801879
102641534
98467373
94316626
90158910
85983589
81831078
77674868
73499368
69304211
65079483
60795835
56540187
52345422
48062586
43764070
39526427
35287757
31034391
26771652
22495818
18280109
14039158
9792904
5622826
9937078
5691151
1472020
238477402
234228663
230046061
225853324
221600041
217379147
213130189
208921693
204652753
200483404
196256646
192040510
187815142
183574821
179414568
175113217
170862337
166669236
162402021
158170235
153945896
149751162
145481795
141273120
137099085
132860978
128624765
124367607
120102462
115886409
111658108
107386530
103174683
98988375
94741460
90509523
86294191
82060875
77817565
73596108
69349879
65112660
60941603
56704529
52536718
48333617
44104151
39878153
35661983
31399546
27197326
22958873
18694620
14475481
10239310
5955316
9046565
4800808
616115
237460010
233223921
229045469
224838765
220613981
216400128
212214985
208012058
203831945
199646596
195434689
191242471
187053895
182817314
178646002
174425251
170195016
165991401
161826621
157591182
153395597
149173247
144922285
140726442
136532223
132292766
128081229
123853326
119601647
115393677
111160779
106937211
102747693
98545625
94316499
90085732
85893233
81635625
77412583
73204636
68947369
64729991
60532576
56275417
52064100
47842811
43633637
39465053
35270709
31054122
26834569
22638254
18396264
14198774
9955973
5766287
9170652
4937704
808283
238353777
234168691
230021958
225831030
221609763
217383405
213179938
208954127
204747624
200553167
196315962
192111560
187904101
183686063
179441573
175250601
170994523
166774909
162561507
158324851
154115402
149886646
145637354
141383277
137157161
132924246
128704385
124464269
120214304
115990913
111785129
107559627
103330068
99123186
94859166
90669383
86461001
82213786
77990345
73778840
69556077
65362922
61130905
56881884
52662034
48459314
44188782
39959131
35726700
31465408
27274848
23056021
18766823
14535244
10276983
6018448
8719405
4467850
235014445
230791960
226623927
222462368
218278057
214132038
209977073
205799215
201683735
197558763
193385549
189260299
185111156
180942321
176787337
172600422
168359840
164162741
159979316
155749440
151556428
147350138
143165894
139026590
134869585
130694033
126556278
122427348
118255612
114108421
109951960
105774766
101631837
97487734
93311596
89165766
85021228
80847285
76703837
72568191
68392425
64250951
60124890
55952181
51808378
47657963
43475143
39338630
35161378
30954102
26762923
22582117
18374395
14194827
10016498
5808264
15371755
11203688
7082487
2928795
237389788
233189832
229059554
224894246
220686474
216515152
212362331
208195772
204054021
199899180
195727452
191559933
187381750
183153076
178941280
174745311
170519769
166295956
162103502
157877376
153695042
149492751
145271829
141084636
136899932
132667025
128462541
124250301
119990246
115796270
111482067
107212115
103030957
98840598
94576632
90391857
86196270
81956146
77750057
73552298
69298593
65062685
60839262
56593048
52371541
48167814
43911036
39710759
35515561
31264641
27037833
22814439
18556600
14336959
10090464
5828625
11557075
7323241
3139197
237216841
232983075
228810184
224619829
220399015
216225661
212033263
207814701
203611959
199423319
195196350
190992557
186815154
182588827
178377197
174175605
169941809
165755163
161557219
157330420
153117512
148911290
144691191
140498184
136316983
132100683
127926810
123739772
119500536
115280445
111074387
106849173
102665838
98484223
94261480
90088998
85891183
81672314
77502079
73304578
69090298
64900643
60721911
56493527
52305936
48118412
43899008
39696584
35499619
31264014
27077016
22874087
18645547
14455137
10269414
6035501
12054459
7839672
3717187
238607377
234412402
230257166
226074697
221843085
217639275
213454566
209244321
205088593
200909067
196711089
192483188
188283183
184054478
179854691
175645140
171416485
167216824
163016622
158759661
154524471
150291257
146041117
141798070
137558384
133292989
129107020
124889416
120610012
116432221
112120376
107848839
103611108
99393249
95049978
90813233
86581544
82366834
78126103
73860163
69559097
65284099
61051650
56776113
52562092
48390425
44063699
39836555
35587384
31354547
27109800
22885266
18628100
14385051
10197064
5926726
11220508
7005137
2764814
237909080
233710062
229462793
225263711
221012891
216847541
212629522
208331733
204136596
199933595
195686405
191498324
187315841
183111121
178942472
174747820
170544901
166417558
162278440
158077946
153920710
149741636
145475329
141299064
137078617
132873829
128637329
124422302
120174752
115954048
111761845
107524023
103333560
99136671
94889163
90688198
86453704
82193727
77996381
73781332
69529016
65317415
61132947
56873753
52600718
48386822
44149501
39890632
35659814
31407079
27215565
23005640
18751109
14527558
10319853
6051032
10921395
6680371
2487978
239007102
234789653
230615028
226436335
222193821
217994822
213775349
209561260
205361758
201201390
196978495
192786128
188574185
184358854
180093014
175836701
171610805
167360031
163075420
158891884
154723048
150436036
146263034
142042342
137777955
133569871
129343254
125074994
120844464
116619253
112334707
108105348
103858184
99610860
95381914
91152117
86848223
82602896
78378697
74119426
69868338
65666079
61407357
57157858
52908324
48653341
44428842
40217818
35971815
31741839
27512470
23253957
19028882
14829663
10602691
6427300
9632464
5348880
1147569
237291475
233058962
228867061
224713971
220452068
216248688
212115233
207882818
203738469
199613669
195353420
191166879
186961436
182761863
178529142
174330329
170099893
165912515
161706787
157529005
153393542
149244929
145069809
140949291
136793436
132619532
128470589
124323968
120225165
116110541
111966778
107800837
103678683
99538487
95362836
91189820
87017946
82826624
78663591
74397464
70096200
65837863
61594158
57277006
53038927
48794072
44516119
40267543
36045061
31789216
27567648
23317729
19039491
14784395
10591228
6344299
9997827
5796091
1563835
238396904
234144504
229975169
225767819
221492394
217262508
213036427
208794756
204586578
200369619
196123093
191901710
187679322
183429320
179220514
174997712
170774109
166601134
162356909
158110120
153900015
149672729
145439789
141240167
137044286
132825846
128640576
124442672
120198604
115979712
111761716
107534820
103318993
99099104
94844872
90641743
86405526
82166738
77947802
73726876
69481197
65260715
61056974
56817301
52600018
48372099
44126952
39909017
35687281
31388987
27189002
22931542
18651593
14409120
10167807
5874337
9219067
4985241
802262
238022418
233791556
229559949
225343385
221053561
216789724
212587060
208344502
204137560
199936952
195705029
191524298
187310129
183089508
178963168
174792342
170579522
166433516
162194657
157949058
153744363
149556163
145272298
141107505
136912353
132695403
128504723
124308263
120082171
115876073
111670022
107383943
103155183
98931768
94676983
90456027
86239448
82019242
77802124
73611649
69371339
65177250
60955173
56715326
52513876
48336959
44094583
39883251
35671216
31426675
27220843
23016794
18786600
14568094
10342361
6091593
8711228
4478798
238405736
234166493
229981709
225747251
221492963
217293969
213079091
208840964
204643139
200440158
196209057
192039968
187834771
183608984
179428695
175241228
170984252
166795755
162597507
158370278
154162183
149894282
145643951
141396534
137173216
132920045
128715889
124527114
120293007
116052129
111876354
107628784
103412084
99220551
94950771
90737322
86508520
82280667
78067458
73822660
69589881
65347329
61136574
56863711
52646137
48390246
44154297
39938160
35735562
31485028
27306823
23085737
18801100
14546321
10305888
6035422
12037182
7833598
3666548
237099416
232876575
228665534
224482451
220248836
216084384
211919281
207698180
203515489
199381535
195208424
191080838
186953411
182783612
178657028
174524043
170338093
166157153
161943520
157716568
153549543
149368783
145122861
140920209
136728112
132497232
128315544
124104033
119861961
115665234
111453768
107203485
102987948
98793894
94557923
90332682
86095258
81858229
77640520
73459185
69218470
65026272
60826603
56586234
52373372
48165814
43935071
39740813
35560504
31347304
27173881
22993437
18777862
14566458
10384984
6141523
12617024
8386005
4199946
237847199
233604392
229407328
225233403
221017745
216824913
212626354
208386535
204196535
199971522
195740027
191537743
187321565
183072509
178873924
174680751
170442144
166242096
162022061
157842377
153605584
149387356
145128930
140919545
136723532
132500389
128349562
124185792
119953208
115777907
111564943
107348045
103153304
98969630
94737284
90539918
86358958
82111166
77900759
73667219
69416103
65192582
60990810
56755366
52554348
48335023
44020526
39816382
35604017
31359876
27136343
22910605
18672850
14457062
10222686
5995114
12429549
8187776
4003134
238507291
234330485
230158010
225970749
221702384
217489932
213265945
209034089
204857680
200646316
196380250
192151359
187966463
183712763
179503046
175333205
171095929
166957748
162767869
158536916
154394004
150199911
145944943
141794239
137592629
133348457
129207395
124999586
120752120
116553477
112356248
108105220
103874670
99633330
95394757
91216441
87017231
82787371
78559072
74344368
70091188
65899516
61675810
57407626
53171215
48928631
44656744
40449718
36230788
31997612
27722525
23520407
19259154
15038465
10816728
6585314
11693421
7470334
3263886
237534427
233281336
229104854
224901757
220675301
216471181
212270344
208037730
203877060
199783433
195571539
191376080
187181872
182947587
178739654
174538699
170304928
166106865
161922413
157731199
153541899
149365514
145158403
140978863
136872800
132663801
128467194
124284905
120080491
115922636
111759999
107547685
103392137
99213252
95001188
90842829
86652444
82409445
78221429
74051945
69797120
65615995
61402109
57212689
53019984
49455875
45479857
42540139
38371021
34103929
29856426
25636938
21387502
17217322
12973326
8707014
11771245
7562190
3377997
237651399
233422778
229322562
225095407
220829020
216671970
212515271
208272564
204116056
199914808
195680733
191492544
187299612
183055073
178873854
174683128
170466125
166271418
162088582
157847455
153626977
149442165
145217577
141026864
136829552
132602572
128428117
124261023
120035236
115850842
111623511
107420842
103256643
99078161
94872517
90703641
86525257
82304841
78132331
73931079
69700215
65494720
61285780
57040885
52823023
48644550
44362209
40177341
35935507
31694683
27471428
23245434
19003675
14804306
10594937
6345248
11846201
7606969
3414424
236546559
232333027
228142373
223938242
219713605
215521340
211347175
207067050
202901566
198691920
194510216
190240068
186055137
181848245
177687735
173543639
169363201
165218116
161056955
156843718
152667227
148448098
144238741
140053576
135875624
131667682
127495369
123310185
119104501
114950933
110788356
106583686
102407505
98225735
94020843
89840492
85659930
81449987
77274866
73106652
68901734
64715779
60539147
56306986
52115260
47906854
43694165
39518158
35306274
31099349
26885454
22660077
18459236
14256894
10043478
5858038
12939370
8704208
4525586
237314422
233108027
228946068
224758564
220538721
216348545
212188807
207978114
203812730
199630770
195390031
191171965
186996035
182773518
178568818
174398916
170192496
166016285
161808188
157569256
153390416
149199248
144954026
140765937
136582794
132353835
128168317
123973014
119746683
115553841
111351135
107121412
102901253
98690070
94437056
90216738
86039599
81822436
77670307
73480559
69246202
65063382
60895948
56653896
52470618
48258493
44023299
39829819
35613525
31316443
27122101
22864437
18636015
14423980
10209810
5975431
13231518
9023192
4854864
692100
236882802
232688075
228509658
224315070
220105913
215937563
211768142
207549339
203373883
199192703
194992338
190813633
186634736
182434839
178201312
174027497
169768455
165604207
161441501
157179888
153007634
148790160
144588771
140453347
136277751
132012621
127782764
123607164
119347522
115198953
111028442
106767261
102601339
98430913
94227640
90062930
85898306
81701753
77533042
73357922
69165387
65008861
60839836
56632898
52435678
48248989
44039445
39882312
35689066
31422958
27178715
22905696
18631674
14390901
10152555
5883021
9793728
5541226
1342414
238444942
234184150
229952255
225711505
221428681
217158829
212939681
208697210
204510505
200286356
196069844
191858056
187642246
183456922
179267256
174996187
170809507
166585131
162316158
158126817
153893295
149647100
145382621
141183177
136916009
132718257
128473609
124224942
120030777
115809242
111542044
107336308
103126207
98879365
94637696
90407272
86181888
81978887
77765268
73519495
69294957
65071062
60843993
56606780
52381531
48135651
43914169
39728696
35497548
31295610
27079140
22769589
18554302
14347106
10088933
5864250
8896155
4659069
455526
239037875
234793631
230591373
226371034
222142906
217949904
213781457
209564117
205380097
201186756
196979366
192814901
188622607
184367707
180176394
175963468
171681390
167445816
163209123
158996051
154808300
150538456
146310468
142057695
137796351
133523014
129288955
125033301
120807779
116560254
112295339
108049171
103816588
99554516
95311919
91071176
86815815
82589161
78357092
74104804
69885151
65676019
61405626
57161426
52937719
48667292
44404347
40186480
35805645
31554610
27306599
23039773
18807004
14575832
10309213
6051199
7519097
3288348
238622065
234386697
230174424
225942024
221707300
217455668
213227555
208967964
204749947
200555844
196297072
192097012
187886683
183649473
179448202
175214185
170972897
166766865
162544659
158304347
154082849
149852548
145600268
141392843
137147885
132891985
128661680
124444959
120195784
115938446
111674688
107399465
103117053
98882060
94617291
90408464
86195233
81965657
77776760
73562492
69340973
65145528
60958847
56739751
52512239
48269977
43991601
39754946
35527860
31250131
27039872
22780805
18537735
14302364
10064823
5801912
10692618
6460915
2280501
238286117
234062499
229847093
225627807
221383414
217191139
212984944
208734393
204530988
200315499
196105559
191901650
187689196
183460146
179249051
175030647
170785032
166628654
162429200
158182153
153978016
149749371
145524559
141263830
137050641
132823627
128588148
124385721
120159867
115954765
111755875
107505354
103266781
99051683
94803992
90623054
86391001
82147539
77937533
73690340
69464995
65235918
61034713
56787043
52579759
48363966
44116445
39904171
35711694
31460311
27235327
22996410
18749530
14539581
10293216
6069355
10062809
5828500
1642270
237104956
232872987
228767641
224542575
220296955
216067893
211850314
207609878
203389916
199189579
194961658
190782763
186625637
182410755
178242654
174050753
169819882
165655563
161454705
157222996
153024816
148838380
144612279
140431715
136248876
132015750
127839815
123668427
119471897
115313768
111163494
106968818
102805048
98636768
94426704
90240345
86060612
81833178
77633608
73430860
69202516
65001902
60818171
56584217
52409300
48200507
43963250
39803514
35635258
31411563
27213501
23021659
18795048
14596414
10394154
6165989
10582478
6392117
2232937
237758180
233506472
229311741
225104739
220874163
216662985
212476901
208246331
204037055
199829878
195569555
191378718
187160313
182880170
178696828
174539208
170316964
166118361
161904044
157676763
153456409
149280527
145059655
140869008
136654961
132424148
128219661
124045951
119823831
115621771
111427729
107202573
102996067
98780421
94556475
90402740
86190560
81939108
77727998
73550996
69334527
65148667
60958663
56698524
52409917
48185607
43942553
39732278
35504538
31242758
27060441
22852516
18607745
14387239
10190015
5953342
10521210
6282587
2088112
239125485
234891838
230679320
226466214
222213771
217991342
213771688
209523054
205311747
201111731
196886376
192678389
188444430
184246582
180045472
175859792
171611177
167435590
163254447
158995340
154805441
150544446
146287859
142033763
137828867
133582374
129376522
125131056
120861264
116603441
112361186
108075907
103844679
99606641
95338615
91091679
86861214
82590332
78336993
74080072
69835733
65576840
61338881
57078457
52838404
48615071
44339593
40080051
35857526
31497659
27255222
23010941
18727084
14495769
10253520
5987540
9026874
4779140
592289
238325454
234088128
229908153
225691765
221429461
217196604
213000456
208713392
204513301
200293023
196113210
191898424
187652695
183425129
179217223
174964801
170772689
166601672
162343022
158088175
153911571
149674490
145508864
141327284
137099650
132867841
128662024
124441806
120244589
116037804
111792707
107552446
103333450
99095812
94910168
90710301
86428537
82166636
77925539
73647470
69423623
65241544
60994343
56812637
52607560
48328373
44104248
39911750
35673081
31419377
27239547
22975498
18684956
14452614
10190187
5944285
8270424
4013623
237585977
233351393
229131932
224926554
220690386
216484645
212242309
207957728
203746996
199590451
195290188
191072743
186830131
182609207
178379237
174114876
169862987
165665239
161474004
157209376
153029112
148846663
144643970
140465520
136207437
132002514
127834148
123677610
119406418
115220190
111038552
106842072
102595068
98381989
94131477
89945954
85729781
81493575
77287050
73064272
68824900
64620489
60423968
56194655
51993818
47808563
43576519
39366792
35138553
30905446
26690288
22488823
18254173
14036333
9874954
5656606
12445350
8212530
4024151
238701815
234498399
230328538
226094135
221863699
217657662
213490720
209237669
205005690
200802286
196541793
192370270
188131456
183871456
179664309
175456899
171206158
166958860
162709637
158442506
154216798
149992185
145728184
141503835
137313825
133076631
128888859
124683091
120454784
116258312
112027592
107786774
103573038
99337590
95087873
90865049
86642061
82385008
78147858
73903601
69649587
65414346
61182297
56930172
52680108
48439539
44179104
39941828
35704816
31437471
27208380
22972270
18706654
14470243
10252185
5983076
11453017
7195846
2988889
237980143
233732990
229512435
225282228
221037346
216795270
212573102
208333431
204142212
199935809
195705355
191513177
187306919
183060752
178852073
174643822
170415636
166223071
162020045
157794120
153576459
149373271
145156941
140943420
136725584
132491596
128313976
124105809
119809653
115621897
111361734
107060803
102880159
98643283
94422317
90234827
86044483
81803540
77621814
73421112
69184906
64986581
60788282
56559605
52352441
48136904
43907025
39688711
35481987
31242772
27034530
22842475
18601526
14408437
10207679
5958541
11025772
6776829
2548936
237951998
233722411
229525552
225301564
221066260
216855791
212627396
208391372
204175215
200001446
195776911
191595200
187398806
183137843
178957730
174774620
170555652
166347278
162121828
157877943
153662213
149460816
145205644
140994699
136788327
132568765
128356216
124136998
119913050
115680237
111484328
107249924
103036887
98804925
94556263
90359268
86159703
81900721
77697536
73466549
69213678
65002016
60800864
56545241
52332864
48113774
43882320
39653898
35434555
31181073
26952379
22719504
18491030
14267386
10045197
5798163
10752887
6493614
2298371
238481123
234235954
230060324
225821083
221596681
217400147
213225882
208994179
204784398
200586566
196346876
192122142
187913425
183667374
179481436
175283371
171026378
166816864
162609075
158349609
154143289
149939430
145682296
141504029
137230532
132943856
128735251
124529675
120280864
116078237
111882794
107614988
103389437
99187964
94938644
90740605
86519067
82252459
78072004
73856338
69598196
65392153
61179551
56948579
52750175
48558381
44270076
40035478
35797452
31537587
27310607
23068117
18807230
14567891
10317565
6044468
9809403
5570595
1393833
237776333
233544731
229374947
225141468
220906704
216719458
212521121
208290821
204108674
199919771
195703495
191514247
187312417
183091022
178889313
174707792
170490931
166312095
162124224
157898477
153707846
149507435
145270042
141065617
136857218
132639400
128414589
124202194
119962188
115748435
111565846
107313255
103101978
98924947
94689242
90507225
86303413
82032771
77799499
73570508
69316311
65098633
60893880
56635470
52448495
48209935
43952652
39728812
35501856
31265960
27038271
22832289
18587639
14382676
10198320
5971711
9690102
5431491
1242838
237984496
233757142
229605557
225431677
221171222
216975918
212768212
208511846
204326259
200106048
195874778
191667632
187469083
183228264
179036255
174833862
170608597
166399213
162206859
157975699
153795340
149575205
145352302
141103337
136909566
132646476
128461549
124255975
119992748
115797884
111558046
107322915
103117103
98931264
94697417
90448723
86228267
81987945
77802567
73570346
69339671
65147266
60920229
56674885
52451944
48247927
44029528
39814120
35587094
31370243
27151000
22921926
18652311
14417161
10228511
5984428
9276588
5051171
837947
238019793
233772944
229591808
225377204
221129544
216908787
212738821
208497716
204281306
200092446
195873030
191664870
187450734
183208113
179022896
174815112
170546619
166384080
162171040
157933769
153759051
149563727
145314543
141102421
136910295
132664953
128472750
124276352
120039773
115817357
111634687
107381572
103186861
98957925
94740388
90537887
86333111
82107948
77917151
73707421
69470539
65259913
61087929
56869611
52689239
48517858
44295556
40104674
35892376
31633141
27414355
23179928
18929354
14684606
10414155
6144155
8844579
4619192
435961
235058110
230824385
226647342
222437100
218208397
214023458
209819016
205568637
201414014
197238413
193013547
188833834
184655907
180392759
176200215
172004435
167763952
163600891
159379480
155141785
150938882
146812656
142646409
138511570
134383101
130217577
126102944
121987588
117835112
113694128
109558524
105399134
101263132
97116369
92951134
88837348
84708296
80546296
76428843
72308365
68143571
64007795
59886087
55719375
51581670
47467722
43303623
39173019
35037640
30873678
26742407
22618931
18457986
14329803
10190562
6031969
11317095
7149154
3021741
234547104
230384634
226281133
222184469
218020215
213910682
209801134
205650523
201542584
197402518
193245172
189132616
185038018
180876167
176762303
172629908
168460258
164333371
160199932
156033341
151912904
147775098
143609478
139471676
135347590
131183112
127046411
122911659
118746277
114623634
110475607
106310364
102172082
98031238
93866380
89717839
85575570
81406599
77287471
73154509
68987541
64872281
60749768
56585883
52451961
48308873
44142133
39994892
35855453
31692208
27474172
23225809
18967079
14706847
10429480
6152661
14625286
10378724
6209524
2011321
238264577
234014249
229839923
225623056
221355768
217075279
212863184
208619590
204414524
200210436
195985835
191786510
187648661
183427277
179263323
175075199
170829221
166634904
162441794
158244332
154060832
149861617
145628660
141417819
137207625
132965113
128770577
124576781
120308299
116115589
111900840
107654492
103444013
99250967
94989855
90782687
86607863
82349859
78078169
73846435
69601837
65407483
61214902
56974746
52775543
48569709
44355308
40160251
35922327
31737169
27498237
23228983
18994054
14748856
10467950
6241479
9750831
5521020
1325492
238271886
233978242
229726372
225464010
221170358
216911126
212678208
208433567
204206087
199995320
195749806
191561601
187367401
183111423
178918535
174720990
170503944
166324960
162124082
157900854
153711539
149493497
145244954
141040230
136834048
132596631
128355974
124132595
119888120
115699885
111484448
107225345
103029218
98801407
94579730
90379066
86164116
81909171
77715062
73498021
69248239
65046283
60829477
56567837
52360492
48148322
43879885
39681114
35457738
31199730
26976891
22767026
18505545
14302003
10072874
5819037
9178539
4963504
765774
238546038
234271000
230079823
225893786
221649069
217451502
213265148
209054495
204880755
200679902
196459467
192253071
188046349
183802071
179594890
175370343
171120776
166928403
162700823
158454499
154235040
150036143
145803005
141598525
137391661
133158171
128922659
124732877
120465823
116258957
112021761
107774283
103580454
99369038
95120991
90919616
86684388
82428393
80010622
76385020
72132453
67935066
63746381
59500590
55289446
51074560
46818475
42602057
38346038
34101639
29850150
25605157
21328508
17066348
12828760
8578010
8279696
4050795
237164260
232919283
228740033
224561102
220329687
216120210
211900429
207669082
203462078
199250888
194998734
190801798
186639588
182408996
178235917
174038896
169792443
165605816
161384246
157165170
152969098
148780628
144556174
140375678
136172994
131949601
127757907
123569176
119344464
115186044
110994645
106778227
102597829
98385442
94166888
89981992
85789845
81571262
77377718
73201898
68987917
64769457
60572314
56345965
52154165
47946456
43713590
39518450
35322582
31101312
26886553
22656202
18409807
14205208
9992178
5748501
12923064
8704844
4513526
238211432
233975813
229812303
225596933
221353666
217130185
212896445
208643251
204444895
200209609
196027109
191796455
187535457
183328229
179124701
174855808
170640212
166418588
162190885
157944285
153752415
149484277
145295090
141065638
136815067
132604243
128403757
124136239
119948409
115735122
111474984
107233933
103023431
98793249
94593012
90387426
86152440
81971618
77766664
73540345
69330359
65073719
60839686
56631752
52418748
48168964
43960064
39743705
35521103
31333082
27137141
22897041
18698951
14490905
10237652
6020133
12328554
8089212
3864337
238288025
234051820
229828059
225629185
221398886
217171978
212964094
208712955
204519319
200345336
196154453
191945193
187740711
183508840
179315348
175130079
170887786
166690989
162482799
158248643
154029783
149835219
145607608
141413367
137216621
132993615
128797327
124573043
120319065
116099510
111880118
107633888
103414256
99185049
94934969
90691098
86488099
82218487
78002346
73801390
69531077
65344428
61114054
56879519
52642478
48413931
44181730
39908150
35686488
31424019
27237197
22979975
18748714
14538159
10263969
6029246
11668154
7415170
3238700
237643978
233398323
229203701
224984963
220734529
216517054
212311867
208074800
203874759
199681275
195454390
191256232
187047340
182819420
178637362
174452426
170220598
166044635
161873560
157639710
153451149
149253069
145025965
140824440
136621280
132383171
128172145
123967331
119725211
115535480
111320807
107081021
102846539
98655333
94391924
90179539
85986665
81726020
77536815
73312872
69083634
64878606
60703211
56475821
52283944
48076568
43851495
39636532
35417829
31163221
26963246
22761353
18505957
14315528
10088057
5841657
11530158
7332563
3126679
237712402
233468878
229244636
225058246
220817070
216585848
212385465
208152710
203921673
199766205
195586397
191433226
187286052
183079102
178904041
174713175
170490745
166310887
162112610
157888340
153667258
149475713
145259855
141099424
136912970
132709116
128515408
124316837
120098808
115914827
111720133
107496711
103321638
99140107
94924575
90713339
86496818
82277907
78080200
73877107
69642731
65430574
61174804
56905048
52651916
48417831
44143294
39898744
35646895
31363029
27119010
22885074
18579804
14327788
10076347
5808807
11504533
7267472
3050771
238282338
234031327
229795046
225556217
221278146
216997068
212790145
208539861
204319843
200174599
195995855
191856507
187699344
183528560
179386227
175245573
171043789
166840742
162635815
158443745
154164772
149929864
145673307
141482939
137316405
133066526
128840372
124668304
120368257
116164803
111880099
107647715
103354189
99162955
94876366
90651670
86403725
82141318
77882578
73625016
69355674
65136168
60898062
56654997
52443656
48248961
44027327
39794482
35567689
31321118
27099238
22899767
18711391
14484948
10319759
5995474
10862325
6608488
2433057
238315211
234072550
229882168
225681174
221434589
217176566
212962628
208742157
204482652
200239218
196017402
191834160
187639056
183403972
179233029
175050869
170819151
166616207
162415090
158189606
153986931
149735303
145551934
141318863
137121121
132884683
128705677
124512308
120322249
116117955
111987343
107765700
103573458
99367052
95191083
90939512
86733638
82509211
78306056
74092171
69859571
65661174
61424574
57140934
52909472
48645236
44278249
39992923
35731821
31466132
27224023
22969769
18672541
14433667
10163642
5884328
10199750
5892918
1706429
237229415
232982182
228783190
224554256
220287301
216078838
211891610
207669703
203477096
199313522
195104413
190926811
186761282
182577898
178389936
174174159
169941671
165739761
161533705
157307692
153157720
148991686
144784292
140608551
136413347
132181781
127989336
123829620
119605797
115420975
111211622
106986232
102788035
98612657
94395382
90213408
86032436
81811437
77638537
73421942
69187174
64974977
60813916
56600154
52458484
48286296
44050341
39858913
35712784
31493670
27320413
23072564
18808569
14637338
10408096
6195770
10543864
6320588
2183924
236295079
232078841
227916019
223730588
219511056
215333365
211198847
206999719
202847460
198661657
194465451
190318243
186183881
182001762
177889897
173734621
169559957
165421215
161283267
157052839
152885942
148750234
144556403
140396753
136217906
131991381
127808906
123624876
119407543
115233804
111038119
106833140
102675536
98504344
94279288
90088296
85877121
81661882
77474013
73283335
69063522
64871987
60702675
56480983
52310062
48162270
43896987
39705057
35498959
31292980
27053991
22844610
18667004
14460367
10209073
5944632
11856890
7656933
3436716
237237390
233033577
228811892
224564564
220290601
216110344
211916065
207696976
203528833
199375747
195170987
191025981
186860683
182643147
178479845
174301597
170093953
165905254
161722117
157529367
153323359
149077396
144886652
140698500
136487152
132294587
128121005
123907053
119749917
115575271
111361223
107167808
102948760
98729076
94547607
90355496
86111109
81854521
77604794
73387256
69195458
65010082
60770603
56553987
52286958
48047241
43829644
39554745
35312449
31057165
26872270
22658531
18497735
14258461
10046403
5804017
12140161
7936099
3783589
236319283
232123147
227939613
223756815
219535634
215355036
211162576
206981480
202829152
198601872
194382306
190225671
186124292
181865559
177684560
173509133
169316100
165154178
161027398
156810425
152638282
148477679
144264593
140114570
135924226
131722027
127550815
123426421
119217349
115010063
110829992
106622086
102435337
98258228
94046983
89873486
85697107
81492556
77332649
73133982
68935160
64758841
60633459
56432240
52259634
48098628
43898738
39741861
35570044
31369854
27137251
22909084
18648896
14473282
10195052
5942418
13531256
9300686
5127143
908366
237207776
232959146
228712837
224482021
220207891
215984513
211841585
207630385
203464424
199256140
195044345
190857961
186672868
182439384
178229677
174018436
169788566
165583394
161410810
157104514
152910679
148668227
144449845
140260967
136033594
131790619
127559917
123361947
119139075
114939683
110768626
106559815
102362186
98172404
93958295
89793605
85615686
81426172
77268091
73052000
68839259
64621776
60433267
56216326
52038430
47846313
43630710
39431579
35247798
31035671
26848798
22667735
18437826
14265353
10087588
5874057
9663050
5404978
1218188
238489766
234253634
230116528
225925017
221685581
217499627
213308107
209059502
204848133
200673935
196409585
192190325
187994248
183727018
179529828
175369429
171118498
166925843
162707533
158484396
154267630
150081828
145841485
141672188
137448265
133199491
128991104
124802486
120556982
116341589
112124947
107881283
103694020
99471299
95221899
91030546
86790115
82532958
78306629
74053834
69781664
65537127
61313540
57022072
52821011
48590110
44321973
40093872
35869151
31606256
27363783
23114182
18842697
14606985
10360222
6089028
8741275
4507632
318474
238147617
233892308
229681861
225489707
221230761
217022453
212807095
208564626
204409594
200201396
195974702
191729400
187500283
183262931
179049090
174836642
170587467
166387831
162164527
157946593
153732510
149519650
145268926
141056377
136851647
132618050
128430018
124209209
119982016
115760135
111514519
107276893
103040036
98808985
94569101
90311195
86100683
81870254
77651019
73451587
69200583
64996849
60810382
56569960
52352225
48106094
43883581
39670285
35454484
31202860
27030920
22815492
18559640
14335254
10122042
5851919
8181657
3947257
237194190
232974439
228807208
224589252
220360855
216175133
211956915
207720808
203525467
199314056
195109696
190957072
186789339
182573088
178414358
174232663
170025777
165845074
161677257
157471817
153302502
149138105
144940827
140762963
136581791
132381300
128203144
123996178
119757716
115566647
111353308
107121313
102939813
98765182
94531075
90396163
86232136
81995156
77835877
73646494
69459231
65267548
61107724
56892066
52698464
48489833
44257967
40051031
35849440
31622025
27377109
23118372
18853215
14595830
10342123
6088363
13093733
8846401
4649113
419296
238289237
234055397
229849219
225615834
221340723
217101593
212890383
208648791
204436184
200247218
196003859
191807349
187576475
183323282
179109445
174867743
170616024
166386849
162197615
157994986
153806927
149593898
145360019
141153094
136946634
132644406
128420505
124218353
119971029
115721089
111513552
107247377
103019395
98805043
94550357
90330988
86098485
81850216
77646507
73423889
69135867
64912218
60726834
56497099
52278493
48079721
43813568
39623260
35409790
31183568
26944656
22725083
18496733
14283647
10072390
5831758
8015045
3793425
238367096
234137762
229944549
225722388
221473203
217289441
213088356
208821863
204656294
200466061
196257050
192064701
187861299
183618004
179424594
175222480
170979187
166783283
162582621
158345540
154115576
149922797
145684003
141509002
137295917
133053609
128840767
124639930
120409710
116212148
111993112
107740225
103531822
99321757
95070730
90872098
86653930
82422399
78218681
73999355
69780859
65584199
61413004
57180278
52992178
48797582
44545555
40330542
36113301
31818462
27581021
23343715
19066323
14813624
10572659
6306106
11495040
7264435
3083571
238404375
234162924
229969430
225763227
221524453
217302367
213118982
208876601
204682331
200521598
196273516
192086862
187916304
183690339
179518499
175317946
171080673
166906764
162739562
158497087
154325468
150076003
145856325
141641435
137402102
133190547
128962669
124750850
120517917
116229821
112022052
107783822
103507331
99242543
95027941
90752053
86518457
82262288
77976921
73749061
69526341
65230966
61023971
56790444
52541347
48334776
44124090
39890590
35675987
31494883
27245994
23064227
18865399
14625861
10406951
6198169
10698634
6458901
2251183
237953816
233705858
229499036
225258552
220977269
216736595
212475917
208247663
204044617
199905150
195650058
191485010
187273362
183033004
178829627
174661616
170425405
166221031
162040721
157798385
153604286
149413323
145220890
141017156
136846464
132635743
128458558
124294726
120080069
115913017
111739280
107518036
103337210
99141238
94919171
90745382
86550603
82305762
78122697
73913299
69676301
65510072
61297150
57084697
52849379
48645580
44398666
40179367
35951553
31686270
27452124
23199059
18910769
14675869
10436468
6155483
10372133
6136160
1936733
238411951
234158692
229957347
225714526
221466840
217250021
213020262
208757978
204570586
200380741
196155325
191959923
187756636
183483727
179293416
175097813
170865196
166643788
162457593
158211465
154002306
149748369
145507408
141276364
137066937
132819998
128632500
124425047
120173134
115970233
111775599
107513989
103315210
99103353
94857466
90654732
86451305
82224959
77995611
73746392
69516914
65302252
61101744
56877846
52676230
48470862
44205913
39982568
35759493
31505375
27300314
23072606
18823872
14604598
10392930
6124011
9602307
5398305
1217347
237472951
233250793
229114811
224974834
220746914
216626733
212484740
208266812
204145101
200005031
195799914
191641797
187506519
183276380
179122038
174983673
170752479
166590537
162437616
158221942
154044916
149860664
145645661
141458200
137258126
133058278
128903966
124710629
120495079
116327999
112136568
107914255
103712135
99507391
95277879
91080050
86870380
82708261
78567628
74347500
70190351
66032671
61814425
57631730
53413264
49179014
44970212
40719785
36452636
32259528
28055636
23820758
19618925
15401643
11118112
6861671
9884627
5657209
1456476
238318084
234086183
229882705
225662383
221427977
217209328
212992637
208727675
204520101
200312018
196113974
191892413
187694779
183433205
179255235
175049097
170825025
166604657
162415457
158146709
153957446
149762642
145521814
141248928
137036869
132791314
128581241
124362671
120125501
115941773
111746405
107531528
103322986
99119322
94889989
90685805
86464813
82207494
78031575
73822209
69538251
65265684
61014866
56743687
52466711
48268725
44024943
39816804
35616750
31354287
27188051
22977125
18730420
14523843
10321761
6069546
9064195
4827160
653784
237741768
233525742
229369699
225185566
220948622
216763622
212573430
208339512
204166145
199966322
195726263
191512308
187326932
183071425
178897957
174679234
170450603
166254952
162015959
157802210
153584857
149385040
145144053
140933831
136723897
132488225
128286007
124059007
119842851
115635577
111437819
107182799
102987577
98764043
94527017
90332817
86087188
81855117
77656472
73467314
69225525
65031847
60815968
56568531
52333335
48125647
43851681
39654389
35430141
31171419
26893802
22647386
18415136
14211049
10006400
5766531
8866046
4643366
442825
237716474
233479017
229327238
225143467
220914171
216746290
212565256
208334117
204209970
200026709
195801401
191619710
187428301
183187109
178977193
174799677
170577778
166347657
162150425
157953086
153723851
149536583
145329279
141110063
136867818
132666597
128405508
124168900
119955895
115710988
111513878
107347326
103110583
98927255
94726450
90510788
86337709
82114575
77905367
73702847
69530283
65290387
61091274
56892065
52677172
48471654
44275135
40045334
35828893
31592205
27366671
23172396
18934023
14730788
10510582
6303331
8729059
4497091
303677
236631500
232406453
228224940
224040372
219805816
215623069
211446314
207211988
203035331
198901178
194722601
190551314
186361929
182129629
177972437
173800819
169564387
165385725
161229780
157016601
152828674
148639092
144464653
140287825
136092257
131883524
127729226
123567813
119365428
115182507
111009470
106792085
102589323
98416767
94208702
90031360
85855462
81647235
77473248
73296959
69089852
64935573
60765146
56532829
52336223
48136890
43923571
39722175
35497067
31292440
27074525
22847203
18603604
14370145
10155876
5916417
9718263
5488264
1249069
238024162
233802232
229609657
225433746
221190426
216983495
212767041
208550314
204360209
200192149
196008833
191856756
187682540
183458889
179290855
175074247
170827422
166609979
162389533
158137335
153953898
149748185
145514248
141341522
137124219
132887755
128684934
124477440
120248363
116055879
111855054
107625717
103423295
99191422
94974057
90773884
86574204
82326167
78104064
73892005
69655727
65402882
61210493
56935836
52725161
48506377
44260852
40095978
35879227
31623357
27406877
23176025
18927177
14691852
10492034
6255185
9231321
5021146
864653
237627369
233373363
229210390
225003732
220781377
216640491
212477544
208215409
204013969
199828322
195645080
191467137
187285719
183067305
178859033
174654957
170432582
166235653
162050127
157832846
153652716
149463567
145240551
141046388
136849452
132605919
128416524
124209004
119986104
115785651
111582689
107332925
103144463
98934029
94706313
90494780
86267266
82043825
77843561
73618772
69382279
65178310
60984212
56743489
52520028
48297150
44040275
39820427
35604877
31339090
27120312
22907302
18665486
14438281
10223175
5973873
9196761
4956111
772207
238242557
233996311
229814483
225590032
221359860
217164440
212968969
208744620
204564846
200367563
196114812
191923189
187744700
183495287
179323604
175116691
170865251
166639359
162430267
158184927
153984106
149771796
145526606
141321108
137132642
132897598
128713555
124516675
120283692
116085922
111836290
107595393
103398457
99191939
94937067
90735298
86524564
82265438
78037653
73814021
69564526
65347047
61152207
56892239
52677985
48466804
44213829
39987470
35778948
31525395
27324099
23086852
18834226
14595827
10373712
6144407
8526391
4285413
237167960
232934498
228735416
224529069
220293737
216104255
211935272
207720954
203532760
199342563
195120825
190929049
186736012
182520843
178346991
174187408
169970009
165784862
161604027
157388479
153190669
149013885
144787414
140595383
136404593
132183104
127981456
123785640
119572215
115394591
111183245
106966429
102768230
98568958
94354784
90177692
85976975
81770122
77552108
73357455
69166769
64945360
60742518
56549744
52325766
48131800
43945545
39718036
35523176
31351732
27092013
22881882
18693343
14449210
10242556
6026564
13212242
8907216
4718127
535516
238382034
234132712
229945620
225704006
221464785
217232000
213022052
208783743
204566381
200368583
196140293
191916967
187711558
183469948
179271724
175068025
170835229
166628777
162421657
158183997
153966162
149715605
145477015
141256694
137032397
132783887
128553447
124350469
120115153
115901579
111685972
107436545
103225030
99010509
94765555
90516096
86256483
81965331
77720501
73511690
69251081
65032822
60808879
56567042
52333038
48124415
43858093
39627316
35432489
31211620
27008344
22770363
18524751
14311127
10124121
5877632
7997880
3774634
238651574
234432012
230238369
226025504
221762229
217536711
213285334
209053497
204875010
200679331
196457434
192277791
188096011
183868609
179691898
175466714
171215188
166988547
162761794
158526977
154315679
150109685
145868546
141636854
137439089
133199609
128991942
124825354
120584837
116370296
112175688
107931789
103725322
99496129
95267879
91049863
86803588
82545031
78355757
74130451
69887080
65637866
61416315
57130617
52860486
48588631
44307672
40083804
35825891
31528118
27289785
23033023
18751861
14495223
10258093
5974557
11251547
7031226
2806583
238053204
233805642
229551513
225321222
221038453
216806474
212568057
208311922
204113648
199956707
195748240
191588561
187401690
183180702
178992758
174785429
170560979
166351509
162148908
157929002
153768265
149550414
145322955
141118319
136929415
132668130
128469621
124266407
120041628
115836074
111647080
107403424
103183668
98986690
94738960
90554262
86348097
82109668
77901953
73703467
69478251
65287125
61080101
56861400
52684138
48490730
44241218
40026949
35826607
31616126
27409361
23207361
18972613
14746074
10522533
6292414
10806163
6558509
2365393
238106912
233874141
229695563
225487186
221247521
217021806
212865754
208643553
204482100
200293517
196042009
191865292
187739676
183515324
179352590
175208516
170968179
166792251
162578070
158347226
154135669
149933851
145684708
141474489
137277423
133029367
128835612
124638933
120414885
116219801
112001306
107767118
103542947
99297881
95064926
90854342
86612514
82367814
78171769
73933977
69709317
65517193
61309926
57115331
52891042
48633621
44415033
40200311
35964151
31749224
27510022
23249543
19044410
14828045
10571429
6366501
10297042
6074306
1896420
238544791
234298907
230113508
225923462
221688258
217505221
213288679
209059151
204848009
200651530
196422709
192235448
188032726
183796942
179589529
175363717
171120940
167139761
162935712
158700642
154478390
150246304
146001553
141781114
137587474
133361797
129169076
124956905
120695581
116539868
112344434
108122245
103893262
99672525
95408085
91193164
86978703
82722254
78490993
74258890
69993370
65756023
61511550
57246430
53069734
48814084
44584411
40371426
36125692
31835795
27573356
23325562
19042545
14866002
10623150
6358406
9430662
5183834
995406
238636844
234387661
230116723
225868665
221625468
217389317
213127017
208864022
204625556
200375972
196112543
191886349
187675537
183381103
179173855
174963717
170675178
166419320
162175434
157918847
153702435
149466729
145193477
140970990
136769171
132550222
128349443
124206246
119981279
115787510
111595814
107355132
103161700
98974489
94750166
90530642
86309020
82070415
77873843
73702348
69477415
65276445
61102689
56849887
52681893
48438952
44179456
39951281
35732293
31485502
27258373
23035914
18763163
14571967
10270344
6015366
8467106
4185570
239266245
235059335
230854134
226558772
222284887
218074691
213822493
209547984
205358635
201159673
196893543
192664652
188468037
184176101
179950943
175742162
171423093
167192932
163003924
158740142
154457039
150216076
145963160
141750165
137490325
133272281
129046169
124791781
120548801
116302214
112074031
107831850
103621403
99348989
95118058
90893811
86624496
82404257
78160363
73893085
69643309
65430713
61172064
56942683
52703291
48442882
44215385
39971128
35704963
31480356
27240438
23004433
18783811
14588896
10319308
6102728
11065279
6840332
2616546
238976822
234748274
230568938
226360966
222127320
217901808
213663471
209437321
205220274
201014452
196788361
192616121
188388733
184149970
179892635
175704505
171456892
167257165
163039717
158793911
154567008
150364450
146108820
141904122
137700897
133453042
129593342
125573489
121372509
117535794
113880416
109669922
105408710
101195062
96967032
92732103
88535400
84311632
80063713
75876347
71643690
67405734
63225065
59023446
54791791
50573820
46361394
42049800
37827075
33593023
29327641
25086253
20813658
16534069
12302527
8045341
10065319
5836110
1649115
239443466
235187043
230978909
226786000
222513875
218281205
214090507
209862571
205693645
201608725
197427921
193273716
189128254
184895193
180706104
176498134
172240915
168061434
163877199
159582480
155391341
151190135
146967216
142751830
138559560
134335293
130077615
125843077
121579324
117342360
113082958
108799634
104549209
100282007
96004228
91750506
87494334
83212077
78958060
74717149
70458517
66207902
61936987
57651025
53395129
49121214
44832968
40566144
36299381
32015446
27761709
23495441
19181286
14930182
10667323
6365907
8314162
4105204
236685336
232473293
228258693
224069560
219820562
215621216
211391123
207192348
203022160
198832534
194632844
190423571
186308959
182114295
177970832
173789465
169577547
165366850
161198024
156995117
152816493
148647996
144438224
140272806
136114180
131906507
127743459
123579112
119373752
115202696
111025055
106809495
102657964
98477962
94271529
90119582
85948315
81737267
77562131
73408636
69198545
65017562
60863067
56656425
52475131
48302638
44090523
39897095
35731815
31522289
27367420
23168187
18929700
14718288
10499541
6251064
13598470
9336740
5137549
929512
237640666
233368650
229182724
224994782
220763867
216553169
212359546
208106736
203962094
199800393
195605771
191425701
187213061
182962961
178750507
174579839
170372051
166210908
162000255
157814725
153596380
149380970
145141797
140969146
136755948
132522278
128302258
124123573
119879999
115649546
111407876
107202025
102973771
98777076
94531945
90300384
86063618
81861207
77650378
73429310
69218160
64982593
60804886
56542917
52292003
48098742
43832217
39602878
35372263
31190207
26950178
22693171
18432045
14250280
10045819
5826987
9287575
5074593
846752
238283133
234056607
229912173
225724464
221464884
217251479
213006455
208702500
204558834
200399474
196154326
191973185
187761214
183555871
179329473
175172399
170933330
166664284
162451973
158169452
153953708
149716769
145519189
141309463
137076785
132878050
128714997
124494891
120312821
116122876
111889626
107705242
103507926
99267717
95045576
90856982
86613711
82389816
78181510
73941848
69734976
65524297
61288684
57042318
52803309
48559449
44333760
40143298
35895784
31667605
27419028
23140965
18926517
14712768
10446055
6233170
8566333
4334110
237669289
233446485
229295654
225133631
220904243
216738923
212563963
208322257
204125650
199976366
195741595
191557769
187397232
183136696
178944088
174749301
170507918
166318528
162124697
157899514
153688847
149477945
145245858
141061757
136864345
132633553
128445486
124251500
120024798
115792971
111558528
107330235
103137627
98927698
94685038
90490363
86282529
82038623
77805125
73575239
69333331
65128550
60927828
56681597
52472366
48283006
44055637
39853832
35641401
31410718
27204229
23009554
18782573
14574819
10360452
6131791
12804041
8579020
4410360
237069572
232846013
228662118
224466191
220241620
216039713
211843369
207624658
203436608
199292078
195115989
190966818
186811358
182617299
178458041
174275116
170064869
165886886
161710979
157504785
153331926
149126425
144877543
140703561
136493072
132290013
128088808
123903651
119693417
115494331
111296630
107076564
102891483
98726955
94516060
90353801
86157085
81936063
77729955
73560100
69311643
65152186
60990700
56781527
52573781
48353200
44093078
39886900
35694277
31459094
27243645
23030506
18749786
14524991
10284247
6021450
13403313
9175302
4960127
778337
235856009
231596796
227396872
223195976
218965742
214761202
210551412
206305419
202092855
197906273
193687605
189526307
185367203
181162213
176993269
172815627
168607790
164460884
160298231
156100439
151921660
147758811
143559918
139389293
135234068
131044015
126875199
122718741
118519645
114342745
110173791
105972516
101812816
97643183
93446501
89271679
85102254
80910916
76747937
72566731
68364457
64207702
60028288
55837100
51669257
47512398
43323341
39163370
34993863
30794403
26627640
22455754
18260376
14109860
9931563
5733233
10761778
6565617
2410884
235972836
231767908
227617652
223442239
219242565
215056691
210890567
206689794
202561418
198416021
194189539
190009491
185832297
181657261
177494201
173322250
169119988
164950740
160791175
156586306
152415701
148248012
144051286
139874691
135720135
131511127
127355275
123219326
119019913
114852157
110696632
106488000
102304800
98133677
93934642
89767629
85592842
81392470
77226937
73057542
68856670
64684884
60514874
56317033
52141627
47972718
43777098
39609269
35438066
31235833
27024676
22831411
18603062
14405792
10213263
5986675
12499107
8262880
4079385
237209708
233021038
228856753
224795568
220564712
216381441
212201800
207975189
203789599
199719502
195528071
191359228
187182001
182991789
178842257
174637688
170413819
166256223
162107680
157891164
153705739
149524451
145305070
141152158
136997088
132832015
128563761
124378652
120227113
116009749
111831224
107736889
103498318
99316277
95129375
90910976
86736923
82558983
78307645
74098243
69891984
65637901
61422294
57205799
52982437
48781675
44619814
40352365
36141083
31892029
27686590
23501467
19275432
15007680
10853846
6660892
12910966
8730736
4525946
341051
238273927
234078492
229925705
225752244
221568170
217397010
213131816
208889359
204679883
200510866
196301659
192116464
187982928
183741723
179547347
175397406
171182218
167025785
162832418
158596692
154408522
150214957
145974960
141775507
137560783
133315362
129105271
124875936
120626549
116454715
112226002
107963502
103742249
99512532
95243416
91009378
86764510
82496583
78235536
73981281
69713263
65471178
61253161
56991248
52760331
48596347
44392273
40194592
35781361
31499159
27241975
23026742
18788902
14643920
10374176
6077215
8218597
3915475
237843374
233595913
229422508
225208328
220932491
216683305
212467191
208176753
204012406
199829387
195612639
191447488
187310522
183102471
178927220
174706621
170487447
166289625
162088551
157854640
153643767
149434517
145192903
140975792
136752555
132514371
128311676
124142174
119865773
115676707
111523470
107309425
103091997
98946249
94716437
90497079
86269717
82029312
77816311
73595049
69352182
65131797
60938498
56694748
52504904
48274003
44052503
39808056
35604355
31340377
27086351
22873292
18643177
14432913
10233137
6015422
12068949
7881658
3724607
237466688
233249345
229066390
224804845
220533218
216289028
212041862
207838371
203665695
199470057
195291337
191160097
187022139
182831119
178657777
174471008
170258853
166074670
161888103
157677486
153508696
149292899
145043228
140820296
136631668
132391522
128182403
123928945
119688689
115498948
111227931
107007302
102789366
98579696
94366490
90186987
86000618
81742739
77560852
73351267
69115720
64898956
60669096
56435598
52238643
48003198
43785746
39560640
35343494
31110975
26917584
22696899
18454871
14250181
10030445
5796777
12300340
8076670
4151990
238551741
234377147
230215826
226027051
221789270
217587845
213409153
209191217
205040278
200887465
196711109
192577320
188427661
184257780
180087084
175906031
171659849
167437919
163206610
158958063
154757159
150547994
146285488
142083117
137902779
133642618
129419416
125224682
120934108
116673522
112393311
108131386
103930639
99710461
95414906
91177898
86932432
82643986
78401005
74132904
69853187
65593020
61352626
57084698
52860183
48621781
44368111
40113029
35835307
31576004
27323791
23063392
18823153
14612313
10377194
6103878
11448342
7226137
3066322
249050474
244830368
240665077
236461832
232234360
228031614
223849019
219621072
215411569
211278695
207086726
202952089
198828649
194648981
