4484875
231271381
227028067
222826675
218605913
214380853
210159865
205947664
201697157
197484019
193338509
189132893
184927520
180719387
176481768
172264859
168102488
163859040
159612409
155441359
151221769
147029893
142811237
138590448
134381702
130184838
125907474
121735812
117577667
113342244
109164145
104963097
100699877
96527064
92353753
88109180
83909311
79734112
75481121
71285665
67138449
62896679
58751229
54582843
50354679
46184708
42031911
37844482
33694864
29576396
25354372
21199012
16989033
12759376
8581618
4406490
247919080
243690100
239482947
235293993
231060811
226865420
222697928
218474010
214293491
210091896
205911200
201772409
197650855
193476807
189319137
185170151
180963364
176814550
172676745
168471628
164252403
160067165
155846326
151664697
147462467
143235372
139063584
134876785
130667938
126406312
122232646
118018014
113824197
109654269
105434617
101248623
97061976
92859318
88697564
84518786
80315578
76138713
71954738
67749847
63608354
59443069
55245251
51070433
46890335
42688666
38530204
34341899
30149601
25977792
21814739
17616635
13474764
9325482
5133351
251084052
246965053
244454633
240302113
236131735
231978033
227890101
223692164
219515720
215331145
211110732
206934883
202737406
198518142
194320688
190139654
185917504
181730042
177547269
173345828
169169706
164992414
160780405
156599644
152402324
148192297
143973436
139794767
135575057
131372175
127137961
122923412
118749873
114579213
110353240
106164631
101963984
97720242
93517924
89297573
85058949
80863326
76670090
72411500
68206279
64002863
59778267
55604523
51420981
47195134
43005937
38860405
34640101
30448650
26244572
22011499
17866443
13688567
9469105
250192542
246011060
241868693
237662275
233419779
229196826
224941415
220695556
216469732
212202443
207911974
203719125
199476008
195222504
191093911
186882932
182558386
178352056
174132896
169834199
165639818
161468002
157215114
153000180
148797662
144487980
140271799
136078857
131818205
127589847
123388025
119205463
115011883
110801207
106601431
102382476
98139204
93905786
89703751
85514314
81326470
77135091
72882050
68591349
64357769
60111868
55881258
51689083
47382227
43179696
38952675
34734267
30511669
26269307
22014477
17812850
13603052
9356538
5156353
249267638
245059841
240886354
236711288
232493735
228274726
224093220
219894449
215740367
211564033
207352466
203199712
198974945
194767200
190554078
186290798
182039294
177805752
173599092
169353964
165172416
160974504
156739536
152568608
148361848
144132160
139943380
135744240
131512422
127319329
123114737
118894223
114647203
110461119
106219786
102031300
97980559
93733131
89564169
85362371
81098997
76921034
72703453
68467653
64280933
60107735
55891315
51697080
47508436
43292339
39105649
34921187
30718028
26555070
22377752
18169720
14016232
9822411
5618310
249613542
245400993
241245517
237083199
232881905
228708534
224546958
220297971
216119869
211997635
207811209
203638456
199501612
195289608
191157024
186979857
182780449
178616333
174490387
170294632
166118003
161975556
157776460
153642004
149489327
145293497
141119601
136967293
132768509
128596005
124389499
120190257
115934133
111743702
107616086
103375109
99173048
95011704
90810162
86649068
82424156
78166716
73946831
69787103
65525858
61363492
57192583
52926071
48751575
44581091
40378083
36191506
31998424
27777120
23576752
19421320
15206658
11035302
6829434
2607391
246476172
242260116
238086125
233939089
229756103
225572640
221378178
217150346
213006479
208855881
204667412
200521683
196353306
192153173
187995071
183808629
179609063
175440773
171298913
167115405
162980893
158744670
154464869
150226049
145966430
141747214
137498762
133240952
128961284
124668920
120441864
116189541
111959138
107724381
103463627
99234210
95033140
90772285
86575899
82384935
78104270
73906029
69704847
65429611
61199106
56932170
52671067
48462778
44255117
39990573
35772568
31528756
27267481
23068199
18843061
14569802
10353722
6155883
250191063
245954896
241743798
237595479
233329233
229134518
224930069
220681767
216482218
212360773
208158251
203946227
199770482
195584399
191349244
187163802
182990994
178763956
174579429
170366185
166128958
161924850
157730436
153500113
149334777
145175615
140954699
136800702
132634411
128460673
124257819
120110130
115885642
111627760
107441745
103174480
98957953
94729648
90491912
86240047
82059423
77796788
73637112
69503940
65300538
61110423
56956705
52708513
48511160
44348133
40088495
35866439
31670827
27450342
23267171
19076023
14841711
10642667
6488775
250189717
245914151
241710475
237462640
233200334
228977286
224719516
220483532
216272970
212070966
207807803
203652642
199473400
195222969
191046574
186860486
182643371
178441456
174236230
169984589
165782529
161545288
157249325
153032991
148827158
144577226
140412959
136187753
131890567
127687482
123504245
119181862
115042353
110870301
106644108
102452240
98256881
94022234
89846501
85654583
81425881
77230912
73036157
68780872
64596002
60379597
56144803
51930299
47736174
43505044
39314740
35137352
30898325
26691664
22510106
18322171
14183069
10042741
5842007
249962862
245759441
241594265
237424819
233215385
229008887
224835617
220614595
216467412
212319503
208111578
203933908
199748734
195519598
191245928
187051405
182860883
178684505
174512138
170223607
165975009
161782457
157565475
153302777
149085826
144862119
140616413
136387577
132178222
127931619
123709225
119485482
115273403
111050025
106797974
102549835
98341715
94122057
89904757
85689489
81463226
77202457
72982737
68752902
64494272
60266034
55980322
51685439
47458413
43227957
38985231
34766365
30556528
26342618
22150738
18010327
13814920
9655026
5479003
249695879
245484494
241308297
237154710
232937791
228749641
224617481
220408839
216232121
212100531
207902622
203733275
199576622
195373430
191237277
187089499
182848061
178677966
174544920
170334038
166115113
161928909
157695298
153511674
149354229
145138427
140955133
136758447
132529740
128350370
124161964
119785521
115566647
111330174
107064396
102841298
98613420
94349771
90119330
85895170
81631339
77401130
73193461
68926537
64727567
60482060
56222164
51953444
47701117
43430979
39205738
34972908
30731575
26501010
22284584
18032557
13826947
9598868
5348726
249470509
245240095
241018257
236840064
232595232
228393647
224163614
219940795
215738576
211542757
207291521
203140363
198980293
194726323
190512101
186306292
182069818
177862682
173683916
169444452
165259683
161059781
156849897
152644307
148428820
144177559
139985032
135764675
131549225
127366645
123139887
118923511
114719609
110515916
106282516
102075585
97898656
93666023
89480400
85283428
81026725
76823468
72676202
68451350
64261608
60059007
55852564
51650685
47476817
43263764
39072718
34876684
30653748
26413861
22227893
18019819
13858609
9677244
5472067
249499620
245283833
241119981
236939314
232732723
228568445
224378845
220171589
215982045
211783597
207553279
203356778
199181622
194987513
190822890
186664245
182469439
178319137
174123375
169893500
165693086
161498275
157277608
153089347
148903830
144684935
140490022
136309270
132063741
127860081
123657857
119451957
115214686
110946732
106649183
102378999
98112435
93832049
89564515
85308051
81033282
76810012
72605577
68348134
64134398
59954565
55683188
51495074
47306037
43019901
38810769
34591837
30331674
26108634
21881793
17634901
13439004
9212275
4990392
249296056
245065348
240828108
236649341
232411276
228141032
223859347
219623800
215454054
211279080
207051578
202863405
198648312
194444030
190272422
186068405
181838674
177613558
173465395
169239508
165064310
160889086
156653545
152469653
148283867
144055395
139881403
135697987
131469688
127284756
123084987
118889177
114638479
110491195
106295061
102075503
97893003
93706247
89479807
85314775
81136631
76873404
72702169
68471891
64159590
59935899
55737095
51512909
47328921
43140918
38931286
34774799
30619941
26391629
22224992
18033543
13794099
9606389
5425164
249324719
245109750
240928770
236738594
232523051
228348785
224172243
219937956
215768719
211564415
207321600
203133119
198972109
194759931
190593423
186424729
182208980
178021737
173834122
169614886
165448256
161270229
157052932
152871910
148695671
144490965
140333621
136164277
131907717
127701012
123499062
119244412
115047477
110800077
106537118
102347862
98128812
93897406
89677449
85425075
81179521
76931879
72739111
68457371
64222064
59994626
55706548
51484651
47270183
43010073
38843657
34589768
30362494
26148667
22475937
18239664
14287818
10079156
5934697
249205704
245037577
240851714
236613420
232380118
228164629
223979244
219736571
215569328
211398074
207182833
202993932
198797572
194574124
190408613
186228389
182011487
177818688
173607171
169378885
165154511
160936470
156693044
152469444
148272820
144065752
139880830
135690624
131477756
127323898
123152769
118943141
114759462
110583551
106373278
102204303
98036051
93824180
89658959
85482860
81274508
77114308
72966078
68752513
64559552
60372575
56155601
51943664
47752269
43548132
39367347
35215163
31017486
26840162
22631975
18391928
14215132
10031212
5800612
249987643
245768807
241597428
237410876
233191986
229018331
224845333
220641621
216514933
212343551
208128923
203945605
199757735
195540692
191377241
187211166
183002351
178817674
174618832
170382997
166185625
161922267
157657234
153453230
149198780
144988126
140736856
136541251
132342443
128096279
123849459
119637459
115376641
111159339
106884540
102630145
98409233
94202445
89965064
85758572
81531301
77270192
73045287
68811799
64549156
60325842
56078405
51852829
47593179
43398671
39131212
34872100
30643560
26380304
22153255
17927610
13677930
9505221
5340273
249507929
245287390
241113765
236897145
232663165
228480569
224278962
220053493
215892053
211687370
207443365
203234345
199012555
194759983
190558361
186371519
182126125
177923741
173715027
169481709
165291327
161110145
156883899
152718568
148503792
144271829
140074459
135889826
131644199
127434497
123203515
118972681
114747356
110517288
106280398
102059680
97853859
93625507
89445844
85253514
81035390
76837522
72658241
68432687
64251473
59994888
55743805
51525593
47313214
43057471
38821345
34615526
30395998
26216955
22015197
17766433
13558476
9346255
5105439
249389593
245159478
240984623
236786543
232555072
228372164
224172868
219953109
215807566
211670468
207461385
203286965
199107146
194908199
190753514
186578149
182372399
178187186
174002032
169786513
165611537
161434316
157241916
153054331
148880122
144669217
140474100
136286189
132068365
127907167
123736635
119527813
115279829
111027430
106780156
102584044
98361794
94116500
89898530
85687103
81420522
77207724
73009658
68765106
64615561
60465605
56295165
52154239
48000637
43815676
39671389
35529488
31360908
27218375
23054926
18892515
14760958
10563967
6371088
2140677
246426275
242181582
237998924
233820785
229596638
225418512
221248435
217055395
212938791
208776761
204554897
200371296
196158149
191902393
187698450
183481579
179232097
175086025
170919588
166685667
162474687
158270660
154051268
149848560
145682894
141472752
137294761
133145585
128925272
124788210
120606889
116380680
112226325
108044700
103768794
99580425
95362058
91123006
86947997
82748043
78524042
74274878
70057051
65853516
61603929
57356785
53129891
48959258
44754251
40506467
36293619
32105474
27857685
23647927
19444375
15209704
10980651
6793784
2553662
246302607
242065960
237907540
233705960
229483031
225260715
221067548
216868173
212692950
208514797
204307759
200100784
195915228
191682379
187482570
183276797
179044633
174852752
170659641
166412233
162213057
158017420
153792730
149579022
145386723
141173748
136991336
132804379
128593172
124428353
120253371
115990783
111760760
107525848
103261587
99025451
94766410
90486289
86259341
82014057
77739432
73503226
69286540
65018793
60793715
56554336
52304541
48093647
43880378
39628975
35433426
31239047
26985272
22780297
18565187
14334445
10141058
5944712
250127375
245901043
241699218
237492251
233299638
229135737
224931234
220698692
216519136
212380244
208135371
203944100
199763321
195541883
191371382
187154203
182929866
178718557
174522866
170293019
166102881
161894058
157644356
153450349
149241093
145003626
140782356
136600522
132378137
128199641
123998549
119786149
115593382
111422686
107204675
103040759
98844349
94616343
90427510
86234699
82008330
77839497
73666764
69437253
65270283
61062436
56851005
52665497
48492540
44278031
40100787
35928122
31722333
27553200
23360024
19135709
14960069
10764696
6538756
2338628
246376213
242147317
237978730
233811646
229599452
225418580
221250187
217024587
212864767
208690243
204498251
200302479
196092069
191903910
187728641
183506094
179320628
175131217
170911116
166764499
162598413
158378572
154218078
150038288
145805207
141639247
137467574
133254724
129076638
124908189
120675047
116432562
112199072
107910662
103658693
99404331
95143636
90901840
86652924
82433881
78106723
73868230
69601156
65361613
61139337
56868625
52620226
48400430
44133994
39919021
35714126
31481617
27301161
23094762
18869307
14686679
10485182
6221158
250400261
246162598
241973050
237758249
233528490
229269710
225048865
220779742
216626788
212452972
208225094
204034370
199830648
195612882
191414642
187234231
183013726
178850937
174646237
170421544
166188019
161979260
157762791
153567467
149382104
145162703
140955950
136764343
132552902
128352687
124141752
119902808
115707565
111492654
107266124
103096113
98913198
94689618
90532175
86345654
82109910
77907649
73718141
69478896
65253406
61064099
56822366
52620661
48391306
44164921
39964055
35754118
31567978
27340941
23121708
18918507
14688194
10458302
6268935
2036811
246477016
242250771
238084554
233925833
229728114
225559723
221399712
217193576
213035282
208871360
204664352
200506118
196335462
192130952
187980373
183798741
179594416
175463614
171260986
167028537
162843474
158624125
154371415
150162410
145964507
141725322
137538060
133353219
129142117
124954517
120783709
116534687
112311332
108069266
103787923
99554863
95282609
91032984
86825274
82622836
78411005
74224138
70044207
65797063
61592342
57382102
53160949
48944289
44770797
40527700
36352596
32163970
27960261
23803903
19621826
15433536
11294059
7107012
2906183
247002975
242775885
238619894
234463279
230269511
226101765
221940839
217732880
213579824
209386674
205150714
200991280
196848284
192653125
188497773
184314372
180115773
175945165
171771319
167573095
163408286
159253126
155055506
150872387
146713214
142520540
138346154
134182776
129984672
125858542
121699728
117501935
113339806
109184795
104984939
100839767
96671504
92469854
88363826
84213614
80021126
75854710
71701121
67517918
63356177
59187584
54993716
50829278
46639155
42443815
38285632
34128401
29930247
25766746
21587775
17397952
13235539
9069972
4848490
249125999
244908057
240758101
236606465
232408601
228233075
224060632
219846430
215690339
211537206
207316401
203120496
198932186
194664115
190486730
186285582
182025765
177817816
173634249
169398733
165199399
161000616
156756129
152553354
148336894
144077211
139855555
135653166
131389007
127181601
122965436
118690492
114464346
110245358
105988395
101767334
97531425
93268217
89049947
84852905
80635626
76501156
72263042
68000941
63796844
59581152
55321796
51131331
46910650
42660396
38449100
34238027
29991958
25777931
21579279
17341667
13136545
8944171
4680644
248523320
244280801
240102036
235903654
231675338
227457819
223270595
219015421
214814217
210630134
207003312
204165041
199939350
195756657
191512193
187285332
183066428
178815582
174617258
170388927
166153884
161942415
157740017
153512799
149298064
145101357
140858804
136638431
132445688
128199615
124000440
119809374
115578575
111374125
107198639
102959371
98774903
94606135
90374645
86163586
81926001
77685593
73506934
69318426
65059214
60855825
56629476
52360920
48146565
43936061
39714502
35510122
31249880
26996888
22782344
18571257
14366767
10159237
5967922
247993472
243764307
239574650
235384970
231133299
226941671
222758680
218532558
214373681
210195577
206009261
201781914
197609605
193411522
189259395
185130809
180950954
176797116
172651802
168445654
164291737
160132931
155935081
151771091
147605186
143410116
139236722
135094449
130904619
126734785
122554412
118334633
114135745
109926360
105696319
101493675
97296243
93065056
88864585
84653804
80431991
76219359
72050174
67810536
63629386
59419516
55180455
51031222
46818199
42584861
38382631
34164070
29916464
25724806
21502812
17261965
13061056
8855392
4624940
248808902
244557309
240333909
236149841
231864970
227621665
223418971
219173792
214997698
210833156
206599365
202405410
198164187
193902671
189700147
185487200
181277593
177010142
172789590
168563925
164369612
160150682
155878720
151654091
147395035
143151155
138931109
134734675
130470048
126270770
122049109
117790517
113571670
109379620
105125369
100941867
96733189
92471581
88257828
84055465
79833288
75647558
71460640
67215611
63022912
58823906
54630699
50410322
46210081
41987924
37810190
33619312
29421526
25194405
21013631
16779852
12595357
8397852
4167024
248322478
244060336
239865026
235677767
231440944
227210791
223029696
218733782
214572359
210414498
206249484
202089132
197942357
193684297
189526513
185338181
181119261
176957936
172794013
168588810
164427101
160256302
156050514
151875612
147695859
143502300
139327125
135150557
130981089
126769791
122598077
118422890
114111948
109856581
105631484
101380687
97163353
92924333
88669261
84417008
80183634
75899871
71668185
67473443
63199089
58981248
54729769
50499244
46276115
42018418
37800531
33584017
29280377
25109619
20880853
16621392
12428042
8191783
3910263
248160259
243893592
239666461
235444645
231174473
226933797
222698503
218420183
214170716
209887155
205626216
201419016
197174970
192919107
188722729
184475805
180234224
176024692
171808902
167548907
163344035
159147048
154917898
150722944
146524967
142279864
138080749
133869422
129621173
125392597
121201659
116952111
112794693
108604569
104336900
100149477
95930371
91677617
87467136
83246077
79010073
74803489
70609594
66361560
62124397
57915055
53703405
49450587
45269396
40958484
36780473
32602767
28299343
24110707
19898172
15661033
11460489
7210913
2952219
247238370
242972475
238775224
234573749
230300082
226090543
221847316
217585885
213412990
209181297
204932488
200695753
196526862
192324625
188173574
183994395
179782843
175613646
171458333
167219183
163047005
158864514
154647668
150463729
146287493
142079506
137892860
133714923
129510498
125364393
121132852
116883340
112647000
108414164
104155837
99916408
95673258
91418992
87224152
82980997
78728138
74530150
70311859
66059775
61824966
57614129
53385575
49177957
45005469
40758184
36552450
32330160
28076265
23858774
19617402
15362327
11158946
6970721
2671553
247079881
242819452
238612125
234394249
230110315
225903533
221671188
217402294
213171027
208963475
204673110
200455982
196252918
192017765
187818686
183597791
179387035
175166422
170955410
166717931
162502683
158284651
154020882
149804782
145540969
141279856
137072955
132871322
128615797
124410675
120175318
115897474
111667226
107438243
103162582
98909084
94689015
90403392
86140209
81881334
77618268
73389225
69168383
64918113
60717820
56493066
52229757
47992775
43762459
39511648
35277510
31060762
26828194
22607590
18380662
14148527
9939839
5729210
250161440
245911775
241726422
237535269
233305396
229075677
224862325
220655523
216385311
212202714
208012602
203818855
199620864
195437799
191228971
187077721
182893727
178717527
174514320
170337209
166107534
161948823
157726985
153544542
149314148
145126109
140913974
136779970
132564565
128339043
124139419
119978795
115681359
111455739
107235252
102983244
98733804
94544463
90277351
86054681
81829597
77564445
73554559
69317823
65055756
60842246
56641835
52373370
48151472
43890536
39610657
35368534
31088849
26814557
22608290
18358907
14097609
9824398
5586504
249787047
245545387
241372336
237129343
232872206
228629381
224422357
220146815
215899403
211729968
207534616
203378548
199203656
194976491
190794058
186587935
182404559
178223672
173982520
169758651
165527826
161276271
157082840
152848256
148638265
144415703
140256239
136061614
131827360
127649396
123439679
119182508
114963158
110742974
106499986
102306634
98071334
93833586
89654418
85453567
81237642
77019083
72829963
68592810
64432875
60215792
55990677
51764473
47589061
43368807
39194778
34998516
30802872
26572238
22364972
18151539
13966818
9797515
5570780
249639844
245413353
241247210
237043864
232852809
228635560
224760796
221433406
217239598
213087984
208913386
204713119
200528380
196387016
192180333
188046483
183848962
179635427
175465395
171291481
167092100
162912367
158744923
154549289
150377014
146192680
141992751
137822247
133652357
129460776
125295863
121140755
116902759
112691572
108456639
104198154
99977557
95762894
91533062
87308893
83074656
78817418
74601892
70376726
66123345
61917038
57679000
53420768
49195747
44966539
40716676
36487938
32263895
28006147
23781673
19559404
15306959
11077423
6851487
250075065
245818080
241598069
237393046
233090157
228839794
224599779
220338755
216174962
212007156
207775839
203564209
199363111
195119361
190939429
186712295
182470892
178262112
174017815
169748843
165570656
161336471
157063110
152826975
148609496
144357892
140126506
135906871
131704027
127431394
123200744
118955878
114702359
110486634
106209739
101970778
97749983
93475825
89245388
84962252
80699388
76458006
72214826
67970170
63753580
59539609
55290535
51072542
46842506
42589761
38356608
34116124
29874261
25648633
21415047
17173943
12974134
8734505
4468543
248824664
244569503
240365898
236147315
231868887
227661448
223470653
219238596
215027015
210876084
206647357
202486581
198251791
194017279
189872737
185673239
181467792
177257577
173047929
168794781
164582510
160382686
156160777
151959949
147746389
143510929
139333901
135127548
130909088
126701943
122503743
118263190
114041205
109786651
105533575
101320429
97077185
92815551
88619490
84460408
80193581
75982018
71769871
67514652
63283867
59052224
54806758
50590199
46364058
42117444
37875401
33642565
29391541
25117817
20879478
16616416
12403595
8180886
3916245
248192297
243957064
239781677
235539176
231319519
227101584
222926632
218671400
214508952
210320588
206150255
201991500
197796076
193568964
189387141
185188316
180963656
176772108
172570819
168334540
164147740
159934050
155710481
151508940
147318328
143083902
138888187
134688879
130445976
126250007
122021404
117797278
113627617
109426009
105190643
100992524
96769886
92512831
88305548
84124115
79903704
75707723
71510653
67278757
63067554
58873716
54647059
50445672
46227898
42008904
37846231
33655766
29436273
25251594
21041599
16797392
12549190
8306586
4020537
248161945
243905283
239663375
235426822
231162689
226918028
222696199
218416790
214242962
210027563
205779376
201545477
197301119
193041504
188863207
184602878
180313626
176082965
171866315
167621153
163409679
159185243
154940425
150711391
146476674
142232138
137996527
133790337
129530940
125301201
121062147
116814598
112589097
108319380
104064127
99791991
95550719
91307171
87049884
82804941
78541551
74314867
70052119
65809562
61550026
57316405
53088638
48844627
44633490
40381500
36162112
31898814
27640998
23394185
19164257
14897696
10658637
6409852
2127983
246666313
242403790
238179154
233998870
229753382
225551265
221346562
217112970
212921041
208726244
204484876
200280312
196119423
191879059
187686175
183484208
179251234
175044722
170815421
166574119
162415253
158214017
153985076
149811493
145663622
141401381
137205069
133014036
128795569
124629483
120446961
116215228
112038678
107901215
103691397
99526281
95374948
91141627
86949757
82764727
78553777
74390902
70214770
65996247
61777393
57562027
53298182
49085061
44871163
40652957
36495715
32319030
28085594
23893659
19689040
15449493
11240796
7032767
2782013
246526833
242286954
238059634
233851612
229579222
225359685
221106708
216856718
212640914
208447202
204206389
199979723
195783453
191555897
187326236
183145152
178897081
174674228
170440770
166208865
161981983
157756738
153511711
149352282
145133534
140890007
136672529
132480410
128240966
124054434
119886625
115627642
111394829
107156964
102929078
98670262
94449755
90216032
85957872
81769272
77572436
73304182
69075787
64865026
60609903
56396700
52206183
47966882
43759052
39550198
35288809
31084069
26877159
22632286
18442538
14250377
10002233
5789689
249913490
245663900
241464810
237257627
233007061
228788131
224598657
220338152
216140896
211933413
207694953
203503540
199330087
195100185
190913819
186709427
182467678
178256087
174023119
169791647
165570954
161369166
157157562
152968510
148781143
144561354
140415503
136273927
132029131
127848984
123644051
119420833
115221571
111061238
106832479
102647078
98442140
94219777
90037966
85830217
81605598
77418704
73219483
69023055
64822901
60619152
56393588
52175671
47995025
43725669
39520192
35297124
31027301
26827353
22603404
18342710
14134433
9913289
5654100
249882838
245629234
241406855
237194636
232941773
228766586
224493406
220231895
216004062
211788942
207536347
203320562
199092889
194847469
190630368
186406238
182147446
177926385
173700037
169422485
165251750
161015724
156770129
152544712
148342557
144071618
139865974
135630689
131394035
127159859
122936683
118690610
114459851
110237552
105974451
101753451
97516256
93260155
89054331
84824937
80565064
76338652
72113150
67824120
63597402
59356470
55080493
50837027
46596219
42354260
38156668
33915398
29652048
25452052
21205112
16923057
12713931
8477774
4205059
248494902
244208725
239987628
235741801
231494468
227263031
223021566
218770854
214552041
210330376
206088458
201840777
197612499
193344676
189129867
184874215
180619841
176408948
172178976
167912808
163684971
159452374
155210338
151002949
146777704
142535267
138329674
134112438
129838768
125615882
121395692
117106443
112909835
108700865
104459824
100252345
96053942
91819424
87631651
83419391
79177811
74933569
70718231
66476685
62238734
57997426
53744625
49517564
45292642
41025302
36821030
32620206
28345263
24072929
19828145
15564750
11337166
7099510
2855716
247087386
242838330
238593643
234379747
230092378
225884639
221634482
217380895
213211551
209024308
204817565
200596796
196406054
192107170
187908910
183676160
179422965
175208862
171016593
166786134
162536168
158307630
154053508
149817493
145565160
141295073
137031558
132813990
128551874
124336218
120128386
115872533
111653856
107439219
103185479
98948563
94728134
90467559
86251934
82050067
77800276
73580802
69336724
65096051
60898700
56675790
52441766
48164131
43934054
39680973
35483823
31236169
27008848
22806040
18610231
14366331
10181172
5965305
250258222
246039172
241854941
237687217
233436309
229225539
225015759
220753484
216546731
212380158
208146868
203899153
199672335
195441805
191224347
187016363
182753639
178591936
174414913
170220501
166069475
161904800
157702183
153551379
149393368
145198564
141038868
136879556
132650251
128456250
124263912
120056176
115874495
111696867
107497042
103333997
99188603
94985586
90808093
86625327
82420905
78260596
74095322
69858817
65690975
61519825
57320597
53133519
48945699
44703721
40525006
36252765
31992776
27828384
23530824
19293649
15082424
10866646
6609068
2381475
246683417
242459370
238285644
234139194
229896690
225734932
221534496
217287182
213083630
208901059
204650960
200417858
196211736
191942569
187754088
183539955
179299425
175090095
170836245
166574777
162337143
159213975
155092381
150802416
146616966
142396016
138142119
133895125
129695231
125447583
121258266
117005747
112752425
108548160
104313320
100055344
95825766
91633778
87370137
83142562
78920015
74665495
70443054
66221501
61993106
57803116
53605002
49378256
45212597
40983405
36730304
32511190
28298431
24059455
19799890
15566299
11331152
7107757
249944716
245688848
241503926
237337495
233006705
228791860
224579836
220331723
216124209
211902801
207652154
203440702
199219213
194953546
190722558
186498081
182213414
177994996
173774675
169488941
165277323
161041351
156786409
152563836
148341546
144075485
139857418
135614100
131354915
127126841
122905104
118624181
114434270
110212697
105927707
101711467
97501766
93246995
89050294
84802940
80544762
76326571
72123957
67877650
63664498
59428732
55180602
50958555
46777361
42444424
38214946
33998397
29744156
25483626
21268525
17025117
12864834
8558956
4315724
248401663
244151947
239940328
235726116
231440119
227224484
223003224
218742743
214536664
210308584
206001434
201783889
197566970
193299131
189070433
184825062
180584495
176384065
172183341
167958075
163737964
159512461
155276200
151050961
146819546
142548560
138338644
134103581
129835875
125605087
121397516
117127453
112898929
108643827
104385635
100143395
95909820
91646455
87419843
83222348
79000607
74790101
70596808
66363129
62175864
57968579
53731141
49529925
45311687
41083270
36871441
32673623
28443208
24256389
20063823
15838251
11651658
7453753
3224825
247374275
243127649
238894383
234726340
230485521
226280134
222087044
217835411
213689022
209500919
205253224
201067791
196865282
192632267
188442643
184233691
180028401
175867370
171702094
167504867
163340848
159160752
154964766
150803227
146632124
142428506
138249925
134082375
129867258
125706524
121529838
117335169
113175771
109005362
104798718
100616515
96437568
92238856
88065801
83881564
79681628
75536188
71356933
67159236
62995215
58822491
54586778
50429001
46256234
42085643
37890308
33711695
29534423
25334788
21174150
16953874
12690728
8454462
4252529
248593950
244318059
240103013
235953042
231640086
227425543
223196548
218956439
214809158
210648912
206492854
202292660
198081118
193831632
189639940
185429113
181191290
177007717
172807739
168575187
164397115
160140432
155854657
151589068
147348428
143054070
138839202
134623223
130376069
126139078
121922430
117653438
113450530
109226505
104950134
100742932
96535008
92271125
88020862
83794020
79544948
75325107
71107896
66856740
62643657
58409407
54163649
50415243
46236015
42033422
40422550
36181210
31988533
27775471
23519923
19396382
15191628
10942572
6742188
247710334
243457075
239239999
235062019
230779974
226598720
222399482
218179968
213988515
209827377
205596311
201444286
197155933
192889041
188697385
184451728
180192495
175949475
171756643
167490609
163256632
159026620
154804880
150578638
146367421
142113368
137909531
133725936
129455710
125280212
121079882
116827607
112659335
108437598
104217753
100012279
95777914
91521930
87293343
83075525
78802534
74590365
70341248
66105520
61887597
57658935
53403703
49167358
44959998
40699735
36519238
32348361
28103632
23944802
19753825
15513042
11318926
7090891
2854768
246673395
242385390
238196094
234003603
229767256
225551796
221344502
217091036
212858083
208625807
204418847
200249460
196023356
191804952
187615611
183396427
179154667
174938026
170743142
166495042
162300208
158076662
153848960
149604121
145403465
141163703
136942227
132741929
128504016
124305921
120065997
115838281
111656390
107494157
103280228
99099916
94919050
90695856
86527742
82349241
78133738
73963704
69799756
65590405
61388636
57198506
52988724
48793588
44597893
40365879
36207957
32001987
27748994
23562669
19350147
15116513
10922242
6704034
2467647
246819361
242586624
238461244
234217239
229966573
225761281
221544870
217298655
213126921
208952086
204772605
200638750
196487680
192293921
188166743
184002773
179811009
175649959
171518984
167317024
163153731
158992899
154736042
150584508
146423618
142231010
138061929
133886497
129696441
125536034
121363823
117157411
112936075
108766391
104571388
100390594
96212350
92014708
87780264
83619320
79421621
75220458
71083013
66882955
62691763
58490570
54288861
50117326
45952741
41753678
37582369
33422480
29222480
25074348
20805858
16561961
12403162
8165768
3991564
248302278
244075461
239903712
235717113
231489909
227292399
223105948
218877790
214721851
210572884
206343311
202125755
197933565
193704844
189519061
185326048
181087220
176875613
172682033
168416396
164219908
160051282
155766717
151534708
147311638
143059389
138853698
134643225
130388423
126159749
121965944
117711933
113493632
109254991
104989609
100758030
96521244
92254882
88010910
83787936
79536086
75308177
71092115
66829919
62595714
58349390
54072258
49884492
45618489
41342647
37093121
32875757
28612948
24391222
20180212
15929819
11732314
7530186
3333230
247602346
243370860
239192292
235012407
230769932
226629859
222460559
218236867
214088033
209885764
205669046
201497205
197355815
193158574
189024182
184879439
180678009
176510290
172369720
168162449
164004607
159847021
155646209
151481243
147306137
143173271
138952988
134783238
130614603
126444868
122227964
118069507
113899814
109710294
105552061
101422274
97203172
93033748
88891955
84685685
80541779
76333635
72113156
67914909
63720326
59501511
55358712
51195912
46972586
42826715
38626947
34362085
30181846
25971982
21740490
17533415
13331587
9009288
4770171
248349708
244098928
239890146
235660627
231393769
227250377
223026645
218782225
214642204
210508416
206298200
202127754
197955500
193751826
189606810
185471666
181263425
177118404
172952492
168708565
164576753
160359878
156166062
151938735
147746311
143462742
139260498
135030955
130817147
126660693
122528590
118245557
114057759
109838203
105581400
101365012
97137191
92891600
88639557
84420498
80177196
75990580
71748398
67514024
63306678
59134917
54896030
50699060
46465312
42212159
37996867
33787982
29508106
25247035
20998974
16730505
12513362
8284586
4066352
247940964
243667703
239431707
235200068
230950972
226718541
222485767
218203765
214057237
209903676
205706216
201466640
197273162
193008760
188802346
184601796
180356108
176108731
171894884
167640095
163415895
159195859
154944874
150710032
146526338
142299618
138072661
133821830
129572396
125327930
121117529
116875339
112684045
108486272
104264126
100065694
95874066
91647378
87456126
83265854
79037044
74826602
70603424
66365116
62188966
57969312
53753554
49534276
45354159
41126546
36934548
32750832
28515208
24321540
20116752
15875959
11681022
7414272
3206971
247386148
243190837
238927408
234701432
230442677
226199365
221987408
217720709
213547158
209372365
205180583
201004417
196835547
192621455
188448359
184310223
180030495
175897799
171643203
167415975
163229475
159042602
154825876
150660965
146477914
142254555
138068905
133909652
129738367
125499893
121355672
117055769
112837123
108621825
104363752
100156408
95949244
91723120
87522525
83318692
79060168
74906651
70755908
66598220
62345870
58178622
53950797
49796419
45552454
41341731
37124792
32880224
28649136
24426464
20169132
15949602
11726976
7459256
3228724
247029255
242794165
238617588
234414109
230219201
226016033
221823381
217621293
213424149
209190929
204927515
200714823
196507993
192258853
188036992
183830831
179572782
175342591
171120394
166835716
162591177
158307566
154026535
149797557
145588797
141315765
137094809
132843184
128586479
124358697
120129661
115862232
111646629
107425159
103180990
98955281
94705170
90450441
86231277
81967283
77725183
73564766
69342327
65072342
60845635
56613265
52359713
48127566
43917826
39630071
35387919
31148083
26887897
22657662
18408228
14143724
9922535
5678079
249919112
245607392
241407898
237217201
232973488
228795191
224564338
220272632
216058009
211855424
207587402
203408989
199247021
195038620
190841623
186659836
182384269
178207071
174017259
169809621
165629527
161445557
157233460
153059554
148878463
144655426
140468881
136299030
132086369
127889576
123713090
119489664
115299539
111109067
106881235
102699586
98512893
94293099
90095812
85926069
81702255
77516366
73329255
69109059
64938829
60769923
56556082
52384586
48227076
44007962
39881444
35688605
31435632
27240044
23032751
18785563
14592278
10390145
6136986
250089907
245840061
241664753
237467653
233222372
228998024
224767094
220508415
216345556
212144114
207950996
203701420
199533057
195248641
191061428
186874770
182635230
178456604
174244357
170014854
165820013
161636543
157411475
153218753
149005743
144759758
140548165
136342229
132117467
127902689
123679199
119451449
115240190
111014885
106750077
102559678
98374222
94132966
89906835
85698646
81460128
77262584
73067782
68828758
64679472
60479277
56244017
52027027
47831281
43591133
39403841
35222310
30970404
26747472
22520193
18274137
14092156
9841476
5585615
249736100
245488949
241285874
237083518
232846056
228622653
224411508
220144436
215941958
211765972
207566246
203413975
199207979
194986658
190818777
186628279
182407594
178220957
174012116
169798387
165577442
161377616
157120743
152904442
148686357
144434503
140227035
136029122
131778934
127570078
123371014
119163977
114953941
110699582
106451062
102211957
97957981
93686438
89462926
85210892
80943609
76718166
72468401
68222063
63999147
59775177
55529889
51285502
47078220
42824466
38688415
34516506
30304331
26184904
22015244
17811391
13683714
9476979
5268926
249541229
245374550
241167080
236944518
232689139
228438787
224272594
219982544
215824441
211628310
207412185
203138039
198933308
195014238
190871999
186730990
182547760
178302810
174602939
171097410
166868728
162665131
158478145
154208251
149993584
145761440
141510236
137290596
133046901
128793875
124511665
120285088
116007171
111788231
107538202
103309503
99054478
94822070
90562912
86330738
82074382
77813946
73627581
69410894
65139748
60903544
56694672
52447286
48211498
43939592
39691817
35459198
31225442
26957742
22714218
18512326
14237309
10011871
5818510
248382680
244126295
239965732
235782663
231523101
227315003
223127201
218875312
214654460
210469896
206193628
202018706
197846127
193644826
189502377
185332545
181129275
176986604
172810893
168602594
164432680
160278704
156074934
151901897
147720809
143547783
139343368
135173986
130971202
126790875
122614660
118363916
114146112
109962117
105707644
101496492
97265882
92999232
88784678
84528988
80257637
76036485
71799030
67554711
63338896
59114554
54831448
50610005
46347960
42057664
37826762
33600769
29341160
25125562
20898096
16662579
12473457
8244410
4004149
247956513
243740915
239549888
235355683
231123019
226927492
222768579
218521170
214335490
210118720
205865261
201669993
197475203
193262333
189091501
184885837
180656672
176434593
172242457
168027684
163837721
159646557
155440454
151263507
147076656
142860877
138665990
134485663
130273894
126074341
121880628
117656177
113516830
109270047
105041181
100849727
96668746
92443369
88275638
84105809
79910564
75683627
71462545
67238948
63059599
58874135
54703786
50464551
46268671
42046247
37852432
33626129
29396596
25168816
20955507
16700768
12541902
8230146
3950688
248198242
243855843
239631176
235455804
231231609
227075928
222846062
218634833
214455587
210281317
206105671
201886314
197684967
193470362
189286970
185099661
180883773
176748647
172581786
168388585
164185178
159973535
155743142
151531688
147296931
143036022
138832957
134610744
130352182
126122546
121913138
117660136
113459659
109232644
104966336
100758587
96546411
92283056
88039439
83824375
79535394
75307100
71067535
66793047
62586566
58382316
54120925
49898914
45667279
41419554
37173995
32950394
28678427
24448348
20230920
15983695
11772409
7619344
3333828
247705040
243500095
239385382
235224175
231003014
226793708
222637412
218353655
214128752
209923463
205691768
201487022
197310795
193091697
188941899
184776157
180550014
176363551
172158600
167913394
165186251
160948320
156749858
152518344
148268725
144061312
139838092
135594506
131417759
127258849
123049226
118856054
114729443
110518065
106385462
102201600
97988714
93775093
89554692
85304728
81108033
76878257
72601119
68391886
64169603
59911567
55692433
51497367
47204152
42940994
38711175
34465551
30199951
25966065
21673238
17465275
13270317
9035059
4840469
247023838
242782214
238594108
234403718
230146874
225922422
221676522
217423695
213199176
208970797
204735601
200532637
196303954
192049790
187827283
183599142
179357634
175143050
170976410
166742537
162530772
158321770
154091131
149913025
145705124
141453292
137219523
132978569
128735927
124506382
120284999
116033192
111804296
107564714
103308702
99066121
94829270
90549137
86330748
82096414
77838549
73605396
69384830
65161360
60929950
56714183
52468172
48242771
44031145
39752881
35519239
31283811
27036737
22811495
18634264
14379916
10166826
5906361
250403594
246162488
241969301
237768663
233533795
229331967
225177950
220897414
216732524
212507728
208328895
204091627
199919050
195698714
191512505
187321601
183098581
178969721
174855743
170625415
166513577
162373789
158154345
153986508
149819489
145609592
141452014
137272700
133061139
128878400
124721732
120521227
116362761
112196792
107989291
103843367
99671946
95497096
91294695
87150981
82911383
78771971
74533232
70306848
66126318
61977529
57727022
53619766
49461604
45254256
41101097
36918035
32707282
28545160
24396586
20190020
16038219
11851319
7661274
3491564
247404897
243148453
239021695
234801999
230576673
226448231
222280396
218075689
213913317
209752677
205565089
201382748
197209883
193023759
188850825
184680361
180472707
176316099
172153616
167970559
163823479
159659220
155457702
151294674
147130823
142929758
138754418
134586271
130378276
126219072
122036573
117793814
113600330
109436279
105231729
101046759
96851088
92602857
88390065
84190142
79961666
75754145
71537326
67292904
63073548
58844747
54588950
50357772
46168290
41897508
37660979
33411100
29154786
24923821
20701299
16433871
12210302
7972589
3683899
247448407
243186974
238952114
234762258
230497510
226326666
222051412
217794803
213586188
209420777
205123048
200891400
196700198
192465738
188266669
184072680
179828942
175643347
171460789
167180871
162987395
158775854
154513398
150266399
146066373
141798518
137527681
133325149
129107598
124841051
120626370
116371940
112161867
107946990
103721441
99484764
95328287
91020811
86814830
82599153
78337444
74104785
69907340
65643688
61384482
57166957
52891616
48704244
44517714
40279024
36066151
31860705
27645038
23389707
19168685
14890866
10672099
6481845
250258659
245988481
241799022
237573514
233294617
229066915
224883791
220643306
216451055
212311407
208050526
203861770
199660355
195432218
191244300
187068619
182834980
178625807
174421619
170176377
165997830
161847020
157605371
153414458
149176085
144969896
140789693
136586817
132335471
128131849
123904776
119659849
115494026
111259442
107008090
102772417
98577535
94306889
90056329
85842590
81600048
77350047
73153263
68916280
64695555
60484074
56222111
52018036
47818241
43551362
39367562
35162317
30899493
26687723
22466465
18215804
14042430
9831489
5565076
249300472
245018088
240816159
236606066
232342315
228102701
223845903
219612242
215413080
211210210
207008269
202785761
198510650
194281334
190110516
185910384
181684592
177481758
173283541
169066489
164842111
160692370
156478551
152293328
148140393
143929453
139744991
135569181
131343528
127148364
122952192
118727796
114531678
110365821
106152036
102010694
97864773
93646762
89517563
85383889
81156555
77042176
72843195
68581792
64429455
60178838
55954386
51772356
47590467
43397962
39174209
34954323
30681695
26485529
22266264
18055783
13929785
9692402
5483730
249134366
244894221
240668526
236483376
232231396
228015692
223808188
219560140
215349119
211195536
206981885
202805158
198594680
194312180
190108577
185879891
181603756
177361417
173153157
168899032
164676264
160470189
156199368
151981881
147759793
143495999
139316416
135128857
130814243
126601374
122342758
118091216
113880736
109669056
105419587
101198337
96998919
92770436
88521328
84302499
80017455
75891921
71679644
67400076
63208568
58993545
54726346
50505105
46281347
42039953
37813272
33581756
29322533
25088005
20865367
16596330
12414772
8189092
3956056
247819372
243570173
239387581
235169687
230931120
226741280
222589667
218260065
214102194
209890330
205664335
201470936
197247273
193029343
188838434
184664716
180430470
176254167
172087871
167856083
163680733
159515358
155286965
151129115
146937156
142716358
138537309
134333814
130119468
125945415
121734786
117510757
113304972
109113883
104887599
100672660
96487959
92267086
88053500
83841592
79640499
75450232
71250734
67018827
62822917
58644050
54419368
51132174
47050401
42949630
38737557
35255747
32451966
28221827
23944911
19680874
15615379
11353876
7154673
247643945
243363459
239144834
234906848
230710052
226468473
222254870
218048172
213853023
209642347
205427807
201209289
196996304
192743885
188568097
184366988
180105077
175901995
171661230
167394194
163178953
158989873
154673766
150486594
146304426
142058264
137829153
133605266
129339183
125124369
120920849
116612134
112390851
108168860
103912039
99688123
95449230
91147016
86948613
82835875
78583321
74385732
70158499
65889813
61680351
57487157
53190973
48989900
44768975
40490565
36263081
32021140
27724068
23489665
19265396
14979526
10777187
6547313
2281668
246100071
241840564
237626151
233407123
229148065
224948863
220716969
216491626
212315827
208138296
203909739
199696508
195482297
191240056
187069832
182918506
178719191
174573682
170411708
166207515
162053589
157887654
153680838
149517114
145330312
141121300
136980777
132882074
128660490
124495903
120281695
116086643
111891605
107734038
103480319
99357765
95213176
90956479
86801773
82661583
78457016
74263152
70005616
65743131
61538043
57338863
53088085
48886805
44691017
40431855
36256751
32021233
27774926
23560780
19337046
15085276
10861055
6669104
2403356
246132150
241893441
237697448
233486471
229241197
225049424
220865501
216622558
212439423
208258378
204056101
199799243
195602804
191356989
187151760
182944649
178694391
174514930
170294952
166038144
161825771
157603723
153359866
149157427
144952195
140736946
136531119
132340421
128098634
123845985
119622703
115361042
111141284
106927859
102673962
98451411
94241122
89973065
85763891
81532296
77277045
73041373
68825521
64557710
60318646
56087748
51833428
47596770
43372060
39100794
34883752
30639739
26369403
22159472
17950241
13710165
9463682
5242372
249147122
244882980
240662161
236461794
232217014
227993966
223771403
219499768
215278966
211070541
206887257
202700005
198540281
194255644
190087497
185895588
181664243
177502705
173205837
168990767
164788683
160542020
156338266
152107145
147876280
143665098
139449224
135212701
131014508
126784015
122525978
118304727
114117513
109834957
105621121
101411887
97156612
92958801
88794582
84569493
80397807
76200174
71958514
67758629
63604069
59306499
55094204
50878352
46675460
42432569
38216190
33952269
29780459
25493228
21222140
17003919
12783146
8518856
4315225
248488866
244269009
239970621
235779652
231519589
227289310
223105133
218861841
214703324
210504648
206286996
202087779
197884257
193650957
189430736
185217849
180969417
176781996
172578254
168363414
164195169
159905205
155644784
151449128
147226344
142986383
138811757
134627497
130452156
126256311
122099566
117852365
113624430
109443403
105188583
100975466
96796881
92542964
88325613
84089093
79825953
75587042
71368503
67106584
62877953
58660698
54389947
50157918
45927315
41667720
37428025
33191724
28911966
24686772
20421909
16155568
11924326
7678425
3407628
247544886
243318846
239086591
234895901
230690842
226435932
222253896
217963350
213801848
209686745
205441503
201268395
197083183
192841029
188659662
184472777
180311721
176034033
171858622
167627308
163402144
159189331
154974397
150717418
146507935
142304543
138070902
133833624
129608813
125373300
121175677
116916664
112645512
108453083
104250746
100027966
95770986
91534101
87261419
83065346
78836381
74559336
70356309
66108588
61826107
57607994
53371279
49106553
44888263
40695365
36423295
32213977
28024452
23673441
19456134
15266951
11029135
6823138
2602118
246486983
242233888
238051356
233891777
229609565
225419741
221193224
216965580
212799950
208606428
204369020
200150743
195934766
191678336
187441420
183285595
179068245
174838802
170628274
166416117
162158717
157970864
153719422
149548022
145303816
141044942
136852586
132644849
128398663
124178672
119941599
115673523
111427272
107213432
102949689
98768407
94543341
90262647
86032781
81816518
77548477
73346880
69154516
64885868
60681631
56473144
52222746
47989579
43768203
39499338
35272429
31067682
26800813
22597562
18371033
14094140
9900586
5719997
249746382
245434102
241279244
237029906
232809303
228642188
224386567
220153806
215989527
211774979
207551975
203394538
199168872
194945498
190786881
186547834
182331080
178180088
174007414
169755429
165575421
161393710
157209468
152983414
148755667
144533050
140359015
136180617
131959011
127816470
123599422
119413723
115174351
111014704
106761336
102580619
98386136
94185013
89999600
85783404
81579390
77406616
73178616
68992111
64795415
60580099
56413449
52230079
48043077
43828343
39622091
35416341
31220774
27046702
22872778
18684544
14550489
10374166
6190012
2038623
246379418
242217611
238045024
233904389
229695937
225537335
221360399
217150178
212960005
208756418
204511391
200332846
196188303
191952416
187824662
183683286
179370571
175148584
170922965
166669039
162457701
158271649
154013943
149791178
145569396
141306909
137088861
132850697
128601350
124443824
120232285
115967662
111745394
107528502
103286576
99041157
94822049
90532676
86335194
82134969
77836176
73623786
69411117
65158053
60954311
56704429
52444817
48217852
44014114
39751698
35516901
31297154
27043776
22785902
18580485
14357509
10209821
5958748
249545470
245322633
241100522
236877791
232614167
228418421
224205942
219939990
215740019
211538228
207302147
203088516
198887053
194643505
190457799
186305417
182042568
177913223
173664888
169419619
165255914
161144410
156903988
152702441
148560064
144358642
140122408
135946018
131799514
127577745
123363811
119165398
114918001
110747041
106575317
102323191
98124903
93910360
89688960
85463395
81251327
76990538
72792827
68555455
64277850
60113254
55869864
51614900
47382079
43210302
38898312
34676537
30464978
26212971
22016769
17798266
13524786
9299345
5064308
248595921
244357123
240204927
236006517
231752345
227579203
223365112
219117441
214938341
210749056
206514683
202351469
198167566
193961131
189795354
185617562
181420376
177257450
173086892
168880644
164705255
160519995
156302441
152128310
147983763
143784387
139576096
135387337
131219728
127171289
122982670
118892699
114667054
110414098
106253239
102053593
97795638
93642636
89502893
85260700
81036237
76819593
72554747
68314662
64090818
59882477
55624657
51425909
47193597
42987224
38785335
34519720
30255360
26035345
21841639
17548136
13428466
9263128
5016629
248438707
244157334
239990560
235769562
231520263
227331505
223168890
218880478
214733184
210523486
206260668
202077798
197843470
193709276
189473823
185310852
181150802
176933691
172724375
168502698
164239727
160030520
155856951
151602780
147434697
143272763
139043658
134872312
130710595
126485131
122275758
118086897
113870666
109698010
105603062
101361686
97141426
92949629
88733608
84601228
80498894
76282305
72107167
67927074
63697745
59560505
55339844
51124663
46939987
42726516
38546959
34460302
30233814
26010292
21839064
17615708
13516855
9301444
5109759
248392797
244130403
239966851
235798297
231588778
227426259
223265461
219049396
214945781
210804647
206601699
202426248
198250045
194028355
192501445
188820224
184594835
180486254
176428431
172210583
168048126
163856192
159632104
156838123
153598209
149419808
145194926
140999774
136796830
132575063
128342020
124142673
119907912
115710180
111496930
107276468
103082048
98883990
94659676
90458320
86257634
81987063
77802562
73586671
69359299
65173335
60939802
56696148
52471812
48282611
44043913
39823780
35603495
31311775
27090890
22856210
18592835
14392828
10214340
248359624
244115431
239895791
235699188
231478183
227251733
223016555
218770186
214603217
210420518
206197825
201979772
197799073
193561133
189407168
185182065
180942679
176741379
172562231
168279954
164068804
159881056
155677945
151509569
147323209
143135041
138982707
134839767
130629135
126454144
122288265
118083209
113917105
109774335
105531478
101324642
97125845
92886856
88686786
84476064
80222998
76006553
71797079
67547745
63355638
59165015
54910229
50700891
46467726
42225848
38013610
33806432
29551253
25379268
21104523
16845415
12616055
8414726
4128350
248268218
244021309
239789117
235589073
231332237
227095909
222876004
218608587
214371605
210110504
205857462
201646994
197393535
193147381
188949886
184744657
180510923
176325927
172105773
167858341
163650580
159445744
155215332
150995708
146777306
142548503
138332995
134124676
129885517
125668600
121479674
117238029
113027075
108776646
104564717
100336374
96126364
91879576
87680049
83515116
79314687
75120686
70898701
66654283
62439474
58214350
53967506
49732002
45524842
41283401
37065718
32848012
28581883
24400092
20114025
15871264
11700066
7457247
3216492
247415847
243218506
239009065
234793272
230559313
226385623
222135193
217886250
213711993
209489157
205247053
201013819
196752403
192493244
188269620
184049724
179791837
175552748
171346162
167083483
162908142
158623734
154377342
150147664
145915088
141696716
137481363
133267979
129056539
124906784
120768292
116529524
112345222
108180248
103965456
99754422
95503743
91252178
87043380
82821904
78569523
74357763
70152128
65895302
61680038
57451690
53156538
48966995
44766995
40504770
36274355
32099042
27858815
23666343
19457853
15265282
11022565
6823858
2593992
246651310
242419295
238186730
234002363
229776668
225586910
221379401
217153105
212920356
208666757
204469750
200222912
196065950
191790333
187595212
183385223
179149412
174955663
170721065
166491345
162312760
158121879
153893336
149694517
145485116
141248337
137027706
132828722
128601483
124417478
120110985
115846979
111658490
107462097
103246347
99059088
94882050
90666305
86509180
82361021
78146290
73966839
69764538
65557569
61416061
57229571
53020170
48836623
44665967
40457759
36269454
32090934
27866692
23705351
19567487
15401151
11223407
7080423
2826020
247142177
242886857
238745058
234522127
230240100
226049478
221817133
217642435
213435173
209259311
205045244
200834186
196686727
192370888
188158536
183934946
179660886
175452979
171199964
166912835
162673138
158481419
154264066
149986485
145723671
141479855
137297361
133094361
128839546
124627964
120394576
116177218
111910577
107710660
103474087
99260850
95056078
90814133
86630658
82436626
78224574
73986713
69770787
65520281
61295184
57114823
52857725
48649483
44427952
40155987
35909451
31691744
27450235
23219197
18964592
14696650
10469829
6268130
250248114
245963081
241771008
237521628
233268276
229026438
224777371
220516120
216247120
212056617
207807527
203579663
199345294
195041646
190848726
186596421
182344938
178149847
173937245
169672651
165444125
161193798
156962485
152725916
148500521
144238684
140006551
135784878
131511376
127314683
123081165
118833487
114633485
110406454
106138867
101897709
97683471
93423475
89213062
84983538
80711939
76446033
72234161
67966051
63739084
59525416
55258881
51020135
46804501
42555631
38320475
34093457
29840599
25597944
21375757
17083695
12885799
8638240
4368516
248525250
244237465
240013449
235791322
231542194
227295768
223069575
218780363
214624786
210424200
206217767
202012326
197792719
193551214
189358205
185189089
180953392
176736951
172516473
168257584
164051161
159847292
155583258
151365196
147152639
142904177
138697573
134468161
130220304
126052336
121802084
117531933
113298166
109068708
104826381
100614190
96373025
92128599
87918443
83671439
79420224
75201041
70964110
66700112
62482491
58269118
54017585
49764853
45526568
41272517
37060219
32880132
28608569
24421846
20282150
16036235
11841669
7606104
3351158
247408553
243161463
238967635
234743959
230491302
226260384
222065283
217811318
213626984
209413799
205178315
200995260
196803848
192593740
188393741
184195825
179944529
175738165
171529321
167294491
163093531
158888931
154652076
150469354
146313730
142050651
137847692
133646377
129440559
125199772
121003936
116776826
112517875
108287861
104072901
99802257
95598837
91338513
87070630
82858670
78634089
74377672
70179857
65974455
61719257
57509279
53297176
49041339
44826515
40604273
36374820
32164164
27923458
23664450
19461228
15244609
10983025
6769245
2552552
246577462
242365442
238150376
233982239
229768700
225513726
221339599
217075955
212857534
208674880
204489120
200317076
196125137
191894656
187710612
183533602
179304013
175176755
170975110
166736068
162594592
158424628
154236875
150006869
145811201
141570060
137353109
133124577
128832705
124622332
120388300
116134382
111905697
107720336
103446538
99222373
95033688
90749189
86566048
82361102
78127527
73895349
69735097
65460369
61248057
57053325
52793643
48565814
44356538
40109165
35882580
31659396
27405195
23167329
18942063
14655832
10457509
6229560
250025598
245764972
241579711
237328892
233061738
228821105
224582156
220391606
216139127
211924245
207669188
203406291
199210602
195012669
190755786
186527134
182339181
178055589
173940568
169672538
165405038
161230936
157048082
152834045
148664485
144457781
140195441
136029391
131749579
127490284
123273802
119043228
114789595
110581515
106413842
102145510
97909545
93689791
89442293
85135344
80923915
76703535
72442689
68194097
63946178
59725962
55468561
51285799
47030298
42811172
38598303
34344765
30135998
25909560
21678274
17443475
13231448
8977627
4749363
248741870
244457781
240250626
236020539
231744311
227508142
223274968
219031658
214791593
210543716
206289975
202061200
197815123
193571830
189332499
185088588
180835815
176618758
172382036
168135237
163878658
159636546
155359927
151132171
146904449
142684842
138443399
134216437
129958634
125739329
121542576
117298713
113107423
108901759
104664593
100436107
96219274
91936273
87720088
83552190
79291148
75109732
70862466
66600822
62344433
58131520
53862360
49634111
45403166
41117120
36879941
32624457
28382320
24164337
19935914
15692688
11502756
7298928
3061941
247322279
243133497
238919983
234727616
230499469
226277517
222085539
217854244
213696111
209499417
205281757
201125604
196932001
192682509
188521664
184372319
180138835
175984141
171760444
167590078
163354073
159176918
154966382
150699965
146501166
142329406
138085860
133900101
129723929
125489898
121302024
117100259
112874487
108685461
104458354
100227883
96092538
91891041
87652730
83448380
79268841
75038263
70840880
66651326
62423724
58221616
54043426
49827636
45629070
42216101
38664940
35779212
31594812
27384951
23133277
18918018
14699826
10420080
6244558
247487986
243280835
239132443
234909578
230661932
226425573
222165460
217947788
213808297
209618645
205413122
201229409
197042365
192810849
188634304
184402938
180177746
175986456
171784071
167554753
163324600
159129560
154888868
150703806
146519242
142300819
138151019
133976619
129735175
125561924
121392930
117183222
113016358
108833015
104605252
100411440
96224157
92009339
87844948
83650735
79426985
75243037
71081168
66864753
62683564
58493537
54240591
50057797
45840035
41594061
37385571
33164087
28913618
24712693
20514657
16265334
12081401
7893387
3687344
247443515
243235545
239035538
234845545
230609597
226440396
222157749
217907753
213696128
209475715
205211636
201019575
196787892
192525330
188314558
184107839
179842907
175619174
171373323
167107480
162889513
158657203
154376124
150147639
145925584
141708000
137463437
133229620
128939568
124695147
120441938
116176932
111953332
107713076
103456011
99246797
95042009
90769126
86554832
82327897
78041102
73824704
69588074
65318654
61142113
56885398
52611381
48360038
44148125
39866643
35644014
31374442
27129004
22893905
18655199
14371548
10121875
5892265
250098066
245835532
241624772
237387077
233135434
228881152
224655630
220414994
216161807
211931419
207679918
203463509
199247440
194984741
190753831
186560053
182318707
178109783
173858202
169589157
165378819
161138821
156901555
152698452
148491143
144256358
140034921
135854797
131634423
127473572
123272921
119045901
114853037
110625757
106392878
102185652
98009153
93779371
89584404
85375378
81110776
76927592
72722811
68501384
64288248
60082436
55847933
51652722
47449634
43220154
39023482
34816039
30540512
26297240
22032613
17769593
13549465
9327863
5048403
249292889
245047488
240838378
236632351
232376598
228148226
223932682
219680726
215441514
211214228
206935734
202691809
198448425
194203808
190005040
185784798
181559162
177350932
173110015
168857096
164654593
160450013
156183556
151956969
147689701
143439120
139195215
134963231
130697553
126479915
122217236
117964831
113722273
109516669
105230373
101002798
96783459
92513625
88267973
84050924
79735335
75531972
71283830
67020898
62789065
58568133
54302141
50065211
45841904
41574116
37337545
33091387
28832809
24630205
20357692
16104609
11927872
7639896
3387202
247622545
243380132
239172478
234951385
230704429
226467689
222274450
217986249
213767684
209500391
205249326
201078371
196800721
192534737
188323870
184109410
179857013
175643386
171428609
167171743
162954251
158746354
154485687
150291325
146058896
141789045
137562868
133339669
129089094
124844562
120599632
116374237
112139334
107903861
103636630
99409650
95176782
90911762
86710266
82458405
78196091
73970964
69765053
65482412
61268855
57035333
52791475
48571848
44323766
40071319
35825988
31552349
27350205
23079703
18815060
14594978
10380250
6127747
250254816
246040846
241818990
237613475
233343995
229179234
224895658
220646500
216431461
212206360
207950447
203747122
199534203
195334468
191084169
186872742
182634331
178401890
174171623
169952046
165703461
161484744
157265332
153031698
148812856
144601042
140402195
136166989
131980185
127710716
123494946
119256526
114998610
110767602
106528806
102279383
98050730
93809409
89561464
85327880
81090316
76843324
72638834
68424589
64144297
59917888
55700735
51425632
47215923
42960452
38673631
34430478
30201871
25945479
21730095
17521236
13242701
9042794
4835396
249234073
245014865
240835462
236637439
232407119
228193751
224005706
219812506
215556225
211370006
207202468
203074047
198887609
194668923
190479154
186254713
182001092
177816989
173667231
169408602
165231724
161039732
156814515
152617480
148416643
144178985
140008262
135739469
131472866
127251259
123024014
118775443
114572437
110329465
106071665
101846453
97639914
93361572
89158131
84906437
80670488
76452752
72214652
67975710
63731796
59491711
55226186
50983214
46763102
42520657
38271757
34041771
29792163
25569318
21318657
17071416
12831550
8605130
4325624
248703008
244445143
240238209
236016994
231767042
227528303
223342405
219104821
214966383
210825300
206610070
202440981
198268354
194025519
189834871
185634906
181360875
177174099
172988819
168762776
164589988
160382252
156148302
151951962
147750100
143489114
139291052
135093164
130867296
126682923
122486188
118237703
114050204
109844563
105591507
101372775
97126472
92901633
88728961
84497126
80240694
76018585
71843670
67589386
63365696
59128152
54910259
50696316
46491506
42253046
38040341
33805849
29546623
25348901
21154571
16905824
12708264
8504715
4259076
248181933
243940778
239750955
235564540
231303765
227063812
222820982
218537762
214359775
210189111
205990036
201805382
197626737
193412629
189225557
185026426
180793099
176578229
172395659
168172594
164009888
159795324
155554284
151365373
147123548
142882670
138620286
134388537
130127532
125915904
121693808
117449640
113262372
108994144
104725890
100516632
96265967
92005504
87800593
83574778
79326447
75108230
70863642
66607236
62390406
58172518
53923903
49758403
45459104
41194590
36978219
32722397
28455907
24247969
20033275
15782546
11576365
7346174
3127367
247302682
243057950
238869616
234660571
230414150
226206001
221991455
217734586
213539802
209355519
205097403
200869242
196643204
192383266
188176057
183947118
179700940
175439982
171229402
166983576
162746227
158489411
154245648
150008280
145765729
141498588
137288598
133052351
128787878
124561787
120384119
116121145
111897192
107648961
103417527
99172110
94898646
90633235
86405672
82212517
77949688
73754368
69533738
65254413
61024979
56779209
52512592
48303911
44053830
39811368
35593802
31335963
27071193
22848252
18644456
14436205
10206178
5998353
250314962
246084306
241904086
237721783
233516742
229318743
225085634
220855528
216656918
212477881
208272145
204109108
199916889
195634630
191432055
187230697
183016275
178833083
174682141
170420968
166231973
162055803
157826562
153631264
149433232
145205653
141030957
136888074
132624517
128427977
124211625
119944088
115756849
111521772
107267893
103057705
98831579
94619350
90432343
86233851
82019021
77809800
73679896
69409645
65175641
60964148
56729636
52541972
48352525
44101238
39888780
35683150
31452086
27235881
23057846
18782563
14548429
10354118
6038936
1847063
246096434
241904436
237652646
233433973
229177601
224966445
220750447
216526519
212292108
208051109
203789932
199562707
195317086
191043501
186826054
182601951
178345501
174119055
169910546
165643944
161416553
157180549
152905642
148681389
144462920
140207361
135989396
131741980
127491740
123236499
119010197
114756927
110539554
106309948
102065486
97834907
93625127
89371093
85152014
80899602
76685278
72470814
68191827
63955494
59731118
55456545
51256208
46997702
42722226
38515929
34301700
30077131
25876923
21708051
17452083
13249499
9057897
4830935
249136191
244833418
240629769
236438267
232095307
227892916
223736801
219496107
215243532
211031427
206780482
202567334
198311762
194066769
189887302
185629208
181393740
177163610
172926580
168683441
164445807
160219619
155963219
151713803
148481703
144337230
140185793
135974386
131797288
127722877
123464968
119459846
117944373
113765612
109588115
105328331
101102762
96901425
92663371
88417305
84200179
79940341
75732599
71484180
67229207
62994832
58790620
54537791
50314735
46111948
41821912
37624539
33372365
29136202
24915974
20762854
16516921
12301867
8083000
247678529
243450723
239261910
235062134
230840660
226651952
222482207
218222414
214075726
209933434
205711526
201534169
197389909
193178071
189029953
184856197
180660815
176511686
172342675
168133674
163953506
159832736
155561312
151384318
147189614
142974578
138837769
134666880
130463816
126320908
122180367
117937347
113718280
109496957
105237350
100973332
96741568
92480426
88225636
83995461
79736325
75486606
71258859
66976074
62767804
58583370
54314857
50087762
45859028
41607982
37418072
33177758
28931873
24725605
20496740
16245010
11982689
7768634
3514651
247329605
243097638
238947353
234720431
230490709
226311471
222124762
217887164
213781023
209655074
205420546
201216940
197068887
192813591
188634486
184485950
180264040
176050340
171863994
167633191
163432239
159263521
155072692
150842307
146634189
142398136
138243141
134084926
129870176
125709857
121553728
117361160
113216904
109050441
104838648
100661186
96496636
92248057
88046838
83825771
79554142
75342053
71131616
66873364
62623776
58387383
54117509
49906983
45671808
41469613
37197009
32955706
28742706
24572417
20312364
16071663
11851314
7720793
3443107
247357243
243047214
238836471
234648049
230411046
226205461
222031029
217741781
213556252
209369593
205141003
200958444
196781690
192563414
188381978
184181745
179963943
175781009
171602079
167379845
163205202
159061259
154785730
150593417
146396510
142185342
138014735
133845517
129630920
125454721
121259923
117009133
112779361
108563310
104298346
100066241
95828580
91561902
87313688
83060587
78814646
74585610
70383485
66131811
61932789
57677525
53428974
49250524
44990818
40732422
36502471
32271685
28051893
23762158
19525233
15267211
11027281
6793607
2529498
246918316
242674318
238466549
234262250
230008893
225782249
221599456
217334639
213195934
208979005
204778645
200615052
196441542
192250336
188088005
183934523
179723853
175552999
171368473
167192707
162996574
158840452
154640760
150498638
146274103
142070409
137901204
133715441
129509979
125344001
121160506
116959267
112779482
108591079
104366191
100188970
96007045
91823529
87607119
83433970
79231492
75079791
70903493
66698154
62525637
58367883
54169062
50015625
45875640
41629462
37465028
33259891
29032472
24865414
20689406
16490501
12362565
8175037
4001454
247974728
243709273
239584557
235386373
231087256
226902181
222782296
218480780
214273913
210129904
205960223
201768429
197604106
193383405
189189006
185006328
180782717
176599702
172419770
168246122
163999878
159814105
155600034
151424578
147259984
143087913
138862657
134702301
130477615
126346516
122149095
117954225
113717422
109494621
105247558
101014569
96767937
92522891
88287366
84102501
79835988
75611075
71381457
67140087
62921975
58706259
54437725
50213550
45976309
41717517
37480635
33288110
29029851
24786172
20562659
16342441
12060044
7831185
3568483
247304706
243056136
238886226
234615803
230393479
226225802
222035546
217805429
213699439
209559453
205378107
201156233
196920011
192711388
188557946
184394533
180143432
175964831
171784709
167550710
163393326
159208897
155010529
150792739
146600555
142375464
138189658
133977912
129747185
125540817
121360450
117089543
112866035
108659110
104406864
100177441
95936408
91740629
87468187
83239732
78979218
74758165
70523708
66267096
62032882
57862883
53562612
49332512
45085462
40837607
36622928
32435489
28251806
24049210
19877199
15698862
11502002
7354288
3066910
247162852
242929269
238730000
234519712
230266844
226051534
221833966
217562242
213357636
209188509
204929283
200725646
196555615
192304979
188109294
183857963
179609934
175366675
171161382
166913079
162661587
158488404
154234766
150002106
145756949
141499434
137296358
133069297
128810479
124583589
120394448
116085947
111880425
107681252
103436445
99223206
95018476
90756058
86532289
82310672
78047728
73830176
69596772
65343993
61129592
56953317
52691878
48480586
44264877
40019627
35821175
31631100
27412217
23211809
19003708
14757036
10562441
6377711
250188704
245921513
241741426
237548705
233296981
229065414
224883848
220674719
216490152
212355461
208133806
203913414
199712464
195507090
191350133
187170843
182965821
178791735
174616563
170413975
166235936
162091226
157896143
153750661
149592589
145419553
141279281
137155463
132904242
128747056
124559328
120352179
116221241
112052685
107847587
103678606
99515785
95293608
91150848
86948186
82730858
78548409
74359201
70153681
65976611
61809711
57589708
53417275
49233166
45030197
40855925
36693464
32484138
28303324
24121614
19899941
15729220
11542785
7362799
3161621
248358328
244160211
240002333
235831345
231609518
227393352
223250788
218979052
214860231
210711298
206523132
202379318
198216537
194013599
189895709
185744107
181554942
177419944
173289892
169102647
164960862
160804909
156610278
152452664
148317530
144124414
139985019
135840334
131638026
127495742
123341125
119127559
114940504
110750133
106512201
102318784
98187797
93966469
89836298
85667838
81439513
77255730
73052885
68805321
64607822
60415379
56198045
52000836
47807503
43584033
39401188
35198227
30985292
26799739
22605493
18371320
14127300
9881330
5609574
248310324
244056759
239856750
235657118
231429219
227238314
223090684
218824822
214683818
210520701
206296175
202096698
197881104
193668629
189519395
185347659
181157112
176995398
172842713
168652116
164511915
160358318
156166370
152004188
147862470
143626642
139452649
135270132
131055394
126881806
122731206
118506401
114308318
110136622
105909674
101742909
97560613
93330050
89130212
84936789
80713836
76546856
72381508
68129608
63972688
59762778
55546282
51362094
47154699
42924514
38744640
34498462
30255803
26050111
21848837
17621669
13423003
9134467
4887795
248773030
244521803
240337684
236112903
231869662
227652757
223423342
219170458
215001123
210848180
206628465
202386178
198165539
193927943
189789041
185558260
181338038
177155365
173028794
168858501
164677612
160463515
156223502
151998927
147772031
143525609
139327050
135189982
130911457
126709617
122538373
118241009
114018678
109768352
105511294
101278251
97048161
92792190
88584006
84337948
80073134
75842317
71643775
67386070
63163928
58941796
54684481
50444560
46224614
41957786
37780861
33576949
29285550
25075452
20858689
16574602
12347796
8166113
3850759
247885043
243625148
239435121
235252278
230953438
226739761
222563290
218309930
214160441
209943960
205743113
201476323
197295591
193046110
188831198
184648716
180379020
176245220
172076565
167857282
163685719
159519368
155304189
151120165
146958700
142763125
138629157
134460892
130249844
126088763
121921424
117723330
113570921
109400329
105191039
101047973
96899121
92699852
88548931
84382603
80182373
76020194
71867872
67671408
63503539
59333212
55130491
50965665
46789583
42585122
38422441
34256680
30047705
25887879
21709716
17515686
13329573
9144305
4926291
248919415
244744196
240535866
236361032
232123458
227931716
223775159
219573590
215447121
211228000
206974227
202799428
198486962
194286948
190076632
185894494
181711307
177543657
173368863
169162567
165026277
160799441
156586729
152427010
148266994
144058211
139906808
135768453
131522765
127398555
123189615
118947065
114738569
110526714
106274497
102057953
97869291
93614556
89414585
85205334
80970037
76791286
72602827
68348976
64201218
59991795
55749666
51519537
47313560
43072146
38893178
34655200
30412034
26221713
21979791
17742388
13627284
9438747
5196715
248986669
244755030
240539427
236337114
232082026
227830827
223595525
219329714
215139272
210925140
206642789
202449382
198285949
194025385
189861651
185709502
181455851
177298946
173102152
168864030
164678004
160485845
156263050
152092256
147902781
143681609
139488931
135347655
131122935
126977614
122793160
118575594
114415634
110225089
106006759
101788110
97618388
93396889
89218883
85023869
80805588
76649169
72471828
68254238
64116488
59931546
55717716
51555856
47383980
43188385
38976324
34731188
30453291
26297271
22066658
17856426
13673447
9482230
5260120
249396643
245139402
240942994
236706810
232497567
228222064
223972372
219758123
215600848
211415211
207193717
203012864
198769961
194561855
190328538
186121617
181880360
177704933
173486484
169228009
165040038
160837429
156600351
152406599
148175466
143912581
139718443
135488045
131273663
127032081
122807488
118542089
114320330
110085689
105826874
101604980
97375772
93118444
88889814
84690660
80444048
76225221
72108001
67855935
63607399
59383122
55131850
50881171
46661888
42440974
38259775
34001806
29807609
25570207
21310734
17057053
12826616
8558618
4314726
248346688
244134248
239836630
235605762
231328406
227067757
222860368
218552409
214402880
210233824
206025101
201836166
197608530
193384923
189184324
184969542
180732970
176538381
172350833
168112392
163908310
159721882
155482540
151283241
147072146
142827087
138620987
134414031
130185737
125963217
121752569
117497623
113282029
109074246
104821817
100613473
96393215
92135775
87931633
83721384
79467448
75256648
71054197
66804211
62658114
58487755
54274520
50068271
45865326
41625499
37417176
33179176
28969677
24729338
20513087
16285519
12110275
7867012
3654750
247742239
243513288
239310356
235082000
230882723
226710914
222560482
218325201
214154431
209989324
205742540
201548310
197327859
193097787
188895665
184675938
180443755
176217081
171988718
167758832
163542783
159309247
155098279
150873501
146680910
142430736
138239388
134030567
129797085
125594239
121386793
117127241
112917469
108687615
104434953
100196344
95909188
91654380
87429931
83209989
78942293
74709293
70480138
66239396
62025484
57806885
53551309
49329443
45093348
40827458
36592264
32344940
28060269
23794335
19547076
15306782
11076068
6839133
2557797
246749213
242481952
238318583
234077675
229806065
225595470
221403953
217130042
212960082
208720617
204521021
200240250
196028570
191745310
187519260
183306510
179050908
174817835
170596964
166306402
162078950
157825551
153562436
149354327
145164724
140868910
136646028
132469648
128180114
123965844
119743516
115462918
111225926
107061617
102755450
98545872
94322665
90047365
85831957
81597653
77345972
73163925
68977386
64710603
60520968
56286692
52080292
47859033
43605166
39406586
35157419
30967278
26777103
22579852
18350901
14152683
9962610
5700920
249681613
245438288
241299257
237041164
232776487
228542156
224342303
220124118
215878136
211673188
207448150
203250207
199051167
194840685
190674023
186520958
182258905
178122468
173896731
169675929
165478690
161297865
157077919
152938595
148679781
144493567
140291402
136037464
131841928
127616076
123382796
119159521
114928667
110664859
106468434
102271956
97998941
93788942
89575087
85324573
81120227
76940652
72715565
68504172
64271357
60018609
55860873
51635065
47382892
43175224
38960211
34735270
30541537
26374253
22140023
17905880
13692559
9426684
5204001
249140060
244902169
240677483
236495337
232277573
228001100
223798712
219549725
215363723
211196443
206944762
202707869
198498655
194263110
190104581
185892815
181657863
177460884
173306196
169036695
164876935
160632815
156377376
152132890
147976123
143691695
139478567
135264497
131012403
126789671
122582936
118306203
114121813
109927022
105715594
101549218
97366151
93149907
88927035
84742415
80485615
76307046
72157816
67959456
63795430
59605859
55396235
51230999
47096986
42886238
38744821
34569365
30360859
26232871
22014732
17774355
13561383
9384320
5170944
249050178
244841480
240695716
236542859
232342242
228187900
223985794
219805348
215610088
211452627
207249365
203088872
198907809
194695050
190546702
186378382
182199224
178030216
173925364
169716307
165506150
161354753
157176992
152973781
148784442
144597700
140401519
136291176
132072713
127908508
123884916
119643811
115434640
111220605
106966188
102735209
98504961
94259181
90050069
85838236
81598566
77362616
73138888
68889168
64691296
60483396
56256567
52064673
47870894
43631103
39423443
35224571
31011231
26776722
22559586
18321198
14122440
9906773
5649818
249477823
245222960
241014865
236797386
232573402
228377855
224212206
219976000
215750640
211541338
207299624
203103644
198942621
194664996
190508729
186250898
182054692
177801922
173589125
169359890
165172601
161002230
156777953
152614685
148423124
144177369
139952946
135739021
131488078
127271908
123046262
118782477
114562028
110346665
106111859
101910383
97686433
93425974
89188511
84956409
80692871
76461844
72223285
67955010
63715888
59493253
55225586
51001461
46789889
42522954
38317443
34090115
29871635
25595338
21363919
17085577
12858049
8625392
4357659
248497758
244237738
240056547
235819030
231577784
227365879
223126119
218888365
214677478
210474838
206298242
202113747
197900918
193658768
189479004
185251416
181001177
176790389
172565098
168317105
164101236
159862852
155618928
151414933
147205479
142994661
138743807
134519620
130274491
126072626
121814517
117569505
113357890
109126306
104865192
100616357
96389887
92130941
87879042
83651079
79399277
75200244
70966323
66697239
62485465
58263297
54038502
49771700
45531153
41313338
37050347
32825497
28591756
24303781
20136123
15863231
11593831
7361943
3149183
247287633
243027471
238832592
234710211
230430022
226195847
221970958
217707362
213469202
209283791
205028668
200824132
196625355
192363796
188178704
183955683
179689884
175449952
171235916
166955926
162693696
158479281
154259256
150052492
145789335
141545922
137313070
133044222
128832653
124663433
120353716
116162816
111930275
107677454
103460704
99243860
94976148
90751308
86494939
82216435
78009204
73775407
69506052
65259573
61030664
56761596
52519422
48298865
44037409
39789599
35566151
31371056
27145001
22937155
18712590
14551058
10321944
6108256
250414278
246597837
242530466
238367129
234201906
230030604
225792266
222671874
218418763
214205067
209956693
205706556
201473527
197267898
193048601
188829657
184656789
180416836
176199316
171992744
167740256
163525107
159311598
155072704
150884099
146696014
142440108
138201604
133966287
129694193
125454403
121229618
116965309
112757455
108543539
104301199
100113723
95899841
91647092
87430422
83180950
78911518
74657809
70431287
66150766
61951167
57712987
53467708
49232339
45015793
40760740
36548889
32314597
28044744
23824616
19596043
15307893
11094319
6884470
248937852
244694862
240505070
236302956
232054129
227838841
223654330
219435622
215191501
211007566
206788303
202504803
198267034
194026648
189843307
185687138
181392624
177173709
172958421
168711870
164504327
160263364
156023737
151805842
147586468
143330639
139140361
134874986
130633619
126415685
122232576
117971670
113742797
109478427
105193783
100986834
96782746
92514887
88321143
84097313
79832568
75636365
71415437
67152230
62977543
58751850
54472040
50265426
46061707
41800382
37628904
33330128
29114748
24861673
20681091
16345413
12122867
7899598
3622096
247649813
243403652
239247948
235024356
230804976
226526923
222294273
218040411
213806674
209598248
205383648
201135807
196971130
192780359
188516815
184270575
180038859
175781090
171559015
167346606
163092993
158850161
154622718
150347303
146160544
141940243
137654523
133460471
129282511
125033919
120859481
116623312
112402576
108202508
104038676
99811778
95622573
91414870
87196898
83018056
78831199
74629066
70414200
66199661
61962473
57742696
53535418
49305274
45103102
40901738
36639206
32409984
28187392
23943756
19749848
15559935
11322087
7150979
2930578
246972527
242741915
238593629
234376487
230130269
225872000
221673169
217434952
213257320
209060307
204835146
200648161
196441170
192214065
188072249
183845112
179604727
175397130
171215079
166984617
162799219
158622734
154411207
150235525
146085820
141887020
137733368
133606916
129336598
125192275
120937771
116719792
112491047
108249515
103970350
99798318
95628947
91432250
87263901
83041637
78780270
74583694
70340772
66089355
61866866
57651540
53414621
49225249
45079423
40817221
36638795
32431472
28205482
24071660
19845914
15624838
11463311
7264741
3037922
247146342
242937887
238794308
234598109
230370323
226217478
221980056
217737395
213582866
209437513
205217460
200987729
196801636
192579863
188412987
184228641
180016825
175837419
171670565
167465832
163285124
159118064
154911148
150721417
146545520
142344828
138182699
133985342
129805792
125560858
121353738
117113225
112883728
108660721
104403057
100172579
95934196
91685910
87467328
83256832
78996325
74766087
70547255
66303900
62086988
57842758
53602414
49352311
45161909
40958668
36791227
32622111
28421239
24271799
20107979
15902163
11779462
7583256
3381086
247768833
243493491
239263886
235085361
230872420
226717926
222523578
218310820
214206676
210025066
205778205
201621298
197478365
193281889
189137972
184975549
180781434
176606495
172436753
168233265
164051174
159877817
155684820
151517495
147348227
143153045
138972641
134800498
130602304
126437493
122261387
118064781
113903188
109739941
105537819
101378513
97233385
93040851
88893128
84735928
80538198
76382930
72236553
68042973
63885675
59718338
55527786
51365161
47202779
42986564
38806463
34595060
30313534
26138438
21957092
17752756
13545099
9353193
5136070
249372774
245170625
240960767
236830512
232611483
228452575
224275187
220106724
215829795
211622070
207344942
203145321
198912297
194643829
190428751
186203226
181943375
177711934
173471539
169207044
164973687
160748722
156481437
152249398
148006861
143738303
139516319
135287670
131029086
126781915
122563379
118293659
114069502
109824446
105567919
101334130
97133069
92880333
88660265
84423300
80168625
75943165
71758545
67538455
63341059
59092773
54845452
50635427
46401561
42147801
37967543
33745703
29492109
25269558
21044368
16796044
12608215
8396430
4194594
248415428
244165856
239984756
235788806
231604296
227378886
223190908
218947597
214761702
210564624
206339502
202161659
197977324
193773139
189615931
185454413
181248622
177076733
172900229
168696998
164557655
160360565
156117537
151916192
147702239
143436899
139214426
135011446
130745313
126489752
122231989
117968693
113764907
109472569
105245615
100981003
96784113
92560904
88304165
84076993
79949499
75702755
71498083
67266699
63010224
58797327
54572185
50297879
46090447
41866804
37595644
33359223
29137061
24918954
20648593
16436674
12151810
7933376
3698383
247833639
243592144
239390429
235175079
230939499
226752975
222584611
218329761
214183918
209999518
205786401
201606486
197429928
193201240
189006947
184817380
180566458
176372546
172216006
167972810
163823489
159579011
155343304
151156653
146958313
142742247
138559461
134369695
130145520
125946731
121762575
117507644
113292422
109078278
104823342
100619060
96418615
92154263
87949183
83713933
79493736
75256976
71029320
66763932
62569417
58364441
54114914
49924997
45720278
41476108
37280779
33066276
28824479
24635395
20430355
16174131
11975821
7775503
3514353
247430824
243181426
238939810
234726755
230479463
226269737
222063243
217822958
213682491
209409984
205154549
200955733
196749047
192555187
188320605
184108301
179880430
175666417
171446829
167244947
163052283
158798636
154589258
150373140
146117607
141928147
137739128
133509632
129328458
125146363
120936544
116739705
112521643
108255077
104036815
99801562
95585419
91354796
87173864
82942518
78683807
74460092
70254046
65976377
61750298
57565303
53328624
49150947
45024866
40795251
36602997
32419650
28244489
24074808
19883061
15658531
11477534
7301417
3084986
247134376
242915972
238764799
234601566
230391573
226196841
222004010
217770719
213542317
209370440
205169488
201009115
196824125
192600735
188425046
184233852
180030762
175807227
171610091
167387712
163196131
158985679
154788307
150561936
146384947
142107828
137900078
133704931
129466855
125273277
120963506
116684633
112456445
108263958
104006168
99808410
95590867
91340220
87118235
82914562
78652576
74443492
70225873
65967602
61770984
57544037
53284740
49107065
44886768
40635094
36413645
32197756
27943521
23727198
19492282
15263562
11059664
6873140
2604963
246658977
242459989
238230669
234007986
229752116
225534800
221318651
217057087
212913740
208771975
204510486
200290676
196059911
191801494
187605441
183376284
179127682
174908633
170658455
166394736
162214070
158051314
153799029
149607823
145419704
141202474
137017199
132861663
128664858
124486091
120292224
116060847
111874070
107695116
103474973
99323669
95088446
90804792
86618773
82398678
78174453
73982961
69831267
65610991
61429334
57194015
52977310
48794122
44590981
40347595
36146670
31934882
27729961
23482911
19226981
14966807
10808542
6568628
2338228
246590574
242370598
238140203
233969984
229741901
225571118
221418268
217165840
212981464
208790738
204581097
200359770
196137153
191867498
187681574
183500301
179272908
175083790
170876960
166655171
162459926
158274383
154053511
149879670
145692514
141522134
137286842
133112544
128888973
124711558
120482281
116209199
111985772
107756161
103497711
99274423
95061940
90805256
86587753
82656749
78497786
74335008
70165355
65952703
61709586
57484310
54379733
50140996
45891291
41647187
37382439
33142432
28921556
24683685
20466987
16295719
12109031
7877309
3723908
246270848
242029593
237843721
233643957
229433502
225276718
221078447
216896258
212673890
208501743
204304376
200091133
195923361
191700763
187498351
183325819
179097228
174915569
170713277
166487815
162298416
158114916
153893164
149691407
145507559
141288219
137099614
132911708
128668264
124534175
120313803
116097692
111886916
107688742
103466537
99259289
95102290
90890159
86719550
82545745
78308677
74113183
69939680
65711100
61537095
57354347
53120116
48927793
44698299
40458793
36324544
32178436
27986131
23817218
19656750
15432735
11277398
7096930
2879498
246941284
242739065
238578228
234380278
230147549
225950547
221749404
217524660
213400236
209227086
205006391
200825085
196656918
192429768
188273438
184111180
179907419
175728577
171540828
167343365
163151201
158951197
154724301
150596959
146354753
142136078
137936974
133755738
129533409
125404916
121130977
116752553
112531115
108317769
104066456
99847584
95665254
91395040
87131446
82906255
78667818
74444018
70180611
65924256
61715126
57475408
53252769
49029447
44806867
40554550
36326287
32125674
27909425
23652371
19412362
15139015
10923069
6696054
2418219
246479639
242237510
238043934
233809704
229573134
225365256
221193473
216952908
212808173
208651250
204465140
200293160
196067799
191830047
187616176
183449278
179222242
175038474
170839509
166643495
162483492
158314361
154152808
149948960
145770724
141594156
137383598
133212501
129043100
124832242
120646573
116490229
112281766
108123756
103935710
99727414
95556076
91375000
87165947
83031386
78805853
74556909
70347818
66119898
61855093
57638481
53385911
49122626
44905791
40688882
36427239
32195081
28003821
23731876
19535257
15371676
11055142
6848958
2621669
246547768
242324308
238106053
233844220
229566434
225324176
221145912
216963622
212835277
208667472
204464082
200273564
196083148
191884988
187755320
183584192
179381950
175222987
171048114
166874548
162669426
158506540
154297284
150128806
145959894
141747006
137578015
133426689
129224104
125071187
120885688
116602662
112387859
108170961
103883585
99653424
95432266
91169940
86941534
82726641
78462769
74241071
70025363
65797663
61567613
57335500
53069580
48865878
44637759
40358679
36128618
31928352
27648636
23434081
19173385
14923457
10678951
6448699
2182397
246300894
242058007
237859573
233649798
229358411
225130918
220976638
216650429
212507547
208359792
204117734
199926387
195725212
191506560
187348004
183192923
178980337
174788152
170661440
166434288
162276299
158114418
153885355
149722080
145543876
141285885
137048935
132819831
128549335
124310223
120090945
115819317
111579503
107352992
103103125
98922383
94663658
90449688
86210156
81946785
77718286
73499639
69233631
65007565
60767464
56505843
52278195
48049632
43802835
39627820
35493190
31269749
27063122
22851599
18630204
14446359
10295692
6033828
249991179
245771713
241612802
237436184
233203090
229029157
224849311
220653328
216475545
212382204
208148825
203978062
199793271
195570169
191410731
187218002
182992384
178801773
174627578
170409430
166223448
162023869
157804746
153654175
149400006
145178456
140984776
136790543
132617692
128373540
124210745
119969076
115756188
111547713
107289361
103055648
98843840
94608204
90380594
86151126
81895367
77696565
73536586
69299871
65100180
60904464
56648164
52435731
48228928
43989580
39811647
35630845
31418103
27217057
23070614
18780579
14569689
10371945
6122873
249862722
245624194
241467016
237281843
232995512
228809275
224602077
220355656
216201175
212044061
207853496
203700444
199498742
195278190
191098016
186906476
182686030
178516954
174326436
170122735
165939614
161746360
157536360
153355722
149193597
144995748
140850371
136688389
132467481
128234917
123985460
119707159
115474445
111298593
107018268
102778999
98514712
94234922
89976306
85740443
81517538
77327570
73138226
68962622
64777544
60548051
56293397
52127696
47959749
43708000
39489693
35287358
31089512
26905302
22746574
18556984
14404591
10244777
6046615
1876393
246176729
241930921
237732164
233555309
229378849
225111912
221014051
216794057
212639062
208474149
204282902
200098803
195934098
191764311
187588395
183405508
179231393
175042169
170889424
166674374
162508155
158375720
154143449
150024219
145830456
141627921
137427066
133271768
129074192
124915834
120738331
116479633
112256644
108015097
103774908
99530580
95282699
91019801
86785658
82564543
78301076
74056215
69823120
65575204
61335151
57134132
52860564
48611201
44388614
40136239
35924509
31723732
27482488
23266706
19069152
14781617
10595061
6396608
2147189
246194891
241914939
237716652
233482379
229216725
224998846
220752565
216544588
212402401
208200614
203959306
199761127
195555592
191303257
187079295
182848563
178580928
174358504
170200791
165939516
161705572
157468176
153187874
148987463
144735616
140469096
136219303
131994389
127710895
123516906
119283136
114997073
110788047
106563278
102316049
98107157
93886575
89633111
85411335
81188783
76967622
72779825
68492152
64256338
60008773
55763673
51535071
47297475
43052170
38805671
34574129
30315039
26086457
21907881
17649143
13455055
9253652
4983450
248981384
244701936
240527350
236302184
232059534
227887266
223701792
219463714
215312109
211111453
206904492
202677084
198477494
194251422
190058451
185857156
181630515
177451329
173291962
169007317
164811367
160593458
156364242
152147705
147981007
143766620
139558896
135358856
131130957
126926581
122726778
118413287
114191001
109974870
105720779
101538658
97330144
93066970
88857310
84633269
80363136
76102167
71893298
67629341
63422140
59240979
55013775
50827964
46669386
42444951
38234036
34039016
29772502
25563425
21366641
17128261
12995200
8772153
4578871
248637918
244418957
240276112
236067242
231840935
227706054
223492635
219277830
215154102
210942202
206724393
202466824
198249681
194060261
189837580
185641246
181433794
177205802
173032088
168881072
164686474
160555521
156362949
152136325
147967144
143762450
139506618
135275311
131097239
126843117
122642689
118440352
114182496
109968509
105756014
101501205
97297006
93058843
88795581
84600781
80394298
76137811
71922725
67700422
63460635
59247860
55045267
50769531
46534673
42327348
38068779
33887375
29676662
25427612
21207608
17018402
12776617
8590746
4380821
248170805
243918232
239722559
235522169
231284509
227063531
222837647
218579253
214403398
210226857
205924318
201707891
197535858
193294988
189121362
184887074
180631411
176425228
172194450
167909113
163700773
159464261
155222131
150995267
146741851
142463684
138282027
134023407
129755238
125503906
121298299
117049665
112832744
108606262
104348296
100116838
95933652
91668258
87471201
83227650
78982798
74755547
70536766
66290235
62021673
57789103
53521188
49284839
45046731
40777107
36545610
32329983
28069112
23843979
19623383
15355536
11154450
6914599
2646410
246756540
242497905
238331366
234061109
229824086
225597773
221395223
217111137
212885025
208690370
204422621
200201030
196021066
191774373
187571232
183362043
179111273
174899766
170656127
166394666
162189636
157965611
153718660
149545355
145334150
141099031
136918295
132756693
128566819
124344874
120116468
115821362
111639744
107414091
103155651
98963619
94760516
90499621
86239498
82023663
77781716
73546017
69344579
65056369
60831849
56580275
52312795
48098498
43881038
39643633
35433491
31219315
26977105
22757457
18570784
14323415
10111159
5912266
249923335
245681230
241464425
237298394
233045991
228804469
224611659
220364725
216185521
212000158
207772668
203565294
199341278
195091307
190905440
186695737
182436478
178219876
174049615
169801040
165619367
161417317
157158851
152953261
148733556
144505739
140306987
136170710
131919187
127767968
123575999
119315134
115138635
110940382
106697860
102498592
98306694
94147744
89891725
85705094
81526437
77277376
73118188
68908182
64634060
60431187
56232732
51959278
47762267
43542553
39269215
35070559
30806912
26539300
22311473
18078334
13831337
9630971
5427077
248941214
244739500
240550032
236387015
232102756
227861512
223648993
219394070
215182958
211035259
206799402
202593485
198469732
194195353
190042196
185831532
181574678
177368218
173193258
168965348
164797242
160541568
156301343
152105444
147927813
143667803
139499635
135309833
131047090
126935055
122738678
118496490
114272451
110067606
105820929
101589805
97310538
93089273
88856717
84633994
80428001
76283482
72086817
67914385
63703190
59473973
55312349
51123999
46883210
42689669
38499393
34254039
30121396
25902212
21671246
17457323
13255862
9011371
4808343
248453127
244236075
240042943
235881100
231641134
227447907
223241532
219006012
214850324
210710858
206517094
202352180
198135348
193922783
189755829
185582867
181370400
177229336
173025543
168807958
164617023
160425762
156207201
151999869
147783385
143554499
139396009
135239848
131020079
126834525
122683390
118434899
114230007
109996136
105740408
101516700
97295859
93053490
88848645
84657434
80411329
76221607
72031212
67778164
63579260
59359405
55104015
50892383
46667071
42447234
38222879
33990315
29733970
25513228
21290216
17038885
12823510
8581506
4324567
248377108
244199143
240036906
235821252
231579233
227331800
223097959
218855938
214680831
210501504
206291840
202111036
197875352
193641463
189404334
185188712
180934773
176733710
172507372
168254740
164048569
159891715
155645899
151452476
147260555
142999900
138764759
134575808
130346983
126146814
121943518
117668438
113462032
109208890
104958251
100703806
96494717
92227430
88025971
83817492
79561253
75315301
71095257
66828634
62609513
58379386
54126097
