2542165
101352809
97084925
92788527
88597781
84326572
80121734
75892133
71626498
67377500
63141995
58886166
54684240
50479446
46219406
42004719
37782387
33531631
29330220
25139252
20906232
16712916
12504732
8329487
4180304
249314140
245094406
240935094
236697050
232452934
228225159
224040519
219858211
215700088
211579385
207393625
203218424
199064866
194878245
190744737
186597046
182410234
178275411
174140494
169955197
165797182
161604929
157391044
153210649
149026630
144821980
140679255
136492612
132328892
128128820
123949187
119757912
115554847
111387557
107200538
102999568
98825104
94666156
90463403
86300728
82113577
77867331
73658958
69412868
65151966
60912244
56711850
52442571
48229213
43945893
39698876
35451473
31189316
26917413
22680798
18453474
14181170
9951900
5732377
250085060
245877607
241716298
237545641
233291602
229122819
224964855
220762181
216548959
212387674
208191863
204034503
199857068
195673929
191534620
187388285
183259914
179082586
174949391
170769982
166574044
162428409
158269674
154085241
149933171
145740559
141537790
137372234
133218813
129004803
124797819
120590552
116362733
112153237
107956274
103735452
99540345
95359310
91121544
86923924
82760377
78539583
74359788
70180134
65955054
61766508
57560982
53334803
49123725
44912733
40657456
36487881
32221820
27965659
23715801
19515722
15273044
11038060
6875009
2699771
246998639
242820467
238666182
234527074
230348380
226210836
222050077
217866606
213693421
209555362
205368343
201246930
197111066
192938856
188790495
184658220
180483176
176334888
172182960
168021089
163899287
159789587
155635035
151505370
147360341
143199093
139061152
134929451
130768567
126647972
122513043
118348820
114204241
110060737
105893689
101749460
97607993
93429722
89280772
85141429
80978949
76835330
72696869
68531882
64402350
60264662
56098638
51976628
47828712
43666362
39518013
35395846
31233208
27086769
22940679
18737374
14634329
10486553
6323417
2194344
246717278
242557459
238437087
234304548
230141623
226007669
221867874
217648878
213462303
209297009
205066136
200902790
196776938
192573547
188416862
184253850
180050242
175883936
171711023
167514161
163360516
159179517
154974084
150806330
146610619
142408962
138244831
134097488
129898867
125734898
121541127
117346389
113161813
108986968
104791014
100648809
96487192
92287303
88113104
83938578
79731996
75588009
71422513
67217856
63030872
58863083
54656069
50513890
46349163
42139423
37968824
33835390
29637494
25488754
21262910
17048014
12859493
8663586
4456757
248681309
244475582
240401932
236247516
232026815
227857567
223707895
219493069
215315059
211135923
206911152
202735758
198554597
194331566
190195220
186008879
181778073
177567479
173369699
169136133
164962151
160792294
156583080
152413024
148226920
144008699
139825176
135634735
131388963
127202044
122994108
118781598
114585697
110377718
106149010
101956578
97750497
93520521
89334727
85133708
80895845
76718997
72522538
68307410
64093986
59896710
55669422
51439154
47189585
42915240
38666891
34443481
30139802
25904583
21661938
17365503
13138395
8893992
4663255
248671282
244412189
240245050
236048929
231817401
227619559
223401240
219184673
214985274
210794747
206568179
202392433
198197267
193973612
189789434
185621647
181392966
177198923
173004072
168764591
164570953
160353184
156116768
151922816
147715458
143482777
139252450
135059131
130819921
126597163
122392132
118132050
113950413
109732237
105496906
101251948
97028513
92785819
88553087
84343705
80077381
75866709
71676208
67440989
63252483
59063443
54828479
50621296
46464731
42249789
38075294
33875336
29640033
25459352
21248490
16969225
12749438
8511478
4265974
248422567
244183217
239979441
235787650
231570815
227373394
223161199
218930677
214717244
210520782
206303150
202121170
197923765
193686531
189478112
185265012
181023081
176793212
172605326
168357084
164159866
159944559
155709043
151485267
147290262
143042468
138828346
134607831
130344418
126148164
121913618
117657030
113453537
109247153
104988818
100779464
96577343
92328786
88121306
83914245
79664718
75436514
71173034
66944097
62715411
58481091
54231191
49974924
45687774
41408655
37175256
32917954
28640180
24356879
20111522
15816645
11564982
7343390
3110177
247683868
243468582
239292589
235100633
230886147
226701042
222511963
218266103
214074439
209873497
205648313
201443197
197255563
193017051
188806183
184617358
180396890
176210317
171944022
167698673
163525607
159343992
155131137
150950146
146763195
142536731
138350037
134165136
129948309
125794756
121605545
117402905
113216288
109036305
104827747
100648727
96465862
92264648
88089197
83906289
79699276
75510217
71344040
67140936
62980699
58795940
54579501
50408476
46217358
42000882
37830186
33632323
29414614
25230237
20995784
16736820
12513790
8288587
4050935
248393436
244160223
239985244
235786883
231566057
227378156
223184759
218946555
214728629
210528084
206291712
202117302
197915385
193717468
189521337
185327400
181091558
176867404
172669062
168430975
164240122
160038654
155806257
151607623
147387712
143158347
138954595
134742230
130531728
126294495
122089074
117885522
113663355
109461863
105260154
101025830
96818191
92607092
88312242
84079381
79878504
75634796
71375239
67147770
62913013
58694746
54489524
50221128
46026802
41801175
37578527
33354532
29151611
24897431
20681773
16492120
12262582
8058536
3837708
248251661
244016115
239781593
235571468
231332894
227156917
222963206
218723604
214569914
210373950
206142848
201972973
197760313
193560430
189369934
185184483
180950151
176755730
172564477
168340901
164142314
159923854
155697801
151483119
147255460
143038846
138832537
134632274
130395272
126195447
121977580
117753120
113530116
109326288
105087344
100869154
96681237
92456897
88258067
84064186
79835123
75635655
71416541
67194301
63013399
58822058
54595402
50390840
46185467
41954779
37769091
33549529
29303955
25089177
20867431
16608007
12380099
8115872
3916068
248412901
244184817
239988000
235763756
231529075
227333018
223125642
218907825
214722420
210523240
206293381
202078336
197901684
193705167
189531018
185351506
181120435
176918465
172723725
168491154
164274465
160065553
155837706
151634900
147424630
143165752
138946090
134739947
130514674
126291595
122074128
117845397
113619116
109424435
105161682
100931037
96697628
92420517
88212796
84001284
79738214
75534872
71297775
67032700
62827649
58601617
54337292
50111177
45885140
41610736
37441180
33205127
28958903
24701465
20489628
16234950
12047983
7805938
3560456
248184240
243927691
239695740
235541600
231326782
227154111
222964896
218746893
214558458
210378922
206147966
201968952
197834819
193626989
189457897
185283866
181069853
176886814
172717397
168511483
164331394
160144652
155935812
151728406
147513479
143292830
139092037
134914720
130693652
126510095
122321742
118107534
113916832
109725681
105510794
101342304
97145797
92928461
88727045
84532598
80305328
76121193
71951325
67725184
63548547
59357482
55137471
50935859
46744245
42520892
38336821
34156465
29921825
25737216
21544013
17292168
13060071
8871339
4615321
248983776
244748833
240548426
236330907
232101745
227876864
223682086
219439579
215234948
211024904
206785846
202598653
198405539
194147261
189949546
185775267
181557553
177344242
173146996
168916603
164711956
160497212
156264048
152045202
147833700
143610833
139401657
135197866
130906759
126685186
122460577
118237607
114019242
109806077
105569302
101321928
97112776
92889081
88678366
84456531
80230459
76012301
71830937
67593749
63404711
59198582
54963766
50721450
46501887
42234421
38040889
33812818
29552850
25343836
21164165
16932166
12739739
8539235
4301451
248762697
244547349
240359493
236158105
231905790
227679984
223512485
219285801
215073197
210886151
206644305
202416369
198234563
194017875
189846061
185652636
181441609
177243448
173040200
168810596
164633098
160431239
156212022
152005980
147807862
143584294
139380308
135192146
130964183
126793947
122593933
118362378
114160293
109945021
105707360
101520154
97334659
93095640
88913358
84723721
80475546
76291648
72092013
67861911
63646872
59462220
55239232
51035275
46826640
42607241
38408396
34213492
29959572
25708678
21475162
17212626
13002338
8755178
4514744
248931045
244699471
240526030
236344207
232034811
227828203
223614543
219391490
215202330
210997747
206767688
202574958
198383664
194128788
189871393
185638483
181437166
177174952
172939070
168686938
164465530
160248890
156039677
151785985
147556667
143294945
139085555
134850965
130596527
126378907
122165625
117900369
113686644
109441422
105197122
100946850
96713887
92442111
88220634
84032469
79780091
75583544
71357902
67108868
62889339
58679159
54405228
50177365
45940870
41673391
37441826
33188855
28951648
24671781
20416680
16188117
12020164
7746790
3508678
247811102
243545476
239326140
235113867
230898983
226622757
222388941
218202541
213961769
209753120
205466344
201264886
197090648
192797265
188566876
184373011
180140595
175922157
171718814
167486725
163293734
159078983
154837032
150644939
146436598
142224834
137965641
133775307
129537604
125331506
121116329
116889260
112702423
108480524
104270695
100047629
95839597
91609833
87444128
83187420
78949181
74735746
70525624
66275293
62091253
57867479
53645169
49444092
45241262
40998361
36767802
32573511
28333974
24104650
19904771
15634331
11410479
7176623
2922732
247473705
243232532
239018865
234798744
230556943
226337521
222094197
217852048
213627727
209416632
205171563
200920626
196691269
192430133
188220198
183978785
179730387
175490013
171241573
166984311
162747443
158506274
154271197
150055176
145841204
141593391
137370907
133150293
128934786
124712315
120478416
116201033
111954610
107745567
103470776
99260478
95019854
90775242
86568834
82324186
78079045
73842810
69615125
65351913
61115199
56923987
52672522
48417675
44227485
39948648
35724782
31508589
27230274
23004651
18793401
14538055
10290126
6079062
1800548
246319316
242054731
237831150
233579931
229313448
225095858
220858836
216606509
212422278
208142646
203878727
199654410
195423158
191169840
186898543
182727489
178454434
174213340
170008161
165741638
161509901
157249055
153007049
148805352
144564787
140299379
136053595
131804920
127542162
123312273
119064455
114803715
110679384
106630492
102434227
98577320
95397361
91164898
86950422
82695997
78424196
74202754
69932634
65720146
61476284
57206600
52963336
48720773
44480949
40253804
36024145
31767521
27545241
23340693
19070419
14841768
10607690
6354227
248973455
244710229
240514563
236249673
231984573
227770487
223526084
219252693
215017397
210807836
206607875
202387288
198167915
193932299
189739730
185527798
181257388
177030561
172780222
168488933
164239548
160010919
155740145
151542861
147314412
143067616
138821488
134595698
130327622
126100466
121867856
117616991
113382050
109116205
104865447
100583228
96359822
92092883
87843148
83615746
79346793
75145161
70938081
66667010
62461553
58249546
54003757
49806295
45605420
41375405
37154667
32953053
28725418
24548920
20358942
16112274
11946082
7762910
3585558
247822095
243620392
239425610
235210519
230950640
226713347
222490947
218251792
214012121
209799862
205562464
201349365
197143104
192913493
188745201
184531847
180285923
176058861
171840248
167639990
163414700
159160546
154925063
150730823
146508132
142259410
138043607
133835265
129627113
125378434
121150403
116889624
112633606
108406706
104135936
99900149
95676927
91454174
87224445
82992513
78738214
74548165
70342299
66119788
61923688
57735579
53534563
49367941
45199144
40986567
36809982
32604610
28385706
24207906
20021503
15783900
11557064
7330956
3078460
247668340
243452401
239236487
235016986
230764984
226553013
222332721
218074644
213845021
209667381
205437996
201274933
196972021
192749662
188541906
184324581
180063503
175848909
171624791
167381027
163198925
159006445
154762781
150573010
146337340
142112082
137912607
133696531
129437980
125241496
121034763
116823014
112625983
108352421
104156490
99921853
95737884
91494504
87226222
83010805
78767187
74566112
70371019
66132466
61948316
57758560
53527605
49348985
45115994
40831939
36618259
32401180
28206670
24006495
19800335
15589658
11395697
7189439
2975942
247149670
242923453
238728470
234552003
230314894
226100703
221913882
217665065
213454202
209256045
205026312
200838895
196658803
192463583
188254465
184118118
179869542
175649398
171447719
167206186
163002893
158784788
154553363
150335556
146121940
141891207
137687725
133482138
129254580
125085980
120918727
116686831
112408183
108184478
103963451
99759601
95608638
91381835
87194058
83010285
78798236
74596127
70387136
66183221
62002619
57820354
53617734
49448865
45286543
41087319
36907983
32750558
28531932
24356890
20143196
15917779
11725100
7557771
3306988
247507915
243256195
239086839
234884264
230617126
226427624
222226448
217989853
213773374
209585535
205371971
201132441
196916196
192694612
188549212
184373153
180152164
175959394
171771607
167563915
163371470
159217239
155009607
150816652
146614122
142394429
138169420
133969058
129751604
125526480
121279282
117055375
112865730
108679452
104443305
100249052
96025628
91773428
87534307
83302828
79044800
74862726
70627026
66410753
62215111
58017754
53796427
49590139
45395602
41175272
37000625
32830884
28619689
24435969
20238600
16027727
11849305
7653776
3431002
247849676
243643581
239458952
235270581
231046026
226835408
222638121
218408852
214195982
210015722
205798085
201592493
197396802
193209452
189061443
184925336
180681301
176516760
172315613
168046550
163851621
159619661
155374996
151148225
146934733
142679413
138485529
134267199
130060592
125822064
121605119
117365355
113151667
108929627
104690867
100497401
96276695
92034852
87815148
83590938
79327438
75115307
70895584
66649036
62427486
58205834
53961213
49786349
45561833
41319441
37100841
32878938
28639182
24409399
20196390
15951040
11750449
7522773
3268143
247524403
243304741
239097278
234870233
230611297
226379058
222166105
217933153
213711479
209490391
205239352
201000813
196784120
192527732
188301036
184132979
179803227
175594719
171374845
167125350
162910886
158682184
154419884
150166833
145925439
141655779
137440901
133204798
128944571
124700308
120478089
116240464
112019068
107784970
103531061
99293781
95060696
90798071
86608784
82326764
78075436
73823313
69596024
65345180
61124528
56892313
52629520
48410983
44149824
39911638
35715038
31529762
27279346
23050308
18826587
14581256
10416154
6185805
1937412
246303904
242034467
237793866
233565229
229312578
225084019
220878919
216623543
212458040
208233201
203980294
199735326
195514881
191263007
187033052
182830883
178588204
174395764
170152781
165920063
161714250
157508026
153275209
149039168
144853470
140619000
136407883
132200872
127940715
123739053
119520911
115286504
111089668
106878299
102653749
98472576
94234214
90009965
85789912
81600124
77363892
73159665
68953043
64711963
60478472
56321678
52023972
47848651
43638457
39399649
35238657
31100246
26830517
22641285
18418290
14165140
9931014
5690961
249912519
245648292
241440318
237247381
232936471
228714846
224482167
220224515
216024278
211794920
207551763
203329183
199110604
194872532
190642016
186445218
182187028
177966212
173749152
169494765
165278211
161054395
156792298
152557066
148331539
144076262
139834851
135613518
131327185
127090302
122853862
118597880
114345348
110106393
105801102
101538492
97299066
93033758
88816857
84566069
80305734
76047200
71844222
67583839
63410673
59153546
54909774
50714114
46409710
42148226
37915835
33697425
29438112
25206707
20965051
16713368
12482183
8242093
3943162
248358313
244129026
239981496
235782366
231536792
227353628
223101760
218833522
214643781
210462737
206281458
202103638
197882175
193740593
189531741
185316277
181167822
176957114
172775358
168583048
164444124
160196551
155990093
151798126
147581081
143386420
139163773
134909833
130701588
126486348
122258035
118030692
113832222
109623433
105374846
101166367
96929964
92711629
88487298
84230246
80032711
75852929
71569549
67360562
63158920
58921163
54807669
50614529
46388856
42171785
37961994
33725760
29532775
25326251
21084267
16885999
12660720
8441517
4215173
248260818
244032073
239856617
235682988
231451706
227234597
223026588
218785977
214576034
210450344
206242881
202064506
197886875
193665866
189489211
185306820
181068955
176851019
172629365
168373519
164171514
159965385
155709785
151545634
147243124
143038640
138818547
134601889
130343287
126144869
121961827
117717699
113541403
109343094
105134644
100914372
96650360
92389403
88190095
83976048
79791528
75581556
71325305
67084160
62844545
58629797
54388739
50226474
46034625
41773061
37486180
33261595
29013496
24802331
20557054
16299306
12073509
7843472
3591480
247424020
243177806
238991748
234773175
230529405
226331072
222111242
217875041
213661053
209409530
205167639
200974013
196760937
192518086
188308394
184080860
179806035
175574488
171367325
167119933
162913091
158701043
154456167
150236077
146009481
141790407
137623727
133362199
129182323
125006908
120689524
116472561
112248178
107997806
103782706
99571603
95323092
91099488
86928265
82721317
78486169
74292466
70043876
65820183
61576129
57312982
53067132
48844597
44564493
40338980
36119718
31836734
27604060
23396752
19009070
14773629
10557434
6305564
2091495
246183864
241939090
237691878
233467862
229216468
224998711
220847686
216580568
212337150
208125155
203888247
199695374
195471183
191233839
187030396
182806492
178549903
174323512
170150781
165877890
161659318
157430694
153186219
148974282
144778717
140519021
136311292
132094489
127850653
123642127
119427499
115230267
111005221
106814940
102571237
98374727
94202894
89913883
85702983
81479032
77237819
73003184
68793350
64565866
60376939
56180153
51912972
47733121
43563391
39344972
35194601
31013745
26806735
22626002
18423832
14158428
9960012
5775127
249870563
245637560
241452401
237293752
232999461
228754682
224529680
220285669
216105170
211853682
207595082
203369814
199153456
194909397
190744007
186545372
182318200
178102797
173896793
169669396
165501085
161256123
157031394
152849860
148651778
144436816
140278519
136043696
131856912
127622180
123422625
119230194
114968864
110737978
106485191
102295809
98111891
93874479
89684877
85484530
81240518
77057283
72876916
68660426
64487766
60273799
56070215
51907561
47739227
43532630
39346759
35146095
30908049
26711916
22489153
18266566
14072892
9893050
5686527
250072412
245852346
241679223
237470454
233207145
229005010
224758032
220494995
216265881
212059178
207819882
203602590
199397015
195204230
191066303
186936241
182770118
178623519
174464667
170302500
166168364
162026818
157867924
153725727
149586795
145415778
141277957
137133235
132961887
128807407
124660436
120485809
116332879
112150328
107970933
103793930
99573011
95359378
91179357
87032574
82840891
78690919
74542290
70341739
66182620
62033956
57819350
53689694
49536858
45348126
41143926
36927393
32664928
28459659
24223829
19968159
15769912
11559868
7294178
3087475
247433009
243172130
238964279
234706648
230445990
226208363
221974428
217729978
213505470
209239435
205052432
200797105
196561010
192395745
188166198
183904441
179691165
175448572
171184927
166960323
162733993
158444642
154159230
149930960
145675912
141453216
137238194
132990259
128806425
124606351
120379062
116150130
111931351
107681192
103458505
99266656
95039977
90839118
86597075
82342467
78121848
73893158
69666996
65458709
61244960
56988806
52772405
48585731
44330434
40107337
35874617
31598718
27397947
23191846
18816423
14566758
10357745
6121781
1927314
246216716
241993146
237788364
233594025
229377272
225214821
220954959
216735141
212494798
208343886
204119221
199923417
195758915
191535465
187360834
183200681
178992268
174772989
170569175
166369037
162194264
158019782
153847815
149641192
145417292
141202586
136999078
132816111
128608038
124433206
120278617
116122375
111840118
107607948
103319284
99092962
94853570
90650856
86382540
82142707
77867843
73628746
69450047
65167507
60908159
56736601
52432659
48204068
43970912
39708602
35476062
31219347
26945866
22753658
18551625
14347251
10196684
5992331
1787483
246397317
242193724
237985019
233842879
229608090
225443631
221330993
217029816
212853447
208671855
204471802
200331353
196186424
191902648
187699688
183513358
179267859
175034891
170844319
166639814
162463479
158308950
154075059
149900737
145720277
141508740
137358632
133177309
128972091
124774911
120592543
116394580
112229101
108071672
103882199
99709588
95527191
91318894
87140631
83002567
78797598
74639797
70486887
66279433
62116111
57931740
53721368
49554505
45382958
41181614
37027036
32799566
28594804
24420024
20251333
16009818
11816907
7577408
3316082
247586974
243348649
239137950
234919720
230666988
226454069
222213613
217969449
213789662
209572886
205322546
201086962
196858615
192602509
188371272
184150460
179890058
175690683
171488940
167241083
162997847
158762945
154523327
150306129
146076436
141823228
137603686
133370469
129121406
124921290
120680104
116414721
112154105
107940542
103713441
99471251
95260714
91006370
86748074
82559968
78335089
74071575
69849878
65639104
61387858
57163734
52942228
48689969
44499093
40294635
36060011
31861920
27635316
23395150
19144831
14918888
10655014
6415025
2137173
246453610
242193295
237984813
233732366
229521774
225261575
221030256
216759296
212538108
208318352
204050799
199838061
195629617
191403583
187222877
183008696
178741907
174505867
170257233
165979699
161729902
157541545
153254806
149013332
144782861
140507219
136270266
132041235
127778061
123580639
119404430
115125037
110913012
106675506
102424506
98175844
93949906
89665104
85431918
81184357
76919324
72667738
68446707
64178750
59941369
55714443
51466623
47253478
43042390
38810925
34589647
30358783
26078452
21850387
17640235
13364632
9140269
4910386
249104954
244855245
240651857
236431561
232150531
227940602
223680555
219436608
215224446
211050661
206730560
202519455
198299308
194025007
189804045
185621765
181297140
177077765
172890360
168591123
164344795
160131954
155874775
151661191
147416326
143148651
138924645
134671216
130374449
126158575
121898386
117688673
113385093
109164963
104915644
100679442
96459200
92216762
88029265
83782428
79504171
75291889
71092513
66878351
62608858
58414968
54153656
49959237
45731408
41479764
37281409
33061756
28815241
24599971
20381261
16134092
11980449
7706250
3468968
247667122
243421570
239170153
235017592
230768869
226534423
222346285
218097577
213902939
209689696
205466075
201261744
197049475
192825252
188658822
184486647
180261357
176071237
171878039
167655545
163453148
159268473
155041261
150838271
146628719
142414524
138206466
134028237
129794691
125581305
121371846
117170274
112955817
108753504
104502266
100303227
96107876
91888391
87680673
83479671
79258215
75082776
70856018
66670462
62435681
58225028
54002835
49817206
45632334
41414771
37232752
33029911
28805310
24598223
20413502
16164688
11951230
7735814
3476989
247822468
243590631
239428510
235264564
230972123
226772550
222600685
218312734
214108614
209903400
205687334
201543197
197342286
193143856
188899402
184671858
180418944
176237715
171952254
167699928
163508156
159194530
154934853
150711920
146475318
142219080
137977598
133811075
129554658
125301459
121125241
116860318
112652857
108448179
104229844
100020119
95807225
91572040
87405898
83192833
78967666
74755219
70551909
66317629
62119225
57918850
53662499
49486810
45290505
41059488
36850676
32615824
28346362
24108644
19894534
15632790
11409317
7180054
2906387
247215439
242970285
238733056
234526734
230263041
226029558
221788649
217555432
213321634
209090440
204842007
200625153
196405587
192144219
187917522
183708810
179458395
175254514
171045606
166781078
162549817
158354689
154103826
149902717
145697665
141441884
137209286
132992746
128741531
124522958
120294377
116056891
111823824
107602503
103341416
99139479
94906442
90658495
86424256
82211067
77970333
73747660
69511282
65258735
60999516
56773955
52513576
48277897
44069681
39810080
35579331
31332211
27092034
22883230
18677534
14410842
10198723
5941838
1683331
246458599
242148516
237944909
233758552
229482298
225307078
221080841
216826525
212596295
208356573
204098012
199892993
195735291
191429812
187270141
183095557
178891560
174738401
170550889
166289023
162088190
157919122
153615528
149376706
145151646
140888448
136657399
132442924
128188867
123980402
119726406
115460622
111255997
107042451
102781211
98535813
94298393
90066958
85873484
81674094
77439195
73242752
69038311
64810466
60617745
56429552
52212481
48498996
44389822
40251486
36013980
32437106
28736198
24551562
20318435
16125802
11887293
7676998
250046385
245815798
241572968
237343186
233068664
228857888
224644476
220382915
216136419
211944223
207694106
203477699
199224312
194979605
190738637
186583091
182313327
178088630
173876498
169627365
165396753
161172097
156939924
152733910
148539084
144294077
140124008
135916477
131683000
127457485
123244440
118976945
114814197
110556964
106325991
102115250
97853601
93647550
89378816
85194721
80923167
76673129
72479278
68232273
63992306
59758059
55506757
51306587
47081795
42809138
38568329
34362781
30101880
25885287
21668962
17408690
13231245
9039259
4819558
249097054
244853606
240647925
236433524
232227326
227973804
223748130
219511034
215278306
211058604
206819993
202657505
198444008
194236151
189972333
185735612
181476262
177283058
173055929
168794244
164569521
160368114
156109814
151899526
147680016
143461571
139271288
135025682
130752302
126530721
122284648
118037443
113782856
109571694
105339097
101137143
96941716
92719322
88539572
84338009
80148069
75935546
71682735
67450145
63245561
59032767
54792442
50573639
46350213
42106440
37885279
33660718
29399987
25170927
20946928
16708412
12497433
8273613
4039146
248637801
244395626
240173461
235939916
231724737
227488166
223255424
218997373
214778260
210551594
206329367
202075507
197830438
193673771
189440598
185301696
181096198
176878528
172631001
168408943
164133291
159903368
155662498
151396475
147166628
142988296
138672295
134447381
130212584
125941506
121686556
117447233
113207962
108981214
104781747
100493088
96277886
92046018
87742026
83534707
79322777
75057833
70868097
66680748
62451615
58255376
54029890
49761677
45532898
41302299
37050476
32819472
28606462
24351234
20116509
15906552
11653560
7440773
3215176
247576598
243372940
239158038
234928771
230668836
226484609
222252703
217978352
213771424
209593939
205280108
201052019
196879524
192577867
188351269
184140197
179890602
175724225
171438051
167186819
163013183
158744071
154494272
150318584
146033305
141778401
137546836
133323488
129073287
124856800
120651405
116394744
112160772
107934074
103726712
99431463
95252736
90953681
86731492
82485926
78216774
73960304
69748235
65478951
61283176
57054264
52802061
48556247
44339072
40070193
35813146
31599583
27332865
23091694
18858467
14629949
10417522
6194702
1982012
246459776
242271613
238035985
233832092
229615235
225418133
221207583
216967409
212758729
208557188
204319602
200112075
195902650
191641315
187472883
183249949
178947371
174733371
170515988
166309593
162111760
157906538
153656110
149430352
145235026
141040461
136827340
132614103
128385605
124161876
119943996
115699027
111485478
107274836
103074886
98871006
94664766
90425072
86202771
81996305
77789793
73589104
69384461
65176791
60961334
56734432
52501203
48309935
44090160
39826570
35635816
31389911
27150234
22939888
18759324
14510806
10306510
6071763
1827961
246272640
242025619
237831994
233672119
229395508
225155751
220913132
216663938
212408446
208175885
203937347
199711559
195492769
191245427
187067419
182893847
178640906
174404872
170180601
165913878
161683845
157438330
153180997
148971714
144725905
140482272
136220684
131988146
127719131
123473787
119266281
115013068
110796753
106564425
102321850
98123617
93866582
89595161
85366133
81131389
76883262
72625411
68423563
64184566
59963690
55734185
51530354
47362053
43152399
38915959
34685231
30450123
26198394
21943979
17758141
13499432
9321497
5140812
249455083
245259097
241081129
236841189
232595281
228379569
224188719
219908346
215733992
211550892
207274716
203084618
198894972
194565102
190343825
186132169
181896333
177686514
173505889
169279224
165071544
160861444
156631075
152423447
148203354
143988529
139779588
135579362
131342750
127116952
122887310
118673585
114418726
110201158
105983654
101783231
97593566
93347718
89082528
84873585
80621047
76410202
72200781
67945633
63738637
59524372
55297174
51084153
46837238
42596281
38368474
34180566
29933312
25740343
21515805
17271092
13070278
8842239
4626657
248807764
244557140
240366008
236137214
231931226
227645562
223424885
219176454
214973340
210725241
206449317
202224546
198009212
193770189
189582148
185354208
181108860
176848826
172610172
168362700
164144818
159872023
155613549
151413038
147215005
142970427
138761789
134580224
130360091
126194081
122010885
117765762
113578272
109363953
105133659
100936254
96784710
92543262
88323449
84118825
79855005
75641831
71474767
67270903
63092276
58915469
54672712
50447849
46255081
42003222
37834460
33644718
29415733
25185172
21019744
16767195
12566170
8373890
4153787
248327866
244117707
239966925
235770456
231548915
227376616
223195877
218970715
214778322
210581112
206354620
202148311
197976951
193719297
189487100
185284067
181071531
176940253
172753381
168565375
164384258
160186267
155983687
151787483
147583509
143358856
139152968
134970779
130734455
126554129
122359387
118131856
113982477
109783428
105488861
101297828
97103456
92881227
88684159
84485221
80257190
76059208
71919283
67696201
63505761
59323294
55151297
50893281
46731423
42507570
38318099
34125536
29948641
25706809
21498205
17266165
13046987
8830730
4581823
248802553
244561777
240346475
236123809
231881616
227656438
223439838
219184179
215006288
210760248
206562201
202307185
198130625
193848786
189641996
185488205
181300240
177086177
172881632
168631819
164438813
160232912
156005657
151819262
147679924
143438578
139233886
135037914
130804576
126589951
122377766
118143182
113932486
109753803
105538654
101381472
97180065
92931488
88738683
84505432
80255240
76012691
71783934
67527652
63325658
59110418
54861954
50603472
46399746
42121350
37894762
33691905
29472232
25270154
21091179
16869539
12717350
8525902
4330883
248681375
244471266
240286826
236097360
231879087
227760807
223577874
219373534
215194725
211019041
206812816
202638710
198447482
194270179
190107921
185975354
181777273
177611109
173434862
169242226
165077761
160915523
156722759
152560583
148404353
144215028
140056795
135881156
131688776
127514971
123352254
119159485
114981486
110827866
106630396
102475618
98308315
94116622
89946562
85777644
81582136
77407322
73253346
69061458
64898673
60720053
56529483
52369089
48193501
44000764
39826473
35677295
31484379
27309638
23145683
18873765
14667834
10467113
6243529
2035066
246512455
242295871
238121033
233920762
229703379
225523346
221332641
217121736
212936481
208763134
204540391
200356762
196165519
191962181
187788054
183580286
179356685
175169397
170955147
166714167
162496690
158325120
154084955
149901736
145683540
141423198
137232349
133022306
128806916
124609363
120384694
116160143
111964863
107771212
103547702
99368311
95161783
90944950
86752000
82515038
78300148
74058391
69891249
65679700
61486329
57267552
53027100
48774858
44561154
40295875
36090469
31867917
27624203
23419033
19193838
14921149
10724090
6504558
2274502
246798641
242541651
238341169
234185574
230023928
225818948
221679813
217537758
213328208
209175885
204998668
200787735
196639930
192455416
188254575
184097894
180408179
176257694
172265225
168079023
163979086
159856944
155663209
151581014
147420183
143259199
141227822
137010409
132763155
128545413
124300066
120091505
115870992
111584818
107385832
103182915
98937125
94738504
90507577
86287962
82065144
77839977
73600619
69387670
65174587
60923036
56700696
52489085
48245854
44035296
39809835
35560037
31358253
27158744
22919982
18686457
14489069
10240683
6022426
247234296
243021809
238850452
234657319
230405310
226194809
221980343
217722230
213513080
209305690
205077351
200886574
196735231
192510972
188297412
184082816
179865947
175650124
171433481
167196912
162970543
158779622
154558976
150391815
146223646
141981762
137770166
133554215
129314681
125105829
120888021
116660486
112385413
108153489
103931661
99679096
95483505
91262227
87082238
82871986
78648040
74448357
70251057
66017125
61821612
57649111
53426039
49247553
45042416
40818228
36610882
32422877
28182197
23982668
19783523
15565175
11397753
7229151
2992655
247271955
243058918
238876738
234683735
230484477
226310999
222134988
217936171
213752736
209571456
205373119
201183633
196979506
192793125
188595773
184403543
180181221
176005914
171831382
167607807
163447339
159259716
155044376
150848205
146658431
142419894
138220764
134022237
129804203
125601034
121392089
117166052
112976785
108768369
104541620
100351524
96185362
91940231
87753397
83566363
79352284
75163814
70955735
66727554
62561908
58319444
54089542
49916718
45700862
41471001
37292164
33085821
28833692
24653012
20472809
16211161
11989606
7761830
3509369
247918381
243636378
239418708
235175256
230947672
226693398
222455059
218174841
213946653
209744701
205494248
201291836
197078787
192829135
188644484
184419025
180123157
175964630
171687668
167446836
163229558
159029710
154808148
150613267
146400504
142098535
137876386
133640812
129412663
125175290
120944154
116693842
112475092
108249859
104003010
99770722
95543906
91288368
87062201
82835786
78588816
74374277
70142878
65875540
61621805
57389039
53118184
48866260
44598101
40339238
36097849
31853886
27572152
23345235
19100920
14852134
10645642
6379520
2112184
246719473
242457091
238241056
234030051
229773680
225568630
221340002
217095341
212879270
208645308
204400447
200165924
195952884
191680697
187508783
183301996
179026672
174807402
170565547
166322921
162087925
157882634
153610255
149398997
145184189
140945981
136702483
132466137
128209480
123971027
119745843
115530885
111273673
107034880
102785180
98555509
94310261
90044098
85848903
81577669
77316881
73080644
68845757
64599999
60350555
56131176
51857539
47624667
43385928
39165643
34975100
30693124
26434026
22193618
17958287
13707010
9499222
5269912
249796720
245572679
241352443
237133227
232895241
228679937
224461922
220224162
215992956
211788943
207531675
203344519
199125414
194893130
190703336
186487678
182243235
178083469
173891951
169679968
165501988
161315987
157103291
152942690
148764711
144561292
140413502
136241668
132036675
127866576
123681129
119466681
115292285
111126214
106917827
102741919
98549578
94344435
90151979
85964640
81741805
77520927
73373207
69176748
65028864
60866988
56680631
52511936
48332256
44137550
39964633
35786569
31591708
27415281
23239973
19042638
14879983
10725408
6525922
2309020
246737267
242542935
238381872
234214852
230016631
225854011
221677728
217481233
213335093
209161852
204960106
200796722
196632522
192430317
188282638
184107290
179889004
175711586
171520639
167295438
163131762
158963941
154790059
150543284
146339879
142113257
137913860
133722204
129501135
125343613
121102911
116881483
112732939
108558796
104279018
100093630
95908486
91682683
87527005
83330548
79101968
74903623
70712373
66486584
62297197
58093719
53868919
49667029
45462181
41236581
37027559
32823475
28601265
24412028
20212280
15992003
11768330
7528054
3319949
247683320
243422750
239217208
234990034
230715164
226479429
222238349
217949999
213748609
209511652
205241375
201018712
196784816
192539369
188328692
184144815
179890134
175645873
171428700
167171200
162916336
158688799
154490814
150207714
145980778
141690738
137510543
133225681
128975626
124749175
120517488
116262204
112015114
107778844
103518763
99272121
95075354
90812498
86622183
82359471
78085916
73838968
69614440
65363167
61138940
56919834
52673148
48423799
44185928
39914432
35673115
31421032
27152885
22913201
18671891
14437202
10218882
5985197
1718206
246193741
241916182
237690659
233470892
229204541
224987219
220751794
216487339
212261116
208028392
203760523
199593283
195337261
191120750
186873055
182644539
178444050
174171459
169993495
165732419
161500928
157295119
153078933
148919722
144653993
140383197
136181373
131956221
127720204
123544451
119364244
115145538
110946587
106785169
102583836
98397557
94227841
90022955
85862578
81679882
77453514
73271363
69093115
64886289
60716318
56515546
52289185
48116819
43952110
39728082
35492581
31293509
27081047
22894098
18694974
14444328
10230372
6018845
1768875
246081346
241836948
237557417
233335657
229087121
224871383
220639416
216378069
212153763
207939538
203692163
199500910
195313468
191064450
186905197
182713676
178472251
174269636
170051245
165818155
161609767
157405135
153172227
148985698
144774746
140535926
136317208
132101031
127839985
123631941
119436730
115217834
111056608
106865331
102655531
98454498
94263303
90049383
85874339
81699766
77488272
73307185
69137331
64935245
60738884
56538737
52319211
48132063
43959130
39732437
35533089
31346788
27145832
22958382
18756790
14509208
10280146
6068091
1858266
246406245
242198580
238015477
233850581
229629225
225486668
221285462
217071829
212931961
208736941
204483073
200302142
196083465
191841417
187630967
183414258
179177293
174912231
170682524
166474459
162262816
158055079
153821184
149603170
145396283
141149717
136910986
132730055
128505108
124291211
120070052
115855690
111581497
107375779
103138817
98924604
94698355
90465271
86238576
82011044
77763262
73534328
69310639
65067804
60810478
56583533
52342058
48113818
43887620
39644046
35429445
31215094
26961424
22736170
18539730
14276404
10100277
5888877
1625467
246277797
242023964
237815394
233591313
229332874
225107513
220888040
216614628
212391157
208143241
203869135
199672519
195436916
191163014
186917051
182681122
178416008
174186002
169952451
165665326
161442323
157186395
152903849
148656826
144437001
140147311
135920354
131751874
127508068
123245085
119028575
114769687
110587204
106355996
102122082
97877251
93654880
89406123
85205413
81017209
76763123
72548371
68299094
64024525
59782845
55593512
51336552
47110126
42926596
38663547
34354753
30155987
25898860
21692564
17448801
13194626
8948532
4724680
249118092
244876684
240634381
236351200
232065325
227880256
223641511
219427670
215160575
210989350
206669907
202453934
198219784
194006282
189733468
185513222
181309431
177084776
172895999
168649481
164438031
160200287
155906527
151693857
147470523
143188977
138951592
134716133
130441483
126249806
122054742
117821374
113585209
109360400
105104240
100926757
96740819
92503499
88293145
84074195
79870294
75618634
71423777
67189382
62977473
58795579
54588937
50431946
46249589
42006649
37791260
33576871
29357659
25139495
20920140
16659930
12445844
8208858
3957042
248521241
244328356
240173804
236006363
231803164
227581274
223398137
219168531
214964502
210740900
206506709
202307687
198128595
193916798
189762611
185539422
181318092
177148444
172942275
168639862
164422899
160189705
155950982
151743702
147541899
143327987
139138603
134947414
130722931
126521265
122314355
118091468
113910738
109711085
105486833
101285073
97079118
92853414
88647493
84456351
80266585
76059762
71881544
67659449
63453360
59257284
55035690
50833213
46634406
42425290
38236101
34038769
29831396
25654802
21468748
17243833
13066090
8851762
4572258
249168046
245000768
240837421
236681740
232499961
228344434
224128230
219960184
215751216
211583332
207365988
203186448
199026867
194821783
190657680
186463865
182236643
178099419
173938757
169739357
165561224
161369959
157115219
152884919
148700216
144485384
140291121
136108306
131899809
127709437
123522653
119310707
115117279
110940087
106729749
102508766
98315047
94075156
89884610
85700421
81487785
77298824
73116157
68856448
64655188
60436201
56208045
51989436
47791413
43527967
39338697
35122779
30864964
26688096
22475231
18247357
14041773
9805925
5576514
249835590
245581520
241360973
237169519
232937881
228731972
224526141
220278254
216097599
211872370
207627222
203399853
199177114
194922443
190699448
186515830
182273087
178094644
173877956
169635369
165431795
161198454
156914098
152716622
148489920
144246615
140027602
135828042
131602330
127384790
123138057
118886642
114667309
110456551
106208141
102045299
97809771
93568280
89377090
85156383
80911058
76690031
72503245
68245951
64037442
59830108
55587404
51395393
47186278
42950859
38725126
34518838
30248038
26028081
21802832
17584109
13377582
9179499
4941936
249426335
245179230
240995186
236771110
232490363
228279256
224092883
219894010
215624799
211418332
207179582
202975227
198786240
194585065
190426016
186228195
181999611
177820319
173642738
169401805
165213139
160999423
156744263
152568796
148384744
144165450
139965498
135761630
131549283
127341590
123121177
118906379
114713067
110509359
106288180
102091532
97880847
93639681
89421533
85241789
81012430
76831671
72609230
68375843
64200563
60024451
55773997
51587151
47389935
43133902
38964887
34784869
30542069
26330341
22141867
17892807
13694779
9510419
5280677
249634919
245408219
241185544
236952741
232690283
228479159
224258577
219998695
215781998
211587272
207343869
203167640
198924701
194745557
190519629
186275490
182052904
177850333
173588692
169382212
165177797
160939883
156720750
152533304
148257914
144093906
139885689
135622129
131421172
127231394
122976849
118766483
114588699
110369369
106151096
101976672
97721728
93522654
89286565
85055588
80804085
76632992
72376955
68185600
63994506
59769746
55536013
51318343
47081257
42886862
38708084
34466600
30278421
26063197
21822523
17615154
13411936
9122216
4926548
249156109
244942515
240769422
236581241
232376923
228196731
224050771
219799876
215621158
211413132
207187636
202997176
198824428
194607019
190392488
186245822
182048926
177863420
173685292
169487923
165320805
161134634
156941098
152774793
148601300
144406078
140215384
136059736
131865867
127704339
123527027
119323927
115161629
110998226
106796905
102658312
98483966
94286966
90116914
85956891
81758558
77607551
73439685
69229724
65054511
60903940
56705529
52548465
48376603
44179936
40011670
35842312
31645656
27462085
23298213
19076350
14868520
10640722
6381428
2157871
246508437
242254291
238068539
233854662
229586897
225348179
221153046
216910596
212695570
208479269
204236307
200062102
195851001
191618935
187414256
183186920
178945619
174761903
170582112
166363007
162170579
157981389
153766740
149572918
145365983
141158674
137001467
132793783
128631312
124415038
120203870
116034807
111862924
107640672
103449638
99246800
95029502
90818822
86611382
82384639
78222027
74038975
69816463
65601691
61398483
57173721
52962591
48791356
44560142
40364381
36169916
31956920
27755918
23529812
19300305
15098922
10891013
6651724
2419932
246869526
242627452
238448724
234230020
230013776
225795499
221549054
217300669
213050971
208795134
204576775
200428923
196188215
192004693
187771330
183622767
179354436
175217168
170973991
166786864
162554237
158397083
154128781
149931482
145737791
141501905
137292014
133076180
128831246
124608451
120373110
116120899
111924523
107711325
103467544
99243061
95052286
90740323
86502687
82258202
77991929
73760720
69535671
65284208
61038939
56800408
52568218
48360651
44112856
39898879
35608185
31388683
27147673
22878218
18667517
14400461
10181960
5935226
1672937
246056970
241814065
237611803
233431511
229137229
224939467
220720991
216484159
212294509
208067044
203823502
199671015
195422752
191184723
186949412
182723824
178487668
174284038
170070235
165818350
161600786
157365035
153121619
148886776
144709557
140478577
136254604
132020757
127770962
123596319
119414140
115173165
110955397
106748008
102493955
98266542
94053445
89787643
85586271
81369628
77162322
72936515
68714189
64500941
60288211
56107505
51864281
47631464
43397271
39142182
34914832
30679074
26426118
22246446
18012011
13748530
9526115
5287095
249692464
245407724
241224733
237016355
232760132
228578992
224381064
220175939
215933381
211688821
207444344
203215170
198996135
194771166
190553249
186361377
182126844
177922715
173699948
169423747
165205456
160987238
156750736
152531942
148313678
144047175
139823372
135615083
131372956
127168008
122960058
118710203
114506416
110301089
106083222
101859787
97651895
93385801
89132396
84898317
80654576
76436256
72207115
67966950
63738979
59525050
55308068
51105324
46900388
42647157
38428261
34201523
29950894
25701298
21466646
17212656
13001033
8783100
4505305
248894886
244615474
240406170
236201109
231916559
227704150
223462463
219179051
214928808
210758841
206509515
202307061
198094628
193903040
189717922
185517317
181286048
177109915
172899681
168652405
164441430
160219237
155959286
151727092
147495746
143255490
139001017
134780290
130517451
126275892
122044378
117796368
113552801
109362591
105065017
100838066
96597812
92364724
88148430
83931977
79684229
75466515
71272575
66939556
62732981
58519253
54282620
50088620
45905898
41699014
37510871
33285182
29034629
24808947
20612963
16391757
12210874
8002973
3767871
248243025
244018530
239804694
235590942
231346441
227158220
222918382
218641143
214396763
210156969
205909643
201669348
197444393
193230302
189006018
184751210
180466882
176247463
172030665
167748217
163555995
159301584
155094661
150887573
146643304
142380607
138175005
133943105
129665911
125438484
121189599
116938667
112721135
108496850
104242569
99983198
95739537
91506368
87337078
83154508
78915377
74704097
70481488
66249496
62024883
57815627
53556359
49329622
45088252
40863108
36654084
32420098
28179545
23941151
19694385
15440609
11214186
6961106
2701822
247146794
242897101
238635567
234387849
230121769
225879586
221650354
217385007
213146829
208955594
204687329
200452239
196181599
191970260
187759832
183596402
179306911
175161799
170950792
166719906
162508488
158309095
154077549
149869616
145648971
141437782
137200984
132988900
128746549
124548334
120337427
116072330
111851711
107626757
103364911
99147858
94924309
90667593
86465426
82227894
77976118
73724373
69504622
65261371
61041909
56820429
52554808
48333922
44088982
39841094
35591453
31350006
27083366
22847013
18607299
14340394
10158503
5896765
1638255
246157075
241830501
237618281
233394257
229172573
224918444
220639404
216392610
212161994
207930786
203690092
199461298
195196814
190949842
186776254
182522085
178299682
174070551
169814660
165567078
161341441
157067121
152859707
148642982
144367537
140170642
135963953
131726844
127532193
123324681
119115545
114928152
110732235
106486208
102276636
98064378
93827559
89650812
85440096
81194903
76976095
72756115
68528553
64312442
60103714
55878040
51663184
47454721
43218974
38972945
34741773
30493843
26286359
22073359
17802592
13603510
9390700
5141484
249580958
245341917
241171863
237002617
232792570
228554276
224338302
220128696
215839447
211615774
207361024
203141065
198899737
194691910
190470454
186236089
181983661
177775922
173570850
169336425
165183169
160916727
156669873
152441875
148210113
143964719
139762525
135543729
131295320
127083845
122856762
118607221
114349881
110117708
105883224
101668672
97435613
93180704
88953370
84742419
80492935
76282682
72048532
67795855
63623367
59409237
55171011
50959179
46755029
42526642
38343348
34160448
29919014
25692591
21471318
17237571
13053906
8821226
4572345
249182453
244914387
240753990
236482840
232233700
228030443
223864283
219617754
215428525
211190442
206969341
202781027
198571172
194327480
190151063
185936081
181719380
177489873
173284869
169038112
164849127
160658746
156429988
152262005
148029346
143797286
139581585
135387701
131171247
126964228
122758448
118537367
114321433
110117677
105887661
101671148
97451325
93221612
89033587
84805956
80602511
76349056
72127394
67918626
63686451
59469873
55228091
50998505
46756533
42501240
38272354
34071435
29825496
25631481
21453016
17147720
12926173
8707519
4456060
248470617
244224117
239996753
235731948
231477016
227237916
223018685
218778533
214550708
210326959
206110055
201915574
197707182
193480844
189269603
185069211
180842083
176644529
172464541
168192384
163977115
159771968
155544215
151356314
147114746
142880690
138681412
134490240
130229606
126019203
121810780
117559390
113354191
109127359
104883203
100657206
96433386
92164133
87928948
83693514
79453057
75223168
71079416
66798835
62614280
58404894
54158058
49948903
45746444
41511092
37290449
33070394
28837783
24621399
20402727
16172331
11976800
7770240
3525516
248120663
243853563
239697011
235443570
231200595
226971636
222742400
218494488
214285638
210101391
205853798
201671005
197469871
193222571
188981281
184787271
180571746
176401354
172189829
167921938
163743294
159468080
155180399
150956814
146716796
142474305
138221517
134006321
129733917
125509678
121271399
117016201
112776187
108562997
104296862
100088017
95856500
91601971
87367688
83124748
78852826
74593739
70369836
66102800
61884732
57646630
53381261
49163991
44917679
40657637
36416955
32199945
27929772
23680136
19427431
15156146
10907025
6673450
2409717
246815743
242559001
238325230
234094166
229824834
225662385
221479319
217192323
212972363
208759379
204525607
200328808
196173155
191901344
187731000
183547232
179350882
175145649
170972277
166745705
162554918
158370354
154144210
149966608
145791895
141575176
137397540
133173258
128948297
124743560
120518154
116319579
112114533
107880040
103649965
99451379
95228095
91003860
86816540
82577560
78382812
74146379
69934713
65717856
61524583
57282887
53075022
48878705
44632483
40424212
36199869
31961638
27787115
23603915
19367677
15163361
10980512
6742517
2516953
246827024
242612938
238420995
234182257
229957131
225753017
221513655
217277693
213066773
208824310
204583038
200362558
196146052
191936468
187763716
183582647
179357487
175165913
170935534
166726436
162529561
158336604
154100544
149925123
145703807
141491745
137289762
133099687
128895309
124698486
120521544
116307916
112106431
107904733
103677349
99474968
95293592
91054624
86824767
82628096
78413706
74266886
70110410
65863600
61682640
57511342
53313325
49145883
44969875
40758140
36573187
32423244
28218987
24072217
19903677
15688434
11506717
7313235
3080445
247481231
243228478
239039789
234814673
230582681
226344354
222127007
217892474
213688725
209472285
205238198
201032834
196825062
192633636
188451350
184238615
180015339
175851952
171678928
167415738
163200405
159027053
154773732
150565733
146348842
142091203
137868274
133676899
129442757
125274764
121038989
116800057
112541550
108328862
104073645
99875020
95644432
91400029
87200020
82981870
78736621
74487850
70247184
65984960
61832523
57551068
53275933
49040918
44764171
40552324
36342915
32097644
27867886
23645401
19382097
15175051
11039260
6829909
2649387
246923999
242711306
238552512
234356450
230101421
225884117
221681179
217412620
213159739
208943867
204672677
200424527
196189369
191954912
187745055
183490694
179222527
174956285
170692283
166420919
162209126
157972187
153709306
149464552
145196840
140967744
136720727
132509691
128300429
124036253
119827573
115561988
111326705
107087772
102816687
98607748
94400931
90136629
85923686
81679780
77400450
73176645
68941007
64683521
60465166
56244883
52037747
47819622
43604179
39352168
35134547
30902784
26680605
22454212
18224573
13976082
9799722
5614881
250120220
245893716
241664140
237456961
233217752
229051953
224812190
220531292
216317713
212083699
207800875
203581415
199365894
195084757
190892774
186695298
182442674
178226015
173992964
169730037
165521542
161252165
157010082
152747382
148548621
144263977
140007565
135777809
131500291
127266234
123097614
118832520
114560927
110333641
105988326
101751305
97533970
93251913
89051106
84841879
80531657
76330513
72075553
67828277
63622372
59380436
55113354
50903093
46648452
42391257
38198019
33991015
29702763
25473228
21261113
16973006
12797422
8544356
4276466
248568803
244321416
240093922
235861222
231588269
227361875
223134271
218871957
214640754
210414227
206166513
201937736
197729209
193474636
189256522
185056319
180795836
176574674
172375656
168087886
163852027
159630392
155395405
151230419
147008292
142805720
138578542
134379801
130118131
125894399
121611788
117360452
113129389
108909172
104652304
100467214
96258187
92069368
87860655
83632984
79411316
75173019
71162816
66917073
62734910
58532699
54289108
50071543
45842150
41577301
37365383
33120743
28847941
24640296
20408548
16131405
11936940
7709168
3445986
247490664
243225893
239014773
234789113
230532522
226345273
222116614
217864468
213613926
209421942
205119841
200908851
196660159
192414450
188193600
183930121
179652368
175425644
171237649
167003016
162766880
158565530
154319859
150092652
145859291
141595161
137376024
133141364
128878781
124662139
120454650
116203863
112008238
108084834
103965659
99808782
95579427
91501206
87338800
83209373
78970113
74756795
70573156
66256974
62062399
57827760
53560491
49329814
45102866
40932137
36670392
32419401
28210960
23964757
19740536
15581807
11281109
7100997
2890977
246164391
241922761
237669961
233508429
229278386
225051980
220868918
216625248
212434603
208160114
203897071
199728542
195516922
191244748
187068512
182841320
178597691
174368068
170101734
165833037
161605907
157378122
153101350
148910302
144652306
140394502
136190767
132001519
127752651
123559526
119383263
115122404
110931769
106717094
102445355
98237836
94036557
89796332
85565762
81357440
77104370
72884015
68644921
64414986
60210853
56010822
51778556
47543661
43335371
39069153
34839884
30611486
26369253
22168178
17944166
13676040
9454893
5243730
249718079
245507514
241322479
237142254
232920278
228727337
224534251
220326093
216155613
211956843
207734610
203582061
199380164
195105653
190889576
186659156
182374664
178143507
173952088
169718986
165520183
161306305
157114536
152897097
148682549
144443309
140206347
136003474
131753106
127532253
123317821
119073676
114884751
110670304
106440296
102225469
98059079
93780814
89575967
85357461
81123889
76887100
72714901
68439499
64280225
60024177
55778442
51554219
47382356
43119619
38951287
34705968
30445151
26260297
21999448
17712296
13488047
9238345
4965182
249342568
245080706
240853019
236610181
232335594
228123654
223874422
219616969
215432252
211170481
206946827
202752498
198519489
194273543
190063058
185875773
181624911
177486491
173212583
168960228
164752431
160526049
156271724
152060147
147843326
143596923
139386508
135177995
130923143
126688886
122505671
118191844
113994124
109758690
105478782
101242404
97000018
92704689
88512366
84273686
80021060
75785860
71554074
67288977
63064301
58834614
54570480
50337357
46098777
41835509
37611258
33379519
29108572
24880175
20659604
16408604
12217149
7991664
3738415
248000666
243748015
239528042
235320347
231073065
226887688
222676203
218403712
214174737
209951353
205661923
201410771
197217967
192952487
188804778
184507453
180242025
176025854
171805831
167559430
163346734
159145447
154892445
150690012
146481460
142236364
138036516
133812523
129568715
125343767
121125064
116882687
112666092
108477701
104227061
100020601
95792984
91552014
87378432
83145743
78903042
74690752
70476103
66233146
62013537
57748424
53489250
49248633
44991501
40738031
36468437
32242441
27948110
23725177
19476322
15181320
10952806
6710109
2411771
246727195
242479124
238245837
234008770
229738596
225522357
221266998
217003014
212739264
208485257
204237607
200056590
195786057
191542730
187326842
183117906
178849958
174621910
170379300
166116023
161885009
157657185
153377705
149149770
144905499
140622243
136449906
132153984
127909098
123691538
119488492
115248036
111048520
106828219
102576344
98356301
94154077
89903671
85686189
81472050
77262741
73064222
68846318
64572364
60345993
56084548
51845129
47582565
43343266
39078944
34887180
30654744
26410056
22192503
17965915
13707118
9497529
5285486
249739023
245492527
241304032
237114572
232862635
228629437
224393642
220105265
215872887
211631212
207372091
203177006
198915266
194667557
190449441
186204490
181968355
177676258
173480158
169227123
165004718
160775997
156525992
152334957
148045963
143789586
139553297
135343454
131090417
126881548
122645846
118415970
114203646
110007164
105759317
101528252
97283381
93022461
88805401
84585208
80332748
76133849
71935036
67691171
63426275
59215040
54931848
50695928
46455293
42215893
37974249
33762943
29526605
25300305
21091358
16871610
12590168
8371290
4124748
248752971
244505812
240317976
236062535
231838314
227560116
223325455
219062229
214820876
210587494
206300486
202064838
197833023
193547708
189333259
185101863
180814389
176625882
172381172
168115279
163891108
159624434
155383654
151099156
146868928
142595481
138377566
134141378
129875050
125657843
121412796
117138073
112885793
108647891
104365301
100124685
95875893
91605818
87389409
83151296
78896832
74659038
70421929
66127061
61874180
57611357
53348558
49123394
44925351
40644950
36411663
32183267
27916015
23671298
19457604
15188350
10975492
6745482
2503510
247027155
242716895
238538456
234316228
230063578
225846659
221608547
217354717
213134275
208918714
204670664
200432158
196199173
191952999
187812377
183613373
179360087
175137384
170947240
166654402
162496644
158255436
154062696
149852336
145643472
141392546
137176905
132963595
128701044
124496448
120260934
115989775
111741345
107504893
103266318
99032150
94792573
90530892
86336831
82114093
77835119
73612153
69363965
65114989
60904730
56712094
52488165
48317649
44153660
39937949
35752307
31593165
27374981
23202160
19009660
14774643
10612499
6410073
2211623
246597032
242389769
238236257
234033373
229768975
225542154
221314481
217050798
212823512
208605950
204368183
200151400
195936883
191678971
187503410
183247395
179002913
174801084
170552014
166332582
162151007
157855065
153664500
149465878
145234546
141023724
136817031
132586363
128382115
124197917
120005215
115803416
111593019
107315587
103133138
98872228
94590833
90370083
86153705
81868273
77613221
73383191
69131793
64893046
60682814
56439892
52216754
48018988
43794731
39594796
35406557
31176822
26954319
22762050
18510860
14310361
10095462
5838456
250146340
245896072
241673315
237449099
233192938
228990367
224752439
220484614
216243702
212009233
207744078
203506520
199264532
195020043
190791647
186570956
182305753
178084796
173900281
169638179
165427095
161195015
156929301
152683462
148440670
144213256
140021057
135776629
131532634
127303430
123093947
118840894
114615981
110428688
106202186
101974343
97743616
93486483
89284737
85084066
80861465
76666735
72420110
68155450
63922797
59678115
55434579
51217086
46973161
42713942
38501968
34250300
29995909
25771577
21537576
17281375
13054653
8840117
4576498
249011553
244766391
240553714
236311324
232043436
227827794
223621796
219354789
215151583
210927491
206652663
202441386
198222441
193954666
189696069
185468436
181202478
176942939
172723351
168459452
164236385
159977499
155709359
151487545
147227477
142963008
138742607
134493767
130241882
125963230
121756849
117507080
113324989
109108526
104876886
100640343
96423668
92167397
87976089
83727948
79496321
75275090
71068923
66824706
62606588
58394029
54172564
49957040
45707307
41459070
37234900
33035604
28769729
24566641
20331027
16071059
11856871
7612398
3355328
247555845
243291627
239084189
234863795
230616512
226419469
222199464
217952337
213769353
209625659
205382462
201184149
196963216
192724173
188525228
184323433
180093469
175893763
171699670
167463724
163280532
159081078
154881766
150629794
146424823
142198352
137990383
133794018
129558411
125370738
121200692
116987748
112799219
108609773
104375209
100146783
95937572
91700680
87497142
83274096
79021319
74816963
70591705
66317081
62090237
57864224
53613749
49386492
45182696
40932186
36712190
32496686
28241190
24013038
19791649
15533620
11349001
7224330
3221568
247155129
242920972
238709545
234504256
230245829
226057262
221835845
217609660
213412139
209220312
204996978
200791049
196591120
192360395
188182178
184011901
179774725
175578225
171403978
167191551
163000692
158826500
154590122
150419114
146216529
142028168
137803787
133619211
129416502
125172577
120973278
116747528
112545012
108368906
104173893
100017544
95821275
91601381
87409704
83211627
78993458
74791542
70603572
66368094
62151109
57945474
53696778
49532253
45294639
41074474
36879996
32698202
28484877
24311080
20132790
15884627
11679105
7456145
3204637
247536691
243324606
239140346
234951840
230742231
226470052
222315638
218036158
213835598
209540903
205309845
201027074
196803154
192569381
188306409
184048551
179822107
175554942
171334930
167123057
162852608
158642709
154407068
150165561
145926096
141674190
137424156
133196840
128998176
124755237
120508625
116262011
112016287
107758845
103550876
99211334
94972078
90729492
86464881
82222578
77993080
73761238
69560063
65324256
61061609
56820793
52641471
48384226
44216193
39917788
35677410
31419898
27182613
22938533
18677690
14427587
10194322
5940346
1732571
246166097
241932957
237716184
233506541
229268510
225072668
220841631
216594117
212423119
208174843
203927747
199708249
195516334
191235747
186993613
182778604
178520545
174320935
170059463
165853836
161564340
157351867
153110421
148909007
144710330
140477621
136342932
132077979
127854243
123660404
119461285
115231580
111048686
106843338
102604996
98409714
94213306
89985553
85789680
81588136
77415805
73161969
68965782
64766233
60548499
56359251
52074976
47889983
43655045
39429244
35218290
31025768
26757193
22518474
18306072
14053594
9855176
5608896
249949697
245708806
241492126
237238456
232975526
228738651
224506125
220233298
216019511
211811703
207553324
203309719
199051040
194796730
190566607
186335355
182072346
177839397
173612772
169326779
165082228
160822768
156527044
152270849
148044538
143797865
139543502
135299024
131045115
126780253
122537964
118270045
114036552
109849808
105572933
101363252
97101661
92830050
88612517
84375253
80117246
75879902
71646670
67373918
63098308
58844327
54567428
50341918
46136805
41886096
37705114
33444864
29189376
24917442
20670451
16395536
12182434
7955900
3735662
248155474
243930396
239733999
235536642
231308404
227096622
222879169
218631140
214413637
210204727
205977181
201794014
197586418
193355736
189167856
184934769
180705966
176565394
172358269
168083311
163878181
159657572
155420614
151237467
146992534
142748752
138527961
134321822
130096574
125887959
121697331
117389623
113181274
108965516
104719024
100507376
96310882
92118815
87873300
83685761
79454059
75254864
71047887
66823379
62615025
58441727
54249425
50047058
45835410
41605573
37390878
33214111
29003713
24786274
20569947
16299874
12095781
7900915
3695021
248193414
243983783
239821068
235653169
231452188
227284574
223110238
218903879
214726969
210549040
206300132
202086239
197858948
193607150
189393137
185183973
180922998
176709296
172465416
168220033
163986387
159739605
155498207
151282672
147073978
142805713
138558124
134332185
130063530
125810931
121575817
117314092
113083852
108846164
104560789
100319623
96103852
91831519
87591001
83317818
79063996
74828390
70617601
66366746
62146711
57932442
53671851
49437458
45206524
40959505
36727090
32473907
28211080
23974151
19740946
15441188
11251703
6988592
2755776
247067113
242803594
238574888
234373106
230118844
225893550
221666394
217428850
213228201
209015561
204774630
200565618
196357134
192134077
187942420
183738518
179506542
175354244
171115599
166902611
162704337
158484110
154256954
150096248
145893624
141675719
137503206
133312847
129092201
124899718
120722913
116513937
112334104
108164103
103941767
99750299
95530757
91315697
87124805
82924188
78705369
74495368
70308606
66086050
61891737
57657969
53423529
49225535
45031032
40837344
36559483
32329070
28096801
23859541
19494382
15310616
11045452
6832109
2617519
246848221
242587422
238378613
234153109
229949963
225658191
221480444
217191894
213013303
208720695
204467727
200246163
196026313
191767641
187560824
183349087
179102739
174875575
170657299
166419327
162172606
157951877
153738943
149444651
145214430
140965280
136755096
132539031
128278242
124073297
119840281
115576848
111365003
107122063
102863881
98647280
94403183
90159755
85940514
81722084
77446184
73209574
68966928
64684675
60482699
56259216
52002813
47754519
43514358
39248983
35024003
30787918
26536476
22319095
18078070
13806540
9599311
5357644
250794387
246535214
242305650
238065971
233810140
229580792
225336016
221062508
216850305
212663141
208418479
204192238
199974293
195737630
191512138
187314666
183045714
178834635
174622086
170390119
166197864
162006180
157784169
153559780
149351797
145121032
140888876
136678680
132422976
128212687
123971599
119736996
115495066
111316300
107086565
102870846
98670234
94309796
90090956
85871340
81618904
77388820
73199262
68907741
64668658
60417704
56151304
51948204
47724072
43455361
39217537
34975963
30699376
26465521
22228342
17947145
13750944
9542994
5306338
248686590
244573210
241318904
237141629
232848532
228656667
224454075
220218919
216068885
211810827
207617805
203362429
199201542
194971604
190777068
186553306
182300147
178167560
173906016
169681635
165501801
161348127
157150926
152902739
148703947
144468678
140288452
136085352
131860273
127657926
123418670
119182086
114971605
110765305
106530083
102312948
98088810
93847455
89633985
85415654
81210787
76939410
72726632
68480601
64246293
60023278
55773914
51556962
47343213
43102750
38939975
34802006
30600256
26425635
22253473
18053149
13892339
9733395
5540578
248733234
244545158
240374107
236205859
232002545
227761517
223543143
219277997
215038397
210800204
206555578
202316940
198094799
193843043
189597129
185355445
181079339
176844403
172619059
168374048
164156953
159923869
155688109
151489113
147242444
142991293
138771596
134533614
130268137
126060550
121827211
117559972
113345328
109088088
104834269
100601191
96338504
92082938
87848566
83600615
79322059
75073249
70835935
66567474
62311096
58068898
53803791
49588648
45335902
41042138
36801565
32580866
28291988
24052869
19814714
15550877
11352218
7171627
2918411
247279287
243038524
238830785
234605151
230371240
226180764
221965254
217720841
213506317
209305827
205066120
200880324
196601359
192337941
188122131
183918668
179666049
175477178
171273741
167030868
162812873
158603457
154348701
150116817
145905139
141674440
137463626
133241518
128997541
124746786
120538167
116266635
112086031
107879843
103616211
99363774
95129044
90877878
86630367
82373145
78115304
73883848
69677624
65437905
61229050
57007702
52769788
48552003
44329023
40069920
35866354
31640711
27400338
23171010
18944447
14693797
10469191
6230541
1975543
246472806
242205353
238020597
233761478
229512479
225274991
221024344
216782113
212590046
208313203
204074054
199836193
195554908
191299980
187135579
182880877
178659553
174410702
170175839
165933043
162148501
157923791
153800275
149554029
145436741
141279826
137049268
132916853
129979002
125718408
121525716
117323653
113082306
108915390
104699542
100441075
96267020
92067617
87807492
83575247
79347913
75096617
70879867
66668399
62388825
58164240
53920170
49675969
45407052
41160007
36892248
32679373
28462708
24176131
19939778
15725815
11458223
7237497
249430197
245175406
240957926
236735010
232464363
228264185
224025474
219770575
215531214
211300091
207015826
202777704
198544570
194266019
190022729
185779628
181518718
177320988
173106399
168838900
164620578
160361623
156109544
151915935
147705642
143486732
139288434
135078878
130835330
126607310
122360906
118123780
113915796
109710617
105452543
101208957
96973135
92721874
88455919
84250035
79999613
75770626
71544032
67274235
63030236
58785062
54556133
50322140
46085447
41826637
37582800
33348585
29079446
24843558
20666774
16386166
12121230
7880336
3604389
248034945
243794670
239579253
235354122
231084899
226875989
222634339
218361639
214093623
209854241
205591734
201364324
197130047
192865628
188629740
184409141
180167408
175945152
171720542
167441264
163204120
158977440
154722296
150498751
146253514
141996645
137755584
133529101
129231504
124977573
120714397
116461987
112214345
108026976
103756679
99501625
95264045
91009978
86837178
82612916
78400509
74194712
69962254
65693161
61494371
57300900
53068242
48866897
44625596
40398947
36226542
32005606
27768745
23531378
19311804
15046261
10857493
6597499
2348616
246892186
242632151
238438950
234194911
229928590
225682823
221441076
217172633
212931622
208704008
204445123
200274573
195974258
191768083
187540553
183287437
179042652
174829348
170568071
166333616
162118116
157866945
153640572
149451634
145227223
141036204
136875524
132655896
128467146
124234840
119970715
115745187
111504667
107230964
102995435
98751288
94499624
90277396
86008143
81744969
77511122
73283335
69019928
64771505
60525042
56252434
52022757
47769444
43502774
39273792
35039356
30774480
26535819
22318104
18054570
13814802
9585015
5323077
249638715
245380519
241136752
236913778
232649160
228417434
224184585
219930614
215706434
211497932
207301981
203076369
198898260
194752284
190521020
186314005
182108832
177879434
173698244
169464335
165211163
160990379
156744867
152466888
148221862
144044414
139823728
135584301
131376972
127096692
122848514
118591470
114324307
110108257
105878303
101665374
97445862
93172753
88975147
84750215
80490289
76300028
71994931
67750402
63525885
59288683
55045316
50809091
46556806
42341690
38081652
33832481
29585260
25329369
21123296
16877929
12671557
8467575
4214859
248560254
244309114
240092758
235883668
231627235
227394513
223167501
218914546
214694577
210463122
206242093
202020184
197766179
193559210
189354439
185102862
180893492
176679668
172430229
168264793
164043173
159802244
155577706
151367146
147115802
142908144
138701126
134472439
130275149
126031594
121826860
117601955
113359487
109160653
104942546
100708224
96474791
92277037
88035623
83844466
79621898
75394580
71136331
66892916
62635074
58398963
54191552
49962430
45740247
41522575
37263232
33041164
28806482
24554503
20345489
16132134
11894987
7680256
3466003
247805380
243549495
239321225
235081171
230811035
226588175
222332463
218088977
213865805
209604174
205341225
201132225
196936136
192719172
188515574
184317877
180045885
175820171
171586300
167301189
163108824
158874522
154628320
150412804
146174176
141892462
137647080
133420135
129156129
124922621
120658110
116413040
112158191
107909181
103650089
99394841
95154773
90864064
86660609
82441933
78181382
73991919
69709547
65453422
61239141
57042328
52817871
48626533
44418133
40175508
35984256
31770586
27523310
23302965
19041256
14802249
10575209
6376924
2120775
246400546
242147825
237925517
233682021
229421150
225219263
221005672
216720862
212517437
208310386
204071045
199865199
195625343
191378361
187248758
182964816
178731058
174537694
170334003
166089436
161944258
157685528
153459873
149246723
145040772
140789348
136585058
132365010
128085820
123836521
119611766
115336060
111086058
106834471
102591485
98341409
94105526
89805344
85618721
81329128
77078363
72864838
68676229
64341503
60100964
55844498
51549615
47322588
43085502
38842070
34624903
30388849
26126211
21876129
17653630
13370150
9132650
4947654
249407613
245151129
240933470
236689642
232409639
228175887
223966143
219683611
215430328
211185881
206894280
202706751
198490053
194202236
189934333
185692711
181446925
177211211
172988086
168738996
164511583
160302174
156048878
151822696
147591600
143338193
139130427
134909239
130654483
126450674
122220955
117995623
113769514
109591713
105279601
101073437
96856884
92603059
88417176
84204443
79950914
75724072
71501389
67246214
63023228
58812121
54570299
50350416
46082674
41817814
37560639
33357999
29081169
24857121
20605190
16329905
12112391
7882894
3623565
247959056
243737891
239548383
235324069
231069572
226828796
222594698
218338081
214094360
209844347
205571285
201321147
197072121
192839088
188584078
184321587
180087373
175836747
171586598
167378160
163101308
158848900
154605341
150338876
146113491
141885712
137609813
133373658
129143439
124869333
120634111
116398536
112167228
107948413
103688994
99432815
95210614
90947740
86731574
82485112
78219432
73976487
69778658
65537768
61340047
57116631
52850647
48616085
44363072
40137568
35900888
31687881
27406139
23172571
18933094
14660851
10463749
6225049
1941970
246275444
242024332
237804667
233567294
229310455
225084127
220866050
216585106
212334234
208110087
203848208
199606187
195381748
191173440
186952149
182779327
178548309
174372197
170131501
165907674
161747142
157507574
153278314
149072234
144862633
140633509
136428365
132235623
128008854
123797108
119623670
115390534
111186844
107018838
102744778
98501564
94285836
90056443
85864763
81670501
77458771
73248951
69096439
64877463
60702041
56476397
52260459
48066061
43870774
39634990
35443640
31245837
27013452
22820111
18588205
14334530
10106550
5856049
1601644
246077022
241829401
237592887
233356021
229076255
224810699
220571560
216317531
212091725
207870057
203593819
199403413
195190082
190935932
186777051
182553736
178281015
174078043
169843073
165628028
161326944
157100494
152854723
148642955
144420620
140155653
135922680
131680453
127420721
123163940
118920714
114645227
110411754
106191667
101924099
97710515
93485276
89217127
84969733
80734458
76478891
72205803
67969206
63704471
59489639
55258284
50995357
46755425
42506422
38233313
33998803
29788152
25555813
21345565
17140076
12856058
8582594
4333582
248813763
244529595
240284343
236068905
231825229
227601965
223420698
219194004
214964419
210723298
206474633
202243673
198027592
193767548
189568669
185357927
181143678
176957661
172708083
168447457
164217437
159999203
155797323
151523804
147299969
143054033
138822392
134592839
130355580
126149977
121947787
117697358
113482364
109254241
104983384
100762185
96552522
92283566
88051299
83827436
79567005
75319214
71102487
66825184
62657039
58355954
54108535
49866051
45601445
41379405
37158064
33220979
28981317
24855499
20655643
16418758
12235615
8221041
4740752
247769882
243543330
239364350
235182512
230951116
226741217
222541736
218344067
214088392
209866069
205627649
201432008
197262101
192995411
188800960
184590575
180307623
176059875
171855331
167671940
163493801
159272533
154996420
150752456
146575266
142281033
138061469
133864229
129634870
125473529
121243992
117033469
112844225
108645676
104465526
100277753
96057352
91813830
87597370
83380827
79139964
74922411
70747676
66548058
62379140
58210271
54009787
49800013
45599412
41358533
37133249
32897866
28629013
24406631
20166238
15930650
11700568
7467526
3235456
247754420
243494614
239324445
235080272
230862126
226580810
222327154
218057252
213816749
209568067
205369085
201083570
196901855
192588337
188374711
184150598
179876933
175678893
171422668
167169601
162985125
158792288
154547002
150352077
146113515
141877367
137663350
133453293
129184758
125008537
120822190
116621936
112437241
108214810
103986303
99758569
95556174
91358253
87123335
82895459
78627975
74413405
70176987
65936128
61760410
57514305
53315498
49067262
44857930
40586521
36408745
32172087
27927412
23684985
19486632
15231215
11025571
6791412
2520945
246990757
242740017
238515185
234293777
230078417
225813166
221580786
217358474
213078367
208847937
204550779
200341637
196120983
191865489
187629045
183428134
179151465
174930683
170687764
166434788
162193440
157950478
153691404
149484886
145262516
140976574
136783256
132543110
128289799
124073071
119853043
115615360
111397682
107182604
102912756
98706357
94491597
90249073
86032080
81806415
77540140
73332064
69114231
64895465
60648714
56392595
52134916
47880475
43658378
39464988
35233329
30950831
26704127
22538844
18253561
13979591
9757592
5508103
249852310
245574192
241372313
237134769
232880764
228649928
224417794
220194186
215912744
211681794
207424152
203200167
198964930
194703226
190470988
186249086
181993172
177771050
173540567
169325835
165102046
160857795
156606118
152390584
148161966
143940168
139747028
135590738
131329520
127132114
122933747
118710724
114504893
110303777
106058225
101892391
97711445
93468667
89299192
85001635
80758711
76550190
72331780
68086802
63875304
59651398
55403915
51187250
46985010
42733664
38546043
34323019
30066437
25847227
21618433
17373128
13143129
8909806
4664510
249083450
244868733
240677070
236469846
232207583
227989390
223788059
219524718
215312928
211058017
206813626
202581392
198366388
194111180
189877162
185660966
181404621
177192072
172968958
168717315
164514508
160198359
155931168
151703240
147490274
143212383
138976766
134748986
130493154
126263499
122034744
117776425
113552952
109336918
105086649
100883344
96658974
92404799
88185281
83955910
79702017
75472002
71255072
67003990
62828938
58615889
54369561
50144590
45935193
41678196
37481762
33257126
28981542
24745715
20494399
16221086
11990505
7749748
3504651
247810330
243571827
239352052
235135952
230842615
226599403
222363463
218107229
213837305
209602717
205333957
201097831
196849080
192566080
188343531
184106355
179851288
175619052
171391700
167123396
162912255
158646044
154378980
150137421
145901147
141633652
137401275
133164133
128912003
124707930
120472074
116184182
111955508
107727529
103444342
99198724
94959261
90715413
86453701
82218338
77941255
73681212
69446317
65192827
60948825
56704558
52450560
48190899
43944381
39688247
35433821
31193795
26942845
22685044
18439664
14181864
9953520
5729663
250081318
245827919
241613714
237400026
233145102
228920083
224690828
220465817
216199376
212014712
207754304
203520012
199285037
195003639
190737598
186493387
182227424
177995740
173735623
169484022
165219667
160980032
156703181
152445129
148194466
143931009
139703581
135465849
131198787
126944518
122702646
118435145
114181872
109947381
105684330
101420451
97217094
92974686
88751926
84529854
80267620
76055614
71833828
67565512
63337169
59127756
54907875
50707603
46471471
42244979
38036971
33847425
29600236
25403768
21189103
16951789
12741455
8522683
4266408
248829292
244591436
240418896
236210648
231986323
227758693
223563435
219326308
215141946
210962049
206719966
202533535
198330967
194198475
189934077
185746804
181573533
177298063
173132605
168898568
164657156
160467753
156262732
152033935
147853275
143656509
139389107
135223222
131063473
126807511
122581371
118373117
114152990
109956773
105749528
101529481
97352343
93126572
88889433
84691265
80488485
76288783
72064527
67887744
63623705
59423096
55190590
50971452
46751890
42587481
38304078
34151395
29894838
25655891
21465865
17221716
12956502
8736448
4501672
248757901
244504065
240289385
236072016
231827452
227601255
223351540
219073418
214827388
210598332
206327608
202116142
197869092
193620484
189411871
185162122
180907900
176657291
172433004
168146570
163928287
159690166
155416989
151188969
146980419
142739784
138507145
134255710
129991131
125745341
121489847
117244522
112994846
108754011
104491205
100268347
96068773
91800258
87545389
83290792
79025440
74771043
70581115
66317140
62061674
57814909
53550822
49332751
45065967
40789713
36540468
32308222
28056644
23795452
19598695
15374305
11173246
6952070
2636089
247104738
242865586
238655263
234436735
230172071
225935479
221687129
217422574
213209557
209007227
204761510
200534278
196302030
192041091
187805970
183581940
179335596
175128277
170892186
166654230
162436814
158205338
153917899
149704558
145479816
141213685
136969921
132726213
128480847
124223280
120009626
115759291
111534751
107279124
103014284
98770923
94565881
90273678
86067844
81858129
77565260
73341434
69118502
64862841
60612342
56409264
52189300
47924057
43692210
39410282
35184478
30955655
26712720
22495206
18272093
14017588
9778542
5551417
249908606
245641579
241435665
237188341
232899136
228696992
224471351
220206097
215985462
211758045
207499750
203310432
199010754
194744935
190545177
186356768
182112192
177882432
173651055
169437661
165160669
160885164
156678707
152372568
148174648
143906537
139633497
135443594
131220816
127001510
122825934
118636660
114420016
110233428
106036350
101816503
97601775
93371050
89135028
84926278
80676142
76398011
72167785
67914628
63638676
59409464
55193733
50941699
46709468
42518723
38267279
34043464
29814018
25556983
21311806
17066402
12777518
8534196
4304450
248604593
244351427
240141275
235920018
231652846
227409763
223159634
218899270
214634379
210413040
206165959
201939681
197756117
193516749
189292365
185073543
180819700
176608047
172388394
168157652
163929890
159693211
155446366
151217277
146982041
142749445
138547305
134320225
130045929
125820834
121588488
117338442
113101055
108866417
104608867
100381124
96199032
91879746
87712646
83479097
79271551
75078754
70877219
66677550
62503885
58283282
54022883
49816476
45598725
41320045
37121177
32883071
28663502
24417424
20172040
15886177
11922951
7789183
3582249
247553912
243286425
239035122
234805200
230573753
226297853
222049495
217797491
213576846
209354271
205124018
200898957
196673671
192437366
188186655
183970745
179736789
175551517
171362641
167076051
162839490
158610851
154368930
150161052
145964675
141756856
137510292
133335589
129119525
124919864
120715119
116507686
112297622
108107282
103927720
99718037
95528698
91318175
87147556
82934354
78684464
74474098
70246961
66029102
61826991
57615706
53414283
49237056
45062995
40880931
36704272
32536029
28313055
24116393
19942217
15738098
11548271
7374354
3166513
247712481
243524116
239371020
235199454
230974274
226790084
222600255
218383775
214161224
210010689
205756504
201615583
197412071
193233899
188981821
184819272
180548797
176378002
172178569
167948789
163763077
159554132
155344673
151130809
146946679
142711600
138514246
134342063
130134065
125938427
121732883
117521666
113315575
109105052
104890659
100695899
96491259
92272024
88093462
83899233
79685199
75481220
71286286
67057152
62863801
58673091
54463135
50275001
46076373
41858400
37672851
33476105
29254493
25052372
20866694
16605777
12383705
8152285
3876805
248495557
244234276
240068957
235805360
231538293
227310796
223054560
218781105
214536239
210314176
206050652
201819261
197590904
193296575
189056481
184853447
180583382
176373013
172122526
167860411
163635459
159392198
155120629
150876420
146637703
142379632
138157677
133920560
129670270
125435804
121213382
116903064
112656882
108449020
104187102
99947756
95692269
91422308
87202581
82955458
78712382
74476990
70268374
66010367
61795310
57564155
53321431
49087596
44858260
40560424
36326433
32098756
27798571
23574976
19312678
15013146
10776375
6523916
2259586
246679632
242429031
238192634
233958705
229701605
225454686
221236843
216986285
212793465
208544664
204265180
200060513
195842486
191608814
187451341
183258180
179011647
174798305
170589349
166312725
162118369
157891177
153657570
149454795
145188458
140984250
136771415
132456137
128219897
123978980
119698006
115427520
111199828
106928189
102698886
98432157
94156928
89921947
85706305
81433294
77194734
72982160
68726874
64488700
60270827
56033667
51840227
47647976
43422715
39233845
35044276
30818204
26625098
22425152
18155966
13906644
9685121
5421393
249722142
245447858
241238885
236995011
232728354
228507882
224332467
220007132
215795400
211599800
207356437
203151757
198985249
194746165
190564973
186427739
182109441
177895437
173642926
169394749
165167621
160943105
156704517
152479739
148252435
143999370
139793498
135590355
131351663
127137947
122907919
118671174
114487950
110284219
106020083
101792672
97573308
93309671
89076795
84854232
80582838
76342514
72140699
67866424
63665800
59454675
55197402
50961961
46706817
42451577
38196187
33979962
29723183
25512076
21276643
17017690
12800661
8560227
4297467
248505297
244250964
240032346
235801206
231510274
227297902
223065369
218790877
214555344
210311074
206034876
201842661
197571129
193324130
189118777
184894341
180649724
176421893
172196960
167952656
163744939
159535249
155325874
151122752
146916697
142685773
138519111
134279722
130028182
125825304
121648674
117412810
113204058
108987298
104754123
100544598
96344445
92141948
87981248
83783507
79543568
75365213
71170637
66935368
62743755
58529705
54288687
50097313
45922416
41659113
37475329
33267977
29046482
24852798
20672022
16372994
12157768
7932076
3681286
248023269
243772467
239566557
235366312
231112983
226916044
222703861
218444101
214212094
210003091
205742678
201517684
197295687
193045904
188842311
184643201
180398584
176188970
171963873
167697125
163456726
159241804
154968753
150766028
146519561
142283594
138005608
133800141
129533832
125292453
121049477
116790722
112556578
108291761
104021247
99784337
95589024
91340582
87126776
82897834
78641533
74422023
70200709
65934434
61678670
57441180
53189901
48980888
44771597
40529642
36319267
32113531
27871141
23652240
19431875
15161445
10933848
6704880
2452389
246779397
242559857
238347498
234115770
229848877
225663170
221376086
217116355
212889815
208675112
204411767
200212572
195951302
191725299
187491174
183288880
179046789
174839132
170628213
166444105
162194815
157999776
153762079
149569250
145390643
141089496
136860341
132608036
128417782
124212684
119969979
115748279
111525190
107271598
103068226
98850622
94611174
90401723
86188989
81929764
77705961
73479424
69227933
65000211
60763404
56514645
52275439
48036604
43775422
39588430
35347511
31113345
26935441
22737216
18491616
14254003
10048244
5792255
250309050
246054775
241835227
237639158
233385980
229170507
224945094
220687594
216493749
212268938
208019087
203805178
199580770
195328302
191125228
186926190
182682411
178473374
174290050
170053780
165841598
161621020
157380057
153172457
148965707
144712717
140468111
136261231
132004934
127783145
123548284
119311939
115082166
110870845
106609336
102396473
98177743
93926646
89706190
85502803
81245012
77064090
72859193
68586628
64375686
60181125
55949156
51702983
47459174
43186264
38966297
34734386
30470470
26249021
22028039
17796745
13610699
9404431
5208546
249627366
245439510
241208925
237010436
232815705
228561897
224405303
220143599
215958834
211739865
207520618
203303400
199118111
194886097
190702165
186486693
182272320
177998660
173765014
169495446
165274367
161047233
156781949
152547782
148305401
144051711
139820635
135588137
131363750
127125054
122907165
118635993
114361316
110138196
105870897
101612708
97355120
93073338
88837219
84594380
80356394
76150658
71931055
67697679
63516413
59263836
55030961
50812935
46579922
42345752
38138371
33916171
29655856
25426537
21196446
16935563
12725519
8491174
4255503
248776022
244524466
240298900
236053447
231805437
227584658
223371581
219117190
214920896
210720849
206451992
202236577
198037813
193719828
189533476
185304129
181062494
176872155
172709139
168430072
164225436
160020889
155790090
151605063
147447147
143188536
138987420
134796917
130505778
126293129
122088887
117851697
113671377
109437402
105202047
100980371
96749458
92515025
88326751
84133012
79895516
75697467
71507838
67281568
63067921
58861090
54632628
50426892
46255069
41992386
37811684
33610082
29378402
25184226
20976353
16749461
12546939
8354316
4160323
248587824
244385237
240204071
235984612
231751740
227541684
223400023
219132831
214964121
210742617
206520140
202323119
198136148
193959255
189824323
185635841
181431724
177257429
173083185
168872041
164667179
160488763
156305922
152084152
147895847
143688178
139530984
135345345
131092280
126940961
122746849
118543128
114330059
110146523
105932944
101755001
97566452
93369168
89174684
85017667
80818534
76653831
72496714
68285850
64116219
59947374
55700580
51446453
47202925
42959390
38708883
34485768
30215481
25973766
21747940
17480365
13272219
9028891
4755215
249041209
244798190
240579101
236347739
232078515
227863160
223693771
219415225
215179697
210959775
206725494
202516814
198302293
194040823
189833325
185637703
181390534
177161144
172972041
168746583
164534841
160323630
156092582
151889705
147672781
143438407
139239081
135033026
130800828
126579987
122346385
118109233
113908899
109692397
105482379
101269443
97061071
92811387
88590056
84417994
80163742
75964109
71818885
67532922
63333605
59125236
54893707
50677409
46463506
42196102
37959597
33750135
29519556
25327060
21111858
16887330
12716729
8557899
4280877
248664732
244431477
240238091
236038073
231724317
227526565
223311017
219070630
214850625
210657100
206422691
202225966
198043684
193794730
189586442
185372719
181120767
176870546
172639550
168363586
164115285
159863888
155595278
151384184
147145343
142873163
138636892
134423610
130201377
125963952
121706021
117448197
113223790
109003255
104747451
100500187
96243788
91966101
87763338
83525688
79282620
75039649
70769450
66522508
62285798
58046884
53783434
49567493
45350139
41082276
36866943
32672606
28423401
24174408
19887346
15599724
11374505
7115275
2852906
247215355
242945847
238721389
234493356
230244828
226030669
221813627
217574533
213370160
209148790
204886198
200673737
196465584
192202995
187983520
183797368
179527966
175338662
171101662
166849092
162657126
158417494
154172318
149956195
145731703
141479641
137269671
133039085
128816128
124623530
120374003
116090174
111869393
107636949
103308038
99076644
94841394
90585743
86391187
82161975
77873225
73599077
69383590
65140847
60886405
56640857
52366163
48071535
43886046
39605813
35341256
31098315
26839500
22559005
18331029
14098775
9826647
5567313
249745013
245498463
241228298
237008134
232717833
228552900
224323313
220060022
215820047
211580159
207319497
203056641
198811631
194574797
190390007
186097643
181823987
177602272
173381783
169126493
164880181
160649505
156405914
152184375
147997184
143688076
139446336
135208474
130941515
126682813
122437644
118156860
113951282
109726051
105430493
101208591
96970098
92718893
88491103
84280145
80011190
75790134
71558101
67312692
63060545
58798393
54558868
50345601
46123973
41817422
37600610
33360570
29087992
24885112
20646406
16398446
12221512
7933477
3682729
247946638
243709606
239531334
235327708
231104712
226878930
222650616
218405429
214178135
209972297
205730296
201528220
197319810
193069388
188818478
184603343
180350700
176106288
171862573
167595709
163342752
159118590
154891231
150658582
146491856
142196992
137984931
133784119
129583582
125372169
121101178
116856081
112690951
108435216
104197738
99991082
95781566
91537660
87325214
83116550
78870787
74688751
70510149
66313605
62148167
57981146
53810649
49660922
45460760
41220831
37008236
32799223
28538616
24367199
20146064
15895624
11664371
7433990
3177285
247481312
243201516
238981112
234766158
230528886
226316533
222079013
217844705
213618918
209400991
205143610
200969957
196804405
192600755
188413452
184258962
180021084
175826955
171604827
167369401
163140203
158916969
154662024
150443709
146212558
141964421
137756352
133542241
129307849
125090272
120841307
116602616
112354503
108184612
103951974
99707579
95495250
91248685
87028994
82788496
78564159
74352778
70128973
65879193
61642442
57438463
53172559
48969690
44723957
40464590
36250707
32019853
27750063
23512973
19270525
14996559
10741615
6493887
2253083
246531515
242300647
238089607
233890531
229630321
225424523
221182528
216932035
212697292
208474087
204240492
200022382
195787367
191554740
187331776
183096800
178849781
174638392
170436077
166194194
162006386
157810260
153543322
149332806
145100007
140863127
136646478
132446474
128184837
123989149
119771987
115523817
111317770
107021976
102764550
98522247
94228768
89937839
85680902
81423947
77133311
72865307
68614194
64329590
60069066
55815408
51527959
47284009
43027001
38728036
34458663
30223388
25948619
21701378
17471077
13201733
8998328
4832214
249324267
245091431
240872740
236689963
232429939
228252698
224067726
219828982
215599745
211420146
207158346
202946819
198785506
194531914
190339993
186147099
181930954
177740067
173551354
169328429
165160811
160962576
156728827
152538255
148352199
144106375
139901899
135699757
131482180
127257464
123043685
118812580
114637693
110425975
106217496
102029638
97825504
93612698
89409342
85222939
81017735
76849649
72674596
68463130
64273344
60080550
55868643
51699930
47525295
43314603
39144504
34993499
30770882
26593394
22410892
18176357
13998588
9809495
5590106
249945094
245726219
241532230
237324405
233084261
228892059
224633848
220414964
216233587
212042045
207804318
203613012
199443458
195202786
191026926
186811081
182570194
178360203
174168036
169928560
165736029
161542935
157323960
153134528
148944028
144706227
140486869
136277307
132034532
127822314
123600828
119331927
115128828
110908145
106672993
102417015
98219753
93971349
89753639
85523359
81292152
77058201
72862539
68606059
64392143
60154195
55928204
51719025
47509230
43239071
39038382
34795071
30560350
26337526
22131255
17863255
13638252
9414669
5154757
249547557
245302799
241103710
236867102
232638913
228441630
224238373
220004017
215804187
211603547
207356829
203171379
198944007
194678141
190447310
186243873
182005710
177800506
173601197
169367515
165144097
160921404
156659853
152455185
148254454
143983774
139804911
135561262
131334063
127099421
122880381
118639566
114427248
110246802
106008208
101813110
97617319
93414271
89229199
85043728
80823136
76669121
72484999
68264435
64099030
59910405
55685708
51511116
47340569
43124537
38945969
34749652
30526775
26354370
22164725
17896323
13676749
9439543
5188145
249573375
245334953
241152130
236945773
232721697
228546287
224353750
220129423
215972346
211789675
207575353
203398803
199197007
194980014
190784789
186613748
182405482
178200983
174005954
169774454
165564188
161379925
157163962
152999148
148817070
144597921
140408940
136225827
132012833
127822110
123622021
119391474
115194985
110992104
106777717
102569356
98357915
94130402
89920149
85711800
81477324
77213852
73009420
68771471
64559835
60325383
56098108
51897084
47682276
43442695
39230138
35050671
30806691
26617028
22403304
18171590
13961695
9730585
5507380
249932663
245720808
241519860
237331212
233094175
228883784
224686769
220460589
216270161
212085781
207826992
203640314
199438944
195194949
191000412
186831816
182646814
178490507
174316987
170087591
165912291
161725182
157498223
153305882
149117304
144871387
140673373
136475416
132269743
128109206
123927197
119716040
115550397
111358171
107149208
102955954
98768323
94559638
90369218
86181237
81975109
77787610
73611597
69391053
65196692
61015084
56809590
52634154
48457670
44225393
40045770
35838153
31599470
27396818
23175407
18909201
14684899
10435101
6174809
1981752
246372847
242150754
237966534
233773363
229554139
225371745
221167593
216938497
212764571
208591368
204379511
200181176
195989691
191801409
187653776
183448709
179238544
175092298
170903614
166678736
162490032
158300098
154083346
149887224
145687984
141462798
137261737
133077932
128840316
124644017
120434545
116193919
111991203
107767192
103511352
99291148
95113640
91238639
87021495
82829094
78707647
74436676
70222452
66024394
61767589
57571756
53339927
49090507
44868025
40684461
36449086
32267935
28067809
23861782
19724735
15514023
11367046
7191373
4052117
246606264
242362327
238168100
233940620
229715813
225515356
221322663
217096712
212892497
208694711
204451172
200267282
196067747
191845747
187638395
183445729
179209959
175046602
170859176
166638668
162447473
158260124
154034575
149825449
145574248
141325379
137136969
132859241
128634882
124418744
120216734
115947811
111735095
107537345
103292716
99080926
94854977
90621837
86404380
82228365
78014772
73831843
69643418
65437007
61258005
57072580
52872756
48679385
44448499
40222289
36009205
31774443
27546370
23344313
19110458
14844310
10631673
6408664
2162967
246673854
242431432
238248539
234034310
229772388
225581981
221382598
217148773
212943478
208781420
204565588
200353857
196138450
191914791
187724816
183543458
179302055
175116075
170892753
166660889
162462132
158274130
153978824
149801084
145585122
141342494
137083788
132866623
128622094
124395740
120181270
115914344
111704078
107512034
103276470
99055204
94822622
90588656
86356924
82158742
77912871
73692039
69503514
65249578
61044462
56823131
52598791
48401370
44205733
39954972
35762965
31530940
27288967
23031338
18779747
14491479
10264644
6037886
1812241
246073022
241858230
237660105
233517560
229278340
225093479
220922874
216700335
212485043
208283016
203995467
199812279
195596865
191338391
187149274
182931646
178680707
174479142
170271561
166009641
161813303
157608778
153347516
149167294
