7582417
1335138
1219033
485587
1403095
1348847
1989358
618936
921724
765906
1857991
608618
380906
1703603
1638446
1614850
520732
1569561
1502565
1899412
1212848
979727
1121421
1997352
829449
906044
1879541
1479763
1358995
574944
711727
1413508
338062
1642455
765152
772458
1981432
826517
919109
572327
407693
663304
790579
887558
1000449
448187
783244
785389
378240
1643485
903499
1334970
649661
990306
1294306
1745422
469708
399420
788899
934777
698795
494172
1637275
489685
1819260
330330
1279347
1453069
1136204
511270
842176
1713949
301115
1622641
485128
1311407
970281
2046508
943716
1154897
641778
1255055
966373
502110
399279
757395
1809067
1503441
948087
367925
850418
1866365
366180
1588436
1125500
498304
456302
392569
812220
894591
1108899
536965
683723
1367600
1388857
779875
584672
1933235
368800
1080054
303763
891266
1365448
341965
970633
970420
976913
1755893
491812
1686009
1050621
1669988
1138241
1229654
454421
1565324
789195
385827
748552
1744331
1193865
1627620
1069576
1636690
587396
1233040
1203385
1265088
1399411
867278
585089
444497
1517057
1027061
1245204
815321
1875117
979350
1849262
1815817
1284915
1504531
882686
832635
1574607
527529
401443
1729790
1828006
1056567
794119
1690997
404579
944706
1862276
1813376
1299748
1741869
1542447
1579753
2927086
630258
688833
1708222
551560
922645
925618
2022463
412821
989237
630756
1740770
754395
2046490
1971351
635718
1045616
652306
1234778
1516059
1969659
1422587
1384919
2006161
918649
1938454
1321479
480214
1274287
1893316
903458
624936
1015360
1197504
1827254
1906241
1048433
1744215
1362047
619145
1087235
725733
2262490
469348
1015330
533057
1275780
1930522
1088767
1124217
974301
1503059
1163794
2024266
999725
895724
1461976
591124
1429766
507830
818167
1787587
773540
426440
975662
1970468
538871
1122004
458699
2066258
326473
633728
1504287
1399232
1157486
1343518
1732249
1260902
1983482
1208199
1532924
1715573
1854274
1568179
658179
1412175
421000
1353544
1838092
3397524
689924
1279632
1437464
485807
658448
394110
1497123
881611
366308
636344
850222
724301
1003020
759704
1313022
812892
366450
2022913
1000498
1049800
666197
611073
473642
1983512
1611512
1985001
1003336
1429566
1454102
537667
579717
744439
1380263
1617308
1227571
1914879
1830165
1654310
721393
972209
1704795
341785
1756512
392931
960411
1412332
450688
1211753
1052706
365536
948589
1236972
1136084
1881272
633379
455129
1811261
1914658
1720333
1951964
1971512
627075
416691
1237561
753360
1520969
1233593
1566077
1025877
1808805
536711
1520790
906009
1324491
296645
880014
1358856
1046272
718611
1268279
1268555
771406
1132521
1347523
1564870
2391957
1082050
1223895
1713878
570980
10468459
394442
828721
1307299
779186
547176
586150
774759
613534
937875
553547
401498
897631
1788773
748976
2097656
1207150
1348775
1062459
1066935
649436
1593625
3745306
371563
1345179
805755
1581966
514241
443959
1752012
348587
1754450
4426776
1442132
460851
314969
1989137
714583
298499
717225
1727570
1460364
1222591
1209809
1837596
1402372
730155
747637
1013274
739097
1241335
1646434
1558719
1077736
1451894
1814914
800185
909119
563499
1713646
1920401
547998
977641
932608
1391263
1203509
1385502
690856
1508454
1000347
803055
1338689
1102890
1007315
1047766
1615349
761274
1435748
494087
430765
443715
1173352
1073383
1535970
641862
1418310
356748
1087948
1664844
1440363
1485634
1065974
1455892
2094117
278859
755215
1261312
810237
1077388
795673
802596
1753291
1095537
493948
1348440
636353
669218
388870
727420
589212
343101
566569
730954
1132375
416591
1312315
1435035
1321422
831870
330949
1249804
619446
929639
1818937
1388005
362520
1083020
1155583
383429
1127203
390593
1287017
613129
965861
763452
1695268
1843850
742247
826651
955235
983722
1123278
1251257
654534
931088
1446073
958593
2029601
542867
373542
1627033
753548
1365082
1102979
1122651
736082
640936
656709
918770
792161
1474760
747367
1721621
1191305
779149
1362337
995691
1337381
338140
1067672
1267260
1109507
720022
1982756
1162030
694198
351361
1342265
1869024
880546
1116258
983975
350975
389031
887415
315573
1841311
1630109
462509
351333
972951
1712473
1932738
719384
784459
1199251
925685
1142157
392565
931279
686982
1288512
1636227
1177281
702028
1322011
815165
1730007
855207
1812426
809946
1644006
439055
414876
1253459
1232577
1418044
1007980
1931955
1032954
1468899
414513
590166
456853
798575
1917781
1393484
1175221
955513
1588430
1753110
530450
1329167
497030
1646574
386933
1296973
481116
1514957
1180152
993460
2219728
790364
527858
687726
225313
783470
1125432
302773
1299237
1114275
474419
1878575
575543
1208898
469870
1026273
1244002
983267
621892
1376061
1072437
306881
1139962
1221246
762999
967003
724210
1897544
1510774
1430769
862938
316860
449482
1023022
672529
1185703
498487
502985
756871
1331676
1531247
537135
585551
296838
1586682
1110893
991184
1012874
945572
325687
2069952
1661945
388194
691322
886160
1039671
1091361
1864389
519361
1453328
1623294
279827
1773854
1353464
489349
369151
846940
1041802
659569
1035933
343174
514080
1904006
1472676
1254505
978689
1293441
1156403
302276
1064847
381876
684329
1469459
944257
859014
1374213
759596
1904977
754034
1212854
367315
1644775
641300
309510
277159
2094661
592381
1164177
637725
1427830
1385500
811873
592975
748810
1082586
333021
420407
409474
519486
489076
1059584
368867
264283
1299415
628755
1367740
1652869
829394
790363
1498579
598895
1005338
1852960
572480
1859834
1433514
1089868
1996900
1461085
1324823
813910
777921
757008
1048817
1821667
2026867
647120
1176694
1067640
1993036
698524
487611
471341
494183
1023680
508564
745279
1554054
463412
1835436
1737471
1417015
590887
601533
1355387
330150
1271653
1358862
498362
327494
1369242
1146597
1194805
384174
2096141
624727
1117842
541127
786557
570349
634473
826132
911910
1722438
1770357
276871
1335138
338342
1569973
536596
759070
798112
1103835
305768
537757
1093220
274594
1226779
655662
966290
819130
1112635
2011257
1710871
858961
468227
1182797
777840
504617
1626032
880001
891545
1014079
385219
1546732
552501
1643669
699890
1005627
1403212
890226
1479582
1840814
1786078
513225
904246
1255164
1785961
579250
1186717
456092
750282
1695848
840632
792749
1690649
1089311
1448806
473610
1044346
269224
563261
2080945
729992
618941
942632
828192
532538
852037
644896
1024060
1991703
655680
1887641
705158
1994490
858338
551236
1816040
305584
808438
1159060
1882489
1523091
459550
245810
1112887
424771
451692
970558
640259
1197715
1335470
901291
435106
434059
2026079
735563
787483
680609
1414933
868880
507589
663803
636397
1756843
862363
736647
1160822
702917
840671
675272
1831256
822384
1233077
660319
456578
585064
931889
1065666
911992
847271
551975
1083118
802029
1895101
1493036
715052
341186
792416
717942
1029980
424776
1119449
4108624
628539
731158
719588
762987
1031593
454667
382222
640198
383101
268591
492426
1001284
806479
346427
1485458
742877
1684368
963890
508121
961426
870230
942615
1170278
2002585
325057
894639
430365
389644
972910
1023243
808815
628837
405370
464402
914390
1747682
1442621
778128
936218
714288
1060506
282134
1518555
1404161
1839920
1800682
1413586
882698
601252
1981041
1163780
746110
621661
1126189
1920504
1077001
1388214
577292
347317
1175247
343478
42922711
34225961
24123960
17369872
30941484
25995240
17874683
7865359
364852
1800018
525053
1765442
435721
1028704
1013399
707386
701112
1242606
1329053
1012293
1537967
696701
1214404
376547
227592
1841323
585132
764744
857224
1661211
1307735
526135
1040527
2050944
1244503
1002290
810767
482855
1971974
545759
644855
420718
8689153
