6150090
1179774
563795
435368
863463
454822
413044
448570
1257999
382176
985060
867481
1107292
867364
452411
1238435
1486646
743888
966017
1188797
1377065
1333040
1516808
1031674
344998
1495024
1168183
374411
342022
381419
1172493
978822
1643954
1130986
837041
611706
1785409
351992
1484263
378735
2736389
2000299
548727
689117
867885
2005867
1466528
416947
1527939
542051
1050874
2076348
614429
1694444
1622692
1886885
1084268
395600
1491818
765214
1427455
931380
1317876
323583
1706273
658589
1267938
1953808
363549
1140454
369949
417919
419732
702799
1367912
505848
1218462
552141
1534040
320671
523050
1497631
1387805
1451603
418840
721845
1570269
923239
336828
393558
1601765
288116
926645
1516328
1637132
1240318
1122052
1436326
1204356
1004379
868760
790974
432085
480491
1999005
1572407
848328
846960
371454
1635990
1530981
623375
409193
945256
1370903
856882
925496
973518
1318687
499159
717095
320816
859181
885561
1623563
535730
466009
560003
525268
458160
475956
853210
396395
569418
986882
946603
426788
796370
993339
2386697
393168
452914
456307
403856
752787
788841
1316042
390602
1008294
1054848
369785
2076303
1571842
730482
1104375
1444100
498115
977824
437112
1591054
428148
602980
513855
315728
789748
1825898
1194929
697416
282955
836631
821089
924703
1886447
712248
345718
781095
1833897
313766
897557
1164329
1617434
567802
895331
1853178
1162889
703254
301599
726453
309558
2413322
674125
716661
647557
566874
423764
547967
879026
360721
812753
600669
1392456
651154
1788746
910559
1817909
468349
1508852
414470
1376316
1956237
348773
344770
335713
420016
847484
1069974
1105482
573149
1510533
1840983
485578
935237
1952627
1725705
561521
418130
792007
850935
1230313
874442
419923
546719
1389216
873539
586875
1561757
383546
1238935
1153058
1368510
303386
851180
675419
724263
1877742
282253
1700937
304089
1621210
1421357
321660
795712
1611666
936058
936821
847497
462459
561011
1248202
1630785
1661716
2019478
1883730
1859576
2043577
2149009
2230348
1907327
1190265
1124990
1021959
1030810
592711
832096
967769
497037
802534
707574
1213421
620949
451184
1620475
1041422
1092218
1332264
827768
1736090
1641258
1645549
1332460
1490413
1094194
1944112
627357
1841596
1453531
812741
1268291
941783
860953
501438
1750858
1897092
1511386
1157287
1632670
429679
658411
989600
262535
872620
830046
1615055
1214265
743249
979027
766016
313373
751875
1418728
563747
1280083
1200981
1515312
835562
812328
341651
1832716
291456
1566578
753841
633464
801989
1064229
566135
1368601
245141
1178954
1013794
372652
635644
1869833
564568
1796861
770584
644628
544275
746850
1026689
656790
594623
629634
639752
1114688
1595272
1366946
851419
880784
1271642
393585
1039941
536390
1801149
1984938
377627
1109706
438695
1088557
934599
1415461
1367649
710970
1099184
889565
980687
1803433
1465162
1266687
1857037
1005346
673382
1597894
439636
463080
1429706
993091
1478855
1035960
419523
332512
310559
296527
2633415
780754
975017
422906
476727
374299
1091451
1161918
1117935
1188883
885564
729394
686887
332442
644555
756437
488368
438941
1507729
771113
1207521
904119
1154407
1504221
1588555
387167
1411866
762044
630465
496945
767896
1093211
282850
306206
1670457
1623339
638891
391847
1343099
654116
1264559
940770
730437
406944
1432370
1507961
1177215
923985
1609203
1120934
1750430
1172486
417696
1535924
287340
1790640
492529
677867
764839
1606812
371549
825033
683495
749859
1477369
637806
889023
1066317
1870150
3334381
514933
1641899
622226
354042
425210
1213049
887904
951460
855349
1000387
1587332
577219
1573069
1634679
465376
1279484
1062773
1585376
1703109
1903568
1327576
1094426
1905834
2221674
1320868
1742754
642888
1521310
1294567
1710815
1009472
535645
374511
1899780
1021407
1136470
529871
1628987
1035727
1737851
333528
913735
724873
926625
1114292
470700
560239
940184
776506
632594
1433658
1034976
872122
1756846
620212
1235224
1064097
1266655
417071
362743
1135041
485593
523842
1020882
779306
1375141
652772
1554350
1266517
4072086
1398473
501860
755140
1723401
1172173
772886
1328262
1533175
325726
1452615
2017628
914250
1084163
1828692
557792
508791
367772
1027465
1846657
1282965
1452164
448661
730087
360597
839896
721830
688407
364391
1201027
530581
1160474
1386454
1687850
562662
356642
559416
298214
465817
640596
1576721
578774
707267
1074250
410809
1481412
1453495
1766807
1403161
1456200
1282506
670251
1744945
3618261
1573723
344541
2055096
956627
1572059
825162
758002
773836
1492962
650418
1749475
337119
646302
768876
991781
2591130
1862885
449591
681751
700659
1813929
1278714
1055512
633006
4506546
1177519
1979392
1049319
1728554
1848394
1045238
2554627
1178218
423561
608990
1803766
992485
593912
1178017
1296309
1034899
930606
498794
459730
1928659
1950075
866246
778748
1769514
1764551
1640449
622750
366778
1059561
2034974
1169217
787206
1692140
912149
293453
594391
478795
820404
377047
1064513
904743
1670027
982057
565054
1977002
1921645
471643
1835219
714851
403003
1723485
1047617
1805663
612497
1973789
336086
856396
1336123
311807
396085
1575324
1047652
1598182
1230370
561361
1211301
330893
1151265
1612507
1190580
390925
454757
2061991
879172
2494099
1064134
604796
488654
1367568
876778
332762
365772
1957508
342521
1182895
902047
1755533
460936
791207
1094995
1183791
1655419
1260206
1059547
587655
1409161
580182
1074237
608622
1240139
889640
1177858
1696813
907356
788081
357320
390331
673527
1350516
1016090
1968986
857339
319184
777289
1232477
1919065
926715
727463
1884143
1407414
395865
1629604
371899
1231440
1398191
1396380
479491
1217950
812665
679741
1411283
447414
590804
1340779
627780
345985
1022285
376269
1524699
853746
426912
1884411
388665
282456
294258
1131821
741612
304426
1519824
299948
778870
1135224
342452
404597
466721
1297588
1902677
771701
411221
2134510
1863862
1195584
1528804
411946
753604
344294
667105
991953
1159223
347180
379473
658971
1334200
891375
1026324
1112788
550872
414725
448723
1022254
339953
1678053
480163
966962
715945
1201200
1625131
485741
4977624
1957626
4619562
1064852
939736
1334240
1748037
1294802
1540429
323669
1750429
627781
948480
1628367
611628
780218
1202566
1344703
1487481
1456018
474431
1384181
1255413
585761
1623143
1194301
1154017
311711
1097726
1102192
1114500
1322620
992092
475121
1503674
1795059
1378339
694741
1184040
1618163
1508221
827947
1137075
445692
1160786
2011888
725073
358677
1258855
1072465
1514692
2056510
1844705
510681
513056
459148
701849
830413
456901
1624974
944751
478483
762584
949659
720284
1577109
816346
1230317
1090737
2312942
901543
437457
341211
598213
702944
1776927
1009764
1755548
2365642
961483
1599068
275976
1266098
600499
880785
1775829
545728
4297657
1275387
567653
579494
2037235
1920889
1666778
820478
1209577
1582670
798684
339966
1390610
762348
621754
3549993
1501232
1124269
982647
768782
338046
678906
603136
624998
456758
922309
321778
389997
1074551
1270585
742564
1417211
1302551
1770416
907313
783264
1021069
577548
1630069
14626288
4498767
716068
621503
2085702
380448
1534967
2233071
922860
830797
1460794
1819257
1982927
824157
1774637
1352796
1137786
1076760
695106
738875
1299546
539131
986923
637493
736594
1429203
1667014
1117409
766639
962332
1833114
755576
1094104
934193
657856
1384133
1664602
1332070
1094218
1576240
1583589
501355
921457
665476
363210
1384958
1313322
844209
648526
1037736
1196981
903176
1114650
1290777
1646270
1490878
1411445
1954710
1726517
1913746
1015539
1945770
1508872
842597
906245
879124
834738
471931
1626795
1345341
1778705
1411346
1601455
1244087
1577675
7891058
