9063471
10156279
20029854
9886647
19806020
9698146
19549216
9451528
19336844
9251687
19106257
9019627
18885521
8774313
18625404
8501949
18415867
8324202
18206082
8105235
18023130
7949972
17830222
7726692
17589693
7493511
17434076
7331723
17148173
7055892
16949589
6840281
16733851
6670704
16604384
6504611
16353511
6233076
16116486
5984135
15847671
5750131
15856211
5742582
15377523
5275703
15128247
5040305
14972719
4887501
14859669
4792158
14604357
4479457
14316664
4196099
14043873
3951138
13882051
3761364
13594165
3492046
13364563
3279259
13213263
3245113
12939277
2814111
12679712
2561061
12492207
2399579
12320488
2210558
12128217
2017384
11874587
1774236
11661500
1558349
11235122
1155282
11099890
1010104
10864712
748558
10678416
577549
10566806
468180
10165222
20288381
10187949
19926090
9824999
19675248
9570572
19459207
9336946
19191898
9061298
18893180
8807963
18826323
8731560
18452475
8346194
18255749
8126332
17936037
7833611
17735530
7654717
17496957
7373939
17327755
7208046
17011122
6887539
16837381
6725359
16566468
6448732
16507461
6429238
16177151
6073422
15983882
5879530
15753791
5662002
15525092
5433406
15304730
5196875
15095718
4971009
14804432
4677004
14562864
4442484
14253536
4136394
13993563
3877433
13773532
3651259
13551341
3435554
13283798
3163404
13059859
2909037
12787533
2669080
12539629
2425812
12589011
2455200
12033684
1893235
11739399
1597450
11487006
1365502
11353970
1214996
11176677
1057646
10723590
623000
10702986
587901
10341549
20114203
9993212
19941644
9818441
19652974
9529993
19391497
9303426
19187858
9070905
18960079
8846144
18714570
8607492
18441276
8335229
18285080
8181794
17991405
7864957
17757402
7635249
17562919
7443149
17364355
7281365
17138177
7005761
16868751
6748771
16678082
6561667
16487467
6407796
16289034
6208401
16057700
5942837
15908592
5795088
15581880
5466110
15333415
5198157
15107594
4990925
14860959
4763630
14636056
4517232
14317053
4222177
14020773
3937413
13804002
3694930
13595456
3472745
13312668
3189888
13044010
2913038
12842714
2735790
12614865
2499999
12379685
2265873
12127060
1979981
11890909
1807529
11677574
1559147
11414276
1287333
11158325
1026536
10925057
802774
10672896
592596
10451745
369597
10258403
20134627
10043605
19933064
9816563
19723449
9611016
19541914
9426347
19270687
9147454
18998859
8895100
18746276
8670587
18483121
8350361
18243170
8160966
18062300
7894994
17749207
7665370
17563364
7437411
17369850
7275064
17110941
7018100
16898672
6789080
16665151
6545390
16461357
6341128
16161200
6013222
15913291
5804427
15676169
5559283
15470489
5287176
15108574
5878197
103122139
93000393
82899614
72804002
62663852
52599743
42517037
32402589
22312712
12210902
13526869
3430053
13322616
3203173
13063979
2961435
13273595
3180711
12758251
2643249
12336732
2243893
12150256
2042565
11866006
1764941
11692966
1581816
11599842
1484119
11327471
1212524
11160534
1085651
10990393
943348
11016899
941032
10833901
705093
10370803
20265721
10199262
20063924
9980666
19858316
9789405
19700773
9625274
19508876
9386319
19235350
9110484
18926216
8791725
18683995
8591316
18451486
8335775
18209117
8094870
17993242
7919990
17837999
7761699
17705094
7600454
17462188
7345973
17248828
7146366
16977032
6867730
16756223
6647287
16533052
6426877
16309219
6207729
16089526
5991042
15877467
5778977
15679140
5584795
15538016
5412919
15279898
5199608
15007514
4902773
14814694
4712170
14620670
4548140
14400955
4326003
14343054
4286495
14023411
3867173
13717212
3583239
13449157
3331864
13206319
3080647
13232925
3116047
12724761
2608034
12520647
2408041
12266227
2155810
12026023
1918395
11790570
1659491
11539204
1414932
11331352
1255585
11039376
931845
10819143
705584
10711859
632805
10310917
20173003
10060292
20034336
9938302
20017167
9877724
19477926
9293789
19116819
8956553
18841718
8685251
18540939
8410729
18257366
8091194
17982879
7880541
17769093
7615053
17651933
7513078
17231627
7138743
16961539
6818122
16659339
6531224
16458648
6306747
16192311
6062387
15854399
5780117
15866473
5745074
15349364
5266459
15055856
4923916
14787197
4654088
14610332
4524205
14458900
4388001
14154595
4083455
14001668
3834768
13704883
3636534
13451984
3328700
13373293
3220713
13112594
2975226
12712250
2549434
12403294
2236090
12067722
1982306
11890924
1774468
11749160
1671150
11395171
1307386
11180951
1030574
10893020
759118
10634242
506389
10355232
20220172
10066690
19918261
9821730
19662367
9564005
19462500
9305002
19160735
8987569
19010176
8886718
18769964
8645880
18526442
8372594
18238249
8154094
18015200
7862269
17681530
7598239
17485486
7355841
17178297
7058588
16916222
6770123
16585744
6454231
16373908
6258963
16084089
5962299
15806483
5671712
15477547
5333430
15202725
5080190
15082966
4938506
14634860
4482409
14270722
4126905
13994087
3880572
13761970
3608402
13502158
3340786
13225769
3091498
12913980
2766717
12659932
2523374
12354442
2231953
12071865
1979619
11837121
1709982
11590334
1476881
11386970
1295615
11190534
1071677
10976926
853653
10757140
655829
10720615
612945
10261860
20143820
10028889
19915402
9829863
19726446
9618348
19470435
9351837
19226801
9112544
18969019
8832464
18666411
8542759
18421844
8278106
18135509
7998879
17838855
7762546
17612002
7527567
17389362
7297088
17166481
7055188
16872927
6736646
16684338
6549833
16363879
6236503
16116690
5958489
15863819
5756901
15589749
5453106
15334847
5202497
15041850
4909655
14758482
4601622
14447884
4332732
14233996
4125472
13995265
3860315
13822373
3685312
13420030
3314750
13204906
3079148
12898243
2772524
12625718
2477281
12350738
2184971
12072877
1957688
11764076
1623949
11470928
1355931
11235570
1124033
10999455
893526
10822057
719117
10626441
493685
10212532
20110767
9990772
19838389
9717507
19557055
9422364
19345768
9188259
19092978
8980467
18870929
8716252
18629340
8493154
18367266
8256205
18183775
8040280
17894938
7805289
17757651
7642457
17485390
7372669
17233682
7136813
17020533
6913400
16779744
6687068
16580539
6481989
16369949
6247850
16099233
5978141
15872351
5672329
15521216
5388819
15251876
5093185
14932754
4825516
14671947
4537394
14444023
4317419
14133461
3993946
13826451
3692767
13598850
3480166
13416306
3275554
13170722
3031772
12874860
2739920
12617211
2520104
12301340
2177213
12047958
1899425
11721952
1619645
11464166
1331876
11211693
1118665
10956079
844467
11302907
1219390
10783007
654346
10257870
20110095
9998226
19763205
9633504
19543124
9400904
19230334
9131237
18987807
8821597
18728181
8571934
18460416
8323377
18144355
8023552
17851068
7725498
17601047
7473667
17347774
7226021
17084357
6938418
16779381
6637490
16527097
6398515
16239548
6109984
16112992
6010963
15724236
5609607
15541975
5412131
15217127
5088292
14945079
4852109
14753447
4634191
14431988
4321436
14205865
4094792
13956353
3839350
13728771
3612107
13476166
3369610
13229817
3113460
12983418
2859034
12709912
2551433
12373915
2267436
12127400
1991339
11878128
1758303
11624265
1521364
11361623
1188257
11072277
926184
10917583
771334
10686258
549658
10246593
20117655
10006658
19866416
9720640
19598528
9474392
19396359
9297673
19115242
8971794
18886171
8768411
18617767
8498414
18327276
8170987
18003794
7910167
17673337
7538798
17389563
7242282
17140134
6986028
16848277
6712072
16615680
6453708
16269998
6161781
15986582
5808580
15741956
5671643
15575034
5516767
15433810
5301099
15178657
5058430
14890724
4756033
14566931
4430851
14259416
4148702
13968517
3838640
13677251
3546402
13405268
3310746
13126077
2980766
12856821
2715256
12613898
2469780
12288852
2150758
12129663
2060147
11805463
1682224
11579763
1510641
11307060
1216162
11041788
924143
10776654
645326
10677638
594183
10246520
20122354
9994416
19845488
9770646
19582029
9462201
19383966
9219215
19103313
8935111
18808382
8669095
18546199
8365615
18248460
8106213
18014229
7859743
17705654
7626078
17498536
7383785
17272658
7181747
17122573
6962795
16860007
6710612
17739229
9024868
16046890
5948955
15751800
5648781
15403831
5257099
15106482
4996105
14798785
4656545
14484212
4385167
14290014
4173051
17224268
7089470
13681779
3575071
13435517
3321117
13228028
3079861
12893989
2777297
12668089
2541873
13117101
2986889
12105539
1973885
11868973
1737588
12129805
2059703
11477012
1374563
11099769
992776
13155119
3014866
10578569
479902
10231148
20249256
10082521
19724226
9571090
19404020
9274478
19101293
8956570
18851947
8653929
18546726
8399936
18209032
8062142
17911251
7819384
17629004
7494686
17329219
7189971
17097616
6962915
16774211
6634495
16415644
6259740
16183289
6012104
15863658
5725771
15535523
5385958
23146178
12965534
