5478182
20131193
10006909
39755100
29626347
19542815
9488707
39287298
29178478
19103898
9006929
38736384
28652661
18623739
8563962
38344455
28229078
18160590
8071294
37801438
27630861
17569248
7481692
37209576
27081927
17000224
6903130
36735501
26664797
16608230
6531006
36223003
26097049
16043179
5948381
35679205
25544603
15493288
5468182
35330142
25227127
15109020
5021624
34756282
24662239
14591918
4556002
34308210
24177801
14139199
4045102
33812027
23690021
13658813
3618510
33426052
23340254
13311684
3278807
33111683
23042010
13765334
3830526
32775364
22700834
12669821
2673677
32457318
22340897
12248687
2205166
32026174
21908814
11825504
1786154
31572876
21471495
11397556
1324867
31232862
21208530
11181540
1163182
30895176
20822090
10784897
40533072
30412476
20332491
10249172
40040606
29916457
19820979
9733563
39471901
29396923
19339529
9269644
39066251
28949561
18851436
8774681
38511245
28385630
18358439
8319244
38119641
28047193
17989334
7909959
37654372
27562198
17516728
7448023
37240822
27118061
17028116
6929294
36723714
26645126
16602502
6511217
36477959
26401941
16392768
6382444
35987617
25911553
15878447
5847596
35673612
25581473
15595744
5564153
35264525
25125923
15063203
4984194
34790168
24724441
14748521
4720347
34567420
24474576
14404807
4367177
34129036
24039948
14013826
3989429
33770293
23701383
13692607
3665212
33630813
23559981
13546001
3512288
33336170
23263625
13249799
3247350
32912661
22798058
12677745
2644170
32450796
22357544
12341981
2339175
32158866
22046833
11944436
1858760
31638078
21525002
11496025
1459028
31148861
21075875
11022586
983624
30699298
20543316
10444218
40261068
30179505
20137198
10092105
39942688
29864441
19831786
9800886
39625307
29551075
19489803
9407701
39112970
28986110
18917740
8873090
38659633
28534033
18462482
8362916
38184634
28115935
18078781
8023225
37707354
27583528
17502788
7416921
37284322
27209212
17193056
7173535
36985445
26913270
16884987
6861066
36628902
26569681
16548244
6476546
36236001
26110859
16026443
5934946
35709631
25589477
15509772
5426152
35183040
25063879
14996565
4910975
34662357
24530771
14498766
4399187
34131995
24048139
14013827
3988948
33767214
23648635
13553765
3509481
33371833
23266884
13217327
3159471
32977630
22906415
12870738
2846208
32668717
22599081
12559903
2536443
32305336
22188402
12108348
2047931
31869321
21747503
11665798
1578610
31306438
21157075
11114400
1042994
30884205
20765173
10678172
40558270
30421150
20303589
10239212
39878205
29846142
19804133
9775371
39636435
29568277
19527613
9478561
39198771
29117415
19092367
9021135
38835852
28756557
18706465
8629381
38393512
28290734
18226406
8145939
39198855
29078277
19009585
8927470
37476348
27403810
17354076
7252723
36960329
26833903
16762507
6707747
36511900
26378933
16303300
6252110
36062834
25972062
15910422
5833920
35624465
25553967
15533154
5521091
35318999
25217146
15122316
5081670
34880998
24816631
14793727
4753345
34573230
24505754
14479619
4457363
34278031
26343384
34567765
24502602
33841439
23769526
13738515
6468274
33867607
23822656
13792530
3752152
33229337
23164662
13118415
3037948
32831003
22763214
12741989
2717254
32552994
22488909
12477041
2450765
32233969
22113912
12048324
1968546
31818474
21736203
11660344
1616595
31376166
21303624
11248817
1213952
31105992
20996980
10914789
891489
30525338
20401118
10318805
40196946
30135795
20116450
10086569
39879892
29810183
19767891
9706737
39470306
29353531
19275199
9225674
38931789
28857468
18775778
8744169
38574318
28517974
18478093
8411896
38139729
28021073
17946479
7864050
38067413
27951420
17903366
7878205
37203922
27172613
17152169
7117281
36930051
26859658
16819648
6738893
36545118
26435149
16408089
6369293
36290416
26206583
16169424
6095036
35668183
25595583
15593033
5609214
35452193
25330003
15273017
5226271
34891864
24766744
14737593
4696642
34420858
24278352
14206971
4132751
33907384
23823939
13876887
3905463
33684997
23573460
13489448
3430593
33126780
22998330
12910604
2823292
32600073
22479112
12405690
2314901
32049912
21944818
11869723
1833624
31632486
21517215
11439454
1325218
31109302
21026266
11002580
989758
30978775
20837124
10779902
734258
30409409
20280981
10187088
39955129
29795113
19748924
9691866
39536511
29467112
19419221
9395889
39162408
29090943
19064508
9008908
38716312
28590327
18500730
8431710
38144604
28020210
17936173
7855733
37683088
27534383
17453375
7361646
37037997
26911414
16801185
6718902
36523665
26401243
16334152
6281422
36045128
25944841
15900323
5833497
35566133
25463648
15401973
5331251
35073570
24948331
14875194
4785960
34547481
24458120
14407362
4322208
34072981
23943720
13854012
3771591
33537387
23423020
13348631
3274726
33044836
22968068
12914804
2874805
32641613
22538571
12441732
2375356
32156386
22048660
12016600
1983269
31841369
21682415
11615273
1596846
31297507
21213616
11194344
1183233
30948869
20871551
10816702
779338
30639639
20532110
10479199
40305335
30228538
20203189
10166768
40061569
29973863
19904664
9856283
39548019
29462145
19408027
9380421
39213447
29107801
19046806
8988579
38755470
28634722
18553436
8460073
38274976
28173905
18090635
8001804
37811000
27686185
17632906
7545340
37283721
27161936
17122834
7063154
36848105
26720535
16636036
6565801
36329677
26212729
16137246
6051275
35831834
25695938
15620480
5551938
35315174
25203487
15119677
5051720
34782748
24700047
14655662
4620118
34451886
24318870
14225109
4123176
33891251
23779137
13704166
3651959
33400122
23282881
13220332
3137285
32964409
22813754
12742630
2711896
32526273
22415425
12345022
2308616
32110034
21998718
11952135
1924563
31757270
21634751
11548397
1523793
31200149
21101303
11062800
1027478
30918065
20815114
10725445
652871
30296955
20143314
10067348
39946838
29837489
19739342
9647255
39369036
29231225
19127879
9049759
38892461
28786480
18755262
8728985
38449657
28350738
18300150
8216341
37997900
27915668
17876063
7841917
37669099
27581030
17531024
7488636
37276998
27180612
17124325
7073512
36852817
26757430
16700358
6667748
36461670
26378431
16320389
6281187
36039649
25953747
15903833
5872263
35690613
25605867
15570361
5524506
35314171
25234523
15173442
5142486
34955965
24870789
14826050
4780098
34769207
24668446
14627311
4628634
34248753
24152898
14094620
4063601
33825357
23729872
13691694
3662172
33468978
23377313
13329101
3287957
33130908
23058094
13015078
2972590
32784007
22702382
12674091
2629586
32571195
22487041
12443272
2457232
32236962
22166272
12135563
2108687
31909875
21828174
11800383
1791203
31629734
21541925
11465891
1434586
31044580
20963983
10917536
881688
30788450
20702081
10668189
672096
30404715
20316263
10290508
40164441
30084580
20025638
9967138
39712208
29619545
19583329
9528397
39369637
29289086
19225681
9191080
38974607
28895238
18836273
8775184
38576916
28448907
18387027
8348909
38186430
28107993
18065654
8027639
37775562
27689993
17615198
7558056
37337672
27257385
17219145
7180687
36940421
26803254
16720132
6670509
36482086
26400047
16332629
6303361
36065342
25970129
15928442
5907176
35693661
25585410
15563313
5523358
35306387
25211484
15194664
5159177
34947579
24879266
14836044
4802301
34556325
24487093
14423162
4366870
34225686
24090588
13996152
3947063
33777322
23690395
13655644
3600384
33385395
23314124
13285256
3224202
33022107
22952194
12910646
2868354
32654782
22517518
12425175
2385052
32418470
22347242
12329620
2302460
31890475
21846136
11820427
1764229
31573658
21478824
11416156
1348688
31243367
21132207
11073100
952733
30611129
20537979
10513531
40261508
30181993
20085430
10013947
39778512
29679020
19607865
9542701
39381121
29261596
19184664
9123630
38976886
28853320
18789325
8677540
38228989
28125478
18055021
8006324
37810909
27691285
17606585
7483248
37217478
27097861
17009992
6951320
36886941
26780422
16767985
6717238
36279829
26149237
16082251
6014861
35677187
25547051
15471828
5375965
35269481
25154172
15067494
4998768
34649540
24526718
14465219
4405830
34060362
23933701
13836019
3756131
33623071
23505219
13418058
3354293
33277274
23156308
13086170
3000368
32586273
22456638
12368433
2299753
32198622
22083492
12003765
1923169
31621483
21486282
11382390
1362269
31429302
21290967
11209915
1209804
30560185
20484847
10391202
40354173
30253147
20193764
10090611
39803738
29673373
19587828
9529348
39367889
29236164
19327271
9377415
39363689
29237340
19168241
9093976
38263118
28161083
18101968
8041882
37825812
27694111
17734397
7701061
37405411
27334388
17287069
7226162
37048305
26939123
16862361
6796756
36420944
26299934
16213103
6142531
36586027
26459979
16373457
6295788
35177849
25050733
16532799
7341197
35106113
24952352
14845087
4756859
34095392
23956484
13794264
3709740
33436236
23315123
13233989
3194750
32978066
22862187
12785274
2700677
32398925
22219185
12111462
2027035
31779166
21668799
11594263
1532518
53726119
43598878
33521370
