2687694
509370
454580
357993
379992
395105
294986
295611
316224
260017
216825
211929
174467
217188
137971
278691
165966
48846604
44682104
40570993
36456439
32295872
28185447
24087925
19925740
15798547
11666192
7498556
3385888
204850
266192
167750
167722
215134
182144
184761
190672
193041
159354
181144
186422
192579
401900
147926
142322
140308
131541
144780
138686
151755
181805
154797
135956
121471
217301
190514
150174
147615
126869
146264
138931
168608
163373
158988
202540
141455
202012
178139
141848
263102
153213
150889
261569
193146
142526
151544
165356
189556
193913
132242
158045
120516
168170
129773
198240
168799
161480
156417
159346
164874
293711
194192
151888
139723
147172
153647
156476
148509
178423
148398
174927
147126
136123
146120
131026
143615
153100
145783
189889
173524
210575
138648
197706
167070
184480
135943
178699
164548
173618
211953
193303
150430
132994
151334
185503
183626
221287
187089
196532
160711
208728
176585
152560
147384
168952
156805
155732
178141
304278
152726
176761
209641
197703
140142
180370
295866
192101
202007
164818
156965
149943
203046
215771
145848
165777
152266
149652
157164
141980
197492
152825
164735
260548
157296
146292
162167
149458
196507
185442
154624
168246
148095
142209
154501
199549
147423
241084
172132
191018
242898
167072
164102
209826
147264
149927
164563
151414
186200
202754
287411
191649
227616
219371
157592
149560
175228
184374
188945
222119
158551
166818
206599
187414
199928
151038
178909
186566
158062
199435
194591
141363
192940
196700
135986
152963
153656
167819
144360
167619
161513
199873
202412
225986
175268
165946
146679
167423
152350
145755
159514
133569
173944
242096
147972
162677
184029
164906
178846
158464
182449
158198
153788
137440
153249
150751
141778
200889
129850
131003
148423
188538
184707
190352
166972
197658
166290
197785
48174927
44009784
39912705
35784587
31620482
27503214
23365277
19199669
15070645
10986149
6822302
2712617
223299
199619
195835
180657
188698
207260
157128
200097
191599
167478
162205
167121
153220
199812
152087
237325
179597
174206
147391
167033
144692
149538
133451
146416
164151
134703
144426
157941
164684
128403
175713
131555
158191
178439
136717
170739
154037
152072
156517
162894
156647
123413
163500
151976
122549
186696
130019
145689
169119
190516
157493
163904
183270
138123
171389
181849
146047
150355
187477
146073
159711
150935
217926
160825
210606
210320
163895
159237
192303
155622
212978
177097
159640
177609
136622
168872
158940
182594
198563
163978
196123
152930
216830
148579
147348
140205
146416
152100
178621
161462
150986
201268
137204
164016
184688
144834
138837
184214
157744
181580
257461
265454
191222
178767
150240
147022
169930
148387
148042
168849
135823
161320
148505
153290
146641
134513
146560
128933
151145
167449
260430
160056
159078
188037
139419
214756
176152
153373
152049
137695
149195
150993
213885
138019
190957
158304
154302
171818
172821
170460
188773
281998
181030
142690
179847
157890
162226
173975
170528
183883
151809
153956
145861
128849
154031
146621
144969
182205
164675
153172
178338
182590
173027
154794
235472
138337
189620
136069
164268
139878
179538
154995
232783
150660
156314
144668
131889
134402
148383
222643
159144
159101
151880
240819
208728
146848
128794
137255
142140
149223
174960
140640
168838
137582
196359
144003
156373
150056
140451
146486
186722
198425
179032
191126
135163
163524
167211
161453
144526
186081
135014
157550
141109
189859
249567
163372
153385
135998
138485
156875
137293
203651
157607
148179
196829
145905
198911
155773
46639549
42477983
38419393
34305246
30138962
26020042
21905136
17739354
13612917
9496144
5321127
1224721
206080
186767
195864
156620
205807
157956
160253
179306
155272
186138
172464
174767
159623
167536
163851
193331
176052
152665
171165
158174
172600
152490
181886
156996
170137
207488
187724
170171
115305
226752
159048
158614
159893
160642
174512
121086
152830
153038
140748
115086
160857
170883
149776
119633
186117
195746
187729
174481
162205
147388
167216
137678
131969
173766
125566
139920
145058
227062
215144
162855
191982
164026
161427
131609
180384
260378
146989
183804
201504
170285
170389
191551
170582
157833
149205
158156
211088
190603
259936
131086
136249
137747
135030
163340
147901
196599
144257
172735
164728
178685
151346
171885
265600
209446
151807
267489
179790
122853
138459
191327
155640
233709
153365
175014
188652
209070
185225
170828
153792
142537
128941
151201
130728
155416
151870
123310
141854
152950
140615
132014
131265
132767
149453
157795
141032
253761
146005
184136
199424
217302
165489
220531
200870
122213
200606
165164
150608
150549
176278
154235
194702
126542
161597
188977
166827
160012
151613
200040
217742
279845
145253
175431
144301
201023
293987
152868
162903
168904
151000
182431
160317
175451
166706
158231
203855
169097
150152
146683
146956
279891
151345
159901
153549
235824
137398
159417
136985
183317
143280
168454
171949
115257
150841
164031
161713
139746
161980
266208
133628
157214
136408
332017
194677
206355
148557
161784
156014
152307
161614
156987
166368
222444
196917
140972
205643
170470
191234
182467
138356
160815
130767
209421
230408
152229
189845
195642
224051
151654
179800
186142
177253
170851
162026
282821
209800
168298
149731
203778
45978142
41815246
37700055
33573772
29406132
25348331
21243144
17072520
12949222
8850006
4677873
576876
210836
194304
243338
173165
195125
157993
216192
178922
151720
212455
157713
165206
186817
246520
196280
157508
220549
220160
211285
190109
177331
156258
177496
174525
191614
135208
160525
129515
156317
151168
152486
158846
308708
146209
146491
156212
174472
180125
207157
215776
172476
187739
151702
155515
191846
153322
252337
159359
458647
130678
141508
152693
154803
197334
153285
199298
210235
154231
178644
164308
153410
197972
138253
183648
162475
173694
154428
137843
181711
151925
167085
151016
153787
146350
144179
190068
167430
185471
155061
142511
150719
163900
164309
167322
204825
167699
154054
174076
165329
132114
140013
169638
147673
187344
158307
188690
130384
135929
180854
170777
168055
138580
179257
158859
141697
181854
226991
186300
265529
163122
150528
143529
147768
200328
131425
166692
172453
141980
207246
180463
141811
186706
174586
212262
122070
189432
144720
158118
142756
184154
198025
166639
130944
153313
201389
175719
138123
147673
199356
121889
260640
166148
188125
189369
142985
175028
142523
215743
184480
165010
193210
188300
196731
169597
143991
177531
150489
151660
132602
150913
150375
156904
171952
156129
124671
179622
215239
142544
141956
138587
114335
170448
187687
238994
161237
151899
153927
180530
188695
150323
162514
145624
127685
132804
148100
126248
148660
174527
141223
144385
144018
255541
159088
132456
153596
138627
136381
164395
139152
176754
155371
191079
171961
160489
186145
174613
268259
151298
139123
150506
186086
137079
204608
138961
121531
156060
173077
148768
211558
128458
121093
180012
143779
137108
114597
138654
133937
162240
45471917
41328148
37214087
33094240
28924834
24814477
20690578
16527837
12406106
8271034
4163741
184011
226377
312098
257409
136928
124348
196086
130653
144634
146916
121064
194758
149657
171627
127607
185186
123255
161004
161344
141132
154931
147599
160088
142840
137956
151766
125041
164069
127753
156324
173461
129066
129892
130345
140672
190050
139317
143568
148390
137172
114270
161859
142232
154010
136970
176039
134988
139249
136056
182346
157530
153168
141692
127973
162156
141019
174487
168962
146482
153355
148473
172307
178737
152012
120685
122232
134980
140291
119541
139299
165237
181273
152713
156647
130359
121080
140698
173841
127159
138427
126682
155641
149971
117530
152909
155888
132879
161318
176507
134194
130621
128590
134654
116183
128857
160669
139566
136602
142323
139777
152108
172109
144141
131974
206420
147650
186063
213045
161186
140976
141053
146844
151526
132826
146204
126293
135336
148205
151685
121151
156995
132270
152978
151563
120534
137822
119262
145129
128389
157916
122294
133997
210599
333798
138550
137610
168587
163643
117575
200738
183931
127168
276285
129691
151008
171063
184175
154559
212152
151840
145893
164916
147447
135970
139570
137038
163263
184544
142718
148384
143983
156632
143611
148748
124312
117178
132165
180120
155877
139519
150481
169178
188069
143755
183934
122642
127566
114927
131344
170563
144444
134532
129043
132487
148596
143481
167151
296311
129938
157080
132405
150162
156349
147131
123000
138364
146495
149004
230352
148146
177262
128218
197092
161111
171518
307503
157611
146413
127950
120431
141954
168723
128394
161186
123725
155208
144536
170820
158499
167323
130523
199388
153275
139686
128731
158584
194309
166845
48501282
44317101
40185347
36078500
31871187
27757742
23642705
19479122
15339080
11226277
7078674
2967395
186467
170682
211699
210858
198199
221852
188033
164461
172013
160722
218966
156176
153368
154616
154559
203883
137454
158808
146858
171427
162294
180964
161598
150555
141762
142860
139589
170758
180923
131256
175907
153959
123482
145997
165344
141566
158648
124718
191928
161840
148863
151112
152391
151033
115518
161923
152710
172598
177701
187881
147267
292092
154970
167899
163849
190633
157862
115882
169402
196365
139272
173419
146110
130485
188641
184752
122219
146223
146490
208203
223266
144860
169706
156054
161766
235176
137716
146968
136032
143197
187210
190728
117976
166937
161997
130377
152900
146729
142204
124832
138558
139263
124929
170287
123220
139492
160968
172413
146648
152240
127376
154686
142500
138987
151474
123450
131200
128686
141873
140410
217144
128251
152139
136865
114158
173871
139360
120931
164748
143479
126249
143379
130688
140766
135543
120459
182895
127103
144646
128437
171290
114319
137304
178860
169070
188202
134696
138027
168149
135956
169960
121284
129147
200452
145105
150832
145333
175066
131893
147883
119215
127563
126347
132049
123779
132023
161195
112315
137020
157539
146352
134790
109795
148973
138446
153176
131256
123571
187875
178032
137663
145121
150278
119041
180750
114594
140336
161189
155042
132370
159106
130720
137931
114057
146057
126182
133129
131640
147063
134006
133099
155551
137349
153555
118208
157929
126390
164339
139823
119346
147987
193095
124661
130699
125092
130785
156189
191068
461198
174287
146786
128626
161633
127271
163548
137098
124333
136040
140927
122177
104309
148017
123325
122882
124030
139315
165145
137597
47357262
43185766
39063959
34938143
30770462
26650632
22521057
18350587
14223335
10085678
5917245
1790760
167280
152396
144405
177875
137990
141196
167482
138297
159626
119757
118194
180294
136484
128698
139346
158358
127437
142428
158247
150856
206504
156620
150223
134658
157450
115070
138044
135757
128484
172962
114632
165756
166720
169523
142192
118016
165214
152653
143798
125881
157016
113360
115839
145471
138132
114921
150370
274058
134085
153674
131312
170765
146349
116781
131281
153891
156491
127837
135669
120950
138073
146102
151452
162021
156822
120076
150266
159438
155674
155732
1184435
133097
142186
160888
125730
124771
152803
142492
154315
126909
135996
137912
119969
147973
162332
141354
115993
166271
201900
136651
150790
142126
145886
157591
140449
144896
134168
128670
115641
186534
134902
145646
146598
155254
127338
139986
130737
133751
158702
142411
134748
128719
123948
152068
201733
137141
119285
183842
181510
139935
153257
164995
187906
178258
129335
130844
155850
137277
162548
131874
187832
138884
120076
145761
155758
169329
180540
159230
138489
175204
197367
190876
122654
134920
133027
158287
165804
138062
166442
140239
171340
128213
147152
119561
170516
186206
135005
120978
136338
128129
122015
118386
143476
142355
292102
159234
124437
113426
135310
114553
180376
115716
134816
132777
109310
130636
178555
143434
121349
204631
142724
137622
127414
200175
136149
144854
182611
142820
230382
160066
120038
131928
133619
122427
176705
138392
144655
131988
139066
117114
128132
155718
124377
146476
151134
142168
138439
152592
144662
125098
143463
134317
126223
125710
156640
135188
135684
128327
154868
129832
145223
129918
124911
154994
145440
125876
129574
152199
46406284
42239230
38138952
34037143
29871745
25741948
21619184
17447398
13314103
9187951
5015676
879899
158222
139078
138273
117575
131723
178175
141606
142013
154222
170529
129509
180397
149403
142075
111626
139974
170772
148757
141556
143974
125129
122599
196694
134585
133276
156585
139500
140583
155313
124161
124773
176764
169877
152472
160472
206857
141050
129239
153009
152181
147780
142557
156094
143350
125647
136104
139142
132789
147788
147795
182659
139816
144015
121849
135276
116008
133616
127267
115168
127635
114676
117071
129421
147948
130551
192937
121254
160683
119644
154159
165500
141100
121318
134377
160852
126770
127704
149080
135477
144226
121064
113724
127987
139670
159134
136028
154149
148706
125980
151379
139991
115256
138399
155415
169837
144379
126586
111321
108468
125942
112612
124202
177137
282738
131229
140076
133517
152081
149502
136152
132212
159202
132067
121660
134083
165030
151285
168599
108433
237566
152731
262012
146598
125713
132956
122162
158987
152013
119280
159546
112269
120841
149536
160759
165027
127711
168064
151291
148687
140402
169792
144186
166281
171635
116052
172131
162634
156872
135368
145941
174779
160778
145586
133542
144112
110082
140827
138704
127503
115206
127571
174228
138316
127095
114933
143739
142967
137905
127203
172957
139221
156735
148977
150486
159914
177038
148001
146422
134462
147438
157087
120113
124164
138547
124990
267695
122944
114716
133503
126450
124937
129189
103597
190490
117842
112881
121341
200722
157427
132505
145956
116530
138557
144800
194252
148104
132510
154349
164464
146540
124552
134727
149803
131953
171626
146591
144447
138517
162529
128183
142187
133428
157184
137915
131759
114345
181896
110778
45084108
40910125
36795557
32650227
28475490
24344089
20223839
16051190
11927732
7796945
3630910
152499
141634
123505
132732
132173
126574
116306
194683
184536
162801
190946
153030
152848
345469
180777
171533
178524
173916
131971
117660
223760
173994
139800
129082
135782
180588
156504
126261
187104
194561
151560
171165
175690
164959
135151
115984
116522
106078
125747
133163
126026
172099
129198
164377
118897
181747
169301
148735
174992
136059
184284
135341
116199
131485
158716
158175
131986
153469
169557
125139
147545
155453
148563
176140
126431
137848
145098
124185
165276
141614
168794
143486
228446
120359
118860
145261
128972
142281
156330
146281
141546
143137
143265
169504
138989
147318
146135
144573
146478
126802
143593
160598
140567
126032
169602
150332
142073
144030
133934
129433
164143
191329
146042
115849
117093
132385
113338
163910
131692
143603
129944
149396
130521
120608
126639
153839
121728
140746
125317
126709
186802
140018
118763
148402
138698
117243
155555
130013
125818
123425
154483
145089
139744
110806
137869
141552
133368
136422
119422
119694
187182
134368
137718
149071
151522
124177
125468
140863
111259
128480
870965
176608
165617
168072
149425
133063
111091
122422
166320
118003
151563
118752
115689
116966
122848
135556
205912
145104
151259
142117
104361
154697
192694
127884
180017
159910
137644
161844
204800
145105
132525
132385
146689
155411
113304
156623
113827
125414
176673
152764
132778
139581
139403
160972
158192
171307
185529
145705
134174
120286
140869
123087
149725
114215
207869
131830
157038
132340
120820
125902
186801
185049
148412
138962
155841
120226
135073
142935
133159
220105
145613
118860
135146
120070
150274
133542
156339
129243
47624052
43458934
39336779
35215685
31048573
26913680
22801956
18632542
14511824
10372043
6200263
2086026
144873
159184
142873
144442
130716
119956
158471
161698
174626
128544
162707
124216
155761
150530
151870
172420
136618
250875
170766
114645
125897
115099
120113
153168
136695
158046
129790
145840
161493
152251
166731
125538
129737
163693
116441
131889
136407
145936
135310
165493
108935
148712
143153
206276
214391
118231
132339
159069
183527
137117
133345
135702
149826
155131
124875
152373
138768
135214
151194
136453
134709
142499
155973
187219
191473
181061
150556
115564
123517
130865
146446
190421
186354
133109
177458
160826
118547
130603
178548
151565
182267
114249
125345
115313
180137
142626
121658
145275
165500
144080
113777
128723
103093
157176
142804
189934
137892
132441
137927
175228
148505
115516
126991
127542
127520
118335
123551
159746
120427
129961
115072
154681
152162
134273
137937
136208
112520
133203
114545
118863
122114
157083
112863
122388
241492
113257
138196
134542
151626
170752
163179
165124
151723
113948
210723
106210
124449
178413
149519
165245
190044
165436
125030
130890
120332
154882
159651
102368
137023
141171
134497
217513
158047
127644
278794
138831
128122
152472
124925
155739
164581
299378
156415
156262
111309
179316
127786
143420
173167
135040
121762
127179
125899
138058
130650
125614
153518
133824
126776
140472
120747
141717
128320
205257
146390
133910
137830
122213
140228
110754
124165
131106
112314
143623
173990
182132
134502
125141
138141
161716
141386
145325
140569
113213
133645
140580
137280
132750
102813
133881
107704
151865
158542
130322
172650
157773
127939
163944
178752
174033
113260
136036
114955
184862
191620
183101
175677
176858
45879634
41715320
37618724
33497855
29332136
25212514
21082869
16912060
12778461
8640169
4463709
342584
183067
130978
181786
160610
148754
168466
129789
113682
135845
157753
169290
122334
129641
126691
235443
180597
154565
195498
157440
147565
142698
183956
119208
198642
138336
179395
140217
182292
194315
136334
179281
183511
171873
152352
127734
157417
135976
118540
164605
161381
128574
138689
154599
149813
191720
116330
123001
195898
124122
144322
126962
169949
166298
110501
129184
143406
115443
139364
119776
192015
125198
144617
95960
124172
112631
112841
142254
114232
144663
166185
127792
141921
218119
106371
128761
126747
139186
119106
193721
137364
120166
266656
113601
137371
128125
114807
141647
166693
137230
108707
171130
147799
131936
155332
119642
146060
153598
163915
160684
149126
169976
188369
156910
139556
151259
285328
180771
117466
155350
106382
188421
135315
141764
147766
165736
175469
141346
134412
210706
169981
176347
186562
128018
139974
144136
122436
135206
133764
161050
133626
110014
116297
390370
172740
171205
139486
151957
257143
171874
155148
167653
143912
139993
110146
148197
179417
139139
148971
118707
158536
129700
171237
175486
121211
123760
135624
120744
108568
159231
125690
125108
139232
105135
151594
114889
134814
143445
141611
134894
124025
103835
109571
121051
124211
136800
138723
152907
143230
164649
139064
117575
134843
131172
153493
119639
98258
121662
123609
146706
167850
119059
137953
139709
126351
139408
118310
93763
118500
114905
105930
123697
139202
146175
104643
112303
132706
135909
169251
114620
125636
116321
132348
127113
131872
135872
164432
122604
149766
126202
111974
107596
113768
131763
149050
128317
122069
132324
48420242
44250155
40116743
35988792
31840919
27696925
23562599
19396255
15270945
11138071
6973600
2854024
216401
123948
137712
131147
125495
166133
129354
160392
202638
166691
135837
186551
136796
221021
128835
129780
144527
135566
160520
241736
141290
133350
156811
140912
161141
125734
131568
127569
122863
114726
141582
128780
136138
132500
120139
144805
170605
231822
112134
139671
177978
214995
152749
193041
116056
151014
171149
106087
128790
125711
122092
117137
150654
108708
146953
140420
166089
133059
132586
157059
122605
151657
162083
128505
109761
123369
122765
154032
134445
120694
127800
152224
156652
143012
158647
117143
160107
113996
143388
252707
141676
136941
108163
120088
155659
112070
215742
139374
153811
154468
141014
170065
114331
144848
214657
142897
115364
123676
139107
187355
192086
153927
132318
171857
111078
163305
125239
131052
124443
131332
114410
106820
122388
220653
161200
125995
167340
142917
117515
122798
118223
123290
145440
133035
127783
122467
135948
155157
136831
124130
128051
124907
146443
179851
121586
137763
107970
142639
149456
135949
125435
136946
122362
127264
126910
157652
137239
146273
137989
148465
148533
159654
136440
215404
125178
132380
106643
164878
256096
151518
121104
185582
156252
176863
110625
142288
142610
124450
118398
132086
109529
210652
134944
124350
145335
175155
108739
132530
107738
175288
139204
129917
126906
130617
133878
117068
107232
119561
143230
134998
109161
132365
159776
135915
186098
131762
167243
131377
146979
111817
246046
136281
256032
170192
153928
140302
132415
186367
153645
184932
133986
135055
119138
120566
116380
133982
124427
139926
117160
114448
131913
191730
165573
166988
132107
145594
108729
138045
47037113
42862794
38740432
34611387
30440571
26307800
22200621
18030868
13899787
9765692
5596024
1503519
219151
145504
122804
136555
149457
98396
110659
124492
118628
138041
163039
140627
126264
112299
150215
167833
145586
203898
93280
118106
166652
121196
124646
130815
136515
137035
130651
121163
92122
109991
110258
178971
136766
107838
119132
141652
171602
120975
132198
151568
150216
106837
134939
139533
135958
193404
166341
135937
124769
132364
152317
135235
135664
136382
137870
112177
126300
121781
187049
147052
152654
209757
146557
133407
170426
161260
127549
141119
126906
151566
133171
146986
174456
185076
123523
152766
129248
148805
135437
130346
120719
125490
106467
121437
168682
191325
154608
153535
184256
115056
160714
152587
166639
132742
140421
123162
190490
114160
96289
110417
139577
125167
107521
104266
115592
129287
161799
143199
130722
151183
102674
115625
114301
142915
133692
144281
109188
106329
127427
119194
139185
136568
153499
111687
147521
108052
136726
125165
111993
124543
123403
162443
150987
116592
120996
126279
125469
121612
113306
116149
123006
104205
141297
134979
136480
129325
124516
118508
164488
139149
95508
162059
136143
100515
113157
175463
108512
111490
124976
150968
140751
121476
130704
121258
120683
106522
109715
113148
104589
116027
99417
109922
113718
139302
110462
154703
114067
165695
169765
124287
156336
182957
130587
126479
159459
131230
138626
124033
140787
123306
121448
153377
149175
95548
120078
117868
110999
107988
132301
112486
103043
111506
128272
138955
128187
114046
154077
107875
116425
146538
143610
158378
117005
139320
147633
170311
127244
113094
109535
115344
118058
120550
145664
126359
124393
140204
132483
128395
45587265
41415058
37293665
33177529
29010572
24876722
20799374
16626178
12566501
8433358
4264897
240710
159095
142504
150505
161096
142641
128681
150395
127987
246873
111279
117101
142683
274576
148835
132130
147015
124533
127400
140337
117938
98356
125895
117580
134812
121056
155775
170663
141404
107264
126640
144656
127587
130732
133087
148850
146376
111124
116958
123316
121965
106919
120163
152908
144229
112752
134584
124430
122716
136292
136035
125199
201971
126888
118350
123318
167473
137332
134876
139905
128171
237984
115702
175800
107715
117942
114979
122144
110543
148341
172879
149187
122465
152659
115652
140297
133508
164116
166501
117943
116562
124571
122872
112350
163349
146784
167935
167513
176977
166593
157417
128954
101462
107189
175414
194591
119963
133047
128599
138735
136118
147227
125244
120016
140072
151068
135529
119080
114284
110401
120446
125953
122737
125790
163137
159016
116216
183045
153980
179304
141818
173965
119856
156217
136790
177484
184778
122199
122307
161577
184016
185191
114102
274003
115582
195998
157050
166824
118742
132680
130653
136783
182575
117493
154450
131686
137323
113542
118153
167755
135401
133091
128288
136892
160592
127958
116795
122205
154785
155204
120171
150041
137302
158121
110022
120841
117937
146566
115601
174215
128088
119160
138775
159705
120222
187202
145274
150041
140633
108213
168247
131811
119768
128028
111891
126528
141713
137315
146992
140371
156168
137677
122963
167157
129615
117823
126624
172058
122368
140379
123590
141722
154244
158136
125490
126096
129477
141010
114649
156178
129061
158194
159569
148110
127531
124151
187525
121682
128819
130893
141081
191567
111369
124364
154193
134844
111739
181349
48716037
44529765
40416245
36280910
32113310
27982692
23866473
19699470
15561428
11417941
7243867
3121316
150771
143159
191696
152077
185327
121102
116905
114970
121145
107129
133549
150953
157246
223887
174217
126805
302307
151139
126925
148288
139525
154204
159722
150666
149655
110418
129658
159616
114718
417651
169045
147227
97444
172626
135834
120588
155284
171376
129984
131800
123562
188100
205731
181006
235869
158817
188925
136607
187211
155223
160990
146661
143144
113789
162676
122244
118938
144384
106078
123202
142924
138054
128689
139051
128776
104165
117186
113589
126722
119671
145675
138077
133559
155056
204898
155087
129989
113618
153209
153411
166907
128271
169992
123377
134349
130317
152354
134376
163653
155226
125454
147443
125909
251414
134540
97278
133177
126746
165335
123892
131599
88754
125578
123120
100643
115399
220949
131080
155245
101711
134990
125088
142950
135374
144235
151329
132934
112197
147148
152505
134278
145411
239734
91657
175494
157312
135494
112763
146405
94339
143962
127131
167124
153377
151645
118423
150930
143542
240417
165071
141637
123072
201768
148515
124259
142982
132613
199586
131251
143799
162824
124086
149879
107387
150775
127423
108388
184432
168068
145822
167019
132273
139252
239290
159979
138432
153833
114965
155170
177796
132169
124089
123465
196990
181001
194780
192555
103227
169623
219782
199195
318442
152873
163270
144632
145820
164963
178472
158669
109982
122891
131183
156748
188637
120674
150547
171385
165979
178212
132282
152905
134094
146966
136215
136335
130253
136793
168896
158631
165102
155243
187948
108759
150082
192238
136611
163334
161370
161547
137658
154786
129336
182090
145149
167963
203010
162165
152623
47242992
43072878
38958980
34877499
30727379
26644014
22534266
18365309
14236023
10095160
5923902
1857096
250081
164421
180781
164648
179154
160310
107581
153112
124044
138562
116438
234387
169243
112003
119170
133143
106557
204198
162647
143757
160417
215513
115341
219379
220840
149413
113876
168722
182371
145142
176695
137602
142110
115728
122534
117540
120903
149774
129932
97311
169209
155798
136113
135209
150051
186994
110832
153824
115841
100259
114044
106755
126077
187438
137878
162690
130993
113759
131060
141003
148883
155032
224407
191157
171467
160588
130726
178383
156993
124211
140352
169053
104986
135063
131848
136161
136370
130899
119476
159503
147620
121811
128428
160653
126532
154455
136943
146021
134710
145116
141387
136193
154319
101634
138915
113788
126121
134623
123367
144207
153795
110221
144216
268364
199784
140667
200559
139765
133107
231541
137306
116804
161725
113303
121897
127971
183006
154542
176306
128543
268127
122190
107167
145839
175632
135383
123928
142641
112323
157147
154307
190482
184237
129376
144576
154557
113566
130182
170986
195956
138395
126181
116568
114209
200109
147133
136211
111486
159266
177611
150471
109833
147194
176605
134975
133682
148744
177414
163216
132085
131034
138450
127793
152910
119889
138248
171083
157841
146674
135277
135814
139182
117462
129453
145348
137576
107424
137424
149121
139295
148055
153930
179382
132283
149171
125205
160413
132410
195424
154235
221529
119223
148214
180473
110400
150396
156420
122198
125139
190182
132297
167259
108208
115187
318034
210946
134492
139979
115656
152942
119000
121137
139494
141513
109134
252893
154223
115187
189463
138479
145759
147694
116383
140191
149596
145563
111509
133381
45748535
41586087
37469699
33363766
29199916
25062772
20931997
16754839
12660126
8530147
4398743
258147
144262
134471
145387
111898
143288
138934
150659
218170
125087
152903
116476
136267
148585
156201
115755
121251
130335
146880
124888
129836
134008
128507
130008
146700
127452
131121
148854
115525
150506
118118
208187
133882
135477
140009
137699
125249
117483
132892
155433
161036
131523
131082
165728
127233
123645
127388
139866
139777
134491
126605
108280
125508
125283
135462
150967
129045
140613
169399
128140
136767
142279
143062
141625
132481
112986
136729
132880
112233
149027
111267
125201
120074
203187
138211
109458
141014
182498
211554
162529
156071
181524
244803
146922
152642
181269
141758
184179
199495
148323
117350
112319
156108
176416
123889
467030
171948
174623
115604
115229
164096
177665
352382
178335
148239
214504
160624
124757
111466
170733
139263
134014
127578
162635
114177
181310
104873
154927
146069
120795
146818
192258
146266
134054
121149
141175
189118
158046
177953
119417
134852
163660
166908
522987
117413
172289
193565
144834
119034
111103
150877
123102
143825
137063
121028
186022
111036
111652
151105
126010
155431
152017
147400
203079
149821
116787
115561
149460
155239
150574
144603
139074
154126
178078
126743
177675
130791
157906
139341
146630
167426
140615
156099
157686
166322
105433
212606
183412
265618
163709
259439
180714
177063
177931
154170
117727
124843
142800
155242
131262
137619
149167
136928
139820
160086
162696
193896
241440
169313
152369
133049
159589
144115
411288
108091
152388
135842
100475
138699
131760
132900
105438
129544
114437
141848
209620
149969
185357
139920
135995
263444
174362
141316
143128
222920
131494
118780
210551
49169544
45021732
40895270
36772353
32607191
28475283
24335908
20162642
16016962
11868070
7692595
3562900
143787
178419
136688
156753
133075
125683
184700
163513
157714
177198
173285
112645
151199
324433
137360
131447
153493
147336
114545
170375
138665
113253
164512
129888
105431
158947
120201
122873
120750
131753
152348
107485
118641
158601
131639
169589
95579
115109
135917
157580
154950
120528
163474
160174
149383
162834
161170
131903
139877
150481
145331
126986
115278
123529
120506
140951
186974
133518
133429
117412
153874
210155
200002
144466
115348
180633
139395
140392
167466
137019
106030
140538
148449
148956
174346
137114
133652
126027
133618
166414
128449
255047
109094
103098
226800
182277
259393
158499
145017
164974
160701
133946
170487
180058
123476
148286
157514
134456
144147
166117
149339
160385
139329
138162
139303
157773
102813
113014
167070
106847
154360
106854
135192
144065
137530
150143
180545
135354
154950
136660
111500
125174
143176
152963
175453
124298
123398
117012
118052
144431
144394
124617
136220
273850
146507
152732
125282
122115
123775
130405
139034
136232
138466
205932
173514
148831
116793
135968
164216
159924
165128
127574
191115
134693
170709
230059
162286
194297
161249
131513
188415
220366
169688
204830
161376
137452
164717
156421
140619
172164
174125
104250
230281
126586
130875
156478
133501
171263
129637
154169
208587
155562
164674
150039
149672
161447
156153
143706
138147
132540
137258
130598
142107
148350
152913
164121
129668
116119
130698
204418
110898
110682
177086
172852
164247
149952
151365
124909
155333
175312
163553
157935
120844
136337
131792
129895
147482
151630
135929
157595
137938
133475
138468
140195
150140
160831
123164
174479
47734322
43571020
39443980
35343188
31171373
27029195
22892643
18715639
14583023
10459591
6293448
2170364
159963
173388
175398
165447
122527
139574
151799
134484
128531
174209
138866
166889
139701
157420
141371
170050
153508
152616
149116
153285
140856
138680
117626
126761
122730
145145
119150
126671
108766
153329
139943
125982
112596
125123
124785
143199
156027
99190
138175
133019
106188
142132
140439
135335
133059
151427
108755
149686
127809
146930
155675
193724
144843
147205
133421
117901
125818
127973
163677
114372
125885
147407
138664
135828
155870
176833
129376
143379
107351
125349
142585
128442
212069
128798
159219
140794
137864
152674
124209
133680
176949
172874
163766
179598
108614
124594
142927
118634
171052
114922
164065
147806
162437
139671
165022
136044
312449
135749
132008
138632
198201
129006
166802
140798
169052
186083
127390
175626
255567
144260
190211
169606
140442
127271
126165
120303
182613
141879
134362
115912
123063
163466
140253
181637
157444
135980
138348
170189
170058
162562
119445
169962
171894
165238
198839
159404
127640
184645
168457
277683
146526
134137
162188
169510
126865
123806
132907
160376
182683
152136
140869
145442
136611
130046
166072
120351
129683
158982
133823
113287
127095
148315
135446
133361
147532
166685
115837
140414
123754
137581
146586
140157
121728
167941
144940
118600
165876
115665
122149
123678
128001
145230
129759
148929
125082
158277
136033
119967
143381
131005
117842
127981
137146
146223
124316
136569
119897
127638
120784
120350
138806
115443
112320
142009
132585
162571
160193
161832
125166
156821
139802
120390
136530
120392
147641
128616
123240
136513
124175
123699
127940
127102
125078
188792
151489
129991
137160
119206
46146283
41978930
37876287
33740187
29574192
25445128
21355360
17175165
13078324
8966937
4780377
707659
164114
142944
136926
142825
153192
129929
148461
151040
136760
106557
115782
146763
124632
143949
133365
120674
145959
149875
170871
171445
162894
140549
169891
141263
115897
159345
164591
145140
125015
144335
115419
133895
121832
132738
268493
124249
141720
137035
198485
155207
133163
126906
157247
143025
140867
139429
137367
126561
127450
127494
102334
98719
145606
143077
161435
139482
138517
120461
142096
117335
179132
143365
110443
152076
128338
160716
183901
186813
192952
162220
247016
146344
118984
220256
158692
148269
174244
145281
176016
175462
141669
143726
159279
148233
115645
174954
136098
118980
165268
172893
160060
124150
141549
133741
125942
105099
122715
149685
109869
108627
245158
140585
114947
168051
138879
164479
116920
106913
117746
118024
160328
140546
159919
124192
132048
152687
131623
147309
142296
111309
116166
124278
120039
125997
106929
131306
126683
125263
196802
157141
130218
129512
282030
122369
153228
134217
405545
196763
158477
124138
121626
157350
143004
110487
175443
136385
102095
111334
114771
165182
141193
128841
156276
168945
169835
148726
170025
145180
176130
161971
147332
128575
156548
174062
159743
153045
182420
182043
141060
117642
135422
179688
177176
150986
174059
178335
142811
182978
163512
122291
168934
193143
171980
151630
139349
142013
129510
165799
134805
163934
165733
163996
155405
145578
136860
148469
133881
262393
144222
157209
185867
126257
143675
122484
121182
154107
136376
138335
177816
124298
115354
126065
161238
187866
199733
145856
135329
238637
155334
138940
157723
160861
136847
258969
158864
165307
135560
48800405
44569035
40447700
36315899
32147922
28090552
23963354
19797158
15675502
11544430
7374100
3252923
163996
162581
202825
130137
127707
168454
136855
142969
129776
145499
140702
131851
151978
150541
144999
192969
148786
141791
294552
185670
174202
153257
136125
164485
143044
161103
167336
165500
180865
200499
135831
122063
149883
144292
136830
150138
145614
124599
182151
168681
237709
213478
173132
176530
150310
134216
133999
140447
278198
177716
184982
107307
127269
124172
109167
138988
126725
171887
126388
156016
173556
170870
137852
147650
151399
147978
245779
171213
192907
182359
172684
211631
302597
208832
157745
134316
159527
133852
188842
153278
131937
120696
128769
154688
195854
174060
158406
137463
133881
204455
138134
132908
234297
172134
191991
144577
157520
129706
180108
152639
232804
210280
203532
156459
147517
136848
132228
121609
212041
163560
235296
132602
162702
169845
147469
259880
161461
140532
220172
141488
155087
153153
213441
132472
126846
126575
122957
165493
132615
128436
155918
156120
119937
138600
168082
121937
124979
272835
125902
194457
193612
130879
229182
109489
181278
170039
125122
155634
279227
142713
161639
158732
142454
169682
130612
164367
180208
130182
161660
153960
132866
120176
132644
130926
159921
213586
168213
180263
135771
132105
150178
138183
154937
104804
141754
163283
151705
170643
119900
133930
168228
153665
120312
145224
122485
146823
134210
139513
138042
125947
162511
117726
108348
224326
169263
158772
117188
120265
159586
185130
137014
109717
137404
107763
163653
156612
109910
194212
114016
151203
131120
267343
212835
187164
155172
191751
173935
140890
161182
163039
163329
142366
126966
220009
142759
125645
135255
171149
47021925
42858041
38740192
34672327
30495156
26353805
22304247
18133949
14033172
9931464
5761966
1722035
189022
137187
129205
185289
110839
135999
132300
167881
286166
149339
163305
174551
280716
151635
171491
157889
152527
124961
158299
126256
115287
199881
151658
149841
126169
145754
146976
118871
119005
129884
162511
164345
224721
135402
172256
161797
168632
172429
131316
117683
306374
126395
119619
113834
122657
159429
125203
109638
164329
145104
133000
158108
120836
137573
161456
149649
165499
129676
127803
160816
134928
125496
152895
144280
138221
131595
120754
165795
146268
166474
164257
163824
121697
175533
168432
103879
128338
135239
129971
153020
140497
147123
165791
126901
172819
182668
131813
153925
169628
120899
130705
150836
140142
146612
203506
129404
128481
135211
148526
158151
162850
164708
141218
115331
176488
139682
134172
155609
260030
175322
178270
156720
154658
142621
171873
168282
174392
135220
115172
172664
111894
169226
121263
151699
123478
122760
168040
137355
122552
140822
116162
112497
154581
154122
152603
156599
140345
182252
120659
120782
153559
194287
202677
126977
145764
195357
136885
157906
147051
110042
152330
150394
137231
119253
122141
136046
117822
161348
126606
179892
131858
183526
147902
107042
142493
176997
135635
133508
142290
137597
128434
194716
151357
212699
158315
136818
197459
133905
126364
118717
251576
158282
152528
144590
119470
138206
158771
138038
145379
133546
145561
149654
124341
175354
156452
218864
144815
148792
147633
140309
128274
136124
118385
132616
115015
127676
141213
166581
138262
135227
128705
132243
131196
137207
174034
193149
165551
128132
176488
140838
164909
151062
108141
122262
133319
157817
147325
125304
45787170
41613806
37499789
33376436
29209927
25073717
20951937
16780570
12656269
8510824
4333819
295461
200526
190772
161989
153768
219360
133771
121670
146923
132979
137254
173860
171442
256729
120003
132549
114566
138481
124332
134953
119846
180268
133555
109320
120751
107047
125276
99735
101089
148425
132157
131736
117452
207510
139176
181188
160246
129871
178811
168513
127434
207237
164891
125415
143505
118803
148482
164051
163031
141636
167929
146924
119187
133898
122130
113653
116476
104889
170244
141107
118729
125345
109428
128934
177854
133987
146224
99988
117309
136370
131973
112736
146508
109661
151517
122183
152265
127438
146988
115553
154969
147951
129097
178537
144724
153581
121553
143301
109032
179363
145093
113756
158328
130512
136017
120469
142259
138285
170742
136042
116890
141139
147528
163514
119380
156038
133456
139646
105896
152675
156351
148508
138544
125746
137480
277991
146503
169025
147020
167975
199691
140641
148353
155370
139121
259356
114272
215840
204036
214867
195744
169207
135212
230673
192722
160726
126154
145042
196920
139770
144820
188320
206310
196316
164755
208577
164025
213301
214752
136984
159388
161117
144151
168365
139556
184073
138214
181442
130445
114757
185081
153473
114523
147790
138283
133523
141321
164388
174565
194988
137748
165258
179163
164582
161233
150498
145546
140123
135287
118797
186269
189919
247772
123008
123604
149020
222198
214765
122638
121144
137510
153416
146918
157235
168770
128207
126300
209253
218043
122799
128344
146974
125942
183004
118654
132616
147603
193781
146641
143136
134083
153262
160650
148110
135376
149188
126865
128851
148075
124154
109855
122976
115437
119571
185385
101076
185008
162288
48158356
43982905
39884553
35789850
31619773
27516201
23376770
19206818
15078973
10943598
6771268
2650616
208825
157321
187514
181126
173702
190182
141905
212610
184993
160433
143020
126678
133474
201737
115961
172200
160018
208226
144296
157228
133659
124506
114067
179393
146061
165337
188363
196071
189954
139253
181711
130814
122717
116326
153415
160732
146352
173691
263322
156512
179860
169418
168100
182201
147414
210407
144626
118928
132380
135173
166478
170662
147889
142103
130763
152220
115025
184807
165519
162962
160920
174622
203994
115860
153017
111521
137387
156564
141172
172488
134128
245437
152873
242984
150026
264402
170090
156820
213436
123830
204581
166646
122772
147782
189250
144233
103163
148857
154983
194181
185603
145639
120838
136083
154180
129803
129805
122536
133436
140497
137617
169553
223912
155748
116912
178373
173841
145518
117139
94650
165909
158298
128106
154350
141168
163454
170319
111628
168416
176501
143115
153629
199455
132115
130296
143434
164586
125646
182526
136231
197031
196331
171939
134896
113761
121366
116505
178722
207828
190668
165793
159184
116936
157760
162853
186132
126597
148040
128219
140818
157610
155455
131513
123852
160631
154501
134292
154272
251613
152155
150361
119905
111316
120359
131939
146758
159858
152941
135578
146000
133121
126942
141807
112879
169529
143212
197773
178821
214844
206501
149909
148877
222785
216352
147828
177826
167384
160409
181460
191372
216948
281438
175696
206957
163532
150523
198216
219359
171613
149245
233664
147740
214376
160309
149972
152682
260204
265032
149235
139076
123650
143707
122654
133227
180398
123562
121545
154974
165725
140271
134398
197539
160061
171789
122005
196229
148107
147327
47032706
42869715
38757677
34631112
30462568
26358123
22292139
18140380
14034863
9909257
5761407
1683923
157419
146292
145178
134389
105186
161622
145743
198323
194417
171695
158669
131503
139162
142972
179211
204670
108012
125426
141594
142536
116413
126965
171071
402157
149705
139436
155973
158698
136583
152361
162909
106092
132502
151709
123591
128446
134096
143981
170226
155482
161308
115862
121270
155006
126829
155481
169156
130315
122954
139215
147309
105121
149082
109729
136656
170140
140664
193358
137705
170418
124190
142415
192679
136977
122408
150044
154129
138711
232898
142147
142426
151086
127348
133026
149478
180814
139213
200066
151220
221272
120826
162309
176911
202190
108546
132200
119304
118994
107864
144452
176032
135715
127280
165600
140775
266422
122390
104432
148839
171747
143277
126395
114962
158635
167506
128985
194803
167167
173885
187642
162319
137466
149628
182267
133904
117191
118563
187954
131841
144290
115399
144226
172019
163075
151171
176837
108910
210716
154879
134274
103131
133887
118843
178074
150153
156437
160033
146141
171584
184794
178870
210863
134684
116863
131005
170646
140431
121242
179031
132388
133205
260898
181903
136767
201557
169836
146141
159724
141451
204026
166868
157577
134648
117715
171595
120455
184851
153313
157415
126700
167760
148538
198256
127934
144915
115386
172447
154424
182540
143360
134022
120367
119498
170867
122672
156895
150955
182113
131542
123395
128798
123581
119403
164556
118418
120324
152580
119285
145327
180254
173105
174946
97431
105917
119993
113232
109646
106605
120513
100373
141532
133996
122907
147400
118967
150246
102276
133808
133410
186987
122012
128817
136696
180313
202974
205304
154322
145404
45648602
41483127
37370383
33242228
29085382
24988264
20888166
16720445
12623692
8852054
4727442
730071
216444
143879
142236
149203
120283
117988
159431
276255
174001
180083
127298
162548
207944
113521
122577
147463
164139
136745
133301
115300
153878
95286
113321
176959
143439
131654
127034
127585
107148
121563
143842
143725
141861
115044
117028
187040
104663
152859
140723
168682
134349
139290
113494
129002
107803
137152
118797
129368
128465
116586
110868
115989
164587
105241
107828
140012
120003
179403
118271
193089
142384
132043
123988
113238
141996
147653
144217
108098
161165
125226
110709
118577
115985
141675
143585
174744
164476
142237
214859
130234
189868
211033
145704
145420
118919
121383
135348
126754
127172
166251
161767
146869
199245
107809
147255
149681
117547
149091
132476
124939
162090
135260
164637
117715
125822
132577
125019
111263
110682
108827
105812
114336
95383
147864
161246
218050
143690
99695
236252
125538
128793
147026
107034
142283
123714
193998
134043
140851
119784
126559
137418
127933
149511
109277
121266
130315
164186
153970
146593
161195
131620
131277
102145
103415
159879
144847
157219
132607
174958
162103
170166
243838
159072
132132
195878
123870
140500
137427
198125
153222
129945
142908
144991
119321
128616
130524
156230
135666
135418
120280
114830
166754
120042
159138
132050
121386
136214
93686
149157
161043
124927
147924
152897
141842
161048
107888
129567
168572
125641
128912
149605
117974
130567
125245
113652
176282
131050
109185
141197
126856
166530
129023
139037
133504
114199
97917
121815
169558
114825
134498
212146
134049
127804
109710
170879
118864
135389
118940
147619
119899
106827
150614
103482
105385
122150
145540
135376
48850219
44684009
40568732
36435485
32265469
28234239
24156172
20098373
15959938
11793749
7665572
3622748
197215
187701
175987
173890
119905
170923
288643
119176
201698
166065
157877
165969
140566
148800
191200
150635
172512
140428
135896
149600
183606
190928
224715
220484
207668
195647
144915
210063
302363
173265
162008
147738
217374
139944
176385
131119
189431
201206
193043
137444
180690
186190
222720
190427
220627
162846
164788
178438
199110
160304
169401
147397
140022
246308
169523
118386
156258
171411
183218
202667
145149
223840
163158
138012
149471
190440
232012
174999
156616
242870
158120
259288
198156
151105
130779
142393
298223
158916
271905
169083
229157
130921
129902
123454
140971
149234
126771
180326
209162
128728
150634
127505
175314
172712
112847
129035
142387
144933
120434
147055
147324
146932
159203
139148
117856
125022
167132
147632
107915
126816
159349
148860
125935
137437
184184
116200
145662
123037
139715
130827
141294
118819
174214
135534
129383
148248
120827
114762
135028
112815
238693
142937
149040
449750
139366
169374
171712
143451
132023
148427
189989
110997
182289
134684
156258
119992
145811
201545
255080
173447
201712
151878
141233
169489
175601
165465
152535
155663
214452
115195
116271
132024
119922
148776
136739
142087
143220
147965
141641
140681
160245
157492
150262
144184
139170
165314
143060
151819
173051
151558
114803
117320
113216
133079
187195
111736
117897
166272
148384
145401
154219
175880
121634
184902
170016
118079
105037
135175
132379
123524
133681
154902
114396
173929
116483
144976
116715
159339
106503
130931
133086
274961
145454
106693
153279
117659
131812
151769
113131
138341
112921
149630
110386
131194
129244
280633
126039
128515
47663784
43505179
39376767
35282050
31114169
27128079
23042586
18877636
14804078
10704225
6537665
2447237
243677
166862
158922
124367
196523
165506
156007
155182
132519
123533
145023
127820
126845
123267
141570
144046
135367
149214
141326
148911
194015
126787
120611
107408
145488
144220
161545
116663
119615
102155
158357
107464
121552
121888
118474
108575
157017
168703
130605
139711
103286
105914
116537
136791
112200
130227
141230
119596
149062
132731
139413
154777
163550
114897
110753
117054
119965
145307
111242
129504
104359
106372
108697
119959
204944
121597
182957
132079
125269
122767
111773
173989
127967
111796
106529
142096
107885
133005
112840
116239
135172
123039
148774
111400
169293
119900
109694
116483
125974
135372
158982
114455
112330
161115
164370
124309
153902
144210
171453
166417
131845
174745
195738
142470
135835
155172
167506
142825
124778
120409
150684
140765
138536
135804
144367
270681
184246
145273
113253
141443
126475
206223
146548
141738
199517
152094
192949
170813
167743
214975
166101
139466
143931
124265
111312
171953
164067
127483
157475
169199
141537
109912
140979
143057
153197
166898
134407
144166
154045
135028
120735
204575
126070
127845
135295
152920
148595
163645
139891
110308
126738
158311
156921
152593
126598
137865
157113
129225
158839
140541
159951
136496
122795
114378
139761
157809
150268
168288
135950
134291
790199
133035
150752
152979
124730
187144
148021
125837
126312
137118
123893
139509
140351
119951
145341
165777
121473
158105
197249
162342
155622
195908
128337
132781
131559
117957
109533
181749
135676
118447
153840
123414
170572
195408
150127
154881
156188
170701
149940
175469
181825
240474
151027
165875
136315
160247
163698
166150
46148235
41993419
37893760
33868869
29879754
25708494
21632127
17530246
13361777
9247431
5129565
962049
250694
159419
124900
140676
224195
136767
116448
112722
122563
141457
133581
174202
125544
130544
114747
149717
149483
157464
124351
129886
116764
118501
189708
126430
129391
146398
124689
159095
154333
220398
186200
136023
180104
154653
169864
106769
132830
112655
131049
135803
168354
112496
146290
205928
131041
180287
134028
120450
100717
159741
182169
133087
115144
182486
118636
108565
154505
129361
111207
140325
106810
164829
155069
127505
129285
170217
129755
114472
130055
132064
135640
126573
110479
123810
129393
134402
140418
109941
127953
146531
127888
132958
141563
115749
128732
154791
123269
124372
137231
128878
135346
131855
121620
126710
109430
144047
118111
191683
118491
127375
131605
133123
116693
185249
118692
147424
158101
149277
142677
170977
157594
106868
129657
149796
135300
105465
116541
130168
142174
133882
111868
144355
103645
162526
145354
124480
151421
124462
131376
121738
115586
149252
150631
168002
123814
154957
168778
113312
137151
130941
130756
151509
122044
155319
136843
195246
103808
169044
121691
97055
140137
135312
125524
165635
114919
121518
173251
123540
146711
117874
129178
121690
135129
121291
138274
154147
216147
151094
130747
146710
154149
135735
122045
144542
132811
114132
153849
120521
135397
110998
131175
191160
119799
144618
163023
138020
139812
142765
141998
152650
160138
106140
106409
163469
137910
122363
152440
145819
171712
171003
162746
174519
132832
149081
186863
172049
133464
153658
161234
130733
154042
204693
180817
130857
160501
135657
149170
178334
245626
133826
162621
145297
124026
168557
141101
135654
140807
49030956
44852561
40735878
36595985
32412865
28282905
24158483
19986294
15918182
11793062
7617983
3501006
255845
284858
143716
133287
146942
198417
146895
194446
195035
190735
145473
146389
142205
155413
135277
205499
148571
190923
294306
208121
303477
156778
160665
130060
140300
167603
228252
127451
139551
148909
155054
150063
135866
125804
135621
122374
143980
120801
121209
154598
122974
131789
141924
139514
118467
124522
111665
132433
116075
139467
142040
110590
125283
119120
173873
116660
133811
157127
125826
135179
127778
133677
169452
146696
123698
126875
110952
114569
132846
141489
118029
116925
109519
173123
105491
166245
141689
133837
127822
152316
111737
129784
167732
129790
130037
126295
121110
126227
121474
127862
128264
161964
124609
129007
108321
125406
166260
105470
139918
112222
123324
112434
130645
120888
164703
154574
157548
142090
132143
115772
135979
106183
150835
128001
247855
147542
162259
125422
127918
199964
176921
216597
135924
168547
185180
140393
159570
129101
109706
152159
124832
121176
116508
158471
156523
166072
131450
124716
125775
146430
140392
149253
163888
135979
151108
116387
121801
119174
164942
127058
126710
145136
127663
120607
119180
133447
152053
205041
169815
115758
125235
131374
154044
136734
150005
139103
123931
162383
157606
119377
171160
106255
133356
132759
146139
110178
195779
172814
160564
147855
142325
118959
139586
163744
119003
140011
119864
169010
146286
111226
131247
158374
158241
144338
139165
172009
174422
140135
146273
116310
137690
158134
125812
152114
146954
166389
131785
180721
244091
116163
207148
143831
144246
198428
172546
217244
213758
200305
164772
152190
160008
147005
251728
117868
173921
149886
164979
198037
47298623
43134862
39060828
34932971
30780651
26731379
22721768
18548694
14421232
10342966
6211517
2106224
192456
245185
169701
192955
156436
141292
157519
238338
156961
167756
148781
134862
133467
186232
169659
144486
130830
122546
116799
120578
182676
132686
173854
133310
123520
128363
170259
146514
112570
185743
145827
146910
172343
145233
184550
132641
119996
131868
164105
120445
111198
141080
160649
139721
149556
204204
187455
139615
158631
122368
127968
119071
113420
135893
138030
122169
129356
164066
132815
137533
151933
172974
160129
127660
130053
166906
132459
158047
152320
129384
153079
107837
113804
236180
179338
117998
118160
146341
121720
134642
135436
118102
112187
111987
140458
177583
127115
117136
110745
122658
128904
162191
140051
112737
108299
117788
151222
110119
147486
137645
128862
196690
139648
153983
216138
129966
111794
128633
114695
157050
123592
128320
137494
269242
133674
160072
128803
136411
116113
193313
216880
128738
145228
129278
135290
155541
124186
133638
161115
167368
151211
226689
160630
129268
119974
171301
162333
136583
130582
107665
140378
142863
119786
119505
116418
122634
175062
200899
110009
135258
148463
157477
166500
121073
132905
124046
142175
150941
93688
258850
154977
121048
156390
118991
109631
118828
165801
124557
155505
156824
123863
119340
212499
140803
135928
136036
133056
167761
156518
151268
187876
123289
129214
169711
152108
118777
160242
145998
182442
147324
139565
144456
114850
105422
127253
137264
122936
136705
132453
167543
164704
149416
134371
116630
155285
173324
150676
177102
159694
167593
148856
142177
158007
138429
170441
121925
156370
174322
162833
130032
165167
132167
166123
189029
137164
135640
140831
163523
45825789
41701916
37557406
33413114
29245023
25243256
21184189
17135758
13173740
8994148
4913608
840248
247791
180201
157825
207479
182368
226379
188218
161658
186320
131174
126550
127686
309069
131810
135248
132706
133168
148321
146745
136510
122861
129439
123542
153114
142450
152157
153945
166952
125490
152316
132697
122135
146661
147337
131255
218255
147838
115495
133123
231121
159962
214747
137201
176292
117592
130940
163755
134828
159102
245028
114377
190049
161853
127819
214877
167230
174829
154467
112309
145393
124497
165196
125673
125029
148596
167093
114194
109123
153748
147497
136246
170063
205816
136837
151518
155007
177177
111502
161417
177119
148679
130773
151442
116438
154503
103999
105162
135553
134170
108528
117854
133993
124646
171284
149620
127080
125525
131003
159994
127611
109544
159613
170074
142606
122884
115462
136637
153153
191547
123894
138216
117641
200787
118859
141178
121416
121732
102398
175645
118093
155816
171318
165550
147341
129035
193554
107306
185154
141973
121447
157032
132227
161476
133648
181827
134078
156338
111864
154229
224014
203063
146022
121442
168815
147480
149224
124428
152554
142992
121760
127207
153814
150579
124149
116960
118238
147067
106718
127904
156008
131209
125256
136672
293608
127339
131967
168911
121605
131639
139196
143136
146795
152437
173461
140779
135610
95267
111160
139376
136642
137487
128363
121513
124127
199658
126042
134153
116332
137206
144920
119744
133724
133544
151293
144037
139659
113043
128385
145499
149585
130514
127691
125272
131589
179280
126519
104055
144563
142502
151104
148151
126015
123076
118033
124980
139410
185818
140234
136354
130171
135995
162112
107730
133773
187479
135338
180606
48346499
44183324
40074282
35953064
31783562
27660589
23526495
19358896
15223536
11088263
6919850
2797046
176410
156183
164310
145174
191699
149982
115932
138086
181665
121348
151743
112000
122716
159322
137808
170728
111213
129436
116651
125923
116770
133480
122680
170207
130828
127987
143630
120654
97747
122626
119615
137746
168091
124646
131235
117088
154975
133784
158291
154185
148767
118238
118610
166024
103679
144592
123694
130916
164911
164478
205371
131868
139309
144908
109821
120800
121675
140429
130952
145172
129382
114677
135237
120879
116039
106277
106792
150455
226518
146842
117081
173491
135218
118569
166347
144068
231588
143669
153917
170837
106956
144564
134413
130499
137816
160474
134214
133720
142599
124303
134138
185363
180580
132441
145461
192603
215940
180047
141823
105031
138632
157419
188211
145500
278646
157166
194336
155721
146408
183127
149602
136210
147531
148613
167015
171460
154399
159778
133882
115857
112817
174432
142197
122463
152565
141527
136307
138542
142020
127060
173029
184205
119615
135553
127594
145701
146250
142972
129267
133023
142811
121453
109402
156735
110292
117183
143561
140115
154737
141753
180390
169225
218379
148477
175295
169015
171647
152494
139595
144243
158945
174643
178147
123550
142895
152807
266200
136507
175359
199871
125538
149622
161988
168292
119254
109552
139353
147703
155435
169860
175593
156471
150506
107603
119907
138555
157642
117932
126972
153293
140418
119335
92829
106654
131541
153171
161109
132566
144772
123462
138880
136636
125289
119436
141039
137089
104424
133532
170664
183335
125025
136462
149020
118083
201749
111327
110113
148386
167371
176822
129286
135170
154124
131996
127265
126807
124598
122011
46780244
42615831
38503933
34402937
30236042
26101348
21965445
17802530
13679616
9541976
5375777
1244254
164041
135440
137018
119282
140632
122010
154255
120298
107134
121165
105913
121832
157094
159723
130619
168485
119986
135835
130775
112825
154989
158638
133566
155074
127341
130662
144396
111276
142185
140049
117895
161556
210677
133962
153151
148345
143936
130538
128828
122138
131317
168892
120453
139084
144124
134187
122137
337144
138763
143966
149989
169089
127802
139447
196472
134040
146371
140187
123547
158198
161281
219867
157566
106964
137048
129495
132839
101726
201802
146319
118417
135478
144551
125754
142290
161764
118211
123111
130564
169840
144056
120406
140067
143127
134199
193916
156393
116445
159280
249883
133849
172880
199987
104879
161198
268828
124706
150133
115665
150948
164737
178914
132612
125675
156728
169011
135578
124325
144660
155677
164389
146506
125857
148581
114776
157895
160587
126201
129021
147810
109400
148522
168765
124024
119029
148883
174710
129857
127670
116443
134046
151376
397820
175220
141265
125596
120022
150766
119757
121129
122939
127490
131863
164444
139538
133679
175724
126224
167945
180113
199027
216780
172541
193974
184092
173037
122115
143014
107286
185984
133557
173060
149120
123431
164007
164919
120238
148137
173273
131390
164925
118741
118215
125442
147829
130434
118195
131583
141139
105631
167523
167757
146513
148395
116835
112778
173591
165243
144787
129886
132635
134317
167993
113203
124361
142366
158352
125082
125743
112695
152367
168142
146018
140472
135672
143873
137586
191767
143453
122349
131416
140975
147368
146576
105948
122886
123202
151795
133290
160841
123865
138621
162221
127658
124146
128648
146908
49199814
45043578
40911032
36791221
32627295
28610248
24487151
20442884
16364797
12199937
8092683
4009088
180652
133821
195364
138453
145236
131731
126709
129555
135317
137512
115571
164684
125557
141658
102661
136574
155281
143503
132509
125565
120490
121309
124475
150356
116584
123156
130837
114714
102738
126871
127876
131501
111071
138704
141287
123146
170804
145483
111544
134012
151874
115294
133249
133926
122278
150741
131658
130507
138616
154104
149939
107388
141107
157240
117822
138241
159313
108828
113636
124804
129953
127771
175514
101525
157399
120814
124941
123641
131714
156151
132029
184295
150230
171053
228438
182643
171594
132516
250710
126889
150774
131490
167767
142196
128004
128388
142046
164799
135449
145184
178418
154034
158144
149217
129336
135151
119222
131109
119289
128755
124393
184421
179166
182673
129815
150049
125618
137933
121368
155454
143681
124778
113961
136564
130747
208191
132346
153698
175189
122504
159195
157287
147474
153377
140998
140346
127733
109690
127965
128540
153126
130068
189161
156191
159782
153346
144324
195946
184250
144891
167874
175861
139440
173753
119027
195596
205641
127293
137150
148304
140706
170908
164542
163484
130915
140848
148409
133766
160476
155692
148622
146734
122996
124601
135075
175070
134529
132247
153848
130847
126550
126244
161013
136365
197916
116412
167076
159870
124409
116655
199595
222868
145619
118236
144337
137245
132687
126655
114425
103418
117333
104307
112393
149155
135193
123925
137738
145904
150867
109966
138580
140904
126871
172026
123721
137094
145701
138643
120582
117582
133449
158486
126981
142425
138165
172931
132609
186363
124885
135324
148542
146415
124996
127025
126755
123818
114487
157916
47550541
43383553
39265550
35137072
30968671
26844455
22707597
18536106
14389040
10252419
6085180
1948243
201104
136812
120486
140115
144329
106843
140241
191574
134336
126674
131403
141477
169309
244313
172486
176481
166389
209932
157767
148594
265334
157918
187739
246935
203054
231662
158903
186630
177054
221304
200893
186218
157173
145313
146819
143898
159698
162178
307228
160279
124771
141160
122827
152721
285980
113721
180738
162584
167500
170696
189788
138454
150260
141278
200522
142385
152737
171480
168524
136297
131474
177102
134913
164061
121159
160862
163823
131835
117207
139006
252829
119656
184380
138745
123052
118999
133462
163247
165263
155843
166648
184593
173930
174044
189286
124692
123245
157887
172504
139731
150292
162564
217533
173599
147437
183178
164531
197388
182423
249016
146612
143468
209762
152472
164608
151751
184676
148043
188832
169621
117977
159617
162080
197679
162718
163545
159989
147539
169013
141951
169771
163581
172223
140443
133894
130488
124741
158072
119347
119647
163314
167814
141956
130984
129754
151476
181903
161362
177415
131897
134860
127437
174575
194758
172352
128655
137684
190613
128936
128242
169674
147050
199510
170989
157731
177227
173752
194433
154451
214445
165723
142575
151238
166362
146980
211228
209162
142268
135210
165817
154679
269659
190571
189438
138042
138441
139485
144299
145713
180211
200305
201313
164869
153661
169835
219842
119855
153890
206884
165492
165969
136261
141013
170768
254491
141835
124147
155631
132143
161856
132701
129351
129103
106312
160150
153968
369646
141830
144424
163911
244082
168941
164118
144344
130837
128461
214988
129675
125754
170423
188630
152515
146779
182856
160495
219238
196254
132328
46104112
41939226
37813132
33698225
29516616
25382602
21248920
17073573
12942495
8802337
4635799
506064
153003
131061
180968
126773
162869
164785
169765
170577
192803
153299
180579
243594
264026
184354
175975
126683
135046
155664
239445
141767
143745
276718
121798
124910
164544
173872
122154
193324
223128
212738
146038
112350
124665
146617
195312
97476
163787
192574
139972
175662
153660
144977
151158
176889
175419
185437
138936
116688
147897
138902
154922
146984
120081
185344
129528
172985
113336
139715
122545
168594
125097
127454
130683
146658
135387
115122
155855
122884
127701
141844
160272
152815
161224
205887
165810
167530
164395
153222
145859
186790
129056
140118
137790
121574
164840
128644
130426
188005
97950
140304
104477
103744
161684
124485
154568
117046
193856
115682
110651
122912
122841
116942
135248
149729
184680
201702
156851
160123
175736
151782
146503
131125
110449
147332
175510
182599
127541
129805
170720
134188
150290
172470
126816
226611
200930
127534
120871
167544
187011
128389
135567
126040
118176
146756
144065
117373
117207
149968
155827
119787
151970
123365
128952
100879
135139
112697
157559
189372
178209
122270
147313
174694
121707
145543
126360
137193
156009
209801
131344
167500
148927
135999
133636
168792
289229
184276
174394
126411
146989
252056
197160
201990
166169
144373
166202
168868
168662
163476
161291
172602
232804
161104
155335
142149
127338
458490
149434
157773
168408
191604
160851
133647
138769
154382
120245
187348
125029
119238
162892
112530
192803
157764
151255
158228
183819
178086
167068
167586
190707
159954
136263
133875
121418
120445
146066
170521
131871
127730
144068
139488
118692
163931
159814
140312
137936
168968
132513
48647722
44484918
40351090
36216390
32045064
27924786
23792690
19620646
15495265
11350518
7180227
3054290
198293
133857
153626
147962
208966
177858
208221
162227
161659
145629
136839
248363
134908
142032
177653
131941
114272
186033
142271
118032
112669
149739
119679
151216
138516
124207
136627
162738
128095
140857
153800
228207
106940
199500
173515
154519
172742
123009
150459
177274
126428
132896
178197
96509
114124
166032
149703
131777
138441
152187
144790
171491
141392
144498
118515
183742
130934
118637
127819
142510
295787
143769
162524
141715
175493
196778
159420
184687
120844
131662
158892
245337
178950
192846
127482
149690
173532
193371
161391
169051
121362
196183
160576
107603
107272
149088
219613
192594
285996
159565
141637
142738
145289
209747
168571
140888
173431
185284
156982
180093
217582
186777
152760
152410
214388
211268
172674
183156
135785
200223
184458
159546
166082
179633
142412
200209
169709
127194
157540
156914
122630
171508
141109
184054
152544
211887
153535
168438
192571
153587
124458
234381
183161
165399
140171
152525
216571
216640
146761
200329
157645
128022
172261
155688
221247
149405
159425
178565
179490
131002
189589
146522
133804
263885
225765
209681
163803
168345
136818
160740
158024
132729
227465
152327
211908
146583
177684
150490
169595
144722
140451
135577
209092
173136
148894
114672
216106
171306
129621
178706
196213
180462
148787
166664
142260
130185
170034
125869
163570
120333
140437
153008
178113
174607
199276
138241
120237
112335
156673
212331
159330
115558
218895
141260
136871
216876
153582
145080
178103
147010
160726
181860
123765
239322
256904
162605
188905
137407
156032
226176
116752
155891
140029
166221
195600
154819
202474
198890
47020911
42864481
38735795
34606668
30441717
26292736
22165510
18001386
13885822
9741886
5581623
1474141
188202
181789
160921
163876
152261
166002
144517
171934
174869
150285
149167
132935
111132
146640
158789
215346
153634
116150
118941
138824
197395
186142
158940
169591
150091
125564
165698
206184
124519
127545
172246
119450
171701
130232
147910
273439
132764
147450
116081
130441
131575
152219
209259
174316
206105
116963
119435
129940
148548
141283
152245
149018
104552
197892
150774
132604
159645
151199
206656
125531
170343
139807
163032
140120
202229
132198
163816
179160
155170
110562
183014
137121
116423
126329
124189
142214
186944
166809
211953
213349
104427
151973
127157
139748
171283
151129
141993
187484
199910
109868
143301
156314
245435
138669
163864
138010
114609
157596
189062
166228
164725
162034
177834
124733
179355
219064
156463
129459
152381
153353
193529
179166
193001
161697
145363
173304
156893
116329
113793
151984
112944
166980
132398
128190
127343
152992
127680
167465
133464
152988
191530
150647
459021
115465
148695
137265
168352
135560
112528
534098
121024
142768
212810
178772
198781
107520
199000
146086
109496
129758
128985
109412
116446
163118
131691
128854
144328
124110
110929
119701
118278
124562
160208
145067
106163
161213
118657
120604
113937
144870
109284
107804
143619
142313
125687
161591
154161
127058
168978
142946
146582
134478
103050
108204
122308
117880
117406
120501
112884
129551
138527
135207
124286
132264
132904
130803
107804
150974
131531
119684
192208
120589
132698
111648
169247
123065
159940
172633
154778
127732
220214
134509
135559
123777
114993
116442
107999
107724
153569
177843
160984
133405
149840
150365
122339
151830
108970
178676
45248811
41085119
36990584
32870358
28705754
24581354
20462972
16298156
12165144
8030699
3863489
202920
145364
139475
113042
165518
169717
151738
147029
140937
115770
146206
148763
140785
144067
173171
140265
136875
125413
172992
154056
126917
135148
116003
126939
116502
120648
135708
135208
134514
142916
119232
142462
190811
139255
135155
182260
151689
123054
144874
129351
189042
128370
125722
113911
161238
136385
162836
136452
124442
115724
114553
134124
123059
128659
141848
137993
137009
134026
151972
128742
119937
156274
132970
135465
140041
151925
207743
163418
165868
123167
164583
150907
121709
169203
154890
143117
156802
134708
125934
217778
150746
143722
192268
169064
169555
137765
152357
139903
126305
161157
171350
130093
273888
124612
146759
167584
137139
220418
142088
154015
160230
144050
139202
133419
124114
164110
180814
153735
150192
136931
183218
167216
136063
105423
154384
174525
126799
126004
147326
127498
211207
155391
137203
141000
167769
130327
193102
154672
151270
122706
139006
125105
174938
156215
145134
156651
125669
159162
193947
163295
135528
112991
178614
108597
189193
278989
165792
156593
147949
125955
164502
137961
149376
127026
167306
202762
149430
143748
169961
165861
156914
200789
152277
227305
145042
251660
157597
183674
187155
199182
127682
120223
179305
128812
199178
194822
167838
210033
275021
168155
190912
144979
166239
162881
135477
152419
138915
196596
162778
193795
109847
152899
174741
145500
133781
139645
154772
146492
139338
183937
155385
118403
221104
150443
145265
148999
166616
169497
215804
135002
191662
143651
146025
178127
142924
194234
183186
163957
122821
128846
195486
167668
163025
122034
206526
184690
167310
167856
48114159
43943703
39825873
35702672
31540713
27417493
23292566
19122815
15107643
11108102
6932586
2825724
159497
159434
214303
214089
342444
137220
199338
121098
148802
130299
168995
171800
177773
108331
207313
142335
182650
148138
133732
133823
172987
130340
131796
159633
202657
126815
184722
132718
162603
155297
265964
132100
132885
130797
160887
154252
135945
115608
114882
172805
213917
171076
127509
145560
150557
189280
143939
161092
196834
135226
128965
118356
107559
170165
154108
163484
149232
122857
197803
113067
142215
109037
105509
116072
111376
142215
142753
120974
153999
132819
148244
112527
102984
121330
125858
176271
121127
153477
126870
113004
270933
142776
143147
94396
122164
192909
116514
213229
101287
126059
119282
124771
125240
121142
136975
126536
161107
106932
128771
196634
214134
137515
146244
146939
132043
115558
116373
123803
152340
130377
125234
137932
195786
190653
196356
116417
120305
108135
184403
286414
147122
135926
112966
150280
133857
169514
132085
141740
117014
159353
147445
125701
154951
120978
115708
188373
174788
122450
165109
137273
122129
103549
177377
156768
166337
144606
149743
146805
115812
158730
113932
115993
139635
134954
176277
119626
180573
130147
136456
124229
154296
125441
133432
129788
128813
119495
151016
141413
127833
116086
143855
129016
184817
134489
183785
200092
182524
154618
161521
187728
126443
189637
181500
271790
163680
169585
176766
137643
272839
231745
179977
155719
146484
142457
132714
186956
170569
145914
149660
150279
155927
146581
165113
126199
249487
136971
143107
138352
123670
174838
154503
135142
157991
152197
155023
131200
120131
130638
193595
179081
214052
182285
154289
136344
125215
186635
267658
212207
46782982
42615484
38507949
34407603
30243595
26149664
22024462
17860171
13732157
9651405
5490651
1361091
200132
163561
163588
132119
148193
169266
158048
162472
132208
210400
179475
129957
267951
162779
175900
209511
169306
163378
154517
189936
174476
141203
194514
179813
175529
246360
182733
154409
156211
138257
171265
143559
185048
172614
196127
154725
154390
153906
192887
181653
170826
189726
149705
138606
144031
182951
137838
195837
166727
174379
171674
162486
120817
132649
137857
150748
244578
142801
136439
227773
148199
198326
195529
153346
159329
139829
118026
193478
154107
167300
132882
158729
136633
149308
137634
140572
147134
165671
148349
144004
202743
209683
145265
148581
114943
140152
145456
139233
164559
159627
161107
174497
150662
172334
149385
177539
161634
133725
129840
139530
173636
124130
178558
159816
158551
220471
144609
139128
161486
136655
189894
145478
147404
130782
140572
193130
183245
173691
128264
186051
169196
154522
143181
200226
154814
142352
143476
154486
203322
137647
185149
140903
289745
135875
125034
123888
158388
158297
142933
111077
139067
160172
156037
138823
