1659047
559868
475661
476130
443885
397482
439613
342096
357616
350207
371144
356848
292651
282805
348560
301868
420411
379005
359763
349928
328502
289333
402901
416824
416939
397951
367566
306407
341198
400008
377759
340574
397156
342592
335844
402558
344527
382911
711286
415522
507114
520135
326140
300136
414056
250927
364637
414027
370945
408141
373969
409128
428522
310720
440131
353558
251507
484381
393083
460304
390096
274200
937774
538010
498713
18260335
14065422
4187095
15668084
7166105
2734082
18923758
23541744
14715135
28080699
10986408
13649491
692754
81354685
77193103
73080497
68955846
64790862
60671306
56555619
52392103
48272654
44146671
39981117
35828033
31618016
27306214
23107833
18907999
17053995
12661545
8524162
4348729
11802981
7038006
2021042
19900803
11768238
107485684
103719003
99268193
94763492
90630031
86475510
82239471
77448079
67824360
2973695
107545065
103841962
135634196
131849774
128050039
123859739
119687128
115535153
111360966
106222414
101816023
97521010
93172911
88680564
84467990
80193276
75925248
71640605
67880975
64326989
59784870
55284260
51088765
46828463
42153067
87361980
83698999
79978740
75561687
71420342
67126881
62630165
58468899
54338671
50015123
45834766
41492212
37176138
33010742
29382178
24958869
55912993
51914242
47408171
42915785
38725648
34389525
30185945
26414528
22519791
18715130
14315603
11179558
6767135
112809806
108508028
104355938
100199699
95948487
91768631
87571160
83336108
79282192
75019217
70794790
66641483
62237486
58043012
53725187
49526101
45335792
41064465
36486348
32509717
28094346
23810541
19624987
15294164
11152489
6948483
2765317
55840261
51567611
47285462
43067641
38732509
34469586
30180060
25908575
21620724
17452409
13102084
8903790
4718210
60000498
56191478
51870695
47650668
43312070
38974300
34585547
30089551
25718763
21307960
16980753
12538550
73984888
69770225
65490666
61281374
56973832
52705418
48399954
44106839
39997413
36905555
34437013
30230798
25945099
22555166
18305752
14097651
10382956
6136301
81295620
76978064
72508759
81061693
76650359
72255699
68025756
63659813
60047970
55860228
51467412
47651754
43412703
39193120
35008576
30660579
26511486
22204985
17941065
13505819
9308863
5271096
64566696
60772881
56453111
52204162
47908375
43648251
39299637
35058706
30711800
26482387
22230772
17767361
13482032
9151082
4924050
82112662
78243757
73873535
68626660
64260317
60134939
55727800
51314850
47025215
43306231
39799091
35525058
31334457
27050217
22790911
18504777
14331759
10667450
6472663
66382899
62126522
58293889
54161622
49975886
45784735
41536327
37944740
33542416
29208943
24759405
19876956
15608327
11429371
7219143
3193624
61020963
56557800
52375957
48102494
43889038
39695834
35827605
31923721
27479232
23510581
18963723
14570431
10371360
6437932
53839211
49550311
45326774
40981814
36577950
32430377
28109605
23861218
20091480
15754723
11543705
7115483
2691761
104141127
99849381
95348835
91063323
86611382
82362766
77959362
73659340
33523384
29150480
24825739
20615207
16373779
11965170
7634105
3184061
21732839
17302941
12868399
8463232
4901517
40397633
36476334
32551934
28304343
24598500
20385488
16265338
12234197
7868768
4209532
25537753
21330165
17116558
12766293
8364979
4102062
11618602
7461405
3267782
38914752
34642377
30075094
25904696
21567452
17119213
12841246
8092830
4170832
24903235
20601615
16426709
12143284
7885382
3542490
19999792
15708304
11568097
7273382
2756808
39911175
35631591
32085636
27818876
23697929
19295158
15554062
11246015
6890588
15898056
11650854
7239122
2769859
234022821
366260194
362441146
358135949
353885021
349956946
346208717
341873167
337867804
334023400
329815523
325573312
321175676
316986789
312749008
309053146
305705684
301848734
301104896
296895152
292615764
288330754
283909372
279528654
275303354
270984269
266625866
262157752
257631461
253413771
248949222
244618729
240318650
236516476
232191929
227858945
223656021
219248014
215024410
210763301
206514263
202275888
215329453
211053731
207349106
203178652
198946834
194726725
190472754
186198797
181776996
177761214
173478721
169311676
165041342
160756444
156588982
152384446
148455694
144138679
139570502
135373448
131082902
126796221
122458558
118000935
115246467
110981362
106631631
102306374
99763603
95305569
90894390
86471781
82137093
77848418
74012719
70134596
65871387
61623330
57836953
53554174
49325720
44889826
40581789
36315426
31789878
27334698
23124143
18714531
14522995
10948909
6524681
2123034
8377643
4093989
68631192
64270118
60125534
55825320
51570204
47333554
43011361
38721054
34468814
30220741
26014664
21817594
18167159
14307941
10021414
5798931
20980531
16597172
12365766
8147598
3906207
41905989
37698170
33467912
29211665
24945243
20645569
16267420
12084373
7692415
3305284
19641745
15408626
10976546
6443723
2127640
53732289
49517457
45171863
40944065
36507390
32275217
28275351
23925591
19777353
15632465
11346967
7148219
3056897
47938872
43464332
39335190
35081861
30636174
26778697
22510695
18289987
14723032
10413229
6151884
2439887
393068496
472698982
538765351
534498504
530108025
525750556
522447609
517895205
513748661
509480190
505161990
501647401
497455330
493258441
489013425
484809259
480647982
476423421
472049486
467698197
463388267
460379673
456132611
451938595
447735666
443337582
439665388
435387823
431250266
426916546
422678577
418460657
414503951
410151724
406052330
401651854
397402522
393184816
388760192
384434946
380596074
376102723
372410212
368045346
364079636
359687430
355487831
350825396
346862086
342508215
338278277
333946696
329581230
325286317
320881874
316620797
312434766
308219266
303901243
299940729
295552677
291332712
287089945
386280706
381843735
377579750
373214994
369592476
365328341
360978260
356759343
352433575
348180600
343935152
339589989
335372551
331155812
326544547
322371281
318112175
313797851
309610160
305309408
301059155
296834968
292629626
288346534
284061458
279843049
276054453
271794199
267622652
263444797
259119246
254773942
250479629
246281841
242930052
238570247
234315717
229980793
225733171
216418566
212126683
207951430
203699135
199524167
195061600
190557166
186074406
181823311
177623375
173720137
169535564
165116542
161017334
157243426
152685255
630370961
626112268
621614886
617395418
613255992
609079336
604841527
601450602
597264121
593250215
588915416
584584798
580311127
576074173
571817564
567571184
563322579
559002864
554805631
550611194
547147345
542897246
538688302
534500408
530246511
525617749
521435334
517187204
512887707
509232628
504920162
500770747
496526799
492281862
491409779
487040659
482811991
478549267
474876616
471141603
467149461
462798955
458518763
454296524
450024992
445679881
441359730
437077580
432866579
429459196
425221457
420986336
416752188
412376270
408228196
403905090
401738989
397557866
393411758
389088947
384575140
380574312
376558711
372281837
367886665
363549444
359243534
354898411
350685602
346335507
342532074
338142672
333812714
329962193
326060117
322006798
317704510
313853699
311322026
308091089
303806430
299591798
295430640
291213068
286910654
282537535
278079815
274227623
270020520
265752851
261556101
257291953
252982215
248662547
244387350
240192200
235923791
232394661
229231642
224879369
220666777
216439702
211942841
207672794
203685087
199709598
163141342
158597178
154291073
149792788
145577691
141266786
137484051
133238760
128994434
124573413
120230640
115194944
110650713
106397984
101460049
96508188
87681458
83129946
30739631
26203516
38889024
34528038
28388304
24119490
19254922
15160217
11301364
7012096
2814018
22128309
17830065
12519601
51865681
38973871
34755460
30584228
26308214
22174088
90075449
86117116
77433095
77486182
43215398
38583204
34177367
29914056
5171131
336003638
102250082
102598156
96958534
92699606
88377543
83909837
79730375
75308313
71022140
66589794
62413125
58193098
53233638
49080521
35486216
93412237
23206552
23261232
17806680
109837755
68336686
63716020
59354355
55104666
50820669
46584968
42419000
38190955
33988555
29842640
25436509
21001437
16297024
12837103
8151278
117428181
113680046
104980032
105028204
100651002
96617450
90911691
85629605
80818975
72106777
67915924
63644425
19541824
472826120
468658753
464533160
460431624
456249405
445516591
222801650
210603087
206514105
202403858
198238041
194102347
189996146
185828040
181718237
177557702
173164963
165604982
161332373
157010317
152572957
148331789
144388492
141330037
138499014
129704548
125433065
121628294
117305522
113015116
109130961
104851710
100529072
96455827
92151474
87861988
83573336
79153967
74888094
71057512
66841625
62465672
58226187
53801603
49924944
45550430
41405230
37190639
32927784
28766635
25158070
20645904
16460513
12633402
8438363
4965603
2900329
12944319
8746523
4456205
9635380
5333620
1055256
17581656
13313309
8894770
4684004
12793205
8453245
4882916
27716783
23910704
20191501
15875818
11637683
8342681
4127548
18406401
14165009
10057093
5779646
1492297
32605759
28252942
23987843
19629033
15226000
10829212
6531222
2323804
27700757
23360537
19129615
14617102
10325898
6171684
1846653
14218313
9959507
5591434
1248122
10460117
6466478
2540449
4109166
8517090
4222090
15286052
11092869
6763765
2388812
10087630
5765629
1473523
5643450
1337405
7059960
2823258
6740761
2385358
5864646
1607629
8013014
3697246
4078965
1990067
1398661
835377
2629031
2662417
14367582
10111483
5969770
1779622
25796813
21333397
17075847
12834105
8402208
3729548
33527851
29182508
24831085
20539557
16241264
12071119
7847901
3496773
21866132
17565018
13389515
9172359
4891936
673416
52409374
48062690
43557407
39317109
36047925
31718997
27352765
23248940
19124499
16116722
11608810
7372841
19651081
15286211
11084440
6902183
3427618
156407205
152164324
147982810
143604476
139341897
135150231
131348609
127148050
122930591
118596875
114248794
109952632
105773029
101453392
97198142
92962212
88681854
85385457
81136898
76947203
72607173
68178436
63644790
59418801
55188760
50913567
46593339
42311953
37902456
33464549
28965438
24724074
21416549
17098256
72839149
69253032
66097431
62332786
57989559
53784421
49525875
48386101
44079516
39898684
35720975
31339813
26944314
22734621
18455885
14150389
9838304
141002563
136785796
132639498
128504727
124154542
119880191
115605945
112216397
107922865
103723159
99534834
95081315
53764417
48465964
44142011
39767109
35748040
31483858
27211119
73003817
68339161
64226921
59927615
55183111
50762263
42256818
37277569
28601815
601860091
601868355
552285942
548090469
543980260
296829829
280980628
277490585
207678671
208057263
73092152
33610603
29324936
24769610
20450053
15690779
11404597
60138463
55624783
51254612
47082128
42706316
37787876
33266531
27946160
17123229
13161222
9194248
4986853
13130500
9278070
5795828
15001605
10760057
147110348
147117964
85226932
78758291
33139973
28480102
23961550
19674987
15276959
10672363
6470967
19968539
15551706
11281348
7141064
2640309
20349382
12085194
43029846
20276289
43342300
1421121075
1421130259
553164198
549192421
544783307
540413513
535372790
531086574
527123770
522954093
518445281
514601597
510417122
505944007
501683671
496921079
487461969
483646361
472515735
468303675
464130366
459856777
455264630
450574054
442536816
436999821
433474766
412466214
402984260
395143693
13066597
680787686
676619503
672503100
668710110
664540807
660550283
656374721
652258618
648146995
643981974
639035381
634180622
630348192
626512362
622092951
617919353
613761545
609307127
605034314
600791250
596453680
591938489
587660626
561306955
562830339
162621278
157763061
153175913
148794217
144552229
140344190
135793983
131586082
127242870
123357618
119023046
114662322
110498303
106186202
101931295
97731290
93362521
89158778
1322549615
962082836
921492985
916887662
912897723
909156027
904695241
900367999
895861142
891190155
886998423
882775297
873022337
961331297
961337782
34180257
28691093
24205189
19695185
15185004
31497288
27027490
22986401
18806535
14470375
9742572
5897768
56103732
56113438
673288777
30607301
26242094
153580474
149167037
145081459
140824988
136610923
132574857
128156196
123960607
115026915
110742749
105177899
101042103
92698265
88474145
84305985
79972925
75983254
17315297
132159001
127158433
123021728
118489315
114145956
109963447
105508734
100807388
97286753
93019614
88597473
83443704
75454824
71157770
68216204
63727057
59820694
55523570
51247261
47478278
41858917
37738193
33422195
25533245
21450016
114363594
109925194
171662748
167493535
163388633
159286693
155894624
152506299
148782728
144608779
140511131
136325421
132148314
127766185
123644725
119415250
115163982
112496537
108191730
103724900
99203495
91051079
82665176
77615462
64394797
112621531
118934489
88422540
110547590
106372123
102679844
98519468
94413397
90320401
86147752
82474664
78348662
74182855
69617445
64776872
60550828
56620403
52634284
48301471
43605992
39433982
35468090
31297316
27049228
21996011
18201898
13763788
9618571
5868895
65868328
136170945
93327245
89001681
84755378
80323349
75758455
71575566
67714020
63150155
58932268
54485860
50147705
45834333
41441176
37537166
940839337
85828660
85877202
30762417
26228238
21842485
94317589
89678797
85397458
81238168
76749571
68746981
68799269
55879625
46300187
37624613
38150756
29355235
25221337
7189148
2706980
679833439
96634270
1000339
77095875
85377299
85384014
31893681
27353821
22727733
18585605
14292107
9810608
10754872
6371457
2045302
27729415
23261997
19373484
14372550
10000355
5883063
118986437
119044000
30945430
30951435
31476695
26849358
22700988
18327863
13687155
9161063
5049383
11805292
28447488
15042989
10756543
7169113
6535978
2302688
2477476
1924251
974941
2725302
2880101
26763078
23847107
19482409
38267889
784485561
127235908
122875891
118461693
114021689
109665178
105430139
103387759
98864215
94492493
89989714
85707706
81533165
76634738
72463998
67839925
63411474
58479750
49560560
45122473
933549800
933556798
32314880
27857127
24763307
7377599
3045069
113529356
109031493
87076334
87115621
78388896
74238046
69841064
66279482
57123233
929638982
32316080
27965875
23360783
19093780
14681793
10510937
8817873
4653027
21579568
17019710
12896249
8521200
4270324
25653617
21344935
17122697
12903040
8349555
4550037
21605190
17702943
13444667
9243659
4872871
95405844
53149744
48909967
44494058
39611301
35268477
30606744
26396000
22204391
18053601
13647848
9625406
5398718
67980749
62362348
49137625
172175509
168010248
163889062
159735719
155569721
151439538
147307871
143140292
138998572
134867625
129703298
125594456
121357997
116913844
112623183
108400169
103835002
99935073
95574924
90760231
81957466
77640234
73257123
69028900
64753413
56451712
51845117
47349265
43570001
39272052
35091440
30736619
179202458
73267026
69088130
64947170
60800395
56769176
52577781
50238086
46075255
41938594
36605156
31823103
27555485
23089666
18509996
13995534
9520240
5321057
66965332
62387431
58307779
53587532
48990035
40635476
31942126
27052742
23043943
8640634
228410807
223739756
220019112
198145292
193411293
160755702
67012681
62892733
58761232
54590561
50467529
46323851
42055579
37879524
32481672
27981166
23474912
19155160
14662243
10461274
11403857
6809490
13126197
8624396
36331779
23297988
19164849
14182371
687598029
86201974
82367308
78200721
74085934
70031168
65963842
61750364
57497041
53715747
49548517
44661551
40269950
35957139
31500765
27089990
22509626
18361261
13646055
8871496
4628351
31325139
22229703
108452154
104127673
100949147
96781445
92698549
88599126
84431088
80308099
76210190
72040563
67951083
63696729
59432899
55240104
50644855
46167572
41857613
37321390
32468039
25030489
16449780
11291453
7246485
70859490
98284812
94112136
90715778
87170788
83635536
79470378
75347424
71232738
67072421
62949190
57411621
52817655
48523814
44075114
39893023
35769759
31141042
26763274
22480057
18272956
13770531
9377560
4801810
76928507
72005848
67622170
62913912
40514208
928235834
180325518
176207264
157838573
149650582
144918050
211003969
170512630
166033011
162082967
157807335
153087755
148946258
144692259
140406428
136009806
131234769
126980457
108711414
209909692
107181188
107190647
63174570
58921616
54814925
50217228
46020084
41744935
36748108
32352113
19137166
15305130
662333934
264532286
141358987
330613488
355589735
350344949
345935006
340695647
336360524
332219526
327961356
325572208
321145137
316946923
312755783
308510372
304265205
300014712
295597914
291304793
287045553
282574652
278170171
273810946
269547861
265236059
260939064
257172090
252917292
248708349
244397506
240049511
235884197
231484236
227064666
225636868
221371746
217142645
212860220
208567859
204332578
200177095
195986207
191747794
187452463
183061078
178848510
174642695
170455674
166147449
161795812
157547371
153254659
149010422
144615407
140448904
136234635
131863916
127699592
125418442
120946682
120788158
116493706
112312349
107940219
103506031
99296035
95028624
90841183
86328326
82032496
77579518
73259556
69060439
64666169
60337041
56119906
59953289
55708858
51896196
47842316
43607566
39369677
35096276
31064459
26776649
22522657
18228031
13930837
9637744
5314584
67358566
63473877
59109398
54744980
50572186
46825947
42631504
38379342
34138868
29889183
170858061
1174988733
1170748137
1166491878
1163932916
1159751134
1155440208
1151320064
1147456889
1142905575
1138823988
1134526503
1130266349
1126007172
1121779134
1117500895
1113318771
1109167615
1104666455
1100483606
1096354837
1092024393
1087691190
1083699782
1079388120
1075232945
1070948802
1066611120
1062412606
1058264851
1053933644
1049628586
1045330420
1041160815
1037022141
1032647205
1028409503
1023943520
1019650945
1015727662
1011756208
605922515
686267062
681749546
677328761
673142967
668902003
664479322
660036787
656091265
651517693
647313264
642925312
638246380
633968819
88708655
88715572
83477856
79100277
74831080
70958001
66605671
62319241
58077084
53729974
49000833
43874175
39689264
34788996
26670989
13804388
74764074
70590913
66427239
62295094
58122698
53983427
49836594
45663744
41527619
37335946
32695376
28369267
23980335
19563454
14967740
11119310
6741110
10399402
1697968
43849812
39438019
34713217
767310
74552350
70951722
66784122
62938109
58769460
54585189
50473476
46302669
42151007
38004708
33769742
29894307
25695766
21359330
17184531
13468318
9248803
5278155
33187789
28929956
24948254
20314760
7833360
25831492
235798537
358771960
354570965
351004963
346781124
342685803
338507896
334331010
330237890
326125309
321955129
317810682
313695718
309451363
305347582
301086733
296691207
292123104
288228786
283578756
301267551
275418287
265782016
261287166
256618116
248356442
244477062
240218382
136299395
131594031
126180413
121346033
116329866
106463266
100921183
81621123
71312503
66035264
61006378
47453434
42352792
38445581
31016375
26191982
39419832
30088206
23433089
18968019
13551735
9354124
4442440
46308469
42157617
37498185
32087221
27862823
23016986
18785024
14583711
11904429
7211805
2558979
67616096
62949948
58751332
54248133
50036816
45362427
41087317
36690596
34070259
29747505
25461575
21321985
17114995
13408288
9254785
5440406
1509161
12151565
7941289
3798801
1054800
25681503
21526255
17406525
13875496
9712032
5600366
1417045
5470861
2325293
489737
1763877
271408
958081
917133
944445
5164087
2889560
975069
821048
3303911
739804
1162241
1093225
3001492
1136549
974677
1045706
911522
2841620
1345435
1042840
1486314
1341300
314952
387422
312718
305604
204008
336092
259032
229918
268875
250276
230358
401810
314459
227571
241610
227617
213010
382227
333553
214344
260169
255185
249508
266290
277296
492318
257322
227788
339756
218027
249127
216085
248331
205461
204910
174777
258756
394665
271867
247553
370846
325421
413068
513408
301537
393372
305143
254743
186376
324166
213715
459817
280708
245793
293916
328096
450282
341216
280611
276202
371849
344865
203770
359793
322386
439296
361142
334299
320032
375481
291643
242945
301510
46343557
42208990
38075321
33841604
29719650
25594037
21472971
17303165
13141592
8990956
4786704
3284451
770088
558053
1556073
645051
857704
234613
607092
1035050
603035
483564
496933
834207
414957
925727
210593
255085
349091
620499
266486
318520
384220
258146
289537
271426
318036
224633
560173
382195
207140
222182
205753
320475
358354
218654
234199
217995
317746
243548
305732
486466
299353
239908
277491
363740
318555
349492
398966
247846
295836
288777
256250
255516
177817
352626
312903
256985
253975
731740
320509
325725
336951
220477
281078
401006
420506
275728
210379
440083
304812
399285
380627
289785
248637
261975
234107
319459
225418
256823
232739
399916
340333
291860
257622
223966
270847
365927
215758
296102
259971
233353
264454
404619
376936
440221
417516
250816
406619
343732
384606
355887
268547
407425
333210
310965
326480
275936
352724
2762868
565436
320927
470395
206283
310283
279151
285676
374261
324824
411042
374370
276257
397790
438876
359135
253170
280302
289498
295802
207266
205516
302425
362586
241241
334521
332988
327587
329972
341125
412373
312700
237089
229807
251920
148208
325381
279707
304870
235380
190172
249196
236468
314438
261711
314049
267536
326433
213108
317127
292599
413241
243261
302237
392646
477889
248505
267004
287342
295582
262337
213584
222439
198343
317721
338004
291652
229659
274190
455251
256725
267175
338844
352049
312990
460311
216264
282250
312559
265771
245438
256136
235368
221453
292749
307813
204476
184733
254795
255496
328597
291867
277234
360958
324788
278445
291827
280546
285626
369776
205293
343071
256837
379276
428697
320041
305236
364636
335276
367441
230636
452066
494504
388895
365683
465126
276938
264285
312543
252432
48733368
44603037
40470361
36409762
31393554
27284409
23198842
19031359
14917826
10829797
6663359
2551589
766119
992584
394132
336307
381072
343010
392162
301704
403913
323289
377737
288340
286647
203128
284107
208303
235553
308393
285006
170355
283291
286449
373938
297543
243801
304578
368615
321829
296221
230265
232699
239034
273654
175980
210283
302745
291081
320152
318455
374311
264196
434021
376867
365881
294278
278382
232799
233676
242108
332453
208088
250968
249095
366458
447561
328952
279008
289929
237826
285756
292412
387738
264546
245762
312844
351654
365606
364907
280757
320741
266597
348658
302004
208166
338207
273910
181988
275224
238985
299697
282877
180935
291154
192705
323885
342999
295571
365229
272039
244638
201303
324327
333887
372005
384901
342798
265577
325110
395070
402396
301007
213119
281731
287486
581838
324495
314472
206887
304976
254141
253771
378642
254544
371754
221296
279317
400738
193591
204871
345663
370646
196813
253138
396177
278831
245631
428142
514067
294894
326987
275893
359966
252825
357236
304110
222672
377172
180989
212822
328735
364135
348314
225805
281022
317343
267212
264714
320262
320519
300496
280955
319357
303296
304974
289132
405929
342293
337907
294578
288553
276966
275899
297045
313295
335091
364868
362941
282243
230781
263346
290573
247469
296745
289654
272250
379756
206748
252946
698022
261938
213818
217823
365414
349188
246317
267248
214562
247234
361209
260318
326084
274593
228987
247155
243008
470983
308417
283726
372422
329001
308784
269313
351797
215299
348054
332969
327331
236307
280926
329595
273552
353954
235165
267184
253690
162395
201336
260498
236769
360314
263241
539757
432579
456148
371468
187311
380103
283075
46584879
42421262
38331400
34246102
30085848
25999436
21888025
17729346
13646237
9517799
5354109
1227187
376172
349259
519038
303843
203011
298095
319221
270796
318842
235523
164939
182916
321718
240392
216548
428412
242100
206906
221615
387564
236802
260523
288648
378796
301066
229482
419747
357639
664330
298524
372899
223401
352999
345635
212524
269188
179242
230939
446801
426583
298264
263621
311711
331624
295681
247132
268304
303480
257371
343180
323842
285346
304363
204888
277833
191361
205658
317197
377322
225880
193772
189649
234794
276008
262086
338403
293898
223894
380097
314444
366784
191701
368369
354738
260400
236668
204050
223676
290572
186444
273732
319319
319391
391683
194120
383747
480898
319567
359547
315433
210992
280713
379772
232877
220691
353739
269173
269971
300794
471121
357174
410725
238230
206022
277020
164042
250693
242229
357936
286739
254063
288439
239030
240870
320162
378811
301962
372621
353925
453052
235273
346495
223692
405693
253965
408008
386704
336658
424954
237995
207046
334980
354150
250076
660029
352785
329276
336372
667175
339032
337453
265230
219475
371144
458727
237010
388935
247344
257639
313653
364282
217361
259318
334998
338375
220207
320052
345495
431115
711297
247253
425207
429576
372131
233872
319866
325730
219079
320864
178121
338378
236897
225856
234664
240523
263380
269458
249403
497975
330267
226720
225787
222011
271155
221858
211749
274459
279595
226615
216770
530260
360596
189081
290502
289496
273490
181067
268991
268282
202761
335280
374724
240681
362245
248766
209695
199546
288037
242206
289919
280425
211837
211537
350644
409316
266519
213617
254219
199585
325606
271085
290127
237046
315815
332851
528305
345726
48700560
44530342
40426133
36313808
32163223
28036199
23922792
19752316
15607758
11481785
7298301
3184131
434115
251552
367082
268922
201932
226400
377987
253773
295462
225031
289369
276130
311006
198369
205494
297791
225742
216054
216940
182279
365188
252946
379252
273376
351293
253262
280382
200140
201918
201093
269516
240838
281586
264050
216883
395976
397129
292884
242822
325256
282684
214094
191484
262928
312302
217518
357462
326756
243270
376299
207822
234048
263802
354297
253348
255375
304188
356336
256050
194819
229588
158101
203816
283893
363366
348096
396112
262848
206549
397189
247477
272026
355789
225967
347469
372659
278723
250172
367894
367497
306959
275398
311165
290390
361532
401484
270310
156936
421637
472003
323805
330616
268690
286428
255871
208115
319924
229626
259138
303296
329142
490184
270860
270481
220096
395015
252004
235261
224907
277892
237166
210016
342972
283131
249279
322910
466046
314357
238990
262449
332176
226383
238200
297113
189121
336698
265264
302189
256737
363558
314944
300492
217519
332774
283783
273542
412746
212299
235788
312088
275541
223606
525952
236697
190078
447232
28985627
25613045
21453881
17329718
13179292
9294286
5698824
1521046
141069
321107
221988
240698
297922
333062
205683
206211
317657
346785
334021
265839
214010
179077
375238
190739
305991
243448
292989
272215
428302
354075
245553
280636
287901
358715
267837
218845
221383
327645
282479
266722
267728
255948
321551
326434
392299
285377
271045
324167
277256
224777
336128
293609
257297
209890
226648
224186
287219
264260
194199
299662
265430
278537
328600
298250
269115
192946
164314
279986
259042
282254
244009
169694
598078
210830
456746
242230
336156
308907
211518
379189
211899
210857
47316845
43158919
39042846
34921273
30754129
26626134
22505666
18342747
14182866
10046613
5910420
1790086
201221
271828
704710
230298
313217
255827
321379
322527
245890
266803
167350
191430
345424
181160
258692
357082
302704
234609
360222
239883
257093
318040
292434
251996
209654
244836
215764
237078
213418
243616
378105
187971
263212
326654
266906
225970
379416
252655
282438
406375
264417
278508
206327
273101
278797
263363
371083
275152
253209
343257
304950
306706
181898
242911
335459
214595
321270
230427
275670
204872
285436
227218
217273
343761
270574
238322
304550
203090
386538
253867
250790
314877
204428
290558
280035
336343
335833
245672
268463
232861
956798
222083
179564
257781
190858
270274
240777
183959
377112
299660
287175
348401
293019
386367
317608
352123
251148
377515
238305
247151
207731
242995
361628
718016
195865
323346
316460
234222
325060
211877
292391
211436
386282
407760
247097
269103
336486
207050
236045
204295
198402
212510
240852
176071
352228
220617
265666
265664
186120
199724
236956
240201
255419
315296
343114
303440
275302
469235
401565
257479
193318
307246
167442
344883
217316
330910
322498
359588
418244
280744
318235
479396
901493
416101
219948
241994
235300
401192
236687
235787
357877
296696
182745
234109
234708
269925
334840
309077
317549
246731
321701
510815
336804
385617
410012
211702
332967
428098
258651
592696
302597
330777
388630
255653
436420
351548
223493
273624
252638
343234
344809
315671
320456
219900
240766
548879
512130
342537
404275
249639
262611
485233
181543
135930
219711
240096
190289
250000
291637
278982
256883
318213
230934
222602
231649
325942
242552
177636
258024
221516
315321
235617
218011
429233
294179
269596
227610
49127109
44954397
40829001
36756359
32590447
28491645
24404394
20222380
16110414
11983228
7813932
3715637
451547
346907
235412
161339
247617
304328
420378
191436
295249
227275
286095
281935
181459
290744
355754
303088
355023
354348
263895
351314
380429
195651
315508
280788
224248
233927
309318
359993
299933
223230
334708
262076
258108
191778
419724
314820
234843
295276
265815
274583
321324
306508
584594
309059
226047
387956
212202
323934
368911
730257
395223
216384
247004
175821
397521
250415
334762
291700
294488
199728
358528
246909
330388
232944
328385
199914
372105
187346
297120
259306
223199
296735
251568
157895
207310
221460
260928
359075
191245
259987
289372
581910
204525
283405
305224
167964
265034
262099
274134
179884
312713
251598
211047
238965
328607
278117
230254
201016
165017
319549
198795
333720
362020
281857
286732
282701
300853
208994
243617
293717
278873
203894
188406
213656
228352
279940
308573
253231
267291
134119
210347
195005
260368
257931
175179
223969
231018
228421
212898
282312
176221
282635
258353
209522
270590
322297
189446
183202
246084
254599
293482
283309
251114
289086
280972
302788
184198
328527
196416
359820
322327
267995
279429
342133
438985
298135
234638
294772
296682
465202
277878
329894
277678
255648
288681
377771
360342
308661
243085
200208
238444
532979
351579
259116
374832
590920
345584
202336
163499
284796
370748
351838
356685
275146
210174
250847
199025
322707
285646
262788
215836
348486
287986
313841
481522
263546
347617
349917
414845
298189
338725
216754
279056
263476
238373
314423
319724
285924
273274
230564
275207
310900
309389
199230
423160
284828
288219
230140
227589
257084
411541
253386
174130
309058
236085
213104
301927
218810
48260315
44085304
39980701
35849026
31680959
27529684
23485286
19353831
15337716
11252020
7078343
2960947
224346
233794
336948
281785
243417
305482
330261
270877
323456
237727
229817
293428
343248
451455
240990
272345
308660
211381
229590
351914
266671
247620
313333
254849
223268
235034
238032
312718
347361
284519
255994
306855
280303
255886
357337
184285
150266
227439
274775
257094
314947
256896
175557
164170
331131
278821
208995
223952
276832
313393
266934
195571
273596
281622
208637
290563
197136
354718
258611
208671
237968
195852
392961
247186
245371
185458
253075
312148
290521
203799
356512
412352
341802
472339
409675
341972
281381
408569
236186
194858
256225
359362
323019
262728
287787
367321
243612
318954
209996
384960
244138
291452
223471
256827
276965
333576
308131
267570
304240
381388
365482
242145
194991
235908
235734
383869
304080
190548
239884
340758
295654
331471
385764
428351
299832
355882
216335
219766
346363
266940
283092
230171
266866
221809
318658
262492
219138
215688
184786
170808
357846
178633
277131
166042
286336
180432
337858
243391
333705
300439
221774
372627
338984
226143
263083
189778
369397
229024
342938
327107
400340
207214
324809
160908
357974
237327
406267
193601
206756
277197
175273
165621
280118
279413
388797
173931
308879
333135
213806
249343
280881
225009
234933
388768
396736
326056
427470
386087
329766
241042
229793
185180
303546
263931
229388
310262
195904
342889
375724
468443
232595
300114
170534
176618
278345
174259
171270
250240
180545
282500
242719
354590
195813
314883
206780
307192
256185
286346
221766
331881
338721
216812
364468
247219
249816
249744
229899
236704
206567
183846
233782
332496
324689
231502
251813
178638
256080
180235
47234539
43217799
39117362
35005488
30840060
26728870
22627354
18493113
14161397
10038111
5877760
1795957
163451
244088
163294
240099
391417
190563
381890
206763
270413
303060
259233
308003
259879
289731
158945
236775
297211
268225
293798
235028
347283
260094
199406
188889
238799
584713
300667
325985
226580
369610
292579
312409
191152
255065
307471
215319
291643
234912
307308
210910
202640
318533
222397
207340
310966
375674
318737
283568
323106
252048
395424
397898
377858
234150
347437
241189
359742
369777
317505
393360
312005
204493
305644
221088
237591
318525
391451
340919
317059
270962
192253
235439
246606
293528
257586
478855
341269
281004
265405
302284
328605
369511
164953
213014
216753
265035
265877
246464
210125
240452
224035
337029
290368
183334
363324
271195
213996
246121
253382
289319
278530
222133
203435
181986
197120
191218
216432
307853
246153
206458
264482
300102
355164
185672
285021
341228
451062
371053
287487
178870
283347
287910
344561
275341
517495
203414
190192
220694
212605
201714
206317
227079
213422
251776
181177
298772
491311
280406
202879
305479
450066
234431
273726
228872
283971
182344
211809
181230
256588
419246
227518
554490
200437
222554
358348
263392
271380
386526
280006
349763
342817
381341
279624
162186
193985
350752
299829
211925
389199
259792
259088
335962
197729
446089
286236
287641
399679
359761
275646
242118
300190
325614
225218
216166
269457
238945
280888
282132
231225
284760
277155
186289
353762
228086
391311
237786
244433
246433
210603
204573
295429
331143
273049
209993
210647
171964
315817
327975
357087
340690
358087
270736
465636
209607
254874
182962
194963
264929
347116
315057
224860
264719
262620
169044
371695
216276
208980
205474
45591816
41473424
37351340
33230091
29058621
24976026
20847563
16706581
12560418
8387773
4198068
1059144
220831
170709
237921
298689
279563
317794
174967
231418
295037
277030
191763
238935
235288
219716
211565
292005
300407
213495
299574
478727
218011
229497
400317
307945
318009
212500
219205
269425
386944
618413
358894
260980
417869
319056
237260
225874
267050
175577
209170
241270
275926
184180
263840
233686
254680
228663
157082
146301
193198
241688
185975
242327
260094
179552
176359
236460
318748
198091
238369
184032
197948
295803
285897
196713
228129
269880
336971
248963
184549
189830
298131
247977
301390
248472
395083
196770
301351
306085
168901
198722
285403
236618
349803
186730
276777
195636
202121
179434
290882
232399
255228
259376
350665
262108
226067
291164
228897
416083
407331
326807
352134
303238
185711
202198
195009
373332
214071
356030
301553
358795
274866
315500
319316
504430
360006
224203
394989
167175
215963
257887
268744
166187
248880
340353
242799
299167
235805
222889
262538
284698
409557
298311
256960
126025
223680
401203
141679
244124
197211
220106
231304
339174
285070
161225
282390
331665
431182
146537
311614
183966
170193
355610
245261
407132
194651
365720
237849
362275
380692
188741
225594
313079
282591
334966
273202
393339
292794
201964
289915
228781
253329
312725
312331
365863
358049
317767
220294
316735
342725
310569
253549
197729
214470
314246
212745
229148
265090
211563
180591
311677
282979
333157
176788
369116
223724
389414
311416
307949
283587
285306
276872
198952
214547
277610
297370
248006
351718
188880
275351
238508
314584
176248
223562
349253
268863
315448
175334
392939
249588
186855
203066
254547
331015
215060
378566
168687
318266
49188866
45022693
40891067
36772824
32627218
28501167
24372576
20198117
16074484
11947873
7784369
3650339
428783
282315
211855
258636
200939
269045
234174
199251
234893
238094
252972
176308
345912
444105
198231
276226
227749
377923
238739
340495
273597
235200
229576
304803
246179
331125
283464
321094
328372
245480
481299
259621
232891
409302
256029
213223
238234
378831
267234
372019
272582
380603
246629
193023
338774
312274
232320
286352
295532
342834
315394
323676
340523
210478
275190
240234
248457
293835
238042
272382
325090
212012
361063
281758
247539
435551
225181
395080
330234
325963
318859
230272
212681
208708
267459
229740
172156
409704
199944
266929
307477
272155
322905
223290
311305
322268
236133
302254
256663
339296
269143
197397
326840
502764
276984
323821
242364
209516
245127
213401
218007
360967
229594
186586
275106
293849
244517
279204
316389
373083
239981
245041
231961
241206
274671
220843
340154
229666
279038
320733
312785
381572
342880
387784
231268
342695
388300
340385
363071
296436
359672
340132
301217
244335
256797
256999
381258
283534
215312
324943
186283
503114
234780
213448
204536
304856
327307
218122
221922
295968
326649
218514
185483
366672
268276
311984
182332
207688
212553
255229
241286
354070
322189
414884
209761
462162
358573
303690
201399
274381
222992
308555
271628
508577
298572
429227
246277
366912
535045
244659
273840
337851
509198
284014
371430
324624
222059
250343
308548
333290
243756
319965
236508
283422
609611
317776
344876
278055
287346
419671
282545
235746
300472
225960
263771
292152
234744
190445
292492
385195
250714
321642
539681
385902
286582
238330
261877
221806
206794
228915
232617
150492
227655
252998
152911
281686
275464
350918
47964654
43802209
39693198
35574102
31398121
27266443
23145103
18968935
14817761
10646517
6473024
2346501
326854
197321
218002
274423
249108
224774
336104
235789
351015
269495
250394
203479
388455
228595
317899
298887
324529
228705
175285
371274
272213
300627
249166
188254
249886
185810
245840
245521
245816
1245634
271967
203772
358484
159733
225515
299478
330243
232710
315904
146724
462560
295728
261862
320591
259456
329423
224277
184316
252615
301392
301144
220284
293831
277050
199333
232861
229575
207143
311172
377638
321456
353062
310380
248429
307330
232487
402768
263379
249961
320679
371711
277164
348393
252780
300386
361098
475038
334470
320084
211167
211416
234313
267078
410111
263552
196792
290303
288503
204505
223396
268658
334255
257735
312004
295362
203743
260931
242071
264563
244706
240970
385939
249600
285311
269431
235276
416651
289825
221158
276117
148629
375787
313068
164741
269205
531861
409596
292489
366207
173827
282794
209294
237939
250354
204221
266157
231030
267397
327976
311499
289129
214979
246481
276222
302752
293236
292970
200760
191845
249229
319689
282342
216239
584020
416870
250438
282885
230677
363955
231231
298600
244847
283241
383552
257584
227087
182341
193941
241055
265427
338803
170240
263180
302653
382628
195244
220419
220422
366315
251535
202908
233323
261547
328672
467999
225052
327485
309484
298827
352421
189306
262513
270328
456699
35011560
30838500
26665603
22757722
18632090
14752040
10766822
6873514
2710503
188514
294033
221152
275524
380075
410420
300713
240163
241959
216654
446017
466460
284906
426274
393780
338765
376314
271163
216636
263970
312087
220147
228767
226991
304477
299981
289818
266789
243899
459983
385502
319639
306160
278561
444045
46633670
42469484
38363319
34236914
30091285
25985235
21900906
17739109
13598085
9456429
5291147
1159059
309030
214151
223378
230029
198507
260961
295030
227545
256182
255097
214404
192880
206743
256856
246373
218186
267202
353895
276822
267086
219382
288741
317300
343177
361181
300132
361753
244759
322717
357258
248914
262281
354152
275224
373083
286321
259359
274094
273362
246362
180069
308694
233404
310749
298539
211120
270106
161419
244130
373233
323923
217872
211962
179403
341199
216141
298589
397374
304241
206869
291962
244403
210362
236215
284436
365139
333482
185278
229267
220294
210189
244837
244398
326288
254338
280592
337830
332439
218057
347149
314847
279808
250539
231676
166900
339416
220037
226067
273067
325627
267235
313528
367471
332259
209942
324334
242494
357845
238753
200261
256796
216465
272162
156205
259486
342127
161274
220995
189201
365403
324252
334526
421445
270009
317368
380818
407949
222168
338901
338984
235843
263205
227388
319238
287615
487586
258404
332503
337761
346334
230644
331497
368122
294996
247548
289711
410279
197589
221541
309836
289716
242698
249018
239497
191423
187836
195941
371418
322537
243326
279524
315902
199920
301503
238820
378611
385247
232132
290252
199952
295170
250967
263491
309262
248735
244293
315085
329555
211300
252057
178612
270064
279655
307521
240904
276585
245050
202249
243940
232762
195076
185969
308634
291338
272623
350699
345545
270964
289597
218086
334445
220699
289115
214830
296793
349425
480251
315486
237337
474308
340913
209499
261071
219442
245661
163316
309856
174615
312583
270326
232853
338961
530191
368789
245054
226879
384885
287926
224492
425637
227600
228561
388795
260193
275994
225942
322185
232014
45514327
41349547
37200726
33067259
28900289
24767977
20623317
16448849
12307419
8165396
3996708
990354
246300
430469
257280
268755
327273
218516
293311
252303
350886
277252
369715
238114
271864
383979
277084
185642
214303
356402
312458
180855
284284
216794
294645
209538
231152
390851
274427
344052
246192
396381
329248
348544
289707
345027
219956
258910
270907
159382
342422
164502
544511
196104
193479
224677
321920
229326
318154
268915
296852
309511
295176
290199
219877
240898
314975
283123
205219
260643
345439
201890
333121
382263
217024
282390
342816
186152
226788
368731
268605
410803
210734
210803
197068
383361
174046
217696
332910
395389
180552
346577
282010
265138
182247
219700
267355
242462
225549
275245
405660
291552
253238
548755
200540
266863
237549
244093
313577
242160
226089
266550
311667
210086
354484
393976
221120
223668
197901
156270
317598
344405
209285
258150
393385
270943
206267
227534
377758
341082
315517
310917
209534
285856
312064
165288
319436
242039
222657
224791
319361
366418
215184
227224
207193
331514
193745
424612
303854
320999
367934
246038
309372
174923
225437
187011
290764
213257
198178
290528
262429
236955
231716
331046
176304
195777
241725
407755
233287
150574
188880
265814
172767
182743
336233
242524
320860
282887
238982
226505
210586
180054
177600
207891
276656
244404
228618
251247
232415
325595
381580
252607
267934
198009
238824
234096
298506
285987
308173
258494
232217
274578
310502
132867
383762
297490
264418
294205
173705
382157
244988
209550
244652
255511
208814
351763
183223
172093
438474
305743
184038
209113
238097
192191
287991
205652
161669
219248
309851
319755
235586
323718
292855
297166
289082
365861
343286
430544
286874
48059673
43886938
39779065
35681842
31517758
27419135
23291735
19122958
14959608
10777473
6654465
2568104
316032
212813
272578
199683
255308
297086
282590
278198
287298
182379
284758
175627
211868
256134
1132854
264612
248055
265853
200101
248777
268516
208239
176546
222261
169942
305212
210564
284758
282951
210569
242388
180618
236575
155680
325724
368483
268383
318791
326723
297191
269478
413793
287885
269248
220543
223486
223548
191154
164532
295255
221688
236018
284178
195783
278068
263147
243759
181560
232905
414885
266745
266143
241457
271111
167198
350024
300285
271621
250809
264794
344826
198973
549011
312717
156182
203160
489767
352122
453002
321267
194893
344199
271186
270383
251113
240021
297242
314888
358323
233172
217468
261332
178095
243532
276632
156859
340752
284412
320815
360111
204684
284464
179265
266697
387072
256599
270761
234277
190178
177017
332305
315242
246230
191460
304605
219003
674940
301590
307324
405732
177089
359826
197488
307054
228353
312119
259092
209358
321773
219744
176378
239286
314049
274719
240518
415917
296769
321420
281784
307575
273345
293571
324962
302258
232532
290241
309428
183419
179967
240843
178432
342152
329985
229676
332486
292107
211474
173780
207010
322422
252406
259677
317144
199784
162772
261129
164678
283754
213750
280973
297578
252555
266706
246379
289350
212533
252759
282486
199647
258288
176099
286361
225080
269432
333483
186864
282461
423563
263720
210921
261681
363811
383481
318576
352745
364129
386100
419672
271830
294559
213922
264682
190251
338093
267012
325390
350557
277914
234777
305647
291359
192804
225636
315613
225572
312303
458877
242756
271465
375088
170151
302991
241460
286052
201092
277023
209026
273423
47070989
42899793
38776013
34656090
30489611
26352096
22212232
18043954
13902181
9764475
5596906
1477872
249838
229431
237537
231252
259513
268985
329902
245611
238152
230060
228562
207488
232394
273242
239485
290273
324903
278012
418617
358389
246469
449934
266513
228029
386711
210778
263269
279738
211933
313543
359722
247296
359342
296659
266919
277512
197306
343022
244324
192942
323515
333760
285908
239483
209202
172967
323919
348171
264473
262392
248144
280022
255208
219299
329301
297868
414099
274280
311833
303551
197539
188843
261187
348835
300741
229136
489276
329221
423982
245665
240117
254158
292445
393998
340804
210034
262963
282039
253062
360469
356146
282528
349505
262385
281149
330385
295823
152941
247289
247949
370086
291673
339123
297914
265812
211500
445403
390664
286629
305611
299399
314970
279528
265289
228723
298915
320029
268986
298365
336155
241264
254289
263513
241596
197409
311089
214797
219680
295717
152091
275778
218624
243638
304688
360347
230235
183912
323555
228146
172924
216771
312816
321251
351010
212793
386035
304367
245053
207989
253826
188389
240515
332757
201675
315463
211716
228066
183103
197519
233509
185716
276884
203530
296517
180261
220878
175015
232567
297684
527394
254703
297048
270496
393516
368251
270721
397983
327183
223460
181921
221216
284849
154330
326475
397032
328018
265253
213635
148297
289045
167707
164674
215628
239798
273087
202931
203534
238490
240012
224095
199367
195995
347419
150180
317222
220973
226540
286639
264202
449430
409629
241448
271321
175024
262813
273049
245523
239785
382892
239404
468611
252535
142077
248190
282631
246762
280302
341615
220675
295095
191893
252444
217740
272758
268262
223396
153611
252335
46679249
42519478
38383537
34253349
30088468
25963010
21855862
17710964
13563488
9378224
5247673
1113949
276199
252116
261603
316470
332839
383216
197878
355376
323504
201714
248159
155142
238755
254301
213700
196433
257218
516195
301298
311879
523200
242560
251924
218699
236738
200225
35451599
31289079
27171406
23412320
19226092
15515356
11298858
7151393
2977568
179188
272684
258010
199452
272684
270431
304754
261487
217380
336981
217873
226957
319089
314455
325072
242685
270135
270174
270395
178063
176314
239796
281981
330930
311406
240415
309230
202826
555140
217540
344601
208960
400250
488002
295799
207970
555282
265916
222979
279469
234764
250132
178582
207883
270320
259339
216283
362533
369437
298656
336964
419719
257228
309612
332662
349272
391355
241981
168828
430379
282427
260101
270235
245088
342654
246252
222389
338997
313016
203928
424245
312850
218740
193900
253354
278676
363579
224096
337251
283555
420743
477153
279558
331849
252614
217859
308269
276166
294341
243275
300702
293631
345140
217563
321717
233477
363950
199970
164064
380043
388427
373393
302503
330306
447717
209755
288558
318191
262116
293695
257147
215858
245630
278693
352605
246881
239940
277145
286424
451377
313566
243688
298963
245743
308975
249162
196905
255240
164595
332024
414729
228590
237866
168096
407690
366337
518485
267964
336773
230840
216011
435825
296534
170810
366680
260790
226945
493310
257424
391864
193059
252096
324361
256866
269250
243417
608808
279645
302259
326362
220745
229675
263180
350545
259789
199534
200433
6571559
2430933
383414
230164
250840
250305
416533
221073
260401
292960
253245
277837
185395
318013
277784
153383
235292
337486
284046
226565
283988
305816
308780
293583
326418
178463
45343842
41181542
37066673
32942407
28768609
24637853
20484902
16310302
12208269
8073862
3904698
564411
298296
194269
372273
426857
323162
358264
217520
373047
305049
228427
206189
320390
200336
486323
296284
217569
248602
395845
290046
297359
239328
1009790
334208
299249
271376
211458
231220
285664
330689
250035
358241
335712
400616
308919
202443
314611
259156
395975
270376
237795
719679
199042
273463
247964
175578
295803
315247
358792
226054
222421
262256
290098
189809
338187
178539
255109
258701
244680
402237
277378
193638
296684
159344
315161
280923
276822
332499
378242
265291
455054
233345
314186
203787
206599
184844
322902
258212
368719
420533
217070
261421
292111
383460
279510
280022
150894
317863
250167
337319
236488
191216
238295
183624
274912
277439
364746
367764
293422
283007
292501
317137
257667
308043
254569
277603
312454
263699
153739
239881
293139
214813
213746
207325
243782
331353
205471
319833
212271
204264
235989
291167
230008
271318
298430
440120
267778
236584
256872
204422
351126
758936
258114
323441
332153
216253
344578
349021
288307
205673
301445
192293
332934
266044
342413
258086
801048
235910
285818
292969
256564
256942
231970
289568
203628
233715
260512
271082
276840
322067
485816
248121
245990
191693
187073
282970
319412
213822
228596
267156
262004
204566
260691
350498
295222
228749
218318
243935
177696
430786
271854
271072
278754
288083
353451
389867
375396
297899
295137
333002
291546
237946
330411
223628
299626
345878
325243
264084
450452
367555
437579
233854
242750
281569
264533
239857
274113
222722
261868
343990
238296
338957
230185
276504
291516
197367
226699
220896
192611
266285
313659
260398
329593
189767
219164
229697
192217
277392
48583412
44412970
40298801
36150472
32016661
27882103
23738069
19604899
15443017
11304715
7129573
3028950
279984
288640
231992
244993
195234
333021
263246
193790
300416
342828
281888
234828
234380
212762
332639
434003
291025
200700
217510
397996
205563
297821
342273
286211
209268
182041
204499
592916
266568
220568
268169
323413
227791
257885
167682
298041
317237
265095
178323
442448
388848
378064
271756
249504
345559
341675
290020
334059
191027
291870
183818
246373
199736
230337
241680
218707
448634
292149
271327
227000
323585
209049
223385
225391
206186
270699
356762
241708
382583
229529
281357
268686
324346
242499
214462
670633
286143
382981
319063
199424
290099
262175
236041
256636
259490
343795
278264
246266
355498
239753
209694
236007
310406
369812
202377
157659
278171
377652
32931724
28777321
24670987
22177693
18009932
13954691
9852506
5693966
1901063
270626
207810
279258
259489
367458
304507
371774
308853
325345
437257
186063
269762
365965
216964
182484
245770
340602
227954
178364
298793
296657
331088
293392
290611
244814
257537
218639
234388
391757
279840
269309
216215
231676
220546
259817
204285
181215
278105
291330
267461
327919
399491
395229
343930
174969
342976
437595
407667
289406
302141
374021
368447
302556
307715
344303
304255
307968
348832
371114
182873
247775
734137
203383
325887
254590
241400
333189
244125
300535
246131
243353
262938
259936
250408
260858
233192
182722
212638
273128
196544
367424
296278
166867
329019
241034
158154
280375
277815
556837
303983
1604251
217367
187142
261872
671406
296091
239615
430575
433032
277429
302944
234538
324246
235598
281633
191018
273282
233137
214976
215607
282164
316225
260805
177833
341926
221494
322578
232545
158925
179456
334486
46802539
42636113
38519574
34402975
30237396
26105664
21981956
17817632
13704376
9530543
5329937
1216274
291112
795851
272085
331354
211392
305283
368659
264371
247694
280323
243954
268770
218843
229817
376847
184148
264208
174448
173783
360094
229091
383789
275521
286840
312579
260517
189027
287162
251414
178270
788855
266400
351011
325631
293382
274083
236711
205529
189770
294689
216180
239617
182426
304913
247289
258213
208596
264238
196350
227305
220687
192447
162193
374876
190007
157986
327477
198524
397799
229642
256157
322142
224915
234537
272287
244634
287229
353525
225978
219409
151579
239467
303194
248823
190992
281994
224800
231555
244099
205869
261643
217046
212202
287826
198752
286183
305864
213607
245288
212021
230652
285857
305182
777866
349113
273481
466820
299052
259804
401165
246054
356735
207008
337519
305751
206054
368391
223693
211696
172372
263680
286510
345179
303202
266456
318740
344501
261105
281757
369058
249116
250683
299367
194826
349164
363532
396115
172070
479788
447438
246661
314449
368736
391056
330626
233088
433254
292581
266307
206945
205620
257602
230089
275506
184610
172801
232574
315564
276039
271634
586850
268950
234794
186389
202680
274201
202639
240246
213369
312815
308014
425632
298867
366276
272298
245892
305330
290718
248118
400288
408155
259285
370354
275678
272932
256173
228654
330826
203574
311153
279009
243493
305245
367781
258514
289720
252649
284002
306448
256522
205487
172972
357815
314238
261374
293752
209252
368037
218855
259107
243496
214245
276402
261774
223923
196021
205728
285651
211876
245145
275532
606995
303330
256298
403103
176869
249531
247469
250807
399737
199497
183972
163533
317349
207000
179122
173504
256056
46192248
42027031
37904308
33805229
29635126
25497068
21359140
17189447
13044480
8896723
4725142
613856
320669
272100
231195
245133
197041
253516
339708
215334
212538
253244
295619
247931
188954
218059
311243
421762
251701
234538
741315
185544
354200
301680
206645
896880
238920
263219
252952
277750
291113
289791
209084
302329
231686
352845
200116
252616
256787
182785
220770
224429
277266
218017
314582
306492
253506
246613
345220
341170
290118
388420
228231
329747
248089
302112
256020
283600
336488
224739
407615
523388
240513
235419
340618
398464
294975
204715
236928
204597
316029
287950
442738
233979
287681
334678
221988
273412
241474
206866
323324
261089
378662
198383
259768
206273
468505
342164
235723
288883
329003
307412
224713
299743
269011
179228
260600
222833
436575
251331
208681
400683
255493
327316
232748
370530
202787
345059
344747
244064
245432
260486
233738
307343
203669
188680
214927
199902
236979
163494
271402
773378
310467
440505
290014
319480
205789
434555
279571
436934
232577
198272
261466
275011
217714
300678
221329
210759
233448
339047
294262
242883
284734
205745
251467
292103
266512
289625
232727
446595
290014
305467
263766
215080
357036
289004
296256
221488
238790
223629
457984
230850
240883
191114
387293
236380
334259
459765
273736
257117
209233
231045
1298793
354554
288989
172704
406510
253860
247181
205134
270399
249838
209050
310267
209390
210472
233611
285776
212802
299018
253236
308052
296501
243836
227077
238827
251115
255705
299133
360791
290177
296631
316645
258171
313787
184369
358442
229311
200229
204951
209109
176133
350569
229551
260091
808614
729323
318134
285881
400775
276323
249124
391618
289707
552223
347080
233448
316782
286221
48217501
44051937
39921230
35831614
31659841
27556457
23432311
19270691
15123887
11008585
6832661
2685751
265919
224323
470409
206967
281953
143659
402075
303218
377150
378889
189030
175759
269126
638129
286797
172828
350291
282205
292622
191077
396484
219334
230633
329344
330209
267365
285729
265401
254574
206906
352674
212762
183833
337382
313001
225417
285647
224061
133036
241483
390605
212786
261195
424560
246872
178378
371316
255333
298771
207213
314672
237072
279614
229231
178579
198856
1125199
280172
311525
237520
294623
189128
408172
254546
342164
328446
368879
293491
275550
281902
249214
289542
293357
165739
237144
273215
151367
232088
261918
290495
325254
287362
260104
205527
218805
275730
329526
282232
460476
155573
213453
293387
240233
288875
447294
207688
184721
174738
234559
208870
234245
275431
201396
204651
351724
222300
305614
311015
232499
354994
241363
291155
248910
165330
187671
364434
273243
275103
627703
229813
183300
430880
236332
333904
249133
272117
263586
207995
297430
246854
214600
283525
202739
254585
266510
273298
471614
238790
406228
271272
258010
255367
219351
261956
203232
296933
198401
158557
352770
255825
337832
180441
326550
308726
240651
200756
243213
212375
267823
396514
249980
193647
200868
248156
290484
230794
233672
407131
264320
222648
358843
339402
219420
255887
405090
247037
370746
302502
246899
275256
254987
224538
251408
151698
309921
235930
203358
270973
233487
202031
360838
299792
370171
200948
200960
371792
162195
312031
304505
357347
232405
296043
291613
349247
262082
207930
237886
257841
332970
363573
297647
319728
309839
289842
133065
183199
264776
259049
264142
426907
332173
265066
184322
220021
216124
340048
314953
290088
47306860
43144711
39028239
34890346
30725100
26589761
22447271
18271047
14117049
9972191
5828728
1869780
252250
313996
216119
269926
260010
228998
319032
236387
228575
445810
320715
298783
171116
353343
198459
243603
213226
262296
222033
328685
276619
238289
186854
229171
306704
402648
260266
305153
241497
278093
197101
195697
247381
169954
481042
280552
340074
264577
337694
310983
338397
559200
213171
319796
242118
356436
259342
295653
149104
226452
336317
217139
210571
213145
304472
228309
238302
352855
274886
306642
285225
265990
227297
293273
251604
262836
238830
217404
276892
284913
262897
187937
275805
284685
223536
260906
236153
231764
344366
340165
338547
276548
236891
211536
266666
260003
161495
337202
217315
318502
368796
246202
182707
248197
340422
215290
263456
269219
254853
325430
269181
340244
322622
312312
246775
244802
199683
241825
244735
337913
379772
259120
221698
254732
167161
312222
320573
205789
216319
236239
225969
232158
256357
282446
224710
220788
211799
281782
366274
270730
318127
226012
387683
270958
302725
193357
317867
189282
246133
356853
205610
357871
210863
284461
270682
312556
219946
206070
441209
268956
166449
192754
238653
400704
341236
278108
328243
263363
332849
226014
276774
319460
240358
298257
274784
232265
262349
190252
1840179
343252
287171
208337
340016
430832
258395
304638
294006
258193
231987
238601
166840
266374
277504
383863
222566
322801
343067
363420
305468
160582
234982
295810
242010
236446
275111
309706
280079
397458
319955
309175
199116
252780
249545
253556
243610
260882
375106
300941
237429
322058
219695
243067
239003
271742
251812
331666
405490
266470
336647
250352
344924
311783
234336
396609
223989
294005
256186
369372
45987447
41846361
37739368
33611737
29442701
25321105
21184351
17017668
12897666
8751935
4583109
446737
206856
191350
383916
201390
345856
266234
271235
177703
414984
275122
337035
238969
255567
220521
270327
245463
237172
403093
235990
241557
211090
335575
218386
362655
260773
168495
229060
225315
281505
253822
252020
361273
255447
305691
191869
410812
344904
339668
328040
328263
259974
268173
196145
252366
287019
382820
295845
202643
289101
393551
345517
251521
354915
348839
271773
210001
210744
263282
385973
330632
241340
339949
257183
246146
343493
315198
322715
321807
587647
212746
260653
222834
172398
288169
271849
232010
190827
292529
266297
251980
225579
262527
291041
232253
207943
244326
306684
283933
341160
296892
255629
249461
406117
352689
172314
204643
161300
237375
328743
288535
335549
204802
244887
255351
221816
192146
250333
317019
242670
337342
190901
219254
212036
348445
217525
182239
521715
213496
230942
265597
188626
194143
336053
297736
459683
202837
379188
291017
337459
287515
247834
295773
269633
465089
260677
359800
298236
282158
286876
266138
220458
244884
413561
189831
294862
244844
299358
287927
294906
254430
376684
311461
280502
268519
174800
229086
379897
437027
371920
341861
316909
291320
211557
263119
20794223
16632233
12504433
8367180
4202413
274310
216690
290801
280555
261305
242592
271613
277380
311685
448741
317240
241241
209291
294009
296157
227460
228317
400440
281004
203319
309780
226804
250491
216915
252657
350114
267242
307451
244726
244844
297595
204516
242655
274458
164477
264576
275051
214637
215753
249657
221287
309366
227114
221842
223564
213312
275894
421877
340533
420722
278156
418497
326764
258930
316715
282336
240289
310614
49018707
44852521
40745842
36638388
32467111
28336366
24194079
20011198
15851821
11743698
7579927
3455609
326203
247784
344758
280444
253684
177052
190763
385910
250787
222317
237896
198549
441153
243950
239138
163927
164642
219054
232472
158516
159604
258433
296551
254173
278223
297370
201852
282743
241405
165492
319076
225951
310209
329537
272135
314062
207203
282976
181423
278664
321086
162782
247556
241237
224444
296201
271038
298680
233154
228805
226336
230783
263587
463365
305541
290161
278949
218358
276249
449741
239016
293443
337781
209413
386470
396536
199627
305477
260298
183109
222415
195125
291621
385484
476655
232387
334165
331497
319579
265590
190469
287834
271218
307108
195173
182921
215474
335085
330407
333803
370061
366238
350159
296709
365765
396023
306079
39215773
35053786
30942916
26817944
22788928
18627339
14538990
10377920
6268127
2018385
322578
213855
209108
214718
211824
223140
336660
265311
409974
340747
254113
195830
302610
305347
203454
173983
266831
209297
236533
271333
431019
319302
276802
208284
282788
199249
400888
236082
275170
346407
286313
336783
317640
255567
239790
261175
278261
267889
199932
280119
319210
282076
274737
282264
227080
323903
216708
483004
285329
376708
778475
358549
302739
177083
192349
227107
195650
459900
331365
254165
296018
304301
278421
307124
299304
262225
242165
249223
285835
306856
288020
240064
296466
340585
202192
293000
228932
210051
255976
256660
177264
282959
283461
308239
417140
194072
224951
286301
347356
334254
220937
277613
373076
354043
286028
306029
1060127
211969
401049
702875
236770
211947
216846
360484
272043
350105
314119
205105
137223
263962
201679
393241
525367
417685
407807
221695
212783
262422
201809
215864
221742
47452605
43284641
39145585
35023167
30852799
26711945
22565322
18400641
14134195
9960430
5792428
1667755
254777
404040
331717
383586
319065
328123
290709
359720
287561
249314
196830
300382
401395
264207
251533
247841
259307
254632
242427
216579
201074
191567
206751
300810
207680
227327
316735
260121
235532
178721
360362
241974
302552
267458
246108
267236
186893
258425
302420
219426
223741
273783
293651
441525
213529
266835
249425
371615
401976
472990
234569
334064
258753
246380
339518
213049
304767
374674
326239
241012
204552
240346
244423
268702
221289
322111
302733
229107
243860
213682
256387
307885
353912
236013
347838
211133
412717
370957
382946
164503
187638
260578
302835
324267
354238
363492
254029
273296
377655
218703
292459
309222
231652
161742
181433
247526
355734
233116
394156
274839
248857
257963
448494
238108
247856
294080
386434
319376
298433
241941
423295
216757
311127
258252
246371
315690
296473
255062
263332
330220
305672
268112
362151
232351
227902
230696
154400
253249
249610
377548
337603
303819
247809
303623
327671
267094
169440
272440
266985
243272
164620
233037
336719
208436
336190
246341
267460
218651
168950
210997
321714
205052
289777
210484
275094
264923
254569
314297
238941
266408
217486
231913
254264
277191
300422
199431
292859
284342
221790
230421
219752
267358
221171
230692
307975
219754
282393
355969
270146
149934
261834
238543
289228
346818
345970
478174
171370
335809
266561
331464
305313
211973
224828
240427
313530
353234
330105
419026
473375
410783
213308
224865
250542
274893
306305
199573
294338
243845
201647
212153
273338
311825
174742
250631
314761
197098
349898
293566
292065
275486
230029
249915
94935907
90775075
86670611
82532526
78332767
74198514
70088050
65913620
61805900
57698452
53578078
49462978
45341891
41181170
37041716
32900529
28734375
24625308
20498530
16330124
12242580
8126157
3961505
276675
256560
273937
236923
219825
311821
242921
227349
236553
336346
223350
262453
348065
250412
298884
276581
240843
213896
294230
253535
253803
459748
341341
286762
252692
412814
353960
278837
277737
209548
204160
406111
281796
409814
350264
380517
223048
226578
257929
246421
371646
290385
288302
201733
240808
214265
274068
254185
278978
208354
174678
304831
321105
294375
334299
238739
197473
304064
296094
209284
256397
301179
223497
336384
417620
287379
219480
355874
204262
317879
228610
280332
241742
224918
342073
206770
246832
252543
300635
203502
229326
272314
289676
389044
228628
394676
270737
358959
315616
373585
255352
225696
310614
263625
213961
286775
299421
314412
357431
218288
251207
285237
226644
360079
211686
381419
277606
375067
240749
333702
221099
507480
364472
351602
277147
260288
217800
265060
213439
273013
350115
294779
287561
229631
328769
218367
246095
172269
355923
350978
514837
217705
292926
204703
215882
238492
214723
279629
226842
244384
342700
346543
159388
294528
259926
330759
290860
330085
261351
276424
315872
323064
445931
322748
386084
257647
292540
201878
289943
311289
311801
270938
273002
361892
303231
284578
314350
258472
265305
260418
264472
302788
227295
254363
285659
371881
269152
286480
278723
274406
273493
344685
222099
258508
293307
252902
227652
313622
246930
240673
263670
271418
240572
318972
291585
317178
380544
262385
387155
248573
278912
236240
375556
182310
286390
222387
272938
226507
211903
308737
245253
331139
388493
297507
314082
322071
446568
419060
268871
246349
311210
520582
49341927
45174858
41058178
36926049
32760790
28642179
24523011
20356757
16223061
12093196
7910597
3796097
277735
248038
225636
253008
194408
324940
222839
330192
262238
245444
279860
396543
170761
291804
322701
323406
337926
276301
257469
265198
410416
326231
284779
229694
229880
323893
214857
287797
286681
255548
231614
215273
294361
308118
223402
287707
185394
289215
250437
196375
195128
298255
229811
241077
204656
324094
256364
190153
261550
311811
326092
387616
234329
291857
229036
259298
204072
286858
204110
223199
248142
422401
313757
257249
274826
205285
187256
257214
317819
219619
345805
224489
309142
275504
261310
381021
352594
274339
256147
373517
345765
228497
275613
288259
534471
353074
236560
520829
251237
350191
376914
337451
208094
287235
226043
243128
322896
239785
306001
284990
217277
265995
248643
201060
190179
316055
325506
217099
203868
195818
187317
202131
222650
325278
222642
302760
395079
229333
293249
239119
226712
230805
343622
592644
219236
271744
296023
307317
360522
381334
264588
311981
310179
232859
240630
264706
350242
357077
324938
176914
171075
170203
247655
235201
234095
278241
385941
304007
229807
234382
225257
356495
240150
274105
232412
270909
168383
292810
195250
231151
342154
246389
293440
269856
295509
182642
422293
216723
324367
308329
185518
310478
277633
342550
256604
200275
209406
198579
331583
301477
401257
216236
318003
275072
211372
268212
153290
274779
146397
190400
201992
233027
207970
326439
277656
306271
212239
181380
257776
322659
241332
233492
327764
311525
301321
420259
306228
239097
243085
241028
203044
214972
334645
279758
214332
281750
355874
504780
229821
258813
311876
254570
258908
535692
431151
300987
285097
323499
48091112
43927969
39818511
35688269
31522250
27420540
23300348
19135924
14997263
10860755
6695717
2578235
302848
234771
271540
209356
371718
320396
261789
279364
207446
305809
211591
251179
227312
315172
371803
541756
255655
232788
221143
309424
295315
320903
185988
227859
267692
277953
281417
244675
391561
217635
192383
246803
310423
237602
287690
342040
201147
278073
229451
275513
330276
202639
321975
248750
278400
421581
211863
207383
223749
359878
197126
347925
223397
245250
201221
224229
168367
232340
157752
367485
247701
220294
293310
312928
326465
253776
211976
247915
274367
311500
249090
198670
252395
169709
256465
211834
292255
275423
359560
224841
315134
283897
267920
304529
243790
281426
278607
292934
376854
230618
225057
258414
374629
275936
282145
208060
336324
280330
238180
218051
446414
495475
407811
270921
367321
257263
256640
382716
272667
278577
255807
180199
251686
186449
252598
268098
327986
293224
185802
271417
212776
229675
273128
192789
216552
257781
172075
295680
260956
471246
375367
274328
197506
357285
262435
185131
196839
159421
261729
288932
231193
294283
228489
289971
283790
249572
167395
188501
246993
269932
183440
272411
261764
240462
1801037
787760
261997
385699
366454
281469
246696
346683
238317
367190
286369
229951
229183
252275
299993
244467
281661
320389
267089
388002
285633
223345
341705
297085
405337
372335
303538
232007
185074
383379
356314
319539
184015
458357
378474
321734
402872
241054
282196
245906
244670
439881
365614
291968
334964
299596
322602
277959
352706
285200
248619
218536
218145
235511
381237
255863
203695
252598
257176
404100
321277
311088
315528
291819
358267
258875
1699533
320244
188797
323372
311454
249773
420630
211387
46807160
42636890
38531924
34386989
30191984
26063910
21944804
17862139
13722085
9532899
5401403
1271574
327859
247741
202656
272360
196112
318744
279060
192349
367364
271075
313721
270237
247276
204538
314868
207811
236080
272193
305200
178475
310403
188639
281423
197094
361601
235779
206328
303481
209911
248553
322053
285140
261298
173567
187034
271521
353404
338797
360692
271082
343741
234297
238141
186962
196273
188666
252776
187236
208606
170551
245515
182587
312045
274475
260525
317339
196086
275485
245579
319284
250156
274843
214151
297430
170008
219912
299743
225304
286280
351969
196030
275204
208936
301651
257089
326236
350111
320086
300179
358576
245170
361467
321246
352904
1135484
277024
293192
271304
300483
314861
339889
233399
214934
375144
303882
326701
359014
251175
322268
251406
291117
260199
734179
202032
234579
336891
229699
258453
273400
254066
311129
288279
265002
242302
310053
217348
455925
340228
252486
284255
272539
251806
249707
215735
228197
242226
198642
315832
258114
314188
284917
213534
279898
167111
278749
283699
188765
254865
310330
316787
245517
287631
227937
302494
346520
228680
261878
184984
176926
181747
258028
253521
387770
203515
197931
344039
686208
291204
221955
250806
255606
197151
216449
311635
232270
291276
256521
273914
213478
198812
321080
268322
344307
412277
196577
326290
259333
304431
341615
217506
277299
212897
302793
222713
303209
258446
293915
179721
363911
306192
252483
232750
353498
210874
360348
299524
175503
193071
252760
374011
172006
313780
317142
411326
308240
258934
209142
274716
429295
342433
352356
217871
381749
363976
273606
300101
338749
193195
179577
276875
395632
233289
278997
265674
271122
311448
274194
288596
45694932
41480367
37343062
33236339
29058161
24941330
20816987
16652876
12513528
8389153
4242330
564031
255836
292279
265771
348239
309721
441944
300721
295971
286994
320397
427253
276355
258490
289400
264836
273280
258282
254418
281130
214671
212503
310887
198170
299399
237877
270950
208678
208477
216158
324246
324680
317765
251881
229433
376199
299214
432871
210693
231063
361228
217925
324829
211533
192609
272903
252723
250214
227716
278732
382823
248280
365091
293072
419546
313893
297330
307138
222795
249754
214471
358046
362409
309967
283407
266044
246215
359502
416053
166415
383930
262247
315417
343862
268176
328682
230425
187559
267405
231513
414278
246578
446332
318859
315232
382084
391518
343783
257387
362792
290133
287285
387652
334078
350039
404701
296789
292655
308620
249068
201221
308895
251831
241132
228919
274498
267780
305745
191177
236756
354982
254766
400987
198426
269336
302532
331068
403600
377419
219763
268300
301243
209467
410820
277019
469371
223692
200232
208055
221593
311029
298044
207060
210252
319907
306631
398800
410542
436627
301658
217379
335547
414731
297106
257544
384268
251284
427660
229626
325751
331771
300505
405636
286635
276365
239391
218959
223100
661885
341607
214593
248688
462401
221485
288987
272104
169416
213054
259638
246422
328345
269165
214208
158396
336966
225249
200629
205183
320152
322572
335866
141249
142006
236553
179344
280725
210844
256759
289256
295828
351750
267861
260237
267021
370027
289747
292694
317157
219097
270659
235601
248871
170316
182455
190605
254939
251980
249845
202257
223924
222323
241789
308915
265376
269597
191414
359541
268713
464984
396265
238124
275853
285441
1753891
237337
317765
282294
186097
47235549
43046208
38898792
34769222
30606901
26491773
22363296
18201093
14068830
10091869
5922648
1812000
299196
304069
265667
252906
330908
252562
171265
235471
31971354
27802380
23691480
19572089
15383577
11245616
7092595
3145414
412098
333530
222240
183372
204933
193375
174757
228743
378517
229729
275848
236242
215738
251375
285731
260976
279093
174873
303917
266206
341552
243380
209469
260448
255824
263720
284168
288559
238967
269456
414811
286433
204856
287808
217176
313088
230718
273630
245053
299877
278577
257941
255022
308324
247370
361885
305876
514580
224594
172890
205848
279044
257969
222143
156935
337283
220078
227075
198876
298328
229138
230141
149002
215036
169708
278402
294973
453136
236081
251916
303384
202815
340474
240028
320775
198462
244978
289469
258174
389209
270137
279529
224333
288763
259980
354648
227798
705805
215383
165072
795408
402971
202334
371884
311979
244865
243659
167285
272234
341285
248997
353680
176189
335010
218250
182566
209687
288166
276384
256461
264128
245012
198911
216124
204746
201768
196193
267920
276718
303987
224791
258457
174551
308016
173910
226152
294250
212891
235987
246027
304470
194375
259321
225078
404079
281629
194948
212837
265388
242886
170424
255610
192737
255414
231312
213514
273932
435803
286484
246928
253565
324292
238876
360574
263576
225228
228774
304297
293282
333104
308625
213575
295113
234780
264230
263396
238306
264258
297775
232564
191885
269082
413602
349591
201858
309834
287954
210011
317552
342892
230660
213688
134751
242639
333868
323281
262085
256060
292789
172466
390389
261389
253016
191450
231670
628014
175212
168020
224413
849105
175302
245065
284270
284053
276087
259675
337444
349807
397807
302581
313792
466189
46307923
42140975
38023634
33878257
29740902
25615435
21486877
17349416
13245913
9099216
4926132
849399
324196
236899
459556
268480
255610
365588
350076
309431
204883
314693
310638
205331
5532878
774012
222028
214779
255265
199938
309791
199086
225137
642541
271753
259749
218618
261999
199706
254547
288759
262909
283249
252297
207152
346363
279986
235736
343537
200018
261301
194036
327842
165417
277221
213359
342392
397242
222051
224457
291944
202307
249119
191758
321954
284119
251539
298086
340086
178329
229617
292231
306625
272857
204380
307970
202945
260385
240105
237470
168640
164710
173619
206378
290237
279384
241490
291879
204884
341116
256717
304630
297910
243316
216923
202290
386553
262296
244284
376983
242156
239236
243357
256672
173446
344149
224730
279959
218367
210542
271432
269269
211216
264894
317711
282551
285766
320332
348880
360452
421470
186592
221655
237694
240914
320162
439979
382825
365515
353520
253077
214556
332841
343871
283634
255334
203931
222146
373833
343409
283949
258242
210091
171026
221612
273922
352436
226531
269275
376025
177766
474572
210348
253345
378622
351392
356198
390813
222238
289202
237830
248229
379319
252232
335451
463519
226169
322754
307838
297809
241305
311130
198384
287695
418055
328962
257706
305867
423774
216197
422689
303571
374344
282024
227971
288064
188619
254009
180997
365733
273854
360823
307797
305469
230448
217453
456141
694062
268091
304550
290761
267687
387431
326492
402115
226510
346188
382357
214050
316154
235402
185883
354040
244968
299452
243224
201022
393223
364234
324919
284855
290702
245972
960286
307766
286298
888387
245433
313036
218492
200891
213068
323845
524896
446250
229553
299191
337793
285093
47163281
42973568
38853872
34723512
30557072
26434751
22345719
18203540
14076521
9853462
5686813
1573788
192557
301488
221069
346447
254219
352512
318368
217587
211963
224753
266527
304122
328189
255497
329192
356912
377289
345117
176563
312004
300507
263025
290464
263953
221949
290676
209319
185884
254987
214802
256492
257198
187294
178042
273496
177836
238135
220142
277205
226857
200563
203285
304718
246108
157278
235104
502752
211285
258287
358942
186400
307233
242851
208821
206655
206875
254534
266938
346596
217917
200765
537837
484667
259884
304764
255483
201522
247700
191267
247891
300951
242284
237784
207060
283932
245059
252973
223289
245005
338271
283703
246513
276020
316517
360015
236704
274353
281561
252165
318347
251368
243065
310624
318866
373383
388933
205057
343264
289382
279296
210838
228550
259394
219797
306232
227628
417719
222135
957460
239797
469058
340312
292712
277296
364461
214476
324110
327500
242656
238849
201635
325968
226509
371002
276709
229878
233476
313534
249719
282126
192611
203954
261583
243650
190512
238892
246001
267190
275017
236140
222780
324382
216422
352026
184921
285586
209707
222593
190007
251844
282811
329051
273597
304923
194905
211869
268356
282172
195797
167717
