2616181
585785
563731
368350
377219
360993
358476
350655
330194
331352
238888
250170
218003
205103
221637
229282
178244
200008
197595
207532
188516
185277
248571
218281
160407
223707
253296
195151
158625
171674
218693
211794
185043
217381
245222
211702
194057
179943
186077
184255
195850
182695
242727
238462
215596
212185
196040
197717
231123
202551
188185
190749
197909
189892
176611
280126
186843
163669
215990
45417430
41225589
37083772
32928379
28736292
24583247
20445142
16274446
12131742
7997256
3822404
260039
174898
234856
236141
266693
202555
186916
244439
193281
211343
252142
199468
210008
221422
180248
182259
195064
237523
209845
204966
227284
335150
198957
189939
241875
195475
209903
192101
332887
210490
204511
238516
226662
263204
223466
197632
192542
180332
198611
224008
178177
218457
221199
226416
257131
217751
206084
247277
196242
179773
170953
235512
169889
239970
193746
187837
187683
219986
219658
217382
221744
195059
175477
220925
206089
223267
230384
200165
202385
219317
208181
230625
253717
230724
240692
221990
240473
270977
205554
232409
174366
187373
223178
209229
194124
260588
190828
241621
257732
204872
204584
220627
220922
223268
220733
208307
171300
247595
178128
207629
188802
183277
209966
178293
294508
284175
218614
195584
183158
182143
195970
183684
209030
240567
187266
192524
190189
197622
225214
202680
214969
186388
209645
181727
196800
213800
232298
230710
182946
198695
205825
205109
200622
202391
211818
282986
247599
222067
207214
217135
201964
203155
218917
220860
199739
211684
198605
225733
244485
196972
343401
209506
270801
197105
187778
188041
223013
234542
222117
190203
200855
205963
202309
208723
188412
203505
240707
230746
195313
234037
171595
203613
205612
210761
233147
265068
230117
230548
277316
190731
184379
201114
217833
202587
198153
193901
260269
195499
181690
194464
198988
201636
201492
209727
224300
192617
240624
200960
221249
199307
216779
230068
174661
211200
229051
214001
200747
236668
197607
187445
244915
191500
234608
195161
174169
242124
252053
254461
296878
200947
200863
197680
211129
193418
222702
186640
256983
205992
45641672
41487767
37361705
33222457
29029655
24889237
20731874
16546400
12411967
8279767
4104849
230619
195826
251688
217689
213614
207005
229477
251101
216172
268096
213402
224979
198994
220280
249635
178445
218646
194868
213448
211213
251687
185597
238018
183178
237758
238570
196721
218508
235784
248364
203119
242227
223240
233509
308285
214741
168962
195301
239704
199650
182585
190485
618091
186133
187471
270534
230314
192442
208059
194657
240628
187593
212780
167611
199110
176296
179863
171699
312437
170568
185410
204465
199850
171739
176167
213989
217991
206143
174123
191165
187156
190315
190447
217342
158428
219343
172667
191834
158679
263662
166659
171535
184189
170306
217327
188461
178106
173786
194853
183459
197832
195551
220470
176767
218879
179436
188994
204570
188774
192075
186048
165557
175892
185885
286118
172213
211567
175629
193098
173619
180687
210752
279622
200491
176858
193640
184539
152397
210977
211949
189504
193137
202522
204425
202182
278494
184946
205693
164663
166063
191600
164118
185323
203927
252733
203101
154869
176957
175960
181954
183657
184799
167289
200819
260899
171811
183520
200345
184889
164763
181702
179363
188856
198885
248495
186677
203155
185746
164834
169946
181713
197406
189038
281093
212709
158626
251377
223936
162246
174291
216776
177081
183232
210784
173524
216444
171521
163400
222691
215959
191992
233234
340487
188707
242009
199823
185637
166615
204970
222671
240311
206568
207451
203417
174850
207844
197403
195202
261274
185157
191148
236621
203130
223353
194275
222682
221262
230792
189490
185739
324992
207388
199906
198827
183403
185590
197740
188226
193493
179174
185674
204006
243539
187903
374641
218341
158613
210189
47321720
43133586
38995823
34872843
30706590
26583779
22448974
18258614
14138204
9993873
5824604
1702108
206753
185658
202401
330653
174473
217830
185791
168321
197049
179198
191981
198211
188954
196468
226822
211227
196117
243646
190310
177772
175000
186203
248868
170088
229983
242603
180830
194446
245627
203136
248539
215289
190443
230275
187235
213601
202759
240447
190230
158781
187448
187372
258894
221702
200714
307749
227192
186567
211076
238901
192914
274952
190929
223341
173364
220887
225736
199981
224872
252698
210830
206299
174129
188886
223531
164046
182129
218650
183305
199859
193586
186512
245678
166408
209396
222338
175319
185263
188327
202555
221870
199911
184896
190406
230247
210684
189342
267218
156845
200698
257589
238577
179835
207981
186268
173414
219383
202725
213274
195377
198903
190486
271462
185365
189603
235025
193721
222956
195179
216087
214132
208415
218715
213667
236785
184727
201017
162865
195071
261887
192485
199038
234631
159476
234899
206092
247705
173354
261687
177518
194516
159904
188382
181229
171943
182078
188284
165544
172592
176986
175807
169669
199797
251011
178953
206716
228160
192976
269010
215744
184103
219573
197168
201220
252545
231317
206238
188910
217323
223258
188489
187320
230228
210994
194120
219854
194140
203955
240937
208535
184774
222957
183028
194552
228621
188543
243164
219120
223623
194874
195021
196490
187186
202215
215506
241638
210954
272877
223882
204893
181384
229876
196609
187003
237686
183223
235242
201777
200748
163022
217760
177501
205095
221907
199482
229663
234743
187609
181260
203634
195900
182978
183715
204292
193693
178530
216127
206935
216771
199236
219579
255961
207314
338678
230129
224015
197090
47898140
43732307
39616629
35509588
31342396
27234433
23107555
18920955
14787702
10686463
6518653
2394129
257247
233295
220684
217597
245731
253372
245124
199909
196187
215057
206445
249677
227956
244791
247196
216186
191482
189080
183101
232187
219634
189746
221319
195057
213296
194840
186121
196221
207420
194827
212339
198869
199567
184797
160331
183725
198778
213405
250112
181965
199698
232634
192928
203826
192766
197816
270738
194637
235387
166711
171341
189272
192425
192533
192549
172192
186098
193134
202187
192095
223454
196636
165376
183693
188969
188999
203757
192540
177947
179748
239864
195104
197085
189186
182781
235028
249793
164144
175229
180765
186642
183648
178396
216477
244701
183173
255533
213463
196405
213758
236781
211454
248901
195057
181554
199830
215219
223027
184434
231696
175629
200107
224122
175404
194623
189009
216774
204238
184624
187175
215569
188216
201167
248020
188353
179285
227797
157652
157375
207351
201148
181686
146760
173650
175897
171480
215633
192985
157655
180090
158834
175063
209561
184722
174086
162991
183177
156074
160918
170311
179980
166188
161637
164805
172881
149648
188191
154299
177016
178430
170700
176045
186200
186296
188272
179902
176907
235915
174633
165064
188215
172130
175225
175064
187714
177374
193244
201260
159755
182912
163179
185594
156498
183651
188544
184776
218975
174474
194694
160898
163594
217959
193470
167694
196488
178827
157138
187253
181987
331749
201573
197045
176727
166212
180019
173727
157977
163369
193433
158838
197866
179376
179216
163874
190360
203921
191050
166502
205080
202276
196516
222891
154448
172477
180054
199930
166927
205544
162370
179983
202052
187847
190486
183311
189041
170220
189133
158568
45540302
41384361
37910766
33764391
30081287
26421316
22279871
18117512
13982704
9861275
5694039
1598166
216321
209531
217062
181282
154450
177719
179705
167093
177093
175343
190324
179901
167363
181225
191482
166497
175002
176072
191487
200442
149145
208035
241606
225086
165435
207187
166036
185877
191008
168966
173641
182388
191684
167635
164123
195273
159110
181554
204086
165286
188021
177712
211429
229852
196587
203798
247044
189852
206341
257527
200475
164727
163022
156004
230657
168870
213226
202628
165277
180947
185653
173004
239988
168684
223181
232280
163450
209911
205083
191956
170300
161197
178527
185196
235672
159470
199031
175087
172326
189020
228374
161249
173192
184050
217687
203052
225981
193164
181246
222387
164220
190563
182368
192516
173648
198135
227655
181165
172723
169904
186734
164870
238353
211375
191550
212392
183175
168486
207039
217067
208076
169338
206017
162548
211941
173223
155933
178498
177636
154308
187054
159980
181842
190609
215108
218779
248778
194374
190419
179271
143852
167265
218831
214971
197169
214784
257387
182324
236200
222590
183504
208506
234022
233886
185667
214625
219068
253399
186525
189098
180781
220237
209354
230044
197402
192639
200510
164090
228450
187737
166559
216505
189092
170036
219624
182942
187959
192247
166177
215396
171892
211400
224791
199042
251133
253916
211551
208454
177479
159593
175094
170546
162811
176993
179249
189080
199926
159997
164772
192320
190950
145908
166074
151455
202505
168225
172282
160096
160772
163330
153330
157358
152914
190312
162814
183519
236426
147234
158568
174546
188246
148308
174464
186312
175853
207391
171626
207664
280877
161614
203385
229460
162730
196577
163025
180668
164039
47419631
43249422
39129584
34998371
30822173
26763671
22653443
18484635
14361287
10238832
6077691
1923813
180406
204923
214547
161099
199704
160448
165375
154009
151045
188239
161571
167065
156828
149888
150649
170983
205674
231318
197376
189097
156653
170198
173427
193904
167210
183989
244874
225685
252148
244959
198531
208513
280449
215206
167850
147906
194692
220619
169191
176207
212621
173495
223671
187676
179580
177109
215275
212522
242579
190635
183522
202400
185284
221401
208415
167672
223621
243556
181138
210331
184700
201802
216823
206598
147924
198794
189952
192813
200906
181010
213525
164554
173540
189113
171783
196486
167027
191943
196211
303205
196378
179700
150716
174087
191707
196426
172213
231546
185882
200936
174757
187735
178558
189161
175953
317950
175240
177674
196674
186783
182051
173918
192382
163678
204045
186193
163406
216906
167107
184912
163530
227003
171956
179475
177709
164861
192940
160088
158424
220460
180174
256461
173662
170833
188993
202193
237740
211336
253052
156688
181178
219842
253206
173364
246224
215394
168829
207079
247366
216899
185443
240541
168996
194440
156190
192238
187959
200772
171774
177916
193247
177378
173020
197145
196943
202919
207122
216923
208371
169170
176374
191480
185085
209869
175474
220436
185921
209004
217151
191805
185663
215547
149813
181381
177625
231385
206170
182879
195713
157184
180065
185063
179285
179055
236186
255357
195192
202024
188865
175549
193693
181565
156466
219728
162238
207766
197183
167057
153644
232264
195818
181401
168247
184351
1248542
154321
174709
184593
151505
164828
157432
164508
188591
174461
179910
209125
211058
163908
155055
237726
156711
146779
176177
458987
163762
152329
191436
49108987
44943474
40838665
36706947
32550787
28388388
24252165
20089997
15987575
11856691
7693570
3584567
181830
166254
157956
168345
195259
208017
190481
186407
198300
154117
163059
165689
168094
207404
162932
168427
194988
144151
178085
154327
183582
165735
194569
174030
172914
195156
180328
171248
293437
194346
175728
234622
207756
214401
206213
179088
177527
158377
231426
175454
197801
158362
205131
170980
192166
199725
168182
192164
154170
198297
160213
239964
184426
191275
154497
181397
162553
176236
158867
195856
192982
180209
190578
156573
170035
163761
165347
154878
183255
143570
153520
172414
166861
181447
186062
183077
198941
164266
158729
188617
182914
156534
195580
181026
168098
175208
158492
184318
181345
192540
146438
192182
177328
199032
158863
200663
181556
197635
195186
185425
183541
221017
166578
156057
214230
199575
207019
189605
182003
204967
166827
207847
168122
171493
223760
158964
213774
179383
160843
187722
228944
153252
247563
202685
216125
194875
155123
197416
182503
212843
173544
213017
224038
170935
176880
149912
225065
155200
199240
176622
146203
177880
191584
207554
238183
161309
245742
184681
143218
163009
199633
162571
170270
200149
200231
199985
189942
176807
185123
160763
222424
183430
227440
172623
219839
145916
161845
215393
193054
146927
192661
164529
226270
165589
192324
163546
172856
168970
170593
162506
254079
198219
168424
170871
187132
192791
183329
181057
171899
184906
150472
191186
172147
183048
174020
187416
203841
162025
233744
193732
214665
155103
197498
208473
213090
175250
172324
185157
170800
186090
292172
171635
186445
198468
216574
194385
201937
165715
204613
204940
220138
158803
230687
187796
293380
180353
175729
169561
46920882
42804500
38685095
34583589
30408400
26340824
22220314
18061085
13918768
9775392
5606908
1473651
165463
168044
168354
184323
168342
163580
222510
157982
211853
224225
189409
156499
192658
144169
157227
187028
187777
189638
182784
175180
165886
178177
164546
199871
203427
149668
196427
272783
205588
190030
201804
238528
194665
213682
193995
212484
178826
166198
202134
152517
168951
161132
215609
183741
177461
168690
172552
203878
168258
189243
191013
213568
172587
194531
190294
193544
172139
181613
210896
168437
180623
247958
170754
156399
163374
179645
161558
166452
237825
150369
179223
170295
164246
202278
169672
172969
181780
236392
162769
204790
223958
177942
160083
194034
208559
181140
194690
171027
168661
173318
192035
192040
174009
200665
163063
178501
188069
197520
173109
192128
188938
195316
192947
288856
236832
181733
202378
156275
274426
157959
159977
199210
159181
167110
151183
186709
174348
177346
164894
208370
220897
168603
180589
159248
189117
174981
192548
199416
196385
184923
207751
194946
199472
182822
208335
182876
166862
212366
177896
177621
166601
149762
214404
229300
187879
163724
181024
213652
145211
163180
171428
206364
192887
204992
188498
139801
185951
190120
187664
169196
170267
158180
208459
188029
330376
202402
211348
162180
227786
151718
185748
195966
185567
169091
223878
185781
187584
201052
186810
204430
178587
178517
158909
202162
176210
180548
186549
165596
204572
174624
179926
166087
173288
194334
167931
138895
156546
162613
172000
167709
162649
190254
183425
177874
160546
169833
177748
186299
183869
231424
193458
204411
183804
173506
183138
181801
211926
175374
172500
175826
157462
250710
177123
334902
172710
182692
198317
48952672
44789542
40667802
36547511
32362285
28232585
24115727
19951968
15827407
11705455
7540563
3429345
205259
174524
217632
219778
165354
224976
171946
211712
137799
191573
161589
175713
164906
215227
154602
176355
162277
151052
179935
213367
202579
181557
177609
165811
192561
163728
220568
180587
161390
163578
184218
168421
170917
203948
178207
152552
201849
166662
167138
177650
160035
152954
165344
235527
187875
228697
174993
204272
186434
163720
203737
204255
172556
180731
175632
184583
169384
193610
188361
265915
217423
216651
172157
157692
205439
190622
242033
227720
174574
267338
229402
166440
168758
171000
162023
190463
186172
143900
182426
186828
173391
192805
196237
160018
167184
160755
181340
171663
154468
157823
160864
188390
172288
152735
171861
184604
169661
209460
181049
164463
138092
158595
146970
153743
191199
195263
220675
208931
255229
185497
171124
159964
193346
187856
198758
158716
180940
169845
166814
182311
147931
178817
162111
148204
155055
139917
244367
159527
230464
157032
158288
186539
211198
173585
203968
212492
174039
171039
180899
181285
210800
170827
183444
166572
200014
158386
164662
175034
168666
189109
201268
164020
169167
156422
186441
150421
189696
161343
171716
181877
208577
196821
202666
183397
171855
164829
183942
169035
167340
175086
184608
169742
147734
215773
197148
159090
149746
167048
156977
165363
161934
225618
158847
269825
162735
204032
161416
186341
163184
159747
151489
164531
157285
199654
149903
138081
178026
232685
205956
187056
163052
154547
211303
166641
189089
164989
177765
140190
264069
196932
175371
159367
328230
171600
171762
186608
149853
161695
159864
186977
168740
173255
189000
161349
159097
164178
185821
169580
47273403
43101941
39014701
34883044
30706258
26570601
22447816
18275810
14160124
10014624
5844654
1719701
170256
192536
186883
153627
181800
176535
166256
128134
170570
169132
161239
154006
164316
167634
161021
235062
161938
185039
154884
159171
172645
171660
186778
182672
159327
156289
167532
229475
183191
185297
191449
158654
192699
182709
161044
187398
164048
172944
147439
161509
154365
212857
178592
189085
195749
169420
345118
176137
131707
174701
160107
172791
160198
165549
160311
189826
180302
159639
172699
148137
185341
177580
140951
162232
169455
155742
147715
168276
177930
181087
176157
176173
183242
162070
184448
184622
171032
148033
201056
159246
143709
213607
209425
196217
200518
202046
185817
202554
201036
228819
173757
148035
167103
155859
178335
182984
189302
202247
191381
527019
176984
181087
208424
281023
192811
152492
200333
188462
239052
204885
143178
135499
163741
149895
182142
187883
212738
173719
225571
203900
167615
222030
168066
201012
218035
194950
170360
158678
189357
174289
177377
183476
169462
170439
146622
166960
148690
152217
182772
153190
164496
180437
148463
167240
165938
203336
166663
143826
175937
199006
181808
156387
189097
172203
169182
154940
147688
143707
142762
153464
157545
166498
173180
178353
168699
146769
164332
166826
146604
155392
229779
151296
206694
150958
170992
151327
143810
145655
154384
298412
141067
179970
163923
151779
139694
160238
172382
160140
168846
167723
184185
136323
154464
182145
141375
222892
167339
159566
137342
152238
176606
170447
192276
156683
182433
192386
223700
169283
206116
162520
179482
212197
206563
175138
159045
191722
162970
215945
181884
174083
176028
153265
169313
313690
158015
161981
184841
49103489
44932772
40813309
36686054
32500416
28375830
24249647
20082249
15948050
11858715
7684820
3664411
158918
162662
154119
168463
187403
198240
215026
170167
240283
171401
179166
181000
211464
136831
204935
184470
178994
165555
206837
173970
200494
179683
181977
159467
246642
237773
135311
168285
274848
135014
148193
193913
206511
181365
163352
148747
168046
148737
310463
175544
164935
162720
160401
175533
189484
166774
214251
185409
209846
136451
190897
157406
194634
168671
260612
162797
176511
164495
170528
166442
142142
178826
183770
202216
152704
176721
234817
211434
175298
192525
163893
194174
171465
196490
159566
182161
169820
183057
194146
133055
156116
234435
201990
132652
193943
239202
194102
194463
205943
202241
179356
189211
179405
191605
206452
183107
209762
142020
239791
179229
214059
260992
195274
188350
287763
169757
160521
143112
204865
165398
162603
187060
203590
147882
152700
153474
173920
146972
158793
178239
181763
159885
155827
184682
209516
212619
174697
168753
178829
160765
148800
219191
184092
194733
226937
179576
155759
153870
151683
162205
183584
177955
148017
190346
195207
165822
204051
155571
182029
136810
146344
180683
162191
167800
148244
152617
162264
176473
208182
161770
136487
180824
170722
188547
144545
156072
148240
153388
201047
156819
166238
152506
174584
146626
156566
152568
133627
175165
126360
163134
191766
204072
207104
200362
174381
181295
173811
141548
135131
148218
155005
229112
174250
222080
153224
237166
279021
212164
165968
199504
180640
207948
195673
178313
312867
203030
177523
168994
241213
165944
198803
159005
202855
182617
156584
249126
188573
148612
141939
222004
161129
146257
241531
169041
171868
182331
203179
150550
47187796
42993252
38871790
34738300
30555202
26461299
22416507
18240297
14073273
9913816
5745686
1611808
238897
190936
351217
215104
190698
203079
191267
194007
213121
141679
138533
179641
200916
197368
178071
319485
301304
153828
147461
139772
195860
164109
166802
167583
179705
178074
194205
170319
179554
155451
150022
180478
161624
150745
191254
142496
161698
145450
173861
153793
210430
149431
167953
174045
153015
168385
178138
155981
173891
168439
208143
190724
156410
199178
207688
163776
162783
169770
156829
150425
142592
193853
147995
172769
173878
153301
163431
159817
298250
152037
162232
167036
171334
162923
176521
197149
193644
175358
148015
164471
147816
163896
155923
177179
150498
176732
168078
168240
187277
166150
202268
158597
207195
159413
198855
154012
160377
159278
185371
150065
176502
215335
222449
193764
142887
155381
188238
203576
137644
182404
163663
196906
169657
161896
225453
171844
203044
161277
245608
154404
188243
220423
146929
202252
169424
218062
177803
143961
148000
195427
199307
157997
175138
209774
213682
162942
185302
145471
164145
160045
138842
163250
189701
157222
148424
161262
153992
234779
153065
196987
186677
158071
157122
193147
227292
166345
165519
144925
162314
182024
163980
167552
216808
199821
191388
146560
271576
144670
147995
166820
129765
161778
185925
187817
189491
152686
146414
193656
145660
152220
157355
199748
203375
189049
200916
159374
157358
306192
190582
216480
193187
163681
207419
154156
197320
162113
163826
144882
178890
172682
184364
217969
169001
148233
129449
152322
146915
170544
198477
141515
171459
127294
192061
141287
138761
133529
163412
146929
172141
156962
136571
138643
147301
151120
185738
161447
209379
48612937
44445885
40333070
36205490
32031646
27900836
23794234
19649193
15531299
11412451
7237895
3126662
222447
202449
189392
218603
212010
225898
265908
176069
208260
166665
170942
260731
167253
165956
176614
190890
158548
176379
190267
177021
177420
147006
160840
199693
162702
221233
170072
207349
171578
165889
292712
193269
167909
155274
201687
211255
195070
152615
206411
171335
156184
194315
204755
155313
173996
306493
184492
166445
196500
154377
192159
163407
171712
142508
196750
180263
190320
202611
165372
144703
171523
258038
160211
201921
164188
162942
140598
185187
203606
163180
229440
173791
166917
182606
152894
148316
189091
189962
190342
151481
163991
192377
160138
212625
148923
186013
174570
197507
161495
166424
187297
111395
164925
171284
174182
172264
184942
191481
150082
226556
198630
152165
161606
159815
350207
158502
175602
149853
157829
166251
221454
166093
155467
153721
156649
141769
334567
156712
169164
149084
156680
204531
167170
164407
151528
176157
242375
177812
190433
173003
142966
198680
221836
154293
148952
155425
177425
177871
151490
154096
162481
162026
140716
175424
177850
160610
158917
152734
209624
136805
158450
130754
161568
156679
205357
305195
236897
236642
196363
221834
224741
153077
271723
192004
171726
172547
194825
173728
158267
149653
186572
181902
157699
183363
145008
234881
150422
235349
179264
179377
199417
157225
151558
170407
209813
169014
141800
149410
193930
187702
134219
170774
178981
149747
156384
204435
141680
150090
159534
161365
159045
161616
147731
145158
143127
149609
147245
171867
166928
146952
165531
218721
168125
204720
289924
166108
171175
183186
199563
163562
213691
178783
187990
157005
176288
162022
148479
169343
46630604
42448649
38320380
34188554
29995036
25853259
21680179
17513886
13382383
9254322
5086396
968096
211179
215212
207274
176561
170339
190680
215520
199618
161801
175254
175555
164798
180062
185213
211487
178539
262848
262346
189924
189814
200353
171484
170077
158010
168985
181354
178865
207688
202989
191529
177807
193907
182793
134465
205212
160629
160074
195224
164991
208004
165837
156295
180578
149289
203820
157169
165562
188673
223548
219903
177304
194658
291066
148445
149102
174469
163594
228069
197065
145160
154423
197460
152196
189745
166754
174170
156564
209137
210036
171580
177134
186564
202819
155915
222563
206879
205130
198325
210058
176631
141676
143420
150696
195887
183746
184027
234625
310340
168928
147932
166774
168841
169007
170830
146589
153644
209165
199011
190330
210040
167467
220247
155183
291801
170462
215846
180885
149379
154165
172256
157528
192781
153057
160543
199317
158299
154676
177217
171777
175624
170727
165374
178227
131005
170158
164492
211647
153440
200478
140640
151223
134211
166055
177499
154464
187714
136361
182863
166021
162314
160808
137744
179983
178359
152835
196899
149504
134939
280667
153348
160566
135913
151416
148728
182438
131689
172950
163632
142664
169040
184113
167236
155129
178592
133047
176259
152147
162824
139865
133263
148390
156757
148769
207795
213485
151188
134973
143555
137920
201963
188926
151775
174624
171079
179634
140759
133384
152094
149622
161541
158740
150259
206258
136810
170783
143825
137063
156932
137317
161473
195690
191809
154812
174019
148430
189476
179713
186600
167867
138356
163930
147986
191805
175180
181395
201818
163674
161425
232563
147998
164409
211109
181241
156550
212063
186559
148145
47892823
43730425
39616587
35485416
31302395
27264959
23142568
18985458
14814438
10732433
6562509
2434547
200891
186662
199023
168533
146252
171448
175645
173597
175466
146114
197461
175264
163671
186645
170501
186752
140938
162576
123959
242186
199845
192160
182828
200069
162422
204937
151041
142906
172888
140398
170430
154644
156144
170147
155534
133165
144132
148564
141823
164463
164451
176367
173008
183418
125532
152322
191611
193052
165880
183135
163202
178934
155834
180699
187046
150400
151315
174267
150026
160490
192759
153653
167044
221699
186914
182708
154906
179410
166787
148395
150297
166085
208463
182228
168268
134863
137035
228710
167651
158710
170310
158665
189755
167050
186126
191980
169620
178593
164123
205225
157251
181339
179196
205152
178372
143662
185617
162927
163125
200753
150811
200895
163360
199214
156440
185628
173966
156034
203930
165207
170239
167071
139203
305321
143061
128756
166408
184764
200901
169787
185077
192637
241392
139903
187714
232567
168691
155522
227471
150830
189106
234099
294262
185833
180898
166188
161365
157219
221315
139664
233416
181714
252043
220664
167414
154409
181300
165836
153967
161447
139753
160193
137850
186709
185173
193109
153282
154265
177879
183102
155173
157319
183525
177598
145298
150099
176849
306328
140061
159789
164178
165498
169552
128315
157208
147739
169049
149554
175502
164849
192927
146680
153831
180888
176673
150902
165308
171929
123830
175460
151698
133070
157653
200879
152472
200947
154382
174951
172506
170231
137828
189655
221521
154365
163419
155633
156288
156911
163933
199794
170876
183032
175223
161000
154578
165742
178904
210046
161530
152925
168423
202057
179940
364529
169563
188433
168701
171973
45551905
41379953
37262571
33125726
28945150
25625353
21559422
17473809
13322915
10423143
6235256
2159492
168890
173717
179278
172433
176462
214597
231568
217126
231866
199598
147174
156014
174351
150609
169100
172243
175780
171278
184140
162001
186552
143962
137513
162900
145927
170594
137981
181142
253622
152929
177432
202586
177218
166293
200101
150056
162742
148071
150802
162065
158682
135539
135500
237314
142836
256320
183885
160430
193801
169698
144331
161157
196784
173755
206294
159034
156748
211213
168678
172359
160583
164046
198228
158555
170475
191562
165539
186040
190898
152313
160737
208019
165862
187579
167697
195727
210394
192541
200490
170854
196213
169283
190266
196124
213040
167899
168395
254495
175689
170716
182728
194903
163270
139692
201282
180669
218708
189260
166016
196044
170817
156823
175612
251785
182335
143693
145909
156529
171067
162536
180858
175053
154576
167722
149647
163428
150814
143381
238021
172087
161946
170809
159362
166052
196639
155916
170721
199272
191329
140725
157583
164472
142390
155297
152310
193125
166449
184959
171500
160615
143865
138761
158114
224292
315596
157539
201623
167361
167865
202538
186469
197105
161325
146771
189900
255865
179501
189198
225515
155106
224078
183043
173687
147232
188722
210144
170307
189811
157318
192012
149816
156364
199111
159639
163735
138973
175428
180050
220351
176274
183863
157237
149069
195008
119176
142045
122679
156092
141502
129953
145814
159486
216216
183331
136767
175609
201705
141574
168016
175161
144905
178175
192329
154764
163316
167213
180048
161647
181305
137612
194663
183362
197190
170842
164215
157945
148400
133473
136667
152005
140711
167747
140866
144476
148776
170421
180778
47811740
43631254
39513459
35386459
31218415
27108828
22975296
18810832
14677547
10550353
6383494
2277806
149322
176700
147384
175859
195364
152003
174398
177675
188117
201511
145519
191585
165976
171883
155778
163658
150449
172485
198228
153378
178052
863578
159671
171205
158249
183631
195650
156691
224289
173153
181270
202841
194459
186058
163788
163155
156302
123642
183141
187345
148233
165534
161436
174776
158071
164906
173766
227698
187685
198491
171529
134446
139228
214165
180396
195153
189274
193478
221102
146038
174947
181595
190453
190960
214134
163435
207870
155097
192006
216732
213047
220122
146061
160688
182681
160423
197583
167358
164346
167219
189279
184973
207768
175732
144851
187100
229503
147310
199371
175655
177219
221773
186832
182678
145302
150342
164449
198319
189460
203757
158515
185109
173791
200171
350181
155900
194742
145152
158963
142275
225930
233712
190927
227128
243316
173683
179935
147900
220076
144510
175857
189083
158083
163216
222999
174939
254565
223249
181694
170339
149102
143039
146433
166800
174774
146539
149317
161010
168704
141997
122767
186706
145268
191390
138915
217992
131698
186572
127774
155172
178312
204475
169594
142718
192059
166784
178188
199383
157048
132642
167784
145729
163477
124608
131339
194346
217596
220432
173251
139993
210006
155934
139073
147920
128306
161513
144749
157533
178512
146172
147138
130774
184148
177383
220547
160916
148868
160685
179690
167265
191599
145342
200222
203875
197242
196563
208891
159033
138903
175590
149495
138316
162337
163985
147242
177906
155700
165223
163472
164061
141129
178085
194522
197824
163994
177547
144411
182154
118347
138499
211044
148426
143932
150598
155051
180378
217026
199297
45901610
41712267
37589903
33438144
29270304
25162423
21070460
16872436
12742844
8606309
4418808
304215
147290
158055
182194
142501
163078
188480
151146
140490
188863
190108
177745
186295
197126
170464
145843
144996
168599
152239
137092
176284
127712
169382
263946
173038
131790
144734
208122
186583
168009
185483
158180
175964
165928
142119
124357
147026
140229
145945
202707
131501
140009
136318
136274
170340
179791
136840
137278
269035
135900
162043
139536
129850
170152
131755
151026
161212
143982
120008
162475
161945
163647
143524
128369
144226
133147
186198
143449
133808
119651
143771
142959
117159
178101
191401
156442
203415
132586
133315
133660
191508
168890
176143
151177
196538
168305
155768
166251
167430
144702
217760
157442
176925
194035
177789
159950
143101
167598
219616
234149
182682
155594
178162
171949
199451
157545
164902
174555
169979
150938
174321
249437
146723
181581
170619
160955
193996
152960
179949
157619
176527
214855
211209
250097
151397
200997
199758
200101
186725
129341
136277
230259
196220
192395
170552
196982
283123
165688
227532
172522
179099
147647
131538
156088
181318
186785
267108
213642
150741
140248
148863
207222
150425
143791
180690
217911
228029
172667
184381
179466
215504
190546
187170
152424
197756
175237
153294
180525
149241
198426
137381
165169
162836
141195
147010
146262
275163
183564
234725
205646
185969
373905
206116
196555
151387
148403
150096
138308
224849
144207
166962
216834
188384
225321
159354
210985
160533
181904
185177
151218
185953
150659
153334
173414
180337
212803
197847
177979
184987
154952
203326
196679
148202
208515
168420
222327
179321
176509
144278
155948
159947
156987
145085
142174
326792
150662
139182
168540
47869196
43703360
39577474
35466881
31295088
27170113
23061896
18892779
14762052
10620459
6451624
2353545
137889
164096
143002
211429
138902
204149
146864
126566
169412
142348
177481
175895
172587
257315
170327
175929
205966
208313
189415
158434
177736
210673
142876
227048
139201
136277
167152
204225
171136
155242
217750
180052
144059
168142
130118
190002
157576
137573
134591
134622
155567
140696
130085
226304
188772
235146
192914
137485
270830
182949
217580
227622
241872
226486
216101
156718
168317
169518
194363
169815
179507
196786
168712
146414
189147
141998
167351
137311
153331
192067
163865
172627
146737
145875
145525
135679
218831
168824
139608
167021
194220
180099
186023
196485
179080
194859
215264
228205
164167
170665
165089
149702
184119
262734
160561
266463
174406
158452
179387
168788
153623
153580
195979
149469
208216
210953
186453
192476
179106
172574
182130
153521
172310
146597
185286
176169
192781
180812
156247
151265
131992
161514
174385
164382
157669
158414
165623
189152
191339
179878
181613
204592
166542
200654
177907
186707
186101
236688
131149
201526
195352
214418
132835
191704
211915
213983
155597
143429
137388
146094
165069
192225
166810
244261
157498
189635
265561
170923
159346
140562
157619
148311
147247
164836
249147
187672
223069
143056
213336
127269
191822
177654
176318
235903
243158
234862
180664
246151
201520
168213
179008
208372
157751
264078
257838
197117
212958
178857
164544
158295
223614
142869
165794
241301
180349
160970
164305
161353
134739
153423
146642
155659
174859
180877
152753
144154
162143
142434
203518
196342
179179
195582
191885
187052
203030
153525
172364
184499
320139
151791
209665
338827
134359
147518
309582
224793
169032
161680
45779190
41591649
37462517
33333671
29179989
25021639
20899962
16745053
12676589
8518521
4326644
192592
176042
203064
212317
197209
276424
220165
142514
181729
143539
199365
183621
226517
263168
213528
204037
190248
207261
178529
185016
151818
223086
262600
174780
198683
189318
219683
190126
157783
182085
206906
190530
180928
166442
202747
192296
143483
147540
186671
174945
225476
251546
173162
170069
184583
188772
186607
219968
182237
166486
130180
143110
187584
175104
179068
186143
192017
204998
162076
181772
126435
167402
180485
147517
206784
230575
154918
146000
210245
140533
281184
195059
210242
191396
184337
180527
220618
198786
178018
197985
184429
150142
167938
166280
211671
168509
207916
185943
200642
235496
209126
184624
194802
217813
194627
147831
128176
171986
243908
180805
246794
148669
132608
219140
285304
152905
161130
146531
189484
220786
195721
220112
160938
141107
149350
182169
163963
210063
194979
186706
144507
166152
190007
185963
172421
197963
190041
136917
158910
146000
168641
154341
170410
200004
188886
159321
152652
179677
176206
160918
267911
168066
178565
138326
139793
161648
177711
162882
199383
208200
170897
174619
221851
194990
155723
188780
147069
145117
146896
219627
130727
152734
191311
150375
151422
167241
184027
177111
184949
176417
146399
196936
149886
174920
143452
170585
165304
150494
149271
161344
142708
157575
154638
173408
147633
137418
186557
246267
155651
160535
277519
194213
157472
253523
167733
183425
164727
166259
121313
187723
142056
154313
154708
152576
184358
184086
196196
189385
192406
218758
175600
211879
204107
186491
154171
168143
164563
156803
181299
150645
155670
208595
187232
227878
170537
137195
195294
251119
47132941
42966591
38843993
34689432
30499842
26349654
22251449
18047714
13951447
9899467
5724915
1635177
187914
146853
186418
196194
159004
145613
139908
147218
138929
212375
165573
206093
161142
174188
201202
134263
149927
179065
196465
217691
221051
186045
243605
220517
178588
178123
165519
182534
174839
155775
204150
174562
183957
171125
192987
166835
176474
196060
155390
125683
146867
161634
131912
195313
155950
162266
215327
192407
154794
185194
158311
175894
159359
184015
187268
214657
198606
191155
216204
147973
226000
139051
178666
123647
154420
170145
132246
226232
191797
176314
176506
191450
177994
198944
140877
155637
267056
172284
156715
143560
157677
146244
165786
161877
130283
249351
166042
195819
132276
160576
194184
281805
129039
137762
182826
236146
178375
169322
142560
202485
175971
188334
198966
217320
213026
137322
179728
231961
205685
192742
176839
200025
148802
168323
177436
433662
185061
169269
205293
186904
149003
134603
151059
204318
129805
150371
136808
165901
173062
160077
126979
153307
153186
131505
156492
150272
129200
169599
194863
142079
147889
170500
157664
147971
170429
112757
156456
150641
153290
180098
146338
118612
191685
178232
158903
133236
182308
148960
147459
167991
164953
140497
137913
146775
118543
149518
193160
147486
175429
141243
121349
142752
159769
189032
142422
169786
143668
182197
185723
165698
143072
195814
134243
112905
134606
169146
157344
162417
175548
139726
169788
162405
161637
125598
176874
193332
127183
156698
137670
168161
186193
146305
139584
163665
216192
165897
199733
148403
149787
187726
239219
170379
160783
139143
160492
170501
144950
151756
150905
150316
132433
176014
137513
296188
199176
152264
146319
148260
45327091
41159972
37035514
32879934
28710179
24593844
20466905
16301798
12156353
8017948
3863425
170508
179383
162247
169959
145572
191623
179498
143173
139328
119862
194931
143072
180808
176510
136275
174349
134104
136297
185296
168859
145693
159705
137310
147654
150690
131771
156477
178714
168210
140486
147637
151888
128714
134516
148801
152048
139719
162643
157647
187718
199928
129612
138990
129997
154163
143506
121377
145828
140579
169223
147119
151634
123055
183362
146697
142371
187389
166081
147579
142072
132636
273272
175127
137459
149564
131572
134006
136435
124482
189219
158988
138837
158221
119470
122443
179693
124020
118742
151521
144622
132986
141290
132513
133930
140859
160962
148363
141502
237631
152273
153334
166016
155724
125052
170244
123684
180506
114229
124524
167147
126803
268302
185982
148659
169309
134204
131536
156933
165636
139881
134211
157811
140531
136177
113835
140374
115874
173008
136968
250992
124712
122640
143680
143500
121937
130485
122997
148244
170730
171977
161381
144643
126678
131112
132138
126221
133422
136591
117192
169744
129806
179607
124555
120260
140022
138280
123201
137155
140463
134317
137748
165421
128259
127731
138727
134666
165442
140701
168815
126452
130913
143755
143661
130931
150346
186089
165425
162366
219994
155790
187860
133223
172320
210733
164948
151687
124756
185963
176706
185771
145563
135850
170022
138795
179046
157918
170491
163360
181306
145629
151290
204726
160239
199710
127117
164191
114476
149998
159947
170614
131699
159746
140248
127616
165512
130022
177321
155141
153140
120707
226371
193767
194062
196399
172201
229540
258192
179919
153654
286732
260527
162097
141503
159538
185153
170787
124733
154261
47647399
43475629
39338692
35217332
31050202
26914606
22790846
18620912
14485372
10321240
6151085
2026330
185412
174936
177783
166215
159614
212799
202121
178537
153523
173112
213248
202699
131044
204922
182106
189098
252591
161545
195580
206530
213822
151617
160948
141804
130326
149664
145035
168110
151887
176975
173077
152849
176910
177450
215334
198974
189637
182680
163453
215593
163772
179845
138328
258878
180441
178685
148276
157031
121266
155962
151804
184238
232351
255216
219023
207968
169354
161928
171048
166860
136232
159012
159753
147142
145265
160867
128316
197601
201870
137413
177718
150385
176895
145796
163631
140447
171321
212409
123796
126779
177053
149771
158777
146531
139407
150570
177020
147929
143610
132912
173416
134655
145806
186671
154604
140701
186217
203761
138700
162290
158075
160725
149923
151491
148187
139479
172582
223262
151331
178071
155460
204368
135716
155500
157443
146338
213072
175971
184179
191076
189683
139286
144873
187245
158670
154811
199988
171101
143610
131405
152832
206473
120166
145812
164820
134169
168454
151119
179316
156710
172737
126182
133481
158711
137390
157739
150031
178280
190699
147526
145214
153075
187635
195670
158616
148117
183983
139142
165274
172688
201972
142767
175048
195409
203603
149036
202724
160849
163355
138613
189935
201022
210778
141460
192353
216284
139992
130241
163824
204561
126498
187311
142131
125378
141295
110946
192345
185117
135471
136802
151448
154372
163801
138791
186801
155967
168477
160311
186455
181427
151811
147253
205210
191731
154097
196095
133409
248594
145018
174586
186265
184107
198744
183644
180027
211082
176684
146566
125353
130573
145345
312315
132772
154946
168097
168147
254351
141148
45276172
41106752
36977390
32851506
28676202
24544328
20410339
16277379
12132687
8014784
3842589
150519
224266
137853
153002
140876
153604
147827
140257
163468
146276
146121
150132
164916
172510
176918
150615
171322
156643
158434
193175
136395
159458
185792
164273
125941
167917
137144
152025
175925
152997
160866
140022
175556
154262
139050
151691
158455
122689
201442
182103
147290
239142
166572
162192
143988
166867
160567
140982
158811
142389
153934
183754
171513
126364
163064
209764
141544
137339
151223
154960
137079
146058
169223
127818
120356
174661
125788
177544
146914
191177
145941
115568
151382
122817
153902
139215
140590
145340
160136
113388
116607
138798
145483
194090
188591
140808
138036
142122
148983
156532
113754
119803
151722
116921
131955
150931
132607
144265
132022
130382
125416
136832
140129
139507
247328
198247
184939
146175
148759
150892
150263
153860
185021
146651
265938
143747
180564
157764
193888
202559
152048
149040
136285
177229
150207
151170
177534
146601
142645
182575
178149
169755
174897
147122
170522
140365
163546
148014
142731
141934
268206
184546
139643
151469
182663
133493
274996
138885
201182
158942
166680
142635
124016
167891
199926
168576
158924
148841
136300
264399
189945
201709
182510
161703
223828
150619
196891
148639
120488
145033
144282
120670
126190
181532
141144
135143
125841
191025
159339
160615
151567
150691
216347
183555
134513
139274
180391
165882
170392
204481
141026
127640
172270
171796
189570
144756
167787
219467
192970
191363
138140
177833
144242
186780
227663
174214
173861
179302
172872
161562
155276
146802
167306
159626
176017
139443
160803
143594
191412
256059
215624
148145
161771
157958
167101
153733
121616
163901
47225520
43055857
38935795
34808126
30643689
26507622
22387919
18222410
14107847
9971560
5803961
1676627
181199
161182
170276
156884
217367
140756
153488
222516
165346
137861
138814
161004
129617
164223
243656
169032
123430
192941
148687
195120
201062
158761
134807
168179
183018
160579
189202
146677
167536
161385
187867
163423
126699
133557
202475
142629
137485
125612
216059
198670
183484
152627
230616
152820
147072
162736
154980
169441
132163
198107
161640
184358
188403
136112
175801
145633
134570
135774
166678
154435
150639
144248
178588
146855
169070
152960
191165
186514
191653
120954
131523
132396
228932
146097
146643
158823
155314
191366
168023
163710
172986
179027
174673
150159
202238
175494
142637
162316
152057
147591
195863
146526
162355
193106
145493
135160
152251
160016
186622
170369
132320
179205
148128
145745
149892
192182
194054
157522
136870
127986
167376
140192
173080
141339
141597
177045
145209
193263
170894
141269
147965
169748
191974
138039
177722
126102
204293
153359
174022
195175
179801
131200
181234
119368
157408
126986
151790
137941
138964
161479
153312
150636
145950
189589
140798
160514
182425
130359
146555
154058
149434
120661
151219
150912
133405
184689
165187
188413
147533
141584
190386
128052
158619
140205
188800
193627
144507
142302
144677
149697
158621
152244
123150
126837
148187
158053
128659
102799
127255
172227
170034
148803
132802
161710
151416
135283
143752
171181
157908
130816
162443
140252
129732
141906
129431
136362
126336
122676
140072
167762
128152
135619
139450
123537
152114
125807
195361
146239
132035
150473
138912
140843
118849
163367
172471
144660
151102
138464
166392
182706
190905
125235
131221
138488
143311
154320
123616
150464
45230361
41064833
36950872
32819702
28658274
24548398
20426898
16245894
12113645
7986539
3819241
230642
197192
178356
219368
255172
159468
153336
155532
178094
156364
122957
129464
147470
129590
167795
152750
142305
128247
127457
131899
143933
171931
145727
165052
168519
185006
174389
153454
147369
138414
144422
134634
228078
178145
175691
186187
160674
155916
168181
156873
152034
140963
188333
140923
156860
157247
199235
150087
180899
146386
169704
159722
152807
197275
141697
142161
181692
234997
157389
182560
140804
138878
161289
164298
133749
162180
246802
203145
114581
123934
128910
105592
195804
121622
164397
165594
177479
201990
198071
187346
176266
190177
143327
143040
125617
164594
181919
152823
122658
131044
142208
168306
135905
150962
221910
180337
162401
156077
142411
132606
160862
222324
133695
252547
188734
202180
145292
170316
270064
153517
176073
184095
154792
200241
167697
139909
143569
173322
213972
139064
213773
152816
146900
196300
153785
121069
209958
186329
220166
208668
190392
204564
285042
226302
162689
164309
192508
315509
143838
146903
141333
188901
211358
191567
152974
185425
190554
171388
151067
169922
141697
234596
182474
170343
162389
185177
241299
174959
185303
153708
180564
179527
128002
195015
130983
128713
185344
121588
270169
149964
124708
237989
111917
154945
160470
147663
156573
158149
131027
172910
195858
203045
146036
172470
152078
135801
123531
131523
144957
164746
137424
125349
155841
291127
238158
137772
132581
166289
174513
146291
170393
145274
149855
143249
161815
145110
121991
228174
204831
152152
154316
139983
178457
144452
138896
140654
148508
130030
154559
210730
176731
162135
124414
145277
155263
136012
216778
171818
47167554
43001160
38877554
34728981
30532287
26591794
22637240
18515743
14463531
10283670
6201431
2174168
151623
156459
206279
169304
172448
159847
139935
153284
174630
198594
160340
161978
154132
147657
204663
159818
195481
179856
159060
159778
152996
220373
141676
164708
161893
170467
165687
144804
150822
153715
163468
180790
142485
181919
212153
162370
158111
129296
165060
188858
147545
181880
131615
151660
144570
141798
164015
140965
208074
167563
140444
189070
145869
155824
777427
153115
128009
149196
165174
141410
183151
136778
215219
267474
140908
189264
139677
131827
136543
130357
175724
134445
164976
130736
188576
117690
121536
130404
140380
143009
137289
158026
136242
163954
129554
125921
127696
136308
129655
132156
120498
130049
145939
147329
154000
159297
129694
160907
152145
108369
138539
156844
164338
226063
186079
160624
121746
148780
222950
177986
147821
117741
146697
134377
197909
176008
155746
135763
135544
131435
173996
148713
138179
166989
148923
128450
126395
142590
219655
136086
131569
147015
145201
158282
162240
159758
115906
120094
171876
132807
142155
191834
142101
133629
145854
144757
132278
153653
127109
133196
115702
146449
142314
175105
159192
147806
147921
220904
149710
163940
154551
256767
185830
163938
146828
160453
150136
148065
166686
142367
153880
131707
145352
160272
141583
179623
145556
176356
142876
162177
135881
160859
123187
163657
185083
156104
212461
159392
133031
192013
189328
153872
171349
166374
284658
218889
164281
148437
150775
168797
142957
149666
163177
153296
159782
114230
151529
151545
146755
182129
161773
161994
192573
242076
150723
141469
164670
142278
175245
123922
130597
141752
176411
156270
194690
133881
166814
173808
45121916
40943926
36799055
32628283
28453131
24298263
20171153
15981783
11835015
7735175
3537349
198142
188616
151866
164230
195261
142099
145707
152678
161955
145042
140872
150632
186455
161181
141637
145257
133404
142380
147682
141840
134535
149264
189696
166490
143416
168965
190366
170069
158690
136750
164384
146203
143969
148758
117650
144563
194457
216487
131580
120790
170827
121563
143837
175476
169495
117435
129508
145109
147173
141698
132721
138185
161014
155115
121090
130269
127637
140843
146461
132664
133711
151192
147480
132785
152904
145212
174277
209402
149556
154991
138614
159419
172917
191396
155302
136627
159086
137875
134323
131176
171806
148163
158088
153918
150250
144482
145822
154713
160117
163913
155203
154263
160006
143829
158054
150936
126030
171947
128472
179069
142505
138274
162308
129256
151637
141012
142495
186409
157430
199227
149489
157931
191517
139841
134434
166693
213137
147563
156126
153823
142090
141499
159902
127247
129683
194299
143460
179770
131061
128466
192752
133946
169846
162772
138007
161540
144624
155641
139752
134858
147282
169774
173445
165521
160391
159261
150758
188002
187624
176340
158825
153780
158258
160026
146209
129569
142093
165806
177653
137129
126288
158088
140736
130650
126577
132332
169949
139165
192128
143950
151612
150327
125394
110746
154676
129593
220659
155450
183969
134968
138991
162232
159383
143443
145616
148798
144176
134644
143033
158992
193027
152148
184485
184587
151464
132133
182293
155580
131376
138538
129165
177296
166207
134231
128478
146687
145469
139710
123195
141256
127571
151536
143231
208908
161469
146280
160071
165484
156080
202538
166232
190660
174361
181544
180530
144667
145725
179030
46758086
42564773
38412603
34265609
30068774
25902600
21826053
17630257
13500263
9418177
5286891
1126492
152442
179966
139081
161283
167559
153173
167325
136532
158553
189652
158531
138229
175547
169784
164847
190695
195881
215797
153864
205948
149382
163840
189714
194829
134836
179871
163551
155502
199593
172915
163005
132643
251768
154538
178837
149616
165717
193149
179669
157593
153495
165375
216376
171592
152201
179880
157200
143937
199594
262432
152698
160869
170302
132334
248762
289417
174806
165844
179483
145283
209769
162104
165437
161607
169475
169081
166308
168449
204684
135912
129680
166919
229917
164904
217585
176381
151231
141467
152129
156226
156606
170972
175982
171383
160163
166998
153539
153701
153099
209367
155222
191843
144272
193612
197608
166597
162831
168618
162927
172183
157121
177484
175539
311765
178095
163321
130979
132544
199243
158502
169966
153628
134490
123761
187806
194629
147350
119784
138773
154193
128236
149615
173141
176756
200386
193634
199105
135489
125674
138593
193591
172323
157267
150273
195741
169843
144696
178096
194629
161268
148490
142879
154806
148783
159759
203951
156838
174702
279655
140701
182969
147723
178768
152043
314810
173648
171952
158578
187045
154350
177624
184099
198372
1029498
144792
148683
158269
171380
159150
140460
151069
133585
188807
154430
159797
164649
140337
126378
198608
208841
153391
152657
134874
185358
260712
149117
183291
130158
164381
162805
156746
144455
152522
150859
146863
181491
167458
159762
158746
198868
181168
132129
185522
154546
146466
160615
197836
165665
157971
151859
159463
164362
209207
194163
180760
144173
137292
219222
294048
152910
156812
167723
267130
221623
196892
170651
126096
47843380
43680125
39557023
35433903
31261467
27104978
22935892
18759448
14612512
10472496
6296289
2161871
190145
150677
189447
182797
176930
168458
184116
214023
149749
146069
146012
176261
191824
164439
140437
184252
183015
149981
178264
164633
158332
171905
162351
154653
142886
173313
156225
181609
137324
189435
205663
120685
159231
173859
143002
162030
145260
148555
137339
174697
149455
160666
131666
206435
156215
129827
125980
127912
149787
219176
248044
137350
190085
124747
148136
145721
132081
154562
195155
135414
139021
164885
145821
143716
128997
181926
131875
155665
200835
183140
140318
165688
176655
186451
147257
186408
138799
178414
139302
118002
142062
256477
165700
155917
196228
228978
207911
141880
134871
151934
136017
142596
162934
127119
178643
182926
136844
203345
180876
184296
215057
149045
188851
165870
134203
137254
131778
174072
194464
261843
170298
152741
221694
145333
137662
147214
161682
166518
156879
160797
152456
196820
147609
153806
170747
179432
134604
162744
180738
230600
156115
150409
199688
157574
168482
163577
218610
140506
201231
175535
120109
180572
119258
135445
138201
137703
120045
155816
124577
137205
148333
134197
119582
158751
156907
136200
178142
125757
136624
135119
155997
122641
130457
126384
150423
156065
140552
118130
161779
182570
126412
140601
145379
160107
125774
134422
178579
146422
147031
173542
117581
172011
123832
139140
122563
121870
129239
134695
175501
167543
138894
137600
231389
144733
135616
115779
176019
143049
206332
164807
141639
133366
123866
124819
134525
197482
150898
137395
122976
196266
150488
143945
144430
155851
153243
225810
160269
164259
165813
162289
156887
140207
127836
189090
173378
233673
187727
203447
45482711
41320324
37194725
33060387
28874804
24787149
20634501
16499981
12356266
8222370
4046144
140640
169953
160070
198999
174194
191504
170132
138303
145729
132735
125960
148125
208448
149320
153811
141458
143806
130062
175312
121030
128811
160822
121930
153387
265154
148106
119931
148987
131086
175795
122094
174584
146762
130982
124105
123799
129374
150243
141250
167774
163933
142014
166292
128431
122664
162662
176214
136905
134194
132288
162551
153827
155330
131373
115755
128307
171645
139040
144683
127838
136585
136386
149843
147440
157548
154206
184506
147353
137881
169662
153279
151700
131809
168597
147496
146474
160397
153293
152763
162715
145589
157631
126362
149879
138370
141091
141089
139924
144883
146967
161354
176020
180160
136881
194139
154781
146011
165390
136343
163573
183460
132461
168294
129366
165527
175096
147457
170974
141786
168753
138093
174880
190477
122253
155562
160177
156977
145944
142206
184686
149277
180786
128488
204634
145705
199204
144478
149419
185661
128692
157850
155161
169416
172649
173936
181319
150857
139509
126878
141569
143589
121058
150861
165237
174615
123521
172678
125042
105954
161533
150793
131068
133239
126623
161218
130407
120806
155428
134456
200087
132776
166577
129416
139831
174920
138001
154049
144484
177941
181083
174699
138592
135430
147676
152627
166871
182160
136228
138491
118046
181150
169191
119039
131833
174342
127580
121210
148451
145578
155229
152723
147401
140673
125895
156561
154123
161867
129904
134858
132358
148758
146605
155294
165526
138788
159357
144771
144045
132891
164116
157794
136797
166178
132025
165799
142179
144662
144046
120441
120977
146988
148768
164608
284637
120486
137598
133113
143314
47722826
43556730
39438844
35318970
31145449
27035704
22900010
18733788
14593039
10449100
6283613
2150768
227973
183738
175522
175504
202217
132117
144939
146909
138243
133470
143656
144324
137147
133158
202823
167933
157765
135495
129978
146638
123980
169940
136197
140728
133982
186754
123789
145186
138259
166324
136106
169684
150528
142824
154152
160376
199441
147304
152714
142846
213611
189741
163962
184537
160197
199429
160582
215287
158553
146318
133213
161114
152195
199084
179961
148423
172626
192570
222300
144122
147546
208161
135835
198143
217352
195365
199605
166669
206650
240325
181112
173187
136330
172196
191106
187714
174687
168402
162988
166624
177123
157541
147169
194984
174246
173930
142062
179549
158271
164059
145587
161311
532866
175090
176062
127067
146921
145675
192774
137094
154849
125813
164138
138525
116714
143127
142113
150240
103770
143015
166869
120858
121789
138166
157276
149414
154093
138478
137517
175254
150724
174683
137828
168418
174677
181862
180807
183406
219889
219772
179279
127095
113202
159311
157266
202434
176231
153802
127723
191368
214822
160254
153178
187577
152132
166317
150547
152204
145010
177626
195231
217064
168697
149720
204139
148065
152006
184896
143304
144277
128148
123550
126571
193401
162905
118271
120885
135049
177907
139213
130771
135666
123764
160044
156567
151041
147370
142427
144116
149704
123197
132093
121200
165730
132635
130162
173749
122442
155605
144558
129635
131986
171097
150601
135276
155253
159586
146555
129225
152375
150088
127195
139413
149925
136223
127195
139617
143366
113365
119669
141680
128159
117887
140654
131897
151883
145953
138673
139488
151083
203425
150419
133285
196710
163656
159023
125273
168605
45539650
41366860
37253945
33126071
28961100
24820412
20695002
16526657
12393433
8249628
4120687
144622
197297
140461
152572
145157
147526
164014
132773
151176
120285
147924
138232
129024
151586
132001
134800
128705
127993
166501
164061
140632
124444
169319
164241
136912
164099
186049
150015
164832
141255
147027
133472
184739
151647
160309
157427
130792
161802
124404
168388
165094
140945
181111
141935
161872
205553
155038
130779
131704
129888
174004
149718
187784
152233
168112
170995
157106
140229
134749
138728
150711
131151
135026
146177
174428
122863
131190
115721
144487
147686
155621
124756
125652
116765
128328
144699
128885
146425
184096
199306
173958
159304
145188
152268
188436
170671
139025
137096
149995
165027
177227
183232
141697
127859
175602
156243
153411
158961
131196
119551
137426
156184
151451
125987
214371
172396
167108
161101
156410
150310
130039
130919
155917
175986
158136
144764
135113
148165
137567
118235
164986
146159
158209
173078
164807
158734
158715
197104
186331
122471
149813
149305
147697
151895
158192
163241
139168
171094
142312
150901
133884
150033
197004
181043
159113
160477
144829
145012
145664
140375
171939
149591
145183
177738
134491
145701
173348
206616
198820
195325
137343
145854
125525
281273
162544
155548
164457
151924
180601
202041
162456
155084
130096
153685
126206
125692
114708
144103
148322
151598
166294
119066
152254
133532
158290
120899
119781
145985
175949
150296
125284
143168
135696
180675
173807
141312
204312
143272
291997
125798
126464
135590
132784
138105
166335
127738
142171
129281
160029
138057
124809
145537
133023
174685
182217
186218
124879
144156
150872
161867
122183
161624
137650
122971
143564
149992
144994
114795
47061881
42894418
38768529
34666645
30483008
26337188
22194048
18026296
13880732
9739702
5573680
1435390
204510
185172
150403
221748
150853
156377
206736
169635
167795
133763
182428
139475
132555
180540
167418
189343
193098
165631
142526
171963
147423
156567
156588
167296
161039
171574
145653
135215
131634
180272
170761
173262
167915
150824
169972
163702
181836
151983
151460
192527
117896
170777
161957
188812
173849
164903
134431
122718
150279
116143
162865
170400
160042
163523
143714
146784
150275
187003
217214
134397
133718
128204
131534
154056
131104
133037
134380
142024
149882
146353
152478
149315
121950
231342
121328
122215
154789
134518
136851
134982
137054
139654
147196
161233
149654
173025
131010
126188
196055
144443
126763
117690
198607
132145
117797
113996
128179
122573
160685
138782
178203
182708
188745
118462
128543
159890
159783
134260
131335
126642
178410
156268
111716
139014
142251
127036
135829
166653
130233
143737
152037
173937
124215
124094
188264
133210
154425
159344
165733
144140
124112
154655
145822
203643
130144
200239
140862
150705
147127
139865
145747
173027
129148
161527
136198
163753
167442
149757
131180
150634
185218
130224
194476
150550
164756
173957
263485
211913
164859
147006
184203
123820
158870
257590
167427
154193
116289
166627
153909
159600
281559
275521
150402
164994
315178
184103
248344
215287
203921
228778
176800
177197
177111
143480
150531
209261
173874
114933
196436
132065
146540
164222
191123
187392
131399
175490
139508
208721
149455
189726
190882
158868
201547
138792
144492
164902
149210
212073
179550
144823
159443
136387
152537
169851
140522
150180
151016
145233
141457
134436
150057
161900
153305
179816
140041
146699
187260
193917
45233999
41063671
36968258
32896950
28725765
24605284
20468585
16267220
12105465
7956558
3763959
151766
169715
161324
169387
280635
213853
186600
150280
148312
204083
201022
164268
134983
153402
244846
142565
167640
763275
134075
203106
196832
257407
144693
144645
159605
172255
145938
273028
210120
137913
167044
172982
179113
187060
160313
209935
192122
165448
152869
172842
138964
203329
142150
212168
185288
189678
173694
144916
174408
217417
157352
137147
216327
211088
133409
190191
155724
142635
193684
153169
168437
200692
153269
156337
185210
174477
192095
162384
161337
122089
145944
205196
188450
156769
297874
160584
156867
177859
159175
180393
142012
202044
165366
159298
186544
142204
169798
149527
153191
150267
151475
160962
191612
170541
151851
150459
168103
178629
190844
164478
165883
219177
169398
164373
164099
150066
168836
140665
162985
209841
184272
206255
199181
152264
187016
249308
139932
140597
239130
171067
170954
190670
130830
151049
117006
217193
209441
154676
149459
135653
207885
207789
228594
217589
166907
156256
137413
161473
177908
151943
163227
131915
153061
142669
139484
152263
139944
138254
151173
125743
145419
142848
184047
142198
147628
130900
207589
181701
157013
145939
193118
136702
129376
145688
127813
162627
161825
178362
156226
120793
145983
154593
146337
131031
156369
163113
130301
145718
290098
148545
159432
168583
212270
187061
133589
160816
167104
175325
175481
182838
151294
170613
207214
202874
215645
146501
173199
134092
171133
140519
142237
195758
128973
167946
159869
266950
157821
195450
194648
149856
149080
151542
205174
227290
312111
180974
206867
146611
186010
172558
238767
169654
144580
196606
148627
213233
141783
176492
46712768
42538914
38414047
34293750
30156834
26052181
22035859
17857185
13773023
9657650
5458537
1343027
167707
225958
168689
171010
191449
153087
164736
178725
199138
225534
177684
189111
187911
224055
183346
209058
155390
169434
231849
159203
154059
146611
225150
198374
166626
209586
203302
137576
196272
145297
169831
148148
192766
162527
143863
194866
224713
150428
149093
200429
233747
223484
170022
153869
149108
194651
149564
156703
165708
148906
158546
170911
172062
169094
149079
123071
134834
214171
157616
145788
198814
185858
170963
157316
159437
168292
151375
169446
174048
171672
212943
250566
154384
159199
166440
191619
215871
143281
162593
169880
162622
153950
181069
166706
150409
194126
185223
184444
186901
237817
186401
215081
172047
154753
163557
159434
200995
159642
227263
180833
155300
183505
161543
190613
130278
163187
140102
189262
153546
201752
154485
263202
203289
124129
349788
154839
160653
144998
157620
120011
184458
139300
178612
145419
154719
154356
198165
155592
156624
149634
158219
147700
174018
229104
212978
172594
204110
155262
163246
173625
180425
185546
171436
171091
146043
149258
157065
201271
173880
179150
158103
163516
156240
179419
167445
205962
191285
206313
186098
200215
214349
159084
178746
224113
169302
256828
163083
159444
147494
133976
153703
146452
189776
143352
192544
173504
217532
182283
159355
169172
174370
245228
169896
152063
226778
246839
167141
150576
150573
210565
166690
200031
190201
149679
206417
197977
177132
170983
162458
167030
148989
174508
152990
176100
144605
191004
157927
154286
154064
166555
172764
130871
152132
178199
220369
138850
185952
190401
196330
159543
162517
164117
160112
186704
161331
206244
149732
48449737
44286273
40137242
35991614
31805658
27678158
23537713
19341014
15186487
11063376
6892730
2778135
201760
171022
155020
166277
197858
166203
263131
205773
208690
165458
191278
141609
126337
152236
142346
192202
166339
133699
233386
239367
184749
148163
175806
173369
162216
186220
135469
189170
150368
240327
192084
159763
168333
167318
159961
129942
149274
176943
133270
107276
171010
145751
120089
159091
161349
125606
195995
124610
146884
218512
172293
167940
135704
188181
141306
139388
191236
150863
211898
183811
115492
180690
145936
159683
133776
163784
164006
154106
176106
153797
153725
163172
180333
215542
148609
157881
155833
182588
142714
164870
179216
159385
150973
155245
132341
187138
199573
156656
117884
190103
194242
163211
174537
153974
165450
423607
136991
232495
188069
182554
136665
173497
176693
176713
143376
133684
149145
170804
147609
132878
136218
120966
173276
175155
169641
194686
126260
145747
127417
184873
212774
159909
134591
169185
131091
187493
219881
139805
145318
137602
123104
152143
146376
159880
144164
130598
182464
120783
138649
142578
142403
166064
207187
156711
159388
175300
175781
153427
171670
171863
177772
167969
205165
174301
183987
151656
135630
173176
175774
167377
168834
154887
161389
158096
175045
176347
184211
146295
232171
158024
149053
153967
176557
159082
190893
203310
145637
123154
154825
147809
143531
140225
150307
511234
141185
167590
203061
171715
174996
124668
155570
140717
125547
144622
143194
168964
126087
132075
135306
176996
157963
121686
127793
134252
141174
127367
121787
135090
179881
134829
128386
126503
150741
129161
152606
141234
123525
125651
142510
233086
137619
185936
119484
288140
152203
137934
137747
149906
46062642
41894618
37770930
33663525
29497693
25372383
21249126
17077959
12949979
8818032
4653478
529983
161363
136304
134183
143277
177485
185229
137760
135288
179518
141350
150954
143081
149224
176779
153010
189227
136893
181532
137061
176522
212397
132199
151396
161688
169578
152817
161996
186534
155272
131822
142983
186726
157570
174664
148411
165921
161908
189009
233994
160611
222296
147087
147262
151151
165635
183211
160712
183297
152039
135918
160617
174746
160425
157384
205842
208826
144246
149141
176881
168416
154433
167736
176787
182899
154893
162795
153050
149697
132999
165189
176381
167260
203412
146812
155938
157883
156386
130984
154259
159969
163691
203267
166409
138372
187073
153515
161349
151916
148176
172598
148947
152157
139570
161789
132611
153873
294908
167815
140296
182957
183627
198368
132351
346158
116688
151162
183579
129606
152407
125283
159527
148579
142468
135106
168621
164201
130538
257008
150955
151965
142531
147170
149058
154252
184330
146670
186197
191554
169439
204551
282977
145668
128515
186298
136520
153565
157189
136351
117761
158537
169463
143586
164295
156257
127608
175877
146669
133757
174493
146214
145339
142888
135780
156200
141267
168199
141510
137656
139171
139717
214351
148472
148912
135930
157728
136944
155621
154311
142177
134963
148555
187815
131158
134700
141277
131241
144734
190642
187137
115245
140791
147142
134590
141642
135237
231950
155592
148556
136410
136270
129725
132010
171804
177953
158379
186388
145356
185318
138328
166195
156177
162655
142082
188373
150833
152092
143139
155090
174072
162647
176329
200464
148650
179199
173927
167591
131032
194363
185283
139602
143889
154016
147392
185967
139360
141289
171305
48202069
43993700
39851366
35726100
31553453
27433097
23291636
19117628
14984630
10866987
6715717
2601794
184882
169000
136886
275029
150671
179537
197462
148449
140752
218239
159659
163291
139653
127639
199058
166030
156428
198043
144421
129090
147561
175167
170985
182188
161980
142277
154903
196352
137387
168416
169881
194529
182286
189319
161889
142789
147905
153458
198987
127384
143444
189033
146906
133426
144935
148174
198297
238487
169820
186659
144544
176070
160291
182695
140949
154759
144055
149663
242155
176125
150972
134910
183764
158288
163932
180766
149124
202278
192908
137951
146406
144810
156691
150887
145294
176611
125380
168481
183222
142588
195046
172643
149802
249919
156378
205191
212825
156388
172175
182433
178095
166016
173081
231193
140868
154160
185559
151334
175767
173321
184999
136347
186397
185034
195539
143553
153998
177948
191110
153982
135930
273650
168310
161962
190588
167309
164091
149568
157866
146411
156820
166859
151010
149230
148089
169532
169839
157678
156253
198196
153250
156444
170414
202271
295270
129071
172895
158969
179967
201272
218250
170296
172555
223559
219205
244483
170133
199078
193655
179859
231559
134553
165558
214124
189095
135146
181316
206590
122216
158879
140183
186082
142941
177490
152925
158769
153787
158143
139136
143633
154224
133777
161621
170087
148423
149012
135492
173101
158755
160919
185804
145206
154792
140874
189137
164237
226245
213336
139086
126268
208307
174026
260290
264105
194192
167798
153826
209020
160023
152369
126918
184825
173166
144037
174867
175498
192560
131319
191748
196664
186600
159710
190813
166985
143003
137155
161770
141631
134075
188773
174382
135324
152804
248194
201869
193898
327524
142689
45775565
41607462
37484585
33395318
29222346
25080668
20959830
16794439
12646412
8475792
4267163
275753
146205
158798
143251
134056
173236
146032
148049
147771
172052
144679
146246
129725
141124
129112
160186
147443
219298
148218
178668
139112
155666
152616
141478
149012
143737
151283
145229
146542
141543
176459
135641
153336
145340
192279
144068
221732
230898
157862
168173
127106
122572
147082
128918
153526
123698
141295
136081
134189
135443
135508
144568
127802
147029
141788
130322
138803
141556
136508
141383
147014
141544
141073
137272
163416
166368
139774
162759
126431
177380
275933
162116
186473
127507
159950
171278
176779
172893
163255
135026
141394
163496
152150
155993
175655
159909
143085
148191
156509
130269
182340
147375
154328
134814
170962
152466
137282
205080
181895
157178
166739
205052
187369
146277
242770
161921
224496
152423
157100
155832
135818
138788
178691
182088
187187
182042
150351
172358
300236
166196
163587
222409
141728
181338
163872
215862
233034
166338
169790
142488
133077
157471
158746
149296
150066
164314
131519
158556
160419
124977
169571
163104
148116
142124
160481
142673
138637
129220
143763
135223
146220
147339
145870
166972
185266
160831
139958
138620
143515
141584
163788
168946
133141
165160
193711
141647
229677
141243
146437
156338
156605
136723
135865
148151
176159
145136
157283
143364
169664
166447
133285
142057
195657
156569
177083
203359
192068
159828
186776
171648
164841
167014
158457
127271
177593
194618
181297
203544
129733
168957
132014
140369
182573
140919
196396
176284
169950
128364
176272
149063
160183
158390
198585
137732
167244
158996
187103
143904
160181
168960
118588
140969
136297
159169
153667
149573
165174
158997
47605900
43430456
39303785
35160250
30983227
26853097
22733991
18558969
14398406
10233125
6035480
1897442
169043
158242
200121
164160
181557
150547
160898
142650
177273
135616
131312
190767
141754
144417
153962
178329
202225
158304
153446
163831
126020
174220
187487
181837
174915
126503
304697
193954
207091
190825
157811
151334
232496
163846
192103
151659
133210
185506
132304
170681
162444
193685
171815
171786
137997
204005
127616
141684
175514
159200
236960
201549
170550
136281
135810
140755
153403
196158
192475
195365
188650
154320
206527
158435
186633
176800
157022
150377
171481
196488
179029
165070
219208
163061
226055
159036
165896
236832
176069
217456
155738
193501
150261
137363
128162
223755
185534
166893
157208
167891
243496
156054
147716
158783
161742
182451
172873
166269
208066
221864
237172
179765
198997
378318
183999
175803
142762
185025
205330
165671
209265
155775
225954
157084
229854
184218
174156
198985
166301
232447
134114
128817
162108
144354
145542
155926
154832
148584
144129
150348
184124
202003
153236
181408
331292
190506
168838
156176
121601
269136
179192
207586
172405
179054
207181
180476
234672
175002
185553
150849
152605
208113
195015
174129
186553
179852
173571
130698
165521
171804
207496
144723
175597
162985
210541
202680
186913
183084
141445
203487
177099
159478
156411
201438
177635
172345
266173
188753
145058
170607
165909
174727
211290
184957
124242
152298
186623
162342
169039
200467
150619
160589
136193
155653
191934
166916
164665
166265
193494
202636
176372
181808
204168
182706
186049
182961
159158
187144
180020
161028
160820
210668
191306
230032
207843
190202
154568
187051
229848
178668
163442
212792
242136
218452
185003
139556
138329
252311
45350841
41225340
37132643
32988511
28795200
24642936
20525890
16327641
12180253
8035140
3854647
174026
196121
191164
186163
146196
181875
147217
159987
168331
129233
156835
160543
173812
196658
160300
207314
183773
137099
159051
173102
166363
141573
125783
147288
185242
130095
152031
196404
166592
147196
130399
136897
148657
124421
142650
227125
152583
139658
190489
149813
228011
153497
279358
191604
167397
156295
154077
173658
157265
165281
121317
164715
176831
203242
165723
157118
135493
121662
182911
199280
156971
166615
197051
156470
149290
127011
212432
173921
205659
172463
139646
162816
160952
159526
158158
190054
145089
173122
153619
282410
136756
141103
235614
152476
215779
145444
134769
182661
146643
223034
213889
157260
129552
174673
172294
156351
195371
158346
167668
164371
157613
148438
164072
204791
160269
177489
143353
192347
168026
205016
330763
138034
267763
