2631436
994151
354635
361748
299708
331709
266339
299433
314302
244659
265539
257800
259438
291421
289670
202548
215511
216203
218544
257354
215882
222810
141211
133296
185074
148996
129342
175329
173794
142494
161709
147945
185077
158404
158085
209883
153151
202204
411106
193272
178760
185332
174701
163184
159672
163006
205921
143762
141773
204281
203065
177652
253516
140186
145769
152542
159809
207178
184894
149378
142155
180846
162632
146255
161644
167431
192126
200669
152651
185582
168538
255600
208698
202990
150005
138194
162108
182471
189424
146599
160924
183130
168401
192084
192219
208396
158288
168355
275927
221275
190627
146273
188071
226984
156507
241919
178347
131284
181124
190988
151149
145456
156397
153434
154949
193722
178497
175251
226953
157058
185920
186144
195809
226076
135621
166117
199977
172833
149566
188758
177633
190774
218437
154302
186065
290564
187942
195879
188743
170087
319540
151572
200338
189462
191202
168119
200148
192418
300139
164203
165055
183682
141187
176868
169863
166295
176049
210742
191819
221745
168983
169883
233346
193641
187848
341753
163888
189241
198172
144895
159188
182186
169701
218351
170194
171897
169537
46607186
42399514
38234621
34105603
29937875
25816185
21670436
17499385
13375628
9293617
5162030
1039951
185409
148944
186468
167505
194057
497513
179233
180610
202887
153538
172224
159208
166790
209481
186158
160283
171402
227762
170009
164451
200625
202648
196696
164505
150050
202364
155964
167013
206529
189620
283110
181654
311255
185759
175262
187918
214711
159529
235525
187342
151895
183501
199825
177129
159378
175710
189925
173449
174778
199486
164428
170951
165997
179182
217157
215785
210538
163261
210046
211133
204457
175336
160385
213870
181928
211833
179806
168454
226517
204722
172324
188025
307019
194457
189382
157721
169327
187323
180692
227220
180420
216313
156995
207403
326672
253391
226078
169296
167256
206812
229661
153289
210589
233862
178044
243480
173782
304070
185694
143665
238824
175319
189756
203029
171873
165085
232752
203941
160374
151610
153254
159751
151676
147338
191425
194738
175225
213256
150634
174287
156196
252941
152055
157643
186409
194221
154455
221405
200871
161342
147826
166731
173286
160629
161771
179653
162964
197382
208913
194537
152185
178072
180899
142660
150079
174008
198365
157492
144650
174369
161054
175532
173101
163281
207313
163354
208863
196574
228552
162084
183316
144118
173885
148743
203599
189241
203444
199274
200176
148257
165799
204793
201257
157559
246712
139708
177617
175957
138121
155021
199324
154103
156726
184955
219863
162744
157076
177988
188305
207182
190193
140042
211190
254056
145396
167757
147579
207667
178676
157321
200442
303103
292717
185349
210110
184837
180802
223658
166642
179865
235853
181411
196306
159468
188477
184548
160136
179686
187209
180833
212578
171543
171909
179340
187252
170524
161497
45311572
41160896
37047054
32919577
28727277
24586484
20443551
16226919
12160872
8019832
3845231
325026
178742
208538
161400
197342
166734
133911
230793
155035
201619
179390
202822
155236
232367
173668
164305
160834
191873
179783
174042
176252
173017
198369
178439
202417
196780
157975
154606
174294
218621
178778
175334
273712
176282
172035
148324
239474
142265
178194
167916
323044
165153
158454
196308
204181
144862
235145
195302
248076
188126
175224
165221
175742
204220
151425
198197
205535
204613
189638
179292
170308
185192
163510
193277
195954
190621
210986
178656
177724
162437
234482
244044
223266
146837
157252
148590
163766
238877
238096
193476
190914
165456
265356
172067
131256
187787
157714
233706
304555
167229
212364
227853
227551
207253
180379
215625
207105
199075
194333
224992
232679
199237
192798
186530
223193
190514
347835
184432
186584
161252
177156
148856
195096
143034
204462
159251
123486
196610
218879
165372
217643
164833
182983
237234
185132
179594
204576
204016
186657
139303
201889
164616
160328
186945
203289
196076
164580
197323
155077
165179
141460
152708
168636
168496
172571
235232
194154
164821
140853
167752
125774
193622
154305
181992
170950
175803
242619
205624
186641
230018
204622
189323
186579
189952
263982
180024
224937
165722
193278
170736
166053
167546
169469
172689
215777
141753
143955
250800
173024
225790
157960
376672
192761
176219
182562
184082
216391
236439
179808
171905
244971
140771
183566
171918
171832
185747
142827
142084
199322
161515
185158
146754
199084
158249
204172
145214
201392
152121
175922
402535
162052
213049
172970
159892
206156
251660
175965
135713
168072
208533
160334
161629
142797
156798
166487
152944
173830
47990902
43801898
39706226
35622257
31450724
27292278
23268448
19099601
15011342
10852203
6678949
2575934
208038
150696
183657
268349
145347
160656
153692
168240
200491
203321
153351
190024
151278
208074
173834
150662
165585
167374
144648
200535
251280
165923
167886
181751
160906
158385
161469
210909
172386
314406
173363
133004
171903
182432
186673
184440
183666
158296
203461
187801
215959
250460
163030
243881
160517
156953
166774
185732
199556
153251
192619
168161
178140
195819
198544
191103
157212
172176
173482
177805
201150
142815
163476
216814
224070
287211
197195
200017
183482
180309
269917
216079
166526
196188
193839
171141
196018
297186
183020
169648
150082
173464
202592
192507
174723
155790
206115
227855
200889
153606
178163
171860
292312
158104
202294
221472
137773
175600
188385
212318
158201
153038
210129
134944
154182
180182
189507
154326
181874
176107
136274
202831
164094
174450
198274
148263
163280
208492
171190
169893
142218
158377
179624
138208
172548
167919
200201
149625
161489
177295
185535
143284
183257
149887
186464
221869
150203
187413
170900
147189
139461
165652
147624
163008
169202
172656
163428
158613
181979
232991
186416
179120
226047
187428
143560
151077
199782
153064
219294
212216
162413
151684
168571
151422
187365
162307
191948
188965
271626
146478
167059
159651
196517
153204
201997
177624
150121
171441
176598
153730
268747
192424
159532
188126
196348
132623
192811
183478
175144
193844
146017
168786
209270
155169
272783
156361
211435
158700
171219
204389
179722
167004
162332
150817
201779
171737
165643
257717
151265
181458
207282
165851
196936
189659
180368
222371
157478
211166
206648
200782
281005
186778
152381
175630
156444
142740
143014
46617901
42464413
38334040
34253891
30075213
25883879
21790981
17576712
13439845
9311149
5151267
1033851
162127
208187
257031
188425
192345
139379
155043
176137
233632
156209
187652
134291
167493
170028
142412
151342
213585
183586
172711
156423
164136
216949
147931
176515
149589
192933
210612
168626
166674
143600
155826
157382
227517
159821
221090
166636
152372
124963
148169
180909
155332
171760
198675
215029
226425
158896
161813
157156
170201
177140
178740
174538
202211
150709
147518
164605
186070
187836
161944
225893
193292
158875
235863
151742
161126
160394
169306
152135
173131
168726
149709
159171
187730
180077
192178
159065
190858
168439
199377
173061
252362
194301
180957
189454
157062
167456
163637
216321
178296
227472
172575
183111
184690
164555
175205
205237
136442
193221
171747
205184
300640
182153
156866
185565
336888
160762
170414
218005
166966
170647
161413
140081
194922
175948
157153
150964
136449
194600
196379
172533
162508
152771
183689
209591
142849
206703
178807
137779
163425
194188
232387
154125
190985
143436
176720
157530
178220
155595
233441
167358
139536
151560
163297
136074
166572
207590
187306
193805
130045
186746
186361
155848
152754
163218
182162
179630
214004
174338
168669
184139
163284
174578
196128
181700
281032
164160
193806
156803
185110
167524
150222
164957
168939
174075
217323
144409
153150
201167
170069
197026
172966
151266
151942
171374
187065
190342
140229
199978
193447
155403
192273
173785
184472
195683
218723
160102
161942
213193
173538
192449
154995
182830
193667
194462
169346
163244
147245
176060
163730
156280
197301
158484
174659
187754
145730
198596
136360
182284
166221
172524
323450
183077
193803
151938
179392
175643
49051594
44878730
40741297
36637957
32472023
28363308
24213031
20007995
15879291
11707045
7543768
3418034
141628
187260
156257
193614
322776
160419
177985
208784
132753
140943
175894
154784
158150
220978
189464
133361
147142
220633
156254
168185
137013
190098
132288
174467
177538
184069
262565
175512
183800
142369
237173
153462
171878
207272
156110
302680
190028
209581
164350
174792
163979
214218
175730
182802
156385
193556
188318
139289
190112
155766
211940
146897
138456
139849
185959
161761
216843
164655
167571
164245
211313
158313
172251
186876
186800
190162
159114
172587
161574
154855
159843
170861
203645
168777
150934
170546
152241
178558
168558
144295
140899
161469
179989
183894
294927
208081
257247
174601
141911
148679
269186
151373
188384
319396
160204
148818
181778
181250
235596
144166
281746
159231
148691
169279
146355
169036
150058
164673
131062
149189
156551
165908
139865
154170
141724
177557
177489
228799
163104
157524
213086
153288
205974
142988
161853
191959
164889
162196
165046
164253
136186
141146
108619
156526
183959
148504
123438
119510
142961
145927
173765
388563
153185
295331
181818
171314
198927
169689
141258
141795
172256
140427
144865
157233
132530
126202
193019
140260
219895
186889
141695
186832
152089
152893
134017
178259
154772
170052
141586
290568
135311
163913
156296
147829
135373
169966
269120
151052
175265
164166
153645
151871
146697
146411
213952
153586
118796
135789
170861
192411
149326
136209
183029
282077
161896
181179
153421
141822
215209
191617
168656
230919
159591
144629
235961
190740
214670
174035
155133
178012
125682
139254
140357
162031
171665
129571
200088
196020
150748
162063
147540
152122
123535
172597
143616
151414
141800
48382053
44237730
40085067
35958754
31752448
27572173
23523151
19309713
15209467
11079044
6893567
2762451
158832
166368
160349
146979
135937
181025
188382
239025
133508
144898
157750
183807
190966
184822
175358
178007
184935
143817
172696
148467
216882
144287
153828
148038
185157
148742
177288
180340
168200
165845
181353
193807
154869
139794
126255
140575
157885
181992
154029
160269
193862
136935
183464
161536
172570
154420
157728
208101
181784
204380
139327
173413
183831
135949
163136
134351
163621
198213
145596
166497
188367
144334
156269
159391
172143
274447
151279
141104
157399
213377
182502
153634
159095
163887
138434
167051
151811
151623
142186
155009
185469
135890
200202
155819
156954
142293
168917
188399
143095
134320
161085
172978
180130
170115
143957
176438
142346
119191
186054
168220
164677
158569
135336
169522
174712
173917
182595
194343
213606
139082
201815
141842
167118
148309
148952
203116
155659
140597
145732
149755
179312
170517
146099
199445
153208
173187
199428
174551
153025
152844
183661
198144
176726
186728
143401
190784
152883
133488
167534
157539
146219
166606
198509
147553
200117
178354
180852
203324
182910
151215
206854
157868
205591
152657
154936
191579
178691
138072
163936
194648
166938
134966
158410
208342
176229
128114
159642
176176
149733
137213
180930
149222
149964
173568
172012
153471
136596
177221
146045
170875
221110
152661
176840
166406
126875
148349
160342
158043
166549
133196
147416
151303
140944
179296
196250
145809
183447
2681279
146210
174536
153186
214065
211006
225834
196208
147459
200910
153269
242172
150800
150649
187478
136059
120768
195891
217818
179403
225098
222938
149236
186011
146612
163179
134882
231775
156110
160380
47586376
43403164
39277681
35131836
30917374
26759162
22645721
18474628
14356918
10226906
6050432
1933210
176902
202860
248448
202398
148561
189071
183185
183830
207685
123641
191509
168565
183633
143341
269593
263074
233438
181622
176496
182433
161144
180643
148442
222012
264301
203497
128537
149495
212875
283395
240217
220376
192716
208964
197015
186239
167830
190940
188164
191136
181343
168609
194719
188649
144468
216150
201744
134273
240282
279325
176019
216090
184249
210059
208501
171508
178243
179356
168807
136389
153953
298078
244059
167701
149189
170430
186853
209110
176547
154847
134507
168564
180414
158997
189467
134182
153881
158480
164359
153911
137387
342325
181220
143017
169641
149144
159883
141552
200980
156209
274420
169608
141311
183146
168675
282255
160937
148136
196914
172859
147703
227528
232861
171432
186294
262298
190134
149330
214561
163907
148468
137631
130871
196778
207138
248954
180887
168929
190747
138507
188826
224181
158049
241035
181416
206248
288946
165782
154425
185256
174512
160211
134719
139406
183571
240438
141799
302368
123064
211622
211847
206463
192989
289648
187384
216382
187958
168592
141927
268628
170408
189370
150027
263601
135203
134508
176511
203952
161962
178760
237687
154076
188289
224177
191429
232826
168445
167522
133855
159375
145722
154972
211816
214830
253280
212898
134493
151261
138058
288028
181813
261648
298594
203957
235739
178007
183361
175991
119545
207163
181508
198652
212223
173401
154208
171515
192156
159359
152669
138676
280882
194602
185665
162550
194676
174593
174527
314080
147840
191309
196497
139354
217422
181788
124789
129196
186140
194665
148526
152362
148100
162601
141238
146239
172266
203298
187603
45496134
41307762
37138633
32934942
28738525
24613335
20447263
16203291
12071050
7930619
3757193
161936
196584
143458
190757
205541
215450
196433
148889
145404
212919
217043
134395
130133
162490
203880
157741
161714
242976
158474
139419
157514
196408
195494
161312
164843
190418
180030
196858
161671
182810
154435
158869
231283
224009
191067
219700
164115
243689
185523
161351
239955
206671
165283
190505
241318
195268
160725
231322
193285
145698
172427
148824
226129
223407
813712
190698
237386
232653
170306
174444
229035
174109
131574
191675
155716
155763
220763
163000
199913
162611
157921
146217
210372
179069
149856
179872
133693
263865
155864
139927
265373
189328
156128
134186
242895
161419
170791
133763
293480
232162
158995
228256
170206
196289
163698
178333
141859
248506
208702
187101
139592
162206
156627
151285
301766
241794
130769
174163
144489
247330
162750
184154
212194
222013
148745
136662
239600
245513
164070
208027
155385
157628
170539
241569
174927
196458
208553
196838
155295
158631
195250
207176
208403
122600
217283
172224
241612
150583
165163
179518
136391
198198
129190
204626
205952
145362
202434
280075
144875
177265
183558
182304
301203
193036
270657
207179
123429
264612
246597
159114
138781
219796
166304
263176
168507
212693
226014
161954
125022
177156
197122
252430
288646
205936
174123
201894
236698
169645
130563
221089
196928
176947
205097
156810
152454
154837
177963
208673
158735
174210
219666
244342
269038
143802
160003
140378
234459
210308
152171
170382
235119
207038
195136
252240
154185
137648
177754
171367
173764
157224
195651
137124
221952
177828
170465
274728
174711
283067
163762
211910
138011
146236
197804
157590
172360
144607
184187
48047427
43878770
39740625
35606344
31406074
27292664
23164098
18981764
14834262
10696302
6490102
2370988
147157
152647
151120
167648
187229
161193
135358
203169
239606
145568
213647
148528
163618
142830
210120
194124
189410
235963
175227
193108
144409
145615
166362
151042
153517
158174
219379
163451
160938
165108
184627
212418
169195
228036
188481
185234
137445
185679
221145
184003
193344
140087
168658
225652
240337
175798
195619
217876
148083
198488
141612
129818
204583
146595
138044
150055
203176
152616
154189
159414
229541
194254
185056
199962
148361
161248
180640
172660
220130
160851
165338
185149
205948
152408
202655
178212
133598
146779
155568
142772
138859
171368
251782
185412
167981
173162
305380
195922
208794
312862
149219
156309
163654
157884
185522
152036
124267
231381
145617
142658
141363
128232
132662
174126
196566
174618
134295
289143
185067
255850
146970
194116
138287
203567
132414
157778
164830
169648
126632
163534
152611
204915
128373
140480
204202
181995
127788
163697
266593
206883
154864
191490
157384
181156
149081
147570
147383
142633
140012
167173
144958
215800
189645
160912
167705
179838
164654
146166
211628
151289
141287
165647
159775
123277
137186
149677
125105
136022
166899
205033
181087
166920
187668
164147
165115
142622
157494
153038
158902
135470
144809
139678
149105
148616
210428
141444
147397
156608
172283
180917
172944
290223
137791
156955
203726
245995
196928
138966
144369
169439
132946
148959
130400
172858
185958
161117
160729
141798
186572
194752
130262
262965
147592
150391
129818
285723
183346
114644
194380
139904
145974
157302
136533
170359
167870
146123
124438
168061
207188
139649
132151
208560
164358
126199
212038
149998
208702
46368020
42183502
38059438
33930537
29702972
25553388
21398269
17230863
13099376
8956090
4770697
631817
168463
152971
159120
146828
124090
171150
148171
141872
136246
232494
138129
134358
146754
150909
161474
173840
126638
127235
130090
154835
163734
158629
136034
128955
152628
120359
156059
138441
184985
132836
253412
145957
193385
181391
223730
167062
178562
148156
278132
158017
177944
159278
166838
136486
190347
148806
210889
167517
179447
216038
136187
130580
146123
144397
145247
167610
187418
170959
199221
159943
142298
214881
173264
154851
155360
162425
166549
156230
172839
270086
125498
122269
144610
145079
190090
141244
208659
186965
170795
256261
158837
146604
182724
140382
151710
124159
153408
130815
143096
121986
157259
197238
182355
160116
124269
149494
149785
260145
172007
168502
189197
125931
175912
135432
268258
140866
164367
134663
149586
151223
140786
165760
156494
276491
161184
170154
140312
133028
179208
197778
177145
164230
165205
138206
199957
165664
186543
234624
131721
179839
158533
226737
159667
158593
132030
216664
192970
150349
176928
142927
245480
144716
183131
130530
132524
160228
133083
176449
166913
140398
159167
160136
137735
175932
161271
137462
197092
146155
185040
143832
224016
187757
141049
202495
177873
156382
205629
193534
151618
131533
162296
163440
141838
172075
210018
167615
187885
269643
174672
142951
171149
163069
146765
190574
149727
114915
142027
191697
133550
222778
130530
191437
121669
140619
144259
185830
146015
136828
152383
164671
153837
172099
181025
225481
131092
160612
203573
142544
330134
122632
185224
148221
129139
174350
154068
135299
189221
155610
156858
116418
177748
177886
133880
202279
153111
223411
175568
45161208
40987287
36840525
32682467
28469072
24371763
20263925
16061067
11941876
7888945
3735674
157195
141846
130457
129854
129685
166888
140713
204298
214684
165353
170717
150474
150676
150950
164261
184704
200889
184753
179255
144053
173801
133727
172090
203751
200086
200433
147266
166237
147064
151886
235983
152375
197589
175007
240788
151635
201277
129611
122693
173167
154397
138876
157507
135668
211844
154678
170182
220353
159942
167024
155453
136061
150038
156339
157228
179472
168774
155395
135725
171041
189055
217967
176061
159149
119112
292652
165339
131818
197539
150311
148946
172615
148589
151898
200588
140357
155119
189209
177291
130814
150313
204206
222838
180915
145949
148539
137953
130185
173162
214062
129899
151856
131216
156561
144086
214968
168324
212779
261253
154639
172048
138249
159290
252119
165681
170688
165121
145240
161258
141637
134728
175412
155650
169401
169805
174738
150984
119972
231147
188181
141643
266318
159497
182497
151344
180089
140595
212442
158570
212182
208940
146030
164671
158037
163401
156951
119387
152341
166866
125229
182917
197691
187476
201835
128658
120744
134744
176424
186117
126965
150760
181136
177793
224031
176871
256247
160594
162899
180115
218529
162695
222627
199038
177920
126697
152307
166424
155939
158188
138288
163354
226502
155757
206712
153980
179098
178292
138907
149859
173959
165028
131550
193350
174008
214898
159001
173736
189949
131024
214601
136032
141805
195884
196666
160382
154897
175368
152757
164631
136891
147388
149228
133858
135487
158792
180190
127839
147959
134067
189567
194663
180824
141365
154994
133208
182590
278460
155733
169311
200722
255187
207822
135039
161330
209393
143222
121847
48405534
44231828
40085212
35932054
31735817
27539538
23402641
19229753
15085721
10939300
6772826
2658782
190240
189450
148237
149858
159418
275755
118916
277651
163953
167214
188788
153057
155930
135917
166421
146853
157124
145954
138460
168283
196545
179179
174334
150228
123880
158585
172928
133051
140458
129213
169296
279586
197565
151226
140538
136730
147881
166117
138921
144412
182817
160022
147181
139702
166420
110078
214888
250908
236922
128297
172299
132724
157305
135623
167515
166198
133914
163471
173144
231510
202854
151607
138951
157782
349821
155706
192472
195690
161370
128513
186711
204176
129163
142857
150048
147005
136493
122866
206769
201499
186128
177478
191874
175927
150404
166281
166628
182715
164928
173418
127865
163805
128052
142431
187945
173863
192645
120830
159380
177092
150062
119110
185266
150995
175272
216081
147728
156426
316044
167814
196754
128647
127773
153795
178773
149107
139055
149369
115155
119023
173531
201403
160267
146402
120474
111064
156403
156692
136148
178814
183576
196091
161617
164754
168751
167143
163437
116954
190306
259887
276885
131119
154092
164214
145946
162716
206388
229588
215214
178553
157402
151545
185853
186801
214610
170717
174837
183643
197261
219306
190090
183289
136617
174740
174402
212562
148504
151868
168050
281755
199554
226602
151860
152088
187317
183457
133624
131806
162496
176637
133853
209803
153906
144768
187193
222376
159645
179388
139160
198303
153910
144176
179943
146528
133929
233053
217862
170994
169361
275128
136663
159026
165144
233632
235806
132378
211052
159569
195769
189582
231624
213750
129419
206592
197754
139867
183659
226111
147786
186374
213631
226501
213733
148963
239834
147996
162138
46059935
41902035
37738200
33592887
29417561
25332408
21179413
16989721
12838553
8670326
4496040
417701
177745
195722
200471
170897
141755
175006
160314
234224
183685
146537
212739
227757
143300
148828
205601
153197
173852
205774
149370
163555
145814
148975
133752
177251
192890
166631
160224
146917
169688
257947
202669
214780
170034
190189
194189
219665
191151
172428
169240
227773
183227
143732
226833
174934
134546
224080
248420
170528
228804
162627
137213
265281
140208
194247
185122
216945
167771
162450
151616
213639
171376
143061
200032
153114
218817
170887
145427
135872
200600
197521
165011
180980
213554
217364
233509
157164
139357
173482
273543
138438
219470
200463
167729
215917
134544
191693
144992
150451
126174
211974
144548
162917
131966
256549
174032
226481
221890
197015
197710
152932
145683
223068
138922
207930
206766
200585
178898
156986
308906
144628
237786
159033
307362
193487
203742
133092
139515
183677
197052
138782
173925
191086
154325
219970
177546
239217
139005
206945
172557
284538
173509
341366
184283
137027
167605
1247336
145030
188200
148234
164256
145994
232283
145486
176665
190507
155341
156724
182758
156976
154764
147944
196524
181660
143506
167685
154899
210951
228793
146319
203540
184854
173657
172308
205136
141061
188006
166317
141511
145799
136730
240998
207540
211580
142004
194698
128219
260559
169655
164809
191918
217953
210462
172376
197997
178831
139040
150439
212954
198502
176089
221773
248012
252973
225894
174869
151148
193305
138181
122874
166569
238745
192024
158939
216257
158924
131518
221178
194663
230669
177384
324825
195049
211979
206801
166306
199735
151201
195465
186692
136271
168710
159912
137980
136149
157114
132851
49163396
44952527
40813299
36650591
32478491
28335965
24188138
20006549
15899501
11790708
7604977
3508434
197365
160601
249497
210420
207074
143227
176850
165405
151157
194916
183975
155045
171750
178710
193291
135299
217643
202747
195346
152811
130710
173004
116271
150626
123982
135526
128550
162673
176305
154613
152026
192664
156467
138425
265965
200776
185115
176722
165562
137179
161252
136472
120137
177955
144894
174745
168163
237219
173117
234173
143674
197416
168466
164001
190186
253569
193137
200662
125979
221761
180887
170866
184451
173590
189518
225970
156712
158115
164870
165497
157987
196867
131317
243052
144356
130864
189777
128727
186749
176390
154261
168675
173718
161776
250611
136366
250037
180259
158076
223950
220589
155483
217087
182159
191178
152869
188739
137873
175152
195167
138826
296231
204724
188387
161080
247690
232907
187022
198842
166233
204298
182340
189956
200044
163627
182610
160037
141712
245126
190769
156344
181666
193392
152781
192900
203972
127164
204565
208575
203803
177190
159307
189668
183769
255194
214627
187831
167513
174408
196346
169313
192043
199012
252577
175423
153505
229125
137747
271005
243607
291992
193179
135496
153576
165149
252632
324854
154061
234825
200656
148252
162054
189728
156782
136442
292134
238003
163340
180091
246571
194341
210355
239293
199436
162349
167338
214725
220823
151818
159918
138401
171630
237919
202829
288982
283527
177352
167775
206605
213785
133705
171548
223009
184707
198193
164317
122133
179123
117022
133340
206868
167072
127004
159943
203729
138150
169936
192306
162656
232314
182550
117522
260494
111119
206153
286526
191636
180582
157901
305618
167734
182398
183787
190986
174393
186078
176752
48218291
44026241
39849933
35696789
31457852
27350931
23229208
19032418
14969445
10871544
6693377
2586691
153334
113804
126463
128152
143858
172003
212449
144370
200690
164421
177645
189468
177376
161858
177563
200806
170409
273972
286096
197266
209375
183767
208152
213662
127210
148827
155389
153158
310467
175071
208434
155380
167552
224892
210081
161692
204188
153027
181776
284501
206211
143137
164562
222197
175510
134422
184304
151858
205316
157007
189356
203689
190859
156704
167553
119448
152974
148622
163504
151687
215780
188143
150629
164343
242885
167723
231885
182239
190401
191518
201812
217894
149568
200033
174597
235546
184141
167089
149819
149803
159593
284900
167363
190617
140206
176736
171696
185827
136588
159417
183626
182731
173048
160003
182536
158781
229857
134010
165603
179711
280780
308782
144616
171970
200761
166928
141059
122632
146420
149376
199671
163611
183871
200790
168814
184859
182518
143554
172000
144652
158827
166298
314565
200279
205261
138115
202651
157488
134777
208750
137313
171686
205317
196806
192993
342558
161388
164416
193925
204763
264418
173350
186876
228019
140143
193703
186488
168218
153377
177514
247441
169809
180502
222935
155221
168327
146484
183684
152552
247100
254013
198941
190300
315916
212559
160234
210646
168865
204571
211870
201850
190442
233884
175987
181505
158389
195645
150694
190572
204095
126924
179463
152279
145267
242107
139544
180570
224983
177789
185747
186145
136148
212517
213596
146140
212043
185588
184406
141144
156660
221756
207582
196700
158555
131743
193920
212290
169764
146443
179040
167161
225520
181825
200651
218478
165389
207251
170053
194714
190343
160891
197454
156453
200707
135084
237379
137804
46567478
42387071
38238401
34090076
29916826
25787148
21663674
17494436
13420117
9286120
5100811
1010270
206663
176322
175400
199834
190366
224517
157953
240452
164006
179127
183354
168342
125149
194155
184144
197053
150331
143060
190693
160546
257029
156491
154983
165174
119403
215515
138321
155921
166399
254413
162041
194261
154996
163819
163010
140974
135293
157265
156248
194505
196795
174292
189921
152563
148309
178649
190894
127012
160990
154627
189122
202170
322616
187415
241280
160497
159757
220414
161989
197394
141874
167582
176897
137117
220409
190377
120856
185263
161718
193279
205948
214019
136963
213138
181895
126419
147861
217483
200334
171326
166831
164773
113384
162157
193405
224035
137111
211831
208175
141292
157863
189571
199138
203307
183557
195399
194505
341194
242101
196083
183186
153258
187988
204797
315803
170896
183407
196103
147637
160467
189092
156965
224147
164445
172561
306271
221774
215468
159184
134275
198190
198665
262200
178737
132887
192122
162610
168962
148421
133348
167066
216414
182285
199048
169950
149157
164965
151435
206526
186164
186546
164712
137320
185712
168778
157603
175058
150382
231107
160909
221229
248229
135373
314887
158154
214748
187592
279113
161341
144798
245172
217588
189740
137771
186395
185456
133724
166900
223512
145851
239200
180016
163605
167132
206265
138504
184288
213179
130438
216596
147025
196264
146382
169094
276650
176860
141331
243498
171529
186436
121462
154046
167330
165412
155325
121650
154570
163603
214681
196806
123098
143507
180849
159469
193962
126895
153800
170269
159074
183432
151240
163684
172027
200551
157086
162998
118774
288122
148469
162056
201658
139038
235952
195637
179736
190422
48999611
44826997
40693007
36452195
32255877
28124238
23997981
19803375
15686313
11541672
7417098
3238232
149663
133390
150370
167202
251313
152219
614543
259242
164537
126126
131563
164480
181099
156411
145437
168970
167405
137524
163097
125187
151448
150906
126389
178579
173152
126408
125318
155844
210601
201884
171339
217782
150269
170249
125244
153422
137566
122322
132753
167912
140144
138568
182438
159562
197722
187180
160706
164941
191420
180254
189756
154107
151120
147900
137751
187770
152895
195229
142940
177824
332919
145340
179523
133869
171065
152949
141912
144592
179425
159236
140164
149785
140039
167384
134629
148414
151548
127434
165871
129956
193471
201865
157110
222705
214404
140693
126503
183980
178329
129088
257759
193076
137549
194285
134096
181065
148056
149242
130172
142242
156053
142554
163387
185066
177208
140426
124112
150670
172137
129981
157885
185413
132938
197174
172364
177589
175401
179442
172673
149308
169195
171318
164984
170211
146145
151276
181523
150711
150199
153819
173927
176716
133468
208316
177106
147849
130386
186536
154868
164922
127522
146284
173305
136116
178218
131084
173621
140476
167595
145643
163852
146041
155609
234030
134200
162305
229379
181353
147417
159136
142061
138636
207102
142691
197161
154255
159144
135760
189495
162995
127998
163569
245575
163125
165342
198692
118888
141312
201421
143790
153467
184006
162620
161907
161668
215886
121461
131130
155971
217664
227406
140770
279837
133760
143830
124955
189675
161244
139020
165833
118281
139348
163143
348500
167434
174686
177514
220630
161332
135165
188869
146402
162741
148170
132875
149778
135476
146633
209651
134059
214411
185807
256091
159082
131250
139750
178015
47347607
43170906
39009508
34872374
30685503
26542597
22363115
18207501
14093828
9954465
5768119
1680026
217786
132681
155962
166960
216255
165374
161642
107303
136676
138095
126183
130069
189509
187315
153661
158627
146804
133054
144107
140223
179549
159984
144984
140951
152631
185247
180373
246425
161310
174703
174733
173105
153250
174510
223080
141589
182868
171264
171910
139964
203291
163965
158775
152751
149744
173462
138036
167944
212777
167580
187352
156464
163615
149670
139364
137545
200140
268185
130282
156428
164300
149472
156237
166932
151809
200848
158087
159481
178419
142874
213048
129105
247190
132833
125907
139408
181888
142203
167970
292067
168017
185981
170720
173232
162805
126071
121093
150149
179385
147184
156649
162521
121592
154453
151584
235355
135943
170198
228614
185018
179119
170699
134086
171389
184664
139607
173374
144971
166029
135561
140263
116013
123581
175278
151988
153394
142575
133887
157679
132196
153894
220887
173845
145046
167251
163494
226128
171443
189357
165990
117662
133868
187952
150954
178550
209690
154849
196929
165861
128444
176998
144227
151184
159273
201843
119202
201595
184880
188448
138371
160011
184117
191991
163885
134184
180190
199934
175077
167335
199465
116171
147808
138461
147336
182245
195921
164742
161445
224921
152152
162554
177881
210624
137836
194330
152742
264738
265736
218171
152849
184824
191743
148857
160115
274509
160324
112836
127898
160647
145010
146929
175989
193488
137369
145123
200427
156446
176948
139420
139213
171793
140374
169082
158687
147259
193746
133875
224309
177136
181046
185969
166389
128146
460627
135760
136462
162457
186684
102248
132029
201139
122131
182121
167487
176442
131538
125170
46153700
41988375
37840471
33707919
29533779
25456543
21254264
17079112
12961201
8852880
4689066
563274
179201
167539
154911
164508
138620
102861
128613
187044
120856
163518
200463
147926
151379
164602
158317
154699
202684
148198
167638
173667
159490
175466
172389
129420
119599
267609
120949
110977
166827
152085
165955
153817
166192
191713
141924
128393
186346
166067
254833
160999
172800
159742
167847
150491
130002
146018
132689
187605
171373
180851
153341
160250
204241
180863
158776
211486
165927
160984
154893
130033
201233
165607
154849
176800
135951
164335
142739
126003
185846
269583
189039
157644
187568
114144
211782
163344
138604
244867
153925
152657
148850
164789
183694
183394
146440
141715
132503
171030
131452
173880
284717
165661
144597
155827
163487
163336
158518
212883
202467
184126
286720
147471
152090
229883
125620
192859
199766
121787
143907
161510
151902
149850
166196
150878
182494
158793
160028
179475
127270
130962
223384
200110
168242
195294
157377
127710
168523
120182
155558
142370
144945
170792
136403
185795
133980
148010
128755
123859
138745
154783
190321
217239
191221
146199
181324
162281
127564
175733
197508
181042
184533
205104
153951
132883
185987
183867
183429
172010
152129
151902
138604
199634
187122
203919
186235
203023
157055
133314
133002
187173
149701
144925
164375
194012
130722
167607
167038
278684
166484
153078
152556
144779
134239
132245
156620
196097
190134
306878
132842
214147
270323
159780
187486
126808
151173
133332
130290
196728
162452
150793
273990
177766
160198
135561
143004
263800
149820
143129
180395
166649
123837
166834
198651
133269
144425
197871
254117
255752
140206
156159
141182
138734
137579
158310
183791
177277
48312294
44164576
40021897
35868026
31677656
27559729
23407200
19205060
15044393
10918979
6750799
2626006
112265
132890
158558
179462
150246
175787
264253
142897
155982
140960
151403
124867
158682
172395
118997
145361
176157
152896
143993
154122
141231
158835
132815
162779
145778
215282
156761
119298
121958
176299
148620
149960
154552
178341
166698
187800
142014
173794
157383
114301
113653
147112
143521
173770
124588
176955
212768
139817
107828
121388
182890
159928
216297
129986
148142
162446
184447
145169
171785
209924
202499
155875
129013
142661
161529
130304
126814
213232
174007
159925
276960
155936
134718
184694
153594
184774
138777
127816
133373
133974
205032
173740
149093
129071
157572
205181
139187
178188
171666
158045
143150
172553
198595
205393
151868
137913
148810
155526
179768
158909
143778
177825
181720
142464
194575
172174
181213
161349
141546
172075
217258
140509
125126
247537
147803
130170
178348
142344
143696
211609
121142
220440
180259
133343
166375
126879
150639
178366
111275
126736
238463
127719
167853
176824
147352
168072
133022
320156
154152
235028
133269
185853
164581
118817
166750
254682
139334
128679
172926
129346
211657
161143
150811
221593
135882
168708
124017
174789
218892
184521
153464
178516
279072
213003
142212
145126
181229
130000
172704
211866
177808
157553
160117
162416
150513
167124
145906
172503
175553
158073
121288
189139
229282
177350
146531
226554
192485
164038
185198
158600
200442
154083
130604
150516
149995
172537
133946
167400
171078
150488
189904
134067
179987
134535
145387
128534
133590
153804
138794
166201
222993
154843
133671
165313
126286
158580
123587
194703
147555
137637
187682
206059
133384
144488
160086
206099
211296
46453782
42227168
38113484
33948857
29777244
25529055
21440224
17260094
13132453
8989527
4818799
677726
133126
123206
168670
186725
146116
129975
149213
111432
249918
218736
149097
145210
169540
177248
162975
146064
156914
143589
157313
168314
202886
121509
224297
199982
117145
156699
159436
151896
182266
144595
159535
139371
131926
137228
154111
198547
134350
164433
136975
190429
140996
170162
148549
161253
117928
203465
135342
127327
278981
202199
286630
158028
154622
171496
150843
143420
160732
242227
186243
164045
140139
155917
144153
172079
141100
176638
159997
182380
201743
111781
110662
144903
188774
172616
122006
143515
202941
153189
153626
174392
189192
158013
165283
158192
149272
213548
146745
173155
159027
168141
165957
124160
163303
170467
147934
116869
133869
158282
211441
137766
161003
177809
213390
196585
187123
131902
144396
193603
143779
144759
151897
132600
247268
147504
189278
148910
140143
169812
154035
164714
140096
214462
162165
186560
154027
182688
165126
144626
423316
138267
184890
168462
138012
144373
130788
175310
148945
148178
177132
180105
136987
132693
119357
163171
146226
136211
155928
128525
152311
195614
166684
269399
188886
120538
139728
136754
161416
148992
128582
184569
141431
132223
153217
136063
129616
144866
173482
149894
131815
162375
165599
158748
166039
156595
203627
128698
147108
178966
183643
153859
165915
132264
153179
153057
281654
187157
120554
283188
151991
145500
163291
190002
117903
142474
177162
190000
158046
211857
161628
152487
169510
179114
179113
135908
245193
149980
243328
128945
136419
138075
206166
124807
178065
173375
159610
143461
138406
143724
189147
144053
121677
180908
127335
143340
165734
129155
48728117
44557740
40423582
36267186
32111114
27984038
23868768
19689635
15460389
11314846
7148619
3011811
149939
188147
120877
116155
128850
213688
167028
163393
137587
152024
291983
170804
153289
126334
190429
161426
157329
160093
144385
162436
141907
220478
143822
124229
153559
139147
116151
134805
163920
121312
150733
171131
148966
156492
153971
127428
151060
155638
167706
194797
137753
157100
142243
167198
191539
229452
121898
179077
176917
146611
141065
177334
141872
168487
209524
150807
144665
146064
162859
180453
148290
181552
120738
173168
154213
133857
215618
215965
142766
138827
276198
141743
153474
183261
146519
164062
172441
223774
244843
177189
149418
206537
187290
131870
183538
280699
181150
174424
164264
177230
177397
148363
123760
161399
202509
159518
185040
170532
179368
198767
145867
144710
135089
267344
179703
174771
148613
159837
218171
177816
336183
136466
126960
160194
128249
171713
145079
178497
150797
175833
124048
222446
157540
149460
147339
131692
147164
194724
205927
140183
148441
178521
164289
150533
259434
201324
192573
152494
158666
159055
141652
181202
138049
172512
172910
208098
142006
163162
110499
188257
156840
189355
172248
136264
194821
134129
154091
124636
141939
143050
181982
164871
147074
195202
170327
166299
177074
147846
190869
147514
163950
182197
173471
131521
141955
189315
139984
149230
212672
160697
139869
154775
166351
285882
194970
136448
149449
138085
156535
158446
160061
157459
206338
177734
194017
151275
155260
152906
182719
173366
176338
139708
171250
154216
198270
147294
144601
124347
159589
215153
160702
134756
160007
259421
193639
152981
130135
193119
154671
129111
122649
133102
192209
191008
147962
190332
124569
46773054
42595403
38443306
34295715
30103154
25978862
21862055
17651605
13514141
9428128
5254850
1142406
139410
147777
139218
132420
237912
169793
222255
144906
124400
154607
197537
174616
187094
147244
154634
150834
163069
171062
138271
163794
136031
262063
151387
147017
156411
148282
250565
184697
119826
150790
155944
194975
128144
190932
134917
168560
190562
167961
161001
178579
173070
166927
180400
157535
172997
174340
176247
135635
151979
180130
122128
136137
156888
221975
162191
158047
187168
217936
137195
156887
175061
170252
219983
169467
135654
193158
135184
161297
155680
174224
137801
143514
193464
151373
148301
159316
124842
158003
150759
184114
180086
238018
150774
158965
190406
137377
276053
202404
255368
173298
154068
157849
170798
159176
162854
176827
178282
202637
161224
162435
158635
152589
199984
156387
184040
177255
215203
266485
142805
160986
126250
145408
183766
121429
138197
137161
165882
154234
172172
138134
192341
193660
220563
160921
156508
172322
179166
155511
180901
162810
186948
184613
204729
137645
129979
160006
165791
188284
209160
191236
153128
215591
179646
147369
182975
151207
144342
158629
235612
200705
187050
175846
165255
155573
147238
166716
123196
170163
154372
171460
143741
128134
163752
151881
163899
196476
167080
156806
221274
200581
155722
143823
169562
137444
178592
175612
147246
192926
149299
197229
163647
158381
164517
126528
220225
168390
132580
208590
142555
182536
188857
177669
188683
176262
136413
190574
140161
201670
126447
176629
164036
140746
185557
157973
195114
193888
217839
278215
152421
164771
121396
191918
168046
125151
144592
143021
134158
161021
152836
136779
169823
163787
140606
160988
165711
121515
124475
45059056
40921243
36781215
32645231
28486468
24360488
20251825
16069161
11922838
7785803
3609013
132255
172580
142664
288232
172008
187291
182961
206922
152157
198616
182743
215018
151831
128634
174032
174523
175090
154659
167140
156650
277358
208247
136584
148205
126978
240851
155943
214543
172506
137522
157742
259286
133068
152761
167823
414667
142707
249947
206544
140145
325048
135874
133939
152450
164919
177402
157497
141515
179323
182302
154646
156600
175992
135383
167641
187590
144603
194115
177514
153698
151361
136681
208438
145518
170205
165179
142436
130757
201694
151592
172697
169903
178671
185593
155917
238452
175862
169598
142167
211079
159502
153742
139408
191539
188702
202041
145670
196007
146416
189089
184422
186747
199549
157356
176606
169123
198368
148157
157049
205954
143663
136925
165722
150477
166888
161096
191072
173370
129553
175268
135927
206775
150732
138425
168285
156822
144117
153440
130645
142162
191206
186793
211962
190581
150258
168021
248235
177898
148756
174480
184229
276763
229320
134508
175241
188368
139889
133811
244579
166697
211566
142934
170330
185527
172293
235114
137428
142097
233515
188443
132522
150699
155063
142864
139549
158658
181025
144958
131204
135102
149206
186286
176854
205202
215575
143413
182265
155517
138068
159125
133916
151711
175012
146688
136958
163002
135235
138594
152013
183607
133835
146311
188128
210568
148511
173508
189146
136956
167339
143191
142457
179733
189279
143196
145828
146916
154576
171991
164467
229057
144406
133792
156244
166862
168340
201826
188483
161564
190910
147852
185365
171156
151922
304245
158657
194944
171985
176468
173129
151944
206603
187051
152653
136662
153606
293579
163281
47821768
43631410
39433178
35298060
31103340
26912460
22782707
18601510
14456105
10327603
6152800
2007827
187508
177244
160273
142821
164306
167305
153046
191993
175309
198204
159982
145798
149360
183118
143036
160243
172210
132402
182293
153941
159391
141654
146010
202645
150260
154004
187459
174922
163864
155481
204544
135028
190907
167481
178547
146369
189049
146216
163230
142816
150000
178616
165175
165826
197290
138559
152984
141344
195179
164745
137382
155156
149805
136123
198019
141329
174833
168071
170061
159895
139014
129876
191282
171810
184404
133260
203637
155060
168316
152686
146159
208469
139605
173230
154946
157454
161382
139334
130370
186748
143891
176150
166652
137163
167410
143098
155772
160649
141892
181330
138754
127385
241003
180540
149175
148843
203424
196295
151980
182211
150154
226137
141699
218592
176716
142414
132855
138040
145914
144491
163198
196289
147299
206269
196561
135955
136823
161573
145003
290050
169952
196284
176266
185372
181878
139213
144132
171687
303416
145586
185869
143756
154352
179528
147030
206117
155524
143504
157098
206663
157343
168417
193068
118889
164429
189801
157616
165388
135930
181621
179398
130959
157436
164037
160143
190595
254048
203409
195281
162125
167596
163938
167285
139617
156594
154298
225555
158259
259719
165661
140542
218005
193070
200470
179819
145542
151282
168716
147561
130452
128277
149083
162183
201504
224540
137683
238759
155245
129812
159440
221667
172348
141564
178846
160562
157516
161003
145375
157358
143136
146379
155518
184764
165553
191387
166820
167715
137270
138344
191340
199062
250260
206043
144988
149571
155027
131733
138779
154085
170897
170760
128424
159228
188391
191525
151762
190956
46359465
42162810
38013506
33860038
29677316
25493697
21353668
17172823
13028038
8916467
4749375
681476
175157
240680
147076
125521
149604
179205
134568
144930
160315
205762
166719
160828
145787
199350
197362
175304
133944
193252
143838
140628
156387
161493
154871
172031
271282
145666
160023
162187
152814
158806
184951
216777
200309
185323
130574
144644
156224
163379
159527
143661
135541
169573
155591
162997
214639
274760
206002
221717
186532
131130
165868
129323
154705
183743
156618
176450
143762
142587
190104
215932
147971
133758
146809
214487
144385
145603
177749
142885
137176
166450
151594
150022
179878
153371
143331
211443
145579
150496
151085
193106
133035
123919
193375
156534
169796
189713
159633
145638
206754
160072
150359
154013
255508
140059
175409
246330
286122
186975
179064
166752
186302
157548
167975
173605
184227
169481
199090
162320
146661
153440
157498
152912
218557
175148
186534
176361
139648
127465
181923
191901
164986
211034
155184
207269
152435
184296
213277
142665
180112
210667
178542
201689
223580
131149
145559
212379
167875
174938
211822
154536
227760
147120
185404
142500
210490
173559
153764
156884
161014
204547
164965
181707
211721
225901
159923
157701
223597
163901
179288
179365
167944
241245
219207
171878
144521
152441
175281
209185
222629
168085
222011
193189
188050
177735
199045
169333
186587
179851
139444
175550
202124
132144
206722
167322
415255
216744
206857
159689
157441
201627
193407
153936
190402
190552
172130
174616
138791
172147
196457
219570
173825
177644
206949
151312
155310
126316
194442
147175
186348
174712
170253
146774
155110
143778
162586
236686
155573
169259
140615
156852
209582
167435
140071
237660
164599
180143
49212184
45111823
40930819
36775451
32645542
28449463
24284726
20175422
16034823
11941999
7834940
3662701
139751
190400
147257
252264
210811
183022
159051
140616
144190
131152
132588
143636
146553
157527
249339
153272
201866
181903
143063
186682
166122
152108
136312
202698
140762
148463
164198
136536
162421
162536
175957
163995
152794
149012
172190
152642
198419
143613
147667
284243
176605
172552
180749
179162
180938
165716
183209
136050
154337
148007
145563
200953
137379
149590
165385
250549
701963
151181
171732
175654
148602
150837
134385
189180
223868
146099
274663
210692
223221
210128
321658
160118
179558
140830
225432
216407
165984
141630
184775
193401
133464
218183
282227
161281
135311
146389
186134
177308
217359
133720
223338
139185
140103
162708
135523
185567
117797
147536
144735
155711
187933
154470
168191
150876
137193
130669
188749
218614
207624
136819
158936
180065
158470
174695
130486
153665
214368
154653
137861
149274
182658
166971
326556
137490
179136
146333
212376
212461
179844
184415
137413
177632
167436
144779
183113
151145
235905
164745
142881
226734
177517
149361
149221
185275
180567
171759
156201
201864
160168
170888
146960
191224
173787
203325
161374
183041
198948
144692
143355
172507
193538
194862
161246
182439
165332
245106
149807
149912
182554
198899
185483
170554
150163
140324
182708
160310
147215
155591
149175
169627
187284
224095
152051
188237
141455
222153
188772
128654
164965
167971
254918
172268
162868
171954
183632
167412
295050
198487
180576
155177
276631
147293
210354
149514
230737
188244
172198
144243
201317
218367
208513
182116
211531
401299
237567
211118
149514
171715
146819
224149
213183
244676
230241
165690
175217
145505
272489
47389230
43221919
39090804
34952903
30748530
26654512
22560307
18346030
14230282
10087002
5896483
1776525
198239
171885
158317
178995
139606
178314
217095
190361
161862
162173
142381
202610
145255
144598
172271
166002
179711
143571
176338
143345
146155
182491
176231
169435
179659
247909
168352
140274
196442
162949
209777
156525
189970
168908
210827
208591
228153
185533
174653
151587
213693
183459
129172
219006
178919
166532
236172
203477
153952
128991
171427
150315
196409
175634
280223
175070
171108
183571
195787
186623
188246
190148
148780
170909
241068
168907
185828
182803
177251
152670
162540
131316
193047
155250
193684
185829
154235
199230
195351
234862
198115
170707
170711
210025
169827
151894
173187
168947
165269
195003
178158
161744
135852
241715
179554
116020
143632
250576
145308
217787
149908
193472
203815
213992
182880
214011
179995
165899
174695
141996
164550
190558
183288
124290
184695
220878
227241
219725
178491
269449
207942
204344
183964
179432
137487
238226
148422
186142
183571
156097
191302
138292
215879
190420
185793
185164
205992
170919
235397
158914
206415
181043
170373
181117
174493
188235
125666
238321
197436
245982
180763
242096
135262
178960
215428
220988
174857
153000
160317
193634
247033
180558
146040
156236
208546
162810
193099
168177
167351
229974
153503
165036
136675
277710
212568
183373
200001
153694
199062
173671
202594
290639
146868
155194
133574
143999
169493
138513
234850
150760
197706
186185
200477
168892
293873
208519
181437
125848
197306
145957
214910
160145
192299
166634
156629
192512
221616
276806
213466
170620
154987
184304
191775
226784
194952
209308
213954
164849
136665
270789
146061
303252
167858
186721
185324
207787
192706
45633241
41450388
37290692
33153281
28972649
24805470
20678556
16494115
12350597
8249152
4070240
202963
145090
144289
183274
251893
150453
171826
131757
146134
178453
135415
245570
182156
167497
151278
138494
205325
187659
193062
217211
207920
153010
153851
148681
206627
228672
157142
176612
283581
181822
203843
140913
205249
153766
203316
143942
176813
159981
336583
160097
161290
253635
198921
220011
171357
198034
176936
197853
212072
147619
219136
204080
155495
155834
217719
154552
155023
159699
247866
193851
145028
166000
139199
154508
190471
201422
228523
174163
192721
154358
201887
198424
227629
138851
174298
194382
196950
271964
207785
166764
227999
133248
182720
142922
213909
176214
230225
165178
166684
176879
169247
164909
231862
173353
140420
196987
144217
261823
232332
191121
256146
199844
136249
180559
202081
156815
209436
197706
196056
224176
306202
166540
224665
179495
244511
143125
173465
166337
212835
258836
224807
162697
185133
180654
161066
165826
218541
220302
163508
162788
158415
129345
164472
177896
191580
205098
200028
258754
218186
190229
158009
152398
169525
113648
163382
181431
159222
148601
186629
168882
124675
150037
162702
179253
141321
171431
193069
165998
229157
132831
145046
157921
188155
153707
232553
131492
184150
158397
166828
135163
178625
148136
226672
142127
172574
139004
177401
139395
140685
186170
151914
171123
195507
166366
154368
140648
141907
253740
157598
145381
134556
135250
205184
157939
188073
160590
152967
217485
181896
218800
229850
139782
176692
160517
193225
146931
143125
163949
129381
145961
125792
142109
132625
198394
240456
209279
194185
162642
150195
203146
131003
180176
138576
164535
144008
153677
232854
48035757
43863721
39726283
35517528
31349789
27221495
23048378
18933322
14800271
10644373
6516316
2394561
211025
155557
183450
166560
157829
185572
166261
216165
151888
216911
228095
151632
142265
158119
170126
153167
139171
192720
148596
223018
174534
145059
148359
202925
134327
172458
214372
148200
193540
180872
152298
145999
135858
153003
180025
218515
131801
173264
161239
193458
145429
252095
131482
156318
162441
179547
132113
190159
213670
194446
153136
174958
154859
125807
154710
143201
184932
157685
209825
180783
137587
193074
173164
184303
219694
187717
144498
179568
209078
207593
194164
180950
145822
196307
138464
155209
151785
136810
159843
136988
171947
140562
226115
248394
171225
216847
209348
277042
194749
201420
150375
194759
160075
182917
172452
403683
149903
146200
146883
244356
167316
122256
156257
130248
135372
147194
145319
195222
149248
132242
197751
159629
154488
142937
139347
145649
200237
144363
173322
216949
171247
156388
183502
202687
192806
147840
147115
192943
157875
166473
146996
131948
282987
168561
188087
144172
259517
168045
149265
216318
202497
227690
193241
161460
152688
155030
204006
129594
153718
134699
167969
234256
172784
138905
162899
240155
181157
121683
185564
153172
232936
151819
183009
192572
247474
193508
173487
165926
184680
155933
239645
170383
187463
162486
159848
154057
164167
147742
156526
123950
266479
195114
129318
174671
154294
193152
151331
157953
158506
162173
145978
189508
181698
133417
135608
153683
216349
144709
185093
162285
183717
151275
122258
239826
212752
161830
155036
149852
161286
143743
166258
170059
126104
151296
130575
134752
218399
165154
196685
155908
195873
144860
211754
110198
155912
167801
141561
46640958
42453732
38310928
34166892
29971343
25824948
21673291
17476080
13347010
9220711
5040702
910805
134964
152045
207517
178983
177774
198272
169373
144377
185121
149076
152194
125326
213672
146455
136623
197626
137230
138226
141272
141265
143253
147170
171270
149635
139463
110196
141020
130864
149635
191348
163473
127652
167087
139656
212897
133430
132564
147320
138728
148335
164683
149857
146308
274088
152874
142576
191136
140451
149106
164504
169527
166551
186023
215880
148007
172765
131088
283832
139921
163348
151867
148571
146809
200300
163596
153765
154531
131810
142586
162858
148125
199717
140032
111688
158176
166376
143860
182697
156516
159625
139136
192281
150745
147215
218417
214084
137909
188370
197252
204693
163009
154297
166141
238210
202498
167526
198396
187390
139364
221060
134267
220569
220739
138058
156857
184998
164038
161980
154123
134558
167269
174105
137607
135395
188178
166684
190476
159624
185518
164676
151606
161071
207636
148695
191753
138317
147368
219144
143351
157089
130284
168785
148231
130217
179963
164182
137374
157809
175169
191555
208640
174910
193694
181365
145129
205236
174038
155751
148616
154860
147493
267270
140243
178716
188925
174800
164993
170299
123295
144262
190862
146031
119888
136434
163004
137311
147697
136831
156182
145248
133618
186580
176915
148593
176932
198073
288175
186719
208953
187227
144074
180652
142716
150550
177744
189164
140312
129754
147104
129234
160118
160967
164931
142755
141281
165111
185622
146284
171245
116740
179805
260460
178486
173084
133233
131144
158866
200245
295163
155898
142944
228154
141602
144625
145746
188298
163369
170507
185239
161694
180845
132564
149740
171721
191343
155294
298087
45435745
41262164
37131724
32991086
28784293
24631962
20479385
16289997
12163454
8058003
3879695
150994
145286
153657
171148
173730
141391
154868
197335
159267
172219
135405
155930
169871
126556
144614
143543
166528
145995
195148
165431
120569
244864
132026
184196
141964
181890
158468
148275
157702
165210
137158
122188
191346
181879
289975
160401
169743
170958
167213
163405
212326
141291
188875
163953
197634
205155
135334
184019
137872
166147
210139
173819
167332
155225
179635
137911
149687
171843
306619
178250
199979
151570
161534
160236
159589
132597
172859
154046
176650
137148
151902
178502
160091
153528
229211
134185
159300
136096
171328
178693
152589
203636
150702
194111
155102
131803
117101
123897
183525
158992
197258
141523
163539
155797
204712
148562
167841
151029
192569
127128
164890
132522
276216
150216
145705
158720
169370
140052
140277
172395
197715
195657
179403
172209
176526
141298
172735
169243
200160
140284
151120
152132
171020
260276
200950
137147
141493
131440
138726
215199
223562
172000
159336
153777
198968
147239
173672
188140
168298
160849
134076
129507
180419
143209
157664
158027
174015
159011
127624
161510
173589
154227
155605
124461
161599
157520
163389
130799
154040
176000
195756
167455
159057
134855
176175
199604
146150
146752
266753
146022
185929
168396
167602
152621
146663
176602
180285
203618
142931
171873
160357
211812
281703
133757
183355
155493
148283
174942
132012
169131
181516
185810
150583
146203
161503
157796
171497
286182
146975
168833
192992
156930
179257
164218
184846
218547
192055
209576
221323
230766
159672
167894
192878
222695
158796
174383
167897
237788
148302
160304
178251
183781
253541
255590
160589
152085
153340
48467981
44277261
40166574
36039224
31866051
27773636
23670546
19492887
15368922
11178720
7006262
2872623
151312
175689
151872
172914
163065
193345
134325
185629
174302
172185
235163
131525
167114
148883
180056
134254
137135
133696
109265
200100
139517
140004
137114
162933
128260
167405
183334
179506
135718
168523
205622
162209
217114
150556
131513
144301
185902
153033
145160
165137
157373
199190
157276
218544
183083
151554
243364
169261
125510
169313
137961
143959
155555
207529
186826
123768
145538
174370
183231
182317
137740
183479
142621
145020
198317
179564
124072
142217
141057
169373
156429
197258
137776
143004
168549
212951
184074
144334
151135
111220
177902
262136
167079
193138
209359
148322
189142
127385
200163
125154
275546
323868
141631
210482
137176
168104
163638
221887
206069
207204
153954
132991
154095
214558
136551
143016
153706
137546
128341
150470
173386
204310
168980
191758
159109
198702
181757
205994
155438
164657
148506
147754
186148
172711
184523
174959
211070
160984
149640
138247
149153
160810
157828
153365
247321
161716
152200
157713
234534
216826
159326
171035
141507
184361
141505
136262
174171
147724
177372
137181
149604
142914
139558
188426
117962
151258
157332
150412
144015
174424
171722
177079
286206
138350
150896
141648
164558
158754
129070
227892
143775
170788
158019
131341
181872
168410
164840
156762
172308
178964
148589
211817
108117
158683
122088
171372
146683
182839
156215
152391
115846
186015
188314
152856
170995
180169
153996
167987
131372
149030
151223
148987
152437
164603
157266
221742
173462
153190
171979
138745
130670
151446
130491
197474
199733
158593
163849
163203
158917
143438
132383
293298
251771
132700
150200
136643
168099
47378881
43167835
39034140
34868488
30671644
26501726
22418329
18242755
14047755
9864985
5693919
1566298
137193
129252
196553
176433
130175
120603
181605
227331
159004
225538
135364
147356
153606
147749
170685
195531
134684
178108
191929
170137
140364
139860
190775
163993
192380
205007
140180
148879
136977
292639
142532
168916
149487
122247
160848
146677
135399
151768
187367
155848
176779
168530
185733
201680
146484
144748
136179
168279
212261
146956
177795
153803
139635
243564
189034
171246
161229
170244
159564
227892
129627
175957
140324
167009
163513
156098
156087
146725
262149
160590
178807
131938
170017
184346
212346
174508
174346
135717
177795
183796
188405
149138
211554
155410
189841
128428
159084
154195
184589
143198
214990
141081
168850
146148
166385
125800
130980
171204
168837
142721
134715
187279
172132
135604
191391
197308
153505
174099
152347
178687
170607
172077
177730
136730
201066
187119
157066
166378
176707
137449
197824
199794
135330
195126
190419
158130
182382
192851
234342
143559
153102
156808
191060
161332
165174
212901
160458
174295
160119
184538
138040
190403
159068
176403
176700
136098
127317
148862
159402
167303
204752
190975
161015
180215
529981
130324
160336
154236
161416
124731
126421
157635
155674
169068
193484
181830
151698
167809
179536
174013
129329
168536
208114
235244
172319
194248
199313
182635
169857
171870
175073
213367
221703
157797
183577
169241
170578
177399
214881
171185
205282
191738
165359
187566
151809
291009
238640
141494
131960
149473
281655
215400
235181
166844
165806
148929
193347
215621
149067
148327
162555
192899
157762
161658
171069
176109
148361
203867
216730
154241
209542
190146
173871
155073
160532
131126
146400
45624172
41415289
37246649
33040180
28844059
24698858
20580841
16389278
12284513
8145827
3976706
175665
208468
165855
191099
157382
144561
173379
146632
158599
162941
168479
139266
152327
159126
147077
171746
185431
141239
147393
194699
209560
214019
132013
159155
180151
146260
190865
167424
164048
144920
156458
135456
175583
203903
167729
144479
177212
173635
146805
134095
178898
152542
126997
184404
241972
170709
181347
177700
177596
152563
215762
168104
222672
172825
177876
201547
161591
166978
148201
130734
138675
134377
200021
150946
176150
151560
161286
191209
155468
158093
198126
176857
148223
155676
136084
184015
152625
129705
169645
187313
147380
176617
175927
202652
190796
166613
288317
191019
223338
133469
146923
191948
166062
191131
221974
178851
157245
177864
228221
176486
203225
146809
189193
165745
180393
165017
130313
166070
213952
194861
164067
238552
160232
144702
217965
120807
170373
135064
260405
190751
152398
202888
141262
162849
159611
251107
138406
143395
174092
170346
224293
143433
174545
177033
164638
197065
226513
149756
184290
157534
206619
191151
311380
139335
188453
175219
155477
127373
183668
208973
157850
207886
153186
138626
155382
145897
302480
182221
145716
146707
225766
175492
222338
135338
172747
160334
160308
191798
142016
176770
144024
157939
143791
156301
133081
181485
154518
182051
137187
184853
183458
176337
142372
138786
156187
179402
180400
168752
153735
236839
164898
167697
132044
144523
160739
157317
177917
216632
171747
218893
223370
151434
160519
180191
175553
195749
140425
172025
163262
143282
155368
188677
185573
162827
137050
147673
196092
154522
162894
160652
150166
149046
139505
129765
166080
144915
201231
48020794
43834289
39676566
35534384
31365104
27225181
23036756
18834021
14678019
10544360
6371727
2258364
145733
193538
171659
154626
171676
138565
173334
229266
123070
213560
153036
155069
151434
169766
156881
187785
164530
120628
284682
162823
143322
219405
177001
174367
139353
142861
138503
159422
151504
157333
193195
165611
127141
177003
140441
137245
177535
172499
169132
165862
178649
187499
146940
140323
143561
152036
190972
164716
146511
158964
331938
157045
156974
188118
159878
189895
145108
177313
145715
181433
179760
192179
143887
176409
191519
164493
141108
233767
156264
164978
145057
133937
185140
150083
146092
207159
172183
192353
134665
177923
167312
116668
184784
189764
131021
151806
168673
127707
165021
207446
162458
246469
156295
177792
139828
150801
177863
297773
213901
163794
186495
130895
162960
312853
151591
201590
145521
144876
145375
154026
143785
195675
152775
200239
174266
186614
192421
166274
197469
164547
214930
211650
186929
178458
189047
161740
154175
135684
273228
158448
198659
165070
171513
157574
198107
164684
206982
155745
168388
258116
309320
169123
201564
308094
148736
154065
136622
155249
214798
188538
181505
144033
219734
122178
230136
161216
175197
191791
153327
163978
128264
198231
178659
259852
213746
263813
192532
315747
180075
199956
147693
213875
228250
196776
167577
200558
175303
169974
198067
175788
151831
177995
139853
199757
175815
178268
152411
220013
159996
188307
204523
262266
270932
192034
228143
203108
194038
135873
180840
217424
192459
172927
214363
170145
154551
145398
176425
189400
210033
191139
209328
170529
141145
181899
244950
218920
185285
160277
142009
141363
203181
148724
158435
166615
173306
325276
150472
46142630
41954063
37747561
33612093
29477177
25369116
21237756
17079868
12979288
8869876
4687796
610990
189967
197373
180990
178330
203884
209641
255263
160222
153612
174190
203063
170600
177666
165995
203254
154714
185819
173072
231561
218653
208921
135875
188682
184072
189141
124973
217452
148561
140792
152271
189694
210914
159629
169969
160072
205634
196497
178037
182935
187810
244844
136132
168467
141674
231520
194942
314866
195062
183220
164129
207480
195962
187589
192499
182108
234557
232855
176509
150284
143356
186447
175163
270736
222943
234554
187256
249148
228594
218241
160831
145215
194494
221169
196718
136853
267529
199553
162892
185482
154921
193552
139448
183201
156190
236317
146455
170880
183687
211902
208355
300141
221622
194203
159602
167717
1404265
312986
206696
250643
197923
168605
227726
204610
196469
191950
155745
139279
189498
158462
151634
216510
165224
172598
194155
175957
147027
184895
213024
174456
206554
208701
161813
133427
134669
240957
199180
193858
130996
176297
183789
225301
169770
209543
184754
146569
190359
145879
165965
247823
184616
197563
169778
144564
163386
149796
137823
144671
152312
312821
214200
180687
157426
211896
191266
171120
185845
189621
191214
149928
134188
189165
159666
188379
138548
126870
180766
174958
146654
219480
249306
168802
246727
200528
141974
211605
141733
168482
213841
206921
191384
195408
141411
197599
171039
189412
194389
218438
168360
143539
277410
193959
240080
185380
163334
219534
368985
139862
144856
153859
233204
272367
143665
171835
148696
174194
164015
204362
203437
194903
213443
165528
180591
138719
209382
233647
321155
255940
221268
205774
210016
222641
197375
188121
205881
292932
260935
49043983
44881859
40731036
36610257
32434531
28284212
24169443
19994684
15822428
11675366
7495173
3383776
184224
170365
229064
198969
161967
167476
148941
151134
168614
190260
206502
184623
190873
174904
158801
176076
182909
129472
204672
212642
207474
162571
190788
174251
279519
160117
127875
234592
163021
144845
241115
148484
227445
202933
178707
178508
161996
189650
177896
178885
178942
171376
183793
204818
273595
216339
146530
217768
172217
191595
162985
197604
127741
196231
268041
257563
163732
187610
172107
150464
197648
154151
180492
206457
181776
150830
230479
172738
146412
166831
144523
198067
146847
272726
205117
168676
148868
182815
159692
237588
138498
174992
182539
259000
176315
162262
176062
191130
161387
231672
145769
159111
192500
214383
283480
211275
128195
169372
167746
218997
175922
144592
172449
196428
202431
142232
147983
140305
219354
133198
189940
191101
163638
181404
116983
153889
178929
222791
217658
325710
215145
171976
223255
144818
144505
174205
180537
205437
155889
191060
154657
218067
170885
194434
184337
169588
194892
232091
232497
145976
187615
133767
238539
355685
198292
177514
176300
151846
162852
172515
130468
135834
167617
160536
196041
188605
208561
157397
164368
205069
229275
178417
147375
165698
169071
174851
184903
177785
207068
176313
202542
145167
175598
152700
203598
237148
201225
153458
194973
204462
168701
189079
223572
181786
209321
188212
149290
256362
170578
307300
137817
160571
204147
201395
196694
154285
284770
181268
168217
189287
180372
186128
181480
146080
195776
215516
143210
188611
155079
153638
192052
180158
137291
137363
148935
211680
159663
257830
160109
172059
177115
187712
189811
157420
183890
175833
194680
47504130
43285654
39131732
35003309
30809307
26691687
22572851
18374564
14207895
10092028
5919367
1808524
204655
145912
157350
188080
162198
159621
182362
158503
160969
200037
200331
152383
133955
127811
229108
125149
148802
179607
148523
158283
158087
164528
144979
165466
153379
208742
160950
146385
144580
155948
174817
186581
140326
206246
149232
178351
179581
144048
194716
205873
210615
156452
159618
184170
169455
223004
123800
159792
151311
143519
169758
136716
345278
139396
176783
159425
161307
189026
169652
150595
175793
164850
182974
129431
144228
256228
164076
147678
134080
145674
141204
148606
219586
165198
147549
205112
145886
147863
149280
191741
145954
232153
169235
162428
261337
153144
175940
142548
145569
238085
151116
135262
216135
180029
181962
160204
151225
219500
178784
202802
141547
176257
185828
225297
253550
171296
217043
197046
214750
213755
142885
210790
144115
164378
232905
189013
199131
180937
163402
190612
205982
171819
129190
196909
248200
183099
242095
228081
218891
148831
135703
213314
131584
259324
196158
210745
160956
192096
141014
160403
172788
197220
160319
152079
190144
258387
135829
161609
147043
262791
303714
158850
191596
135986
173719
149176
181774
231795
169630
228220
147806
179680
157161
176719
215258
156521
145373
212875
168665
195280
263208
216140
146178
173106
178161
152537
179722
175527
218177
175627
194551
184915
163080
138490
234663
206142
192644
163510
201787
189973
193532
300417
188496
168040
167310
203692
205158
203174
208505
152088
142326
151019
131489
213019
203618
142577
170802
175398
203821
149796
159471
145477
398055
215734
123043
162764
302011
175714
187442
174331
165803
214456
186373
154561
139627
166010
170193
46656690
42507430
38365419
34227563
30046679
25908210
21810949
17592875
13451177
9294601
5115398
986980
204392
164560
132419
221751
140764
162063
171423
168680
178710
186794
197027
181576
159927
158901
172709
202751
168454
230473
194327
181998
167755
167246
180690
219455
204530
167910
168297
173823
172558
120946
202421
200357
152025
140381
170232
165207
204826
174902
216411
282119
200136
170575
178442
196720
174638
182368
145811
164731
152854
180072
240755
177952
159431
205754
237916
237551
213230
227370
130569
174668
163154
303370
204702
189278
203361
136076
162686
178835
149985
188611
167146
209764
149456
200836
144591
143249
177427
162040
208261
210123
203795
199266
132437
136572
204082
226378
137771
192137
170301
143965
153418
204866
178542
229623
182644
171670
209314
150724
201895
152058
200740
149933
198871
152555
180471
236777
177633
159559
180046
170187
203836
208987
203981
195702
156000
338768
187674
189284
127657
222408
137429
331079
151961
187382
178575
173424
201413
167697
157394
152581
153315
149930
146071
174297
151563
131388
130396
152303
190823
176784
162737
266134
146516
239555
142258
183151
137553
155590
183377
193742
198496
139945
132372
237563
154659
186540
166052
204243
199324
214024
190308
183568
163084
212185
139097
146302
155896
163887
187613
216080
178614
201673
300262
194072
258292
170583
162931
172183
139643
178348
174807
132862
185451
133928
173794
220027
219565
173832
244519
159212
151635
134084
199682
262023
149006
153550
157323
158977
146551
134552
195684
216534
146172
136251
198098
162561
150171
153882
135503
147178
281662
154311
165232
163954
210613
157293
157745
182987
159778
160976
182005
140401
176857
252221
205056
141005
184817
45190315
40939070
36816459
32681950
28506247
24359933
20212578
16035458
11897465
7764860
3587233
234090
159109
152146
204759
156492
156939
189266
130682
180201
218399
173041
182103
160815
241223
181047
146748
141675
140798
180372
183539
183923
185989
130985
136491
152792
160694
179325
228859
136428
242648
175442
157547
157928
146267
157844
193555
192248
203171
191946
137046
192309
154492
144379
217617
175053
166413
213025
160659
229309
230254
222589
168160
160399
191972
214394
175703
142380
227688
188308
143548
146039
155930
230364
242468
165383
202332
139121
189399
209598
163061
217211
193068
178826
133956
123355
162705
238554
192586
165986
153227
168938
223547
233268
146885
185718
160349
215268
156824
180388
188701
178582
225800
187403
165629
199263
226556
144354
203693
144926
172039
161311
158637
162594
192978
183415
154841
153864
214408
220251
137254
149228
133519
290388
168624
173326
162262
204134
195458
183918
221335
177361
243841
210924
149727
163342
191908
192188
191773
313373
155690
183289
185771
247765
225232
180171
197477
225111
210432
171146
244799
192219
194428
182511
170111
238477
145501
164798
123589
211483
220686
198887
155298
158740
175225
167932
236559
170779
191806
166155
300790
233465
190012
208332
237210
136035
188970
178810
213824
327842
189016
150170
147610
342768
133921
170002
188653
170359
187556
170136
201995
199958
183941
229458
157073
201086
193121
196860
159191
185362
164356
147461
211944
193435
195145
162728
300880
305702
268112
193458
187282
158470
140922
197127
170855
196319
174274
159351
183673
242422
206806
229403
214523
155332
190711
150668
180455
139167
146815
136461
175799
150344
217459
185655
205100
206787
202970
174745
47349532
43176581
39067716
34948941
30732539
26595184
22482421
18308017
14203822
10074551
5933873
1815186
210719
289805
216764
204232
222333
169848
163229
160324
200430
221338
149343
167112
155749
164996
123091
135715
160392
137382
144085
185206
208029
149451
183284
154008
217379
172479
185521
157517
165752
176035
172831
149587
168546
143011
181986
155048
174489
