5268989
673196
521071
581714
588791
480482
506033
438001
475593
498865
348972
516459
443709
355494
513404
375418
538487
353709
347762
369021
527197
400458
295293
285599
312964
296723
343986
363119
286132
623319
434222
390904
311231
302658
388463
345653
294472
327112
296783
365080
379763
332975
299863
472484
280933
295074
295873
403708
394016
396887
435146
345405
509134
303155
371226
356481
342270
321523
380015
331480
416156
348436
372222
367347
435543
478039
364935
328596
348904
334819
303022
358153
342378
426182
329210
344228
308766
343821
301812
333663
303399
484255
376898
384417
351855
288148
288784
492112
352394
284182
287288
284448
315317
330963
275144
289778
400194
343744
303963
336567
418994
316363
290499
305135
323751
287892
334456
319691
305769
375677
313203
306924
324760
333689
294618
333397
421812
388224
333042
325412
381373
346954
303020
384723
329334
265680
348266
278351
397318
379317
270629
311597
317897
298702
401125
276071
394496
348797
358622
282947
322518
357641
360573
335608
284890
304484
346040
393132
394908
359250
288983
352027
350875
296735
294912
310726
361092
288177
318032
333302
368641
338699
255587
381377
387589
341338
389095
402386
408103
348903
311246
351033
277798
348611
361454
290861
303559
396941
353128
410780
364877
348030
309357
287338
329483
304552
331414
260542
293186
349957
267088
332038
313101
405466
350920
321184
357798
385030
400787
318151
311489
338898
336861
416478
360097
477198
447130
580200
630174
388939
452376
495915
334924
336529
388651
341425
290080
392162
368143
342209
284465
450152
358043
316851
481683
301052
346265
422225
384362
305058
326644
339705
276964
381932
367138
358951
287889
444948
353286
320227
280550
304781
372445
477252
390177
354104
273434
396600
330507
322730
324814
276186
328518
282167
336216
304684
282003
277823
288755
360091
289884
345245
374199
302165
297409
294370
389444
442998
346420
561280
358839
275813
375060
472453
426816
313992
289101
354948
375583
306608
276672
309169
355032
456889
295428
494380
382015
301962
335906
278288
338484
286779
382817
302084
402762
317333
278434
311600
326395
339623
351559
270228
280811
277297
311360
348715
288679
384288
336569
327346
300601
376820
373955
332871
323289
280404
299624
255702
330030
443548
311998
310260
357848
313918
356729
284925
287029
275855
328029
270541
284119
357687
303503
292762
336786
278310
268646
325257
277779
280183
341137
495914
346734
391374
338986
377961
288367
289046
351850
265259
341175
371156
402621
397954
308019
323535
278047
289205
278781
376892
352831
280676
332338
306040
324760
355692
287797
382949
323552
285062
306898
253103
320123
289814
271529
314086
349101
366276
342132
341371
316446
274827
329268
319269
379279
290810
313096
287416
273053
328775
255258
333229
324559
259872
268724
301822
266417
424605
318687
317714
235375
248189
300416
273815
295857
343016
304975
265137
238718
496735
437953
428326
312203
435234
300061
332263
322365
274869
424839
462195
306571
343058
377419
296769
300561
334322
275946
425679
261360
442774
344466
279309
370718
348579
384260
322297
256734
329649
347445
266303
656351
585375
568337
502037
629756
385930
416687
498538
493431
405406
346400
296343
511643
402519
395390
310139
373160
294563
375516
378414
408250
488944
431290
278953
319349
422502
353733
346117
413171
317552
396002
344790
400499
333004
297598
337726
323386
404726
340025
345602
401107
373678
259561
359163
330405
296556
268512
431189
350393
341690
453448
303292
343906
272024
389002
491970
406540
416812
431593
285464
277388
310465
465391
332387
281310
364253
318196
278917
324383
326555
347294
335257
401426
338260
368460
372339
341125
357717
287408
377005
263611
290023
252761
340016
332189
250998
402852
379225
331222
448785
376961
382047
435683
426976
326249
593805
622791
416205
403697
408399
325615
309387
293595
316062
273166
365139
329645
281817
329959
477201
375387
405824
375743
378276
288498
355461
293793
604293
474191
516259
310306
332958
346450
403598
428977
275805
356903
300360
381104
333731
293665
373160
384488
379112
334866
295588
485327
350459
317876
368618
336350
254215
262245
339377
272389
304485
270914
326037
323393
308156
332978
375955
290408
330856
365428
308033
330606
309498
276797
336148
321297
257214
259837
382373
423749
266989
260372
292203
318657
372317
249187
277638
367207
268067
271887
368655
361679
355449
305968
376282
357672
319740
329433
309349
246856
361214
345105
406450
265533
320854
294200
273062
277900
316450
531470
556740
516674
354621
303005
315157
326429
320895
280244
304843
342837
386705
324413
370926
373054
473373
347930
279515
257489
319781
356302
351740
305827
285418
398582
267628
300976
262960
292165
314971
410946
372862
376625
322858
258704
299334
258047
376096
391359
380627
395430
438003
594189
465327
421497
432321
435601
314061
400371
268215
416238
498090
370682
358746
387111
311386
395514
283908
405889
371239
404547
341987
302039
321342
359690
331859
506527
380433
268803
294723
362486
343261
363875
267892
278187
408961
323180
354871
293705
251153
281958
268982
257782
370099
259457
262005
296981
348045
319150
266182
356378
366168
298506
277764
404320
357850
293189
360753
330428
331306
331361
294707
275022
323823
298974
288759
320797
314392
367085
356590
376916
326103
300237
321981
408072
401306
273688
341687
351650
330375
273433
290867
348888
320175
360587
341226
456692
387721
316623
510087
498477
325793
276219
376755
270333
268907
273366
332135
279829
427424
429144
515873
362363
304297
277293
383419
419212
304446
284463
392100
286702
323896
292215
418629
346180
486254
317467
321683
444585
509731
655498
352358
355443
340887
359650
311147
274351
305963
465231
378032
446413
345148
355766
363879
334079
327695
329953
459726
323327
276907
292386
348343
339154
356390
482847
363012
357753
268533
302218
338537
280452
296807
297539
372737
354680
382560
315667
317978
281479
265846
364367
279315
309059
247691
298221
309342
340210
355239
366031
279262
316575
355317
263530
292796
330796
346165
299590
318330
351803
334130
347430
321712
473174
338363
322212
367908
272704
340402
288352
285780
394687
350947
313004
242963
323705
304601
262397
336800
247510
283663
232945
300062
244885
337219
277291
274266
360322
350541
346075
243245
232833
264598
279090
227961
409100
364351
326140
247911
269730
296635
280472
341242
315020
273823
276758
315456
347579
324695
308819
321144
308534
334187
275522
366267
386989
379370
505670
456060
590206
447374
289974
374092
425087
372380
374301
376785
294919
430781
409913
367204
376176
296269
609944
413925
435476
344242
398099
280257
251945
281302
416566
308086
386534
253648
309738
278910
321644
298202
270136
269853
310940
330107
309424
533004
278500
251475
319563
354528
303073
362755
284963
312839
350540
276567
319222
317219
335772
277146
327875
356506
255088
245905
335886
251568
499473
262159
341599
258659
298456
298115
341358
314468
353905
232069
238835
318177
321577
304854
295954
277696
337509
385839
383559
329023
384326
366529
276497
375158
313827
393777
359899
367039
374705
348305
359002
299776
249713
250210
276127
275466
306924
317939
292615
334864
329243
596611
232987
220957
273342
363209
323709
341082
223195
277801
360664
275436
271816
419857
316804
378521
386974
471068
274076
256421
473433
328266
314464
303575
242931
256634
278096
309781
315607
291791
257888
240082
304827
238750
306431
264763
242858
264229
329049
285779
325769
252434
305558
317079
316812
326208
264417
236904
242184
308429
265443
371699
235712
275345
274705
265552
291723
274151
253538
257847
375603
353517
386987
260417
228040
281163
340317
275288
268046
236627
222488
307790
255429
274673
299458
367452
272799
273127
256603
305266
266612
270750
319025
251987
306105
319172
367685
309672
258821
239899
305731
258264
328543
364023
295448
341935
309323
397892
274263
542271
411776
403639
381190
266151
307921
266305
239132
250369
312644
247052
288299
242159
211933
304156
339994
270536
304330
316515
287052
307757
292947
456411
288784
410767
253494
303195
405004
240083
238754
225450
344775
274537
251881
394158
527459
392723
406882
426624
360720
389573
420327
473760
407241
407051
419336
374856
484199
451063
505910
503385
511706
405965
469299
474006
434557
456364
345528
456840
373052
466220
381997
360762
345245
334683
320402
278567
233757
249759
372884
321006
384418
369256
353209
209414
330295
283287
257600
237890
249883
383806
287479
311375
303701
346902
332268
294636
260421
314667
311776
321109
298678
304047
326661
325060
296435
294395
290563
285668
364728
259414
294414
257380
264787
311600
282266
254323
355869
247899
413158
362069
351759
263678
247099
209664
315869
470421
364359
311785
269555
262326
319386
329166
347800
282221
362444
273671
347721
328624
275888
293002
254005
256415
313344
364282
309977
320529
314593
336180
378267
356114
484576
292995
380431
317860
317630
222631
286127
301135
308368
334859
356810
456510
256699
264049
311752
468130
330687
456540
448281
346233
272689
341830
349715
435656
402920
467027
458980
448060
379249
404576
348419
307860
290114
359187
318165
390766
317770
332425
336962
362135
290999
371692
280382
295188
280010
328094
331672
332682
355051
346102
271445
481994
285861
325500
415171
439158
442833
313942
484899
490903
412116
346228
571658
377038
275218
332713
533443
344203
328991
321414
284240
358204
393178
310021
248755
315346
365372
366920
287418
301417
281904
360789
284776
310027
282797
418005
310730
295296
407045
312544
270242
322994
262883
341054
312315
272825
325952
385179
292461
415097
263369
351312
294878
281116
273882
354939
337458
263755
242085
258143
341955
358646
304422
382104
349289
305983
436948
361371
271413
260825
264284
345230
335027
319511
253080
338880
267309
281146
264637
307773
252205
327091
527869
554484
500657
455241
332646
340322
327775
402261
357791
284459
265788
319811
319219
282961
282854
323808
347535
346417
267057
334431
270085
279420
367654
272400
280063
307017
288167
302393
403544
276566
259705
301879
323281
272051
298861
297068
313703
367122
244257
340126
315658
293505
246907
365010
315891
498573
293410
274501
306596
330703
370925
267965
259964
327552
243927
280593
292522
344116
325191
342585
255112
304991
307031
338108
268561
292231
238230
328254
279014
286613
323232
266813
398143
389778
318143
384086
349440
311274
263855
455401
368827
355452
272697
326654
263961
382479
307661
333887
340828
286042
311690
280899
350699
257799
264199
328884
429032
363344
371717
483215
535733
378386
283502
299833
324846
361266
273949
346245
271683
284282
258064
244130
344243
346632
254933
275573
311295
378993
431483
407381
479498
611248
536072
522230
345879
513400
422750
319181
317642
417824
413767
386373
408753
289812
541330
345472
260362
432913
311941
376677
356361
338592
354678
244278
252757
258253
307539
336535
418008
334746
428981
280894
377369
298069
290972
326694
296424
402409
429603
383881
290755
321726
314232
304965
319261
324254
275674
384759
313821
289209
333382
284281
311404
369511
271972
360621
278750
454154
359346
310991
426869
424996
341986
295306
313751
301995
338752
338406
314280
256007
309862
344470
421380
239783
270160
279415
360772
325252
367392
378612
374414
255334
289903
376027
371347
322641
306722
304666
382945
313318
456350
273009
323090
304524
239952
411084
238183
375888
235919
252729
311022
346827
412772
370265
290979
312516
297642
259871
273728
297529
356801
355862
338549
259623
333536
319137
495881
525911
330836
444367
437217
603698
578803
330304
306433
610840
439657
587209
424741
454987
338542
429817
460344
530176
342587
358671
420691
372897
284116
494812
384129
318566
396440
327854
389996
328527
364751
371133
420968
316837
368712
279221
364182
331987
350457
369165
340588
316517
271676
534926
291909
310527
331357
243900
284840
308424
253497
251712
249660
273035
322098
365549
349238
292363
301878
261936
309694
331974
380157
309262
369112
358774
358476
321346
251257
257756
513240
763574
586036
346850
395860
389619
354328
327604
281391
369335
340879
312242
434675
307485
328942
535135
439310
415018
513534
457818
351929
474579
523456
492469
545167
455598
365215
463151
402034
376208
391853
315969
410111
495814
340010
319085
279126
298549
264480
273564
286888
328383
417414
265623
274132
878548
342814
467343
447334
472408
572684
405664
494925
552538
547826
335348
622024
406395
417986
457415
494129
442787
338536
349407
439803
389690
478358
564049
385690
393123
393042
326061
274124
285049
376192
343418
429248
318535
400495
393156
432797
462446
443777
415752
611083
438903
509007
517409
323012
360761
362868
448987
396088
282732
331708
407329
285031
497281
486928
324951
276516
369948
273141
281166
314462
345683
348082
447198
350067
297687
334591
356007
314426
302588
362672
240531
255130
257798
417530
286048
372275
287998
381407
269504
308302
275490
243555
356297
312096
313799
341027
304359
278666
307788
298209
318082
336245
250158
237167
245244
283271
346767
222759
256468
259844
235408
309902
322237
322013
219751
260196
279672
222597
288038
283025
242133
391730
289744
227812
318579
267805
344169
284826
233519
441751
569147
577571
481768
432225
382407
513268
405169
568550
471629
435135
348932
356734
337280
295764
316340
423188
369579
329111
273575
428604
336243
370291
259284
398375
292306
391806
250949
247992
277701
274964
372917
321493
320248
257605
324342
362234
325605
237236
235121
266211
310727
392043
289914
300469
250006
345363
333321
479162
325184
275687
365416
266420
325674
250971
378274
373963
427971
310593
311721
247237
253840
255057
313105
305404
305977
399254
246065
393784
320290
266627
273022
331987
249820
254444
260923
284015
263803
315696
255212
345263
353229
432290
367245
388768
270272
274764
301540
266056
234624
276515
316643
273216
309318
265549
365557
313753
249430
271086
404224
327023
241506
320614
473958
322259
318012
288770
350828
361680
283947
297716
324521
264807
385273
581551
438832
412479
377769
581936
619263
369213
302139
374332
302441
306825
305688
257320
263658
325478
257898
344832
293885
307613
319920
339965
353885
377597
569182
313231
354407
329926
453019
466289
420535
368246
256472
321340
323797
382301
245600
305262
478678
311838
347566
360775
329370
269167
296176
357559
370663
372205
299817
256724
322946
443361
306951
233549
348593
374274
327249
247527
248425
279184
337251
346992
342517
333469
250597
296368
294240
262188
251949
378384
311787
302202
345060
370011
256801
309150
343665
268648
371122
290833
385482
329374
295703
308255
219815
321666
238132
285651
325349
299121
356820
258893
395883
284268
322893
272413
252323
272290
234180
242572
282172
396146
371158
277073
372185
315526
262817
255385
317851
263727
301666
242487
262939
360183
325665
320157
407557
310765
292310
359347
395073
434476
306797
284310
326647
343398
251719
312863
243452
238215
440609
350190
331611
242026
350661
359961
288931
236063
305919
346409
307109
333055
312888
300241
357154
342197
350755
264021
317331
317367
239971
260818
308982
374929
308021
536362
331734
303803
278385
278177
271583
227767
267136
274041
269122
324907
286064
310876
341835
255220
292191
267680
246068
281078
267867
339129
314720
289158
253371
279464
321085
289623
239730
217717
242834
292420
256347
275078
234805
235614
234088
288463
241005
264349
278320
345792
297314
241999
317620
300545
284315
293472
245690
295209
240540
237533
272021
353529
234152
317084
277763
314098
227252
320848
235664
293820
293226
309169
354326
295157
240717
226507
244666
206014
217859
288575
222360
317868
263378
359332
271308
212754
228735
294077
213430
200277
240594
348251
295391
315443
455558
462485
509589
454819
301558
308053
367856
338879
306671
363154
343779
352132
320733
315763
398097
272288
372463
262897
290391
269303
348414
261702
345507
306253
263138
253469
255997
318175
290005
414770
413095
300376
366443
335817
363140
233183
254236
311027
307989
255146
348974
354626
323800
338297
468546
478282
513981
438991
441527
580208
362721
371736
491068
323402
317290
324761
499459
314706
455884
413231
522175
366808
453577
396274
372654
333422
412524
289694
315217
522483
362735
431672
299930
403685
328304
360856
303589
266777
298521
270663
383268
341891
364286
287050
298450
287892
255774
281955
356986
295345
280098
241670
355935
346888
348228
331577
241396
347797
281643
246590
422525
305620
260423
317687
342478
305382
233322
311701
362921
295550
277461
263335
408973
257624
244371
248839
273300
381537
354149
421424
288570
288859
267436
231627
264380
257550
338961
314692
255180
263174
336837
304058
292685
282091
331013
242894
279515
304461
240377
250387
299948
273386
259662
346753
321308
378645
520647
328409
463683
239287
364025
281708
359030
269581
364467
371460
436234
425556
340760
385160
388135
451903
289998
282403
292109
265914
335855
295688
259792
259499
322910
336879
263288
326507
397281
314875
281205
320240
357155
258819
450348
360718
293737
325565
272744
300337
259764
296122
369087
319127
432733
337616
236379
247167
355250
277920
314125
287305
368099
354109
249727
245928
269115
227865
250351
273687
357323
233257
217170
281428
243674
249009
215155
310084
256027
339028
245575
339516
1014059
351966
358056
392939
324967
317249
313862
339420
298194
307947
239979
244410
284254
341269
290035
365415
553200
307555
308802
245780
315043
346118
256567
256127
306889
270810
329125
228750
346697
297804
299301
284389
215200
237186
291881
297872
271502
291644
280624
290638
318472
212219
318901
273612
297161
250134
253370
237416
226108
226236
366147
347539
286550
346944
272555
355971
262421
298929
333845
314440
252582
389411
364633
313768
353051
326712
347508
356777
296516
286917
259345
320513
237725
245893
309883
257995
350791
329086
288548
235234
269480
255629
302677
337757
296000
240048
239308
365393
248152
244893
265390
313357
275301
295212
220205
319747
254111
240438
368624
280530
367642
235882
280364
254643
353287
250408
369415
346433
262822
279735
307079
325155
298140
344710
250218
234588
337828
309320
310093
265008
259635
332692
239110
298610
355690
373773
251576
252722
289043
378867
264935
294859
259500
349534
467566
376020
330032
536196
339125
1604242
457738
373760
297432
365270
298636
266600
346587
341515
292330
293585
253904
348960
300683
379901
309100
310037
312071
292496
298104
248382
237826
295313
333639
249586
247971
288378
243428
313707
295293
342152
270135
229122
336536
373475
294505
399914
310229
311450
306114
307211
496878
432339
431631
324376
249400
253368
230374
254175
313181
314591
246978
295366
227906
270787
284134
259432
296336
222319
288726
354718
271997
252701
374608
303956
349325
302817
358222
290072
287476
308606
243472
337225
293319
215546
298156
223384
312252
315908
306367
295329
353511
457038
345093
624575
372641
461317
421328
351078
298443
273922
395181
269619
452120
317741
350767
326206
358245
420804
380373
280152
271540
255329
287799
284711
459413
370307
431394
500667
356136
250294
392024
494564
432985
402391
347460
320917
463525
400151
467765
245872
279797
296655
345804
474716
318364
306324
450785
395787
296347
379964
272294
299979
264342
299039
253459
339329
258956
361888
281367
330435
301661
341889
302039
317701
286602
330099
268381
237695
282022
252006
361245
416466
279122
302704
292095
238875
307799
237123
293477
350045
226968
310388
283296
239655
255803
252693
325927
338090
460741
359442
237302
346716
298368
256816
364377
252129
415912
234796
330212
320087
285630
257143
370199
285760
350227
257681
355494
227463
298082
320791
341126
273177
346458
291509
267014
218651
252380
254664
241894
256585
274221
244979
315260
352741
351133
219549
252305
365278
344682
291528
288257
316598
298911
292385
297852
273319
318410
299329
302110
294349
238329
303829
421600
295247
290765
247032
325797
306313
305590
441432
473424
355251
484876
354717
406755
496234
471076
247442
281892
292328
264969
252799
254348
269969
294432
391157
299426
261031
287272
250489
280877
237303
320064
389190
342524
524045
357770
239048
294047
317014
249015
305866
257938
282026
281573
295512
297395
289671
229383
243267
324476
339242
336955
284527
323661
290334
298538
313993
254131
296513
304140
313663
255792
336236
340223
375478
301316
313728
422053
318112
350268
343054
297772
253092
274665
422505
292480
237222
228184
248509
298671
414568
365365
321775
353976
285393
238704
455896
284970
257487
264787
274831
228851
248030
268373
366051
235232
257932
389135
267632
284958
436350
294093
260193
247924
253380
295980
288473
382772
235452
351465
333937
353857
254887
473735
472412
447383
315415
295732
273002
376552
272772
245443
307202
308141
280968
409107
466960
487489
273104
389284
282454
395768
352788
257174
275578
254117
242544
358873
310545
321640
307820
262741
245468
284229
332088
239933
288825
304023
287705
281534
242852
243111
272131
240671
277369
261343
225308
337697
287182
290458
310888
290433
259133
310637
320109
388342
389375
358376
277769
356998
374765
264192
383116
298784
355414
274238
253982
483361
356019
283215
395854
357281
315939
414944
386524
493121
300641
369205
291296
262413
410969
247564
252164
261633
284032
400329
303165
397658
258781
273673
242680
264175
263832
216279
345673
380727
246388
350876
294075
314694
309496
344311
364828
259504
260568
254035
314998
313446
297277
333889
336648
392950
303124
261678
293370
383623
215820
291191
292565
410607
308147
304297
455857
612049
465091
334220
495105
383803
441395
540005
409243
315753
442577
516666
292961
326249
361990
371231
291463
342541
284410
386625
299832
282873
470665
258019
234326
301854
222072
278975
226118
384211
319845
306569
204887
249765
277410
335763
256884
288586
343552
302028
336486
345407
368111
270487
304856
302725
230606
379653
311322
345378
420727
293358
520834
399534
297881
373569
292922
406041
248356
383869
342382
310496
247150
247906
237996
394132
324890
364379
246282
353863
253429
371873
348235
305912
340290
317110
274844
353757
346321
454861
288441
369523
301027
258328
254677
529845
390178
392320
355953
249609
358380
397256
389345
376428
455551
504588
298237
250323
404949
277873
276833
414083
555643
530606
499620
348421
462317
360609
291199
480200
544262
592329
405855
322758
460797
276711
426160
335907
412046
428615
577050
298983
355941
393598
433383
327760
452049
301902
608900
503515
604166
436264
428576
377526
299791
456182
399763
342101
412437
348913
366472
375044
330651
276021
309070
385941
323020
345645
324523
305408
308315
278118
294408
257126
314331
338410
372983
275230
440852
264760
319668
774189
308905
230838
304368
375923
281211
283985
316429
332557
294824
302675
370142
309358
318013
323998
285601
348775
441617
346255
290013
259321
282349
366041
375767
379563
373604
353887
298882
471487
257670
498309
341328
293613
356439
342966
329678
319261
315238
216429
245420
244407
350724
328712
347937
372898
338861
263581
252807
292815
240823
285174
279548
300096
365775
243795
295128
333829
248699
250376
224499
305455
221116
334155
249248
344533
300647
224935
289008
281343
366583
251032
245504
220864
297479
294813
229950
329924
263638
292666
284587
303184
467651
408989
318310
543972
519038
394130
369690
394807
270309
469800
269173
359333
265973
384235
328001
285116
336508
319637
299655
299711
229812
266840
234779
250836
253495
353773
230607
302188
398610
441749
408879
381109
311282
316351
279632
378782
476132
352808
306531
306226
263328
251738
323353
339596
215808
219461
200019
260634
315752
295927
436820
344498
221740
346606
285943
321637
389836
269490
293488
262688
339416
299416
247557
341998
342986
332257
225443
356969
298571
327223
322491
282930
278245
331014
284450
382828
279257
244989
307618
250455
437246
242991
237643
306181
349343
344603
311003
322038
355928
462551
310071
289995
299002
315149
229117
236248
344609
293678
302913
325596
453585
242099
288204
265417
328090
316803
306111
242052
360499
290814
254371
301023
260610
261099
265734
359556
223129
292140
249414
304408
303759
487792
466385
378176
500347
376119
239868
267132
324414
339157
353403
351920
238211
218178
347731
573422
375612
392466
474055
465297
338510
318049
346611
437432
481584
404339
350697
332324
309232
297418
397156
321589
291682
397779
528612
368729
485327
487398
468871
321166
345120
300385
321826
356935
228796
344683
299409
268211
219376
334583
253976
249506
281195
242223
211339
210041
204149
266045
225287
268973
302378
226567
280263
298925
281271
259373
258823
203703
277217
274885
275933
314143
317441
214765
189789
223284
305350
261112
308598
277447
235790
274114
293898
307923
290316
322927
349020
264006
280969
256260
274917
275304
280166
363178
323836
229906
223882
230873
289351
242730
245351
302746
251441
216916
352492
333708
233189
372233
311649
330409
283132
283936
247636
216892
280237
298625
291704
368810
455961
321762
333739
414138
459012
346711
251751
348725
309638
293191
447386
249405
360628
406856
306905
366746
277533
353150
242680
249945
221149
239823
340150
237293
309461
344401
349793
315709
395272
316722
353172
375768
382981
436983
285588
476851
356888
270318
304520
278169
216165
215518
321848
282194
287711
374763
230799
318656
324107
330297
306149
396619
294226
266481
338733
211161
267058
235146
395457
271689
321026
323770
916269
303950
263699
259554
424002
307314
251985
267492
277847
342573
289643
398616
246653
277633
279771
243465
302345
302239
278863
260024
298430
328026
322981
275912
356136
211488
273690
367120
295625
240821
282838
349357
318081
243235
301007
284267
279485
282046
278277
220982
210341
275263
412385
391297
229200
316997
295726
297444
390920
269586
347535
414978
439996
410548
382917
432854
407028
350855
282690
312141
339828
290126
358522
332339
247214
247073
457409
336722
407462
413418
325771
414666
368904
245836
303161
294190
284848
333614
262228
651705
286760
273274
259042
284346
294654
248559
231822
234100
328263
338239
247145
275787
237288
274987
281900
223130
299784
287946
288017
351067
245864
213868
239725
283532
255344
294525
265232
333969
208463
437921
332760
317634
310645
305102
308577
241364
245005
296472
256904
249431
307703
283100
321896
278665
301007
236312
292075
464035
346394
395987
291490
307963
292461
234252
452288
267317
286916
282709
294140
412982
351998
284009
354480
208096
296552
304924
300161
319032
331332
227153
231793
274798
357779
333344
242782
283521
315039
278709
285608
202575
220242
291098
491236
250321
230166
267935
245535
257787
249923
243037
193848
309849
463376
397305
283366
483370
448346
503001
389101
434624
291998
411332
338280
241180
360570
371590
300408
338915
359935
276772
248425
246400
289303
322372
363517
226901
259863
262184
308644
479289
345864
291647
218561
220760
251022
234153
392002
269139
245221
276832
341030
325730
271114
293278
263181
330633
348442
359660
259360
315876
233072
248007
251992
371006
290806
372380
213438
264456
271004
234492
260320
211207
267428
271382
279582
283432
275849
258573
199751
296419
304926
248333
252600
271327
326063
383367
271748
372194
264902
229113
295127
299908
297101
223013
236009
321201
248780
270968
265433
238744
269393
203878
213712
275924
213875
251473
236061
298814
316037
325418
335486
315822
338024
260208
367775
284617
254246
371374
341390
215548
226504
229673
214274
202537
231973
276385
281395
270247
255762
445754
420807
307027
343952
455420
344485
414501
391320
299987
292691
392774
267633
227150
300053
240206
309189
244941
292476
286828
350739
254785
287745
305198
241900
237967
360256
253011
360647
244961
233153
424010
347818
342419
238912
226982
318346
330741
324042
289588
332006
297505
293654
311909
354061
293547
235225
296668
293066
222471
245448
220723
301681
248020
322673
352597
272184
262558
265953
252044
317325
353435
278852
291945
273705
241349
235491
276545
303475
207839
294368
300160
270125
256117
243193
310943
244040
293591
262707
233968
328816
602381
296149
330230
341180
267546
305290
279469
368392
320748
265587
263427
245815
292686
239712
251039
257942
296216
280009
233933
299624
313924
273531
247440
250687
324529
232425
287811
289025
226332
206873
266675
237472
306179
327529
219933
336528
289776
410732
289032
531349
403880
344999
271784
385718
388436
450994
307300
539774
489789
340202
439613
356546
373070
338011
427131
375219
345068
303231
257739
346575
289771
290636
287764
353068
261125
263072
226474
262166
281094
235873
348733
236049
240945
325547
269105
289184
206247
267165
313693
315600
233538
240722
223234
203772
264774
352255
272948
213057
217932
240947
359014
224696
245201
265113
240205
221894
327655
326099
241764
298997
301012
287243
229782
242668
277684
291804
297763
225841
342455
324994
337231
264752
219817
219236
196871
359463
321141
299756
285135
235357
219649
264603
314445
233372
297361
229869
312721
241911
239395
256178
228784
287129
292066
253979
245613
200440
232581
333580
333664
290031
273032
236709
223783
288052
235393
250268
396114
302943
318330
266400
241530
303291
286274
279238
276743
427635
370102
299409
239764
224420
366709
301552
284598
329468
428687
351025
337919
301058
267321
351952
342336
298809
303562
268918
342420
233378
268918
527709
584550
409881
307945
271684
291123
344674
284651
299661
278911
297674
235981
373326
278156
285964
290552
261088
302892
214874
238654
239093
302999
268263
280221
279921
368160
318433
272395
233277
249007
306181
316907
297592
381080
314994
305128
291361
319879
283362
303247
249186
281277
278055
322851
260518
282359
343079
250624
287644
218964
396201
288889
326368
379842
343460
297579
449053
355137
347374
331623
338110
231276
282013
230184
269583
272109
329022
288028
241248
348816
325755
245828
279391
218282
331078
359161
282226
230800
243179
262679
342081
332072
274224
259321
271158
285035
355795
306312
277382
230150
195273
259724
205490
366153
256815
309932
450167
497405
301402
289843
269781
259356
318592
297208
289491
313053
283729
299337
269665
244357
350892
262652
293581
327520
371290
308530
309048
559048
429302
663309
295822
545151
419780
361115
543450
564391
359204
319062
372717
401640
275456
497971
496910
366679
293676
344749
642858
480890
385862
267654
270401
493255
453735
321646
413392
471299
379589
419509
435870
453398
356948
376179
418309
560171
364824
386353
345153
412998
341688
377457
393375
281225
247596
254976
218448
319887
325027
362771
501191
439635
285970
490333
464054
361737
304487
282697
394290
227005
249462
448613
442537
377420
242410
287215
318847
247706
250000
299964
324976
302261
326999
304132
262711
340412
393697
323168
257235
312017
245250
359251
272808
297897
336578
369720
282404
494827
318987
306448
270749
270508
271332
262103
605829
457310
431566
377360
480372
426746
448102
407902
314291
510380
421497
311066
391565
421869
414438
374994
431306
336971
288581
292915
351911
348364
305559
253960
296967
349485
209796
336050
317323
317529
305826
236896
227992
332928
402744
257691
332550
351495
354230
369894
367317
278698
296516
309230
318368
252703
369670
363031
321703
305383
309080
266217
334930
309358
340931
342193
282513
360622
271453
252896
294779
304760
256328
392493
306177
329869
310903
384349
329440
279318
215201
315684
283269
232661
260447
307735
254013
371837
276450
290564
399538
348651
274343
246630
334641
339200
278917
330421
356609
245391
375843
494705
348049
298389
343804
302128
306328
278741
246498
303635
346011
326413
336641
252420
294799
307281
263804
298165
235237
274197
224824
301016
282104
348514
299995
321890
1457475
543816
492161
314200
280580
486842
302505
474054
482611
503928
356030
281310
431472
284686
368402
313248
253678
324482
245725
214740
260056
566994
543406
313177
553107
414973
379267
340791
409889
526360
411954
294586
412128
265586
475826
352692
290756
366553
300389
283178
342367
290711
257504
259652
329301
288280
268858
344941
300852
266385
230590
301277
236922
240628
298921
238060
355887
367826
362727
260883
356627
231956
335453
305430
359550
269441
242849
258739
241936
417839
341044
421049
272520
286600
239925
298617
348089
256434
283894
289236
300075
356725
257203
336139
352304
273619
315847
355541
226781
278685
452941
327538
341076
341319
339235
285477
345579
211684
295320
291945
258646
208020
285835
224200
418570
312765
287795
277033
230937
251755
358443
236721
229833
298388
238134
277132
232237
295167
277529
295628
459816
360697
347031
563780
437709
534110
328175
303829
392061
352368
397283
465037
446906
324249
242504
319281
286133
256843
217598
347584
286168
354898
331011
258372
263181
249906
265034
262114
284331
354098
226852
228481
269792
368319
327214
292628
226377
259127
347045
296706
295318
304044
237749
227199
295559
232731
216365
321199
309392
474934
215353
285626
237130
243987
255924
276262
232363
292518
378585
322871
260187
286899
237474
299834
194183
328658
386812
359770
463867
294646
391944
361611
250421
394491
277025
377190
231107
273137
284482
291485
310168
320864
346046
195012
212235
287307
205577
185793
340806
363543
291560
318785
323812
299939
427539
455196
459514
308007
228075
267678
363479
277953
334971
352622
362402
303303
249787
273340
280850
263545
356818
333612
358946
250206
234758
310920
386500
463645
431548
499608
536520
559683
346582
582537
342729
347653
519690
273180
482005
557930
443032
320648
307975
617123
515934
517165
551526
301857
366932
294949
364625
235455
274619
320674
365398
306069
365279
307134
311605
373130
305140
303009
556307
357036
340760
298891
242933
235740
280179
463907
354220
350579
559678
546518
599971
480234
394667
390296
301157
385469
392187
440721
525327
440608
367198
297496
318608
311929
264598
441049
405320
300377
253859
379285
376775
355948
348640
329006
433659
372468
370012
362472
333794
270006
345966
378470
313088
278927
351161
375494
288973
316426
327497
392518
315366
321006
287380
351428
287251
416076
375970
300599
290873
294632
253618
254252
283424
339701
429723
422784
344817
316180
501894
338894
279547
346772
310202
296249
335242
249937
305082
230303
255273
251158
390695
388475
393376
454328
495873
366696
307258
296125
370419
414188
454897
428165
306229
278293
457292
423617
426466
369956
503697
430892
486612
304792
334672
322243
350405
357581
353626
314148
271981
340412
298991
329483
346944
329127
350546
293354
371159
356276
275249
295851
332022
302896
356949
337609
313517
406986
313985
356048
266714
322309
308064
259968
250477
254130
232819
322303
287795
345929
290396
455627
290051
337518
281061
252385
285009
293664
228041
337198
255023
249977
307139
282009
283471
209338
277497
329524
236981
340723
208497
217974
340535
282020
330407
306037
353238
236298
223917
266790
278383
243826
225235
218027
248945
328516
312739
276656
263990
259608
312372
228133
268731
261174
217579
307743
259105
322725
334680
336058
279561
476569
351307
353115
291925
460447
345542
395256
453572
294839
290319
306318
420378
422609
306232
591117
580700
528811
434668
329342
363951
389906
379661
348378
435432
375357
305620
413593
282089
336386
392087
579333
330244
375568
311013
709323
513051
383803
424560
478656
346206
383846
520228
325797
278421
368018
386044
376618
241479
307390
345308
359310
340554
341582
321315
233267
269217
220354
421677
433315
279257
362163
439405
324237
266255
245033
357322
379352
309091
383037
289141
236740
297060
370591
272114
297581
296878
285366
307466
320203
391412
254751
335744
224329
251440
245812
406818
256547
247114
281376
223996
397702
329466
254539
240924
383395
276721
300312
308706
237389
274943
262519
217171
413754
311845
410403
292982
325469
348682
279478
340353
325114
300731
258680
220802
294276
337604
351029
242396
247651
299721
258338
296206
391082
544276
454100
473583
355374
575771
423614
446961
302036
422654
467298
485696
507156
414726
391780
412059
450798
514132
470102
386398
409682
406526
424250
359763
240872
282721
361332
243473
287299
264511
223789
285176
217830
350737
282654
295846
279894
275852
280799
201217
284145
254265
263759
267949
262867
223278
260683
279990
289116
292685
232337
356075
281090
236144
285077
330529
287439
320061
236498
242156
269311
260531
325465
247211
226109
232835
248529
476526
369522
360152
240310
249043
312336
342299
261671
256778
300917
249698
334319
231252
273731
426218
204861
213894
260052
283337
219689
288547
258280
201290
216124
217695
253210
255383
228625
245297
227685
259324
311237
226739
227290
226327
237855
241023
212189
317006
298214
294348
244998
227163
242506
195098
254551
251939
201680
239775
233763
230220
278623
229296
243710
185617
411010
433628
299496
500186
403890
434055
361644
466708
507014
509454
346282
340696
311564
496760
456215
451832
374898
316275
489144
479426
356752
352519
435210
471938
415118
345277
361924
390122
280975
258310
210193
237754
286804
269537
257144
303957
300855
349108
265059
296610
238824
216172
230961
480549
293219
253299
213221
329127
216796
228422
311323
254795
297811
205957
219223
205719
293437
244739
269105
301066
323060
302336
191006
298373
196398
401111
253853
261074
345127
357571
298251
326606
298741
255318
205953
294218
253704
281969
291577
331583
358472
286232
248359
277151
227442
298195
276736
248747
203105
209906
268615
309612
280553
303767
223690
232642
301261
215960
194191
265238
281774
282360
263152
269264
242164
329852
345889
254001
203449
273007
271554
260495
252051
225804
249608
238550
253041
481174
508783
558175
369402
372570
360994
399344
267985
441722
355987
322242
405971
293543
323208
241748
289923
213022
328959
230700
247834
281079
328079
255883
332260
301710
299300
332183
231298
220207
287778
304111
327723
346283
230923
459764
341161
300232
319521
341522
289313
823220
334354
372921
292590
269601
394097
373157
354744
277283
310389
254726
308135
239284
258155
282326
324013
335479
267205
339944
227941
287405
261866
286828
373532
234803
296375
313831
246513
236467
254848
212863
344820
300213
302318
578003
242124
355625
253758
269301
237574
303805
303323
253458
294757
307473
217426
295065
290283
273862
253207
287840
341529
295032
241096
352632
361578
234831
362396
276681
254166
240306
232445
279689
291023
465553
329696
224537
291889
304567
260422
231252
326265
315617
383226
309809
327968
244055
282102
418337
464657
452002
431463
333772
425375
490051
339453
555465
364204
447087
482565
343005
302834
283664
388448
613467
438236
381902
406530
383959
380124
419573
474123
482330
458002
378236
304248
431205
349432
422519
272348
489929
370224
263145
397971
617275
432351
416240
417656
319832
360498
297665
252914
302313
537560
303830
243930
356905
298947
310471
311084
319012
409568
302149
313653
345814
319224
296590
263057
408984
391302
341286
269335
226770
244171
359714
268400
318844
227679
294962
296267
328272
271400
411172
314111
377489
321402
300703
326753
273797
283352
227909
231444
384903
285652
314809
241743
324969
266855
310781
279333
308804
227743
368663
268965
277783
218162
339000
275863
247805
345354
267392
348531
300928
283753
220511
213593
244723
217652
333904
278982
333610
222585
222051
265888
258331
205476
417905
606472
486999
329913
339843
305090
230175
238045
299106
445088
259182
264474
289668
256611
435382
463941
296025
366643
326572
356427
412154
351597
302948
347998
316906
259119
242639
233937
209982
311283
361265
414456
367480
363455
366826
320266
326776
419248
212372
418153
449250
273764
267482
325225
361672
261834
367537
276414
234145
266401
293719
276693
245239
228500
224533
242799
291027
276194
236955
224747
272115
223210
329229
330731
258584
316384
247280
230460
223483
234209
308044
362617
319437
287707
270751
225367
260102
336317
266937
346003
208178
236824
276131
290137
214788
365759
438680
309370
277567
436257
300498
274990
286548
327875
306399
333697
318027
214587
391446
254957
236052
266804
262725
304764
304752
290187
307162
327422
297267
253645
298989
218113
288012
265115
269863
254341
288461
586684
529517
399685
286036
255548
296757
328663
420187
323079
403413
285077
339296
306345
301922
308077
244768
296098
339677
242961
361926
364625
361980
237827
247760
277413
253776
282060
287104
268724
263483
347268
310922
316205
381596
341781
252795
248934
290728
388157
358296
481785
419066
312690
336691
344733
268138
345278
383793
243932
270302
261276
213120
256609
267911
294344
294331
269690
305863
229540
263589
242699
315146
260487
233948
244491
283690
227442
241510
235359
308053
297507
228674
375607
319405
351375
341996
304968
339593
260623
298403
248194
251380
260307
206421
317668
247236
272422
209922
327295
231515
221208
303370
221163
331792
266429
271314
238800
218537
284505
245833
300475
236171
308335
317400
340088
350648
256657
304869
289393
217516
230798
314712
302250
331019
331070
326424
356223
274849
409663
469899
339903
369104
401674
335832
293348
453400
326375
390592
292907
346946
328319
329632
324258
272580
281071
340647
261022
230723
271694
220448
271344
327903
315963
273534
276010
262908
308657
396089
312466
452901
307487
407504
307990
222881
323497
240521
257694
240791
229701
354444
326493
385347
393739
343614
264476
248573
316693
355588
361964
268392
239783
331254
244887
220538
263106
361694
344156
241806
423021
298776
288176
269665
428178
278784
315469
285652
315464
290883
322102
348199
326947
275580
279487
274752
415400
328176
386536
316189
426870
487548
453726
297522
220168
356663
345437
233629
233632
330654
277983
254160
253437
212329
361009
248191
242984
276170
226656
233054
329612
301945
334277
240620
263124
299767
305579
312245
328909
380569
301834
362429
252798
262645
435747
341102
457111
591417
350530
329265
339002
298131
335663
325579
279267
282514
494157
355740
344561
314070
362295
519764
339988
231090
346370
250521
281360
327025
352951
507584
439270
285364
373025
284948
338755
331105
322583
229222
237733
361145
297418
324754
267169
250107
248156
213392
233793
294544
309893
220930
211750
291187
229398
230764
245398
251106
252664
444586
303498
281634
391073
330320
263222
276757
262592
226144
303555
329896
326331
276083
234489
204565
332431
283932
259117
206576
275935
340889
322187
292294
269982
209292
302947
318668
242820
206251
195108
248093
229699
215962
268279
270763
261864
282018
283740
274124
286951
263125
253814
261922
250856
312372
219450
215861
264170
215982
209900
207816
195614
319779
244764
222614
258273
290719
215420
283637
314309
310784
229248
416653
332084
313862
339291
239767
307063
264071
469496
389129
302350
485855
442119
295699
450668
634167
634716
299924
402525
305369
533612
486983
396149
350653
347149
395234
255040
272462
389083
344182
277523
476054
292011
247047
223805
310774
306008
374857
273586
349193
283297
231522
324358
275828
299782
241402
248583
286321
235642
263010
341807
254119
249416
257074
240899
286191
337453
310913
343834
298044
304709
335415
353538
401563
394813
311530
270506
443355
315345
286793
254334
344763
271141
265529
334224
290910
490840
449294
337331
427324
310070
400058
397797
290751
389902
284662
499685
280874
496146
378792
319288
358317
495567
348417
392007
372704
255508
315927
334051
336165
562004
430515
527222
363666
399758
364435
319247
314081
338597
369251
322004
234084
315525
391241
462386
320174
458961
329677
232040
256668
219204
221112
205028
251236
353912
274168
308996
513430
452359
360813
437163
332924
307505
344099
288781
389667
397533
385349
293118
290081
349909
374464
428859
432525
363887
365597
370335
259024
369206
280831
485446
624076
312306
269849
302524
367756
421978
320694
455233
345437
424255
544481
324908
463656
371874
306542
425983
334794
425053
492099
463872
525804
460883
353244
294772
407616
288600
427631
300295
363194
295521
315886
353491
352397
432789
414161
530079
258884
274895
260660
268841
476077
303695
301437
496738
397636
348042
311405
350341
523809
463886
358781
409177
382145
387889
384762
318198
312662
493930
335314
330471
301682
346850
311975
304104
485288
338291
343535
301919
359038
307590
251630
274386
308969
506883
367260
410288
439054
428711
364122
288480
232202
299001
269223
225065
296186
291655
209064
232498
282695
238930
234897
247784
430984
457730
270798
319538
853278
345434
505971
361099
278454
416788
468165
327172
254872
330998
281191
252678
336659
283422
303153
276753
260903
335776
347666
369338
261114
256510
267544
240937
260908
221356
311558
252068
329490
341873
270406
201489
249287
259801
215806
197952
210136
174578
293492
205177
176832
265030
191363
241240
185999
309465
253386
208546
314620
323872
195555
263769
303187
318404
254164
234187
252963
211609
202178
287429
304266
257167
297079
264234
314116
360227
311398
201193
200872
218907
196948
204329
246913
231101
380871
434101
349560
229010
306817
254112
257124
245986
191735
219057
213356
341219
225312
253089
238398
254389
216641
203195
268005
269736
306229
295986
279973
339841
400303
315954
345450
268797
339404
464973
291113
270348
264404
249124
538179
270252
323376
365334
249149
302304
203367
476719
311748
307336
294674
315866
255427
354894
282541
264892
287782
296559
292704
277608
321978
380056
296175
327267
369466
372849
308514
354981
350171
272827
312979
310815
268423
315169
309943
344346
240249
245427
259807
269917
318443
253232
272869
200055
340201
261805
277596
256343
269293
292560
382165
275296
225448
352935
257538
242361
263745
278743
279806
379033
246257
277060
368898
302919
340891
324057
309723
357321
283439
424154
307414
330635
403751
306497
301741
392481
381153
368614
317321
343769
321492
279846
242163
341423
308857
282464
302241
288207
280811
277547
248481
284571
215273
280212
302295
279950
227142
335972
349002
336452
207005
245490
291081
224325
273774
280121
297317
324252
427055
290880
220999
356179
360442
305083
236910
286865
222109
222885
356163
364379
310712
310663
236883
319366
261229
451859
440324
436745
290981
427516
578181
366855
379163
315921
358027
311078
296632
274177
272585
556582
401600
460417
431971
447346
294628
257504
419477
426612
243673
294270
327529
234350
252185
247501
384720
375153
253172
239506
334401
362437
325636
288118
302676
261738
369701
266749
253130
445850
249380
344612
252267
364428
252651
262475
367414
282245
328150
293861
255765
308252
266752
360275
372176
336171
281924
387716
461703
381396
328822
419054
466060
255920
296680
365240
258115
290526
348134
314128
334884
333067
499988
298392
373395
437000
383491
471315
439386
327163
292666
305657
225955
291095
240777
269834
306011
322495
345888
355121
493646
441341
313162
278037
293719
330225
308640
291859
302329
289317
329587
279156
195375
260056
328542
390851
304043
500730
349838
305704
482669
461385
239849
374922
393348
550798
431234
337568
273464
247418
333937
248634
338257
345339
275203
306369
392786
245468
344860
290269
244335
262806
290508
244286
311034
261086
336214
329591
313150
279859
237591
239351
276688
355055
289636
238042
215245
443661
279743
240914
257201
357481
368787
307702
303597
401449
443042
320189
417703
346715
251725
321679
307762
233614
251927
320045
240196
345868
257970
371153
238845
321119
353153
318685
333072
353089
350032
297997
248665
250545
251377
335812
375586
341229
347779
295682
275134
249100
283581
342227
346873
445273
484201
312875
300659
342869
297511
365157
315464
305440
267253
381521
329580
254896
375046
257039
405010
290249
309874
334849
345228
351868
469891
360792
405833
302409
383673
429164
396660
546205
556035
293856
513669
403360
454613
431034
341434
405695
323620
318342
474262
439909
630524
564393
307435
523478
526259
385048
342958
372941
353628
498110
337886
359420
419280
304992
485595
304494
273819
289829
256437
274949
280855
350325
299392
300990
298573
243267
237549
267026
250142
335841
233209
290524
358592
306651
528483
339532
305146
362285
361337
274161
361684
301275
305316
297472
293594
226519
234990
301997
347254
419782
285037
387213
250875
279523
301239
456577
364745
381287
291768
400038
318929
255461
254299
239999
244527
356935
212233
231134
319182
316337
288282
306003
438707
336363
398895
370434
303384
289283
295159
311021
337946
459148
353794
337034
374772
288969
497405
581315
383036
435029
558855
297309
542146
453088
472326
283285
382208
570073
305183
404191
325489
378894
314100
290769
447437
294263
390455
418290
257829
472357
299089
370358
343966
323031
385050
372547
330951
297799
428706
484414
399113
550385
545872
425921
399722
398536
344124
398758
301828
456257
275413
383435
271144
256766
363631
386195
363471
298685
293479
244324
241305
237220
259139
283219
296272
230182
299565
226144
243023
216549
234461
331987
291983
338610
266806
305304
276774
238892
244929
227618
278897
239920
293044
291707
244892
254299
264958
294034
491021
295284
338075
361864
441900
461169
411358
233229
340599
255018
257557
273492
286791
228995
285858
212543
290719
249824
291293
222271
236968
283233
349367
294377
345886
286363
276966
235364
275180
285070
266814
292696
301119
332690
302246
225666
265952
221181
354901
289521
200052
286393
301933
553046
436446
404899
485530
334167
252367
340298
355823
360377
323019
299930
243279
348652
291726
240066
329599
298914
346136
263874
231535
226811
286976
304525
382929
425257
395673
466156
499365
403036
483231
443589
332631
240547
389581
327793
334812
356339
249452
256793
306947
399491
245631
268787
500095
258635
289917
321345
343744
234419
239299
313948
324682
244635
247055
233079
251668
323916
228552
350060
379284
233703
272069
254774
292429
535669
303246
535002
561121
402039
422131
389309
409284
394948
324394
418525
279603
263251
270264
269229
289428
329016
472185
373225
485251
429390
466998
275062
244742
346247
378303
377663
276782
277754
260780
275670
292345
346546
293757
392860
414613
417407
230033
286117
270116
271658
323749
231859
249798
248463
312535
335743
306847
298123
289083
343415
254875
430200
342191
312862
263416
429021
329269
334444
296918
332468
238714
278716
295710
226474
321381
461988
303720
381847
354413
291521
505625
492954
245259
213708
322820
231597
271229
286818
457852
293850
347838
335910
362281
293537
257859
381068
265496
594297
450388
412724
390138
389597
329518
246911
320608
377804
289096
317169
423924
386116
325462
319399
237005
285667
292646
234922
257564
331620
513265
506472
383425
363925
403527
392403
369156
383784
452381
531244
345250
342519
318459
483182
487071
439423
529252
485361
419504
538431
337347
439541
395046
343237
482945
463013
414436
475751
427162
492569
364627
298637
457114
310569
413211
439768
299111
394838
352279
292668
425532
307222
363579
398999
305197
270560
238641
303528
387305
287474
379921
273198
336872
285560
264268
316209
363675
289347
338518
350139
349036
303997
261741
282327
334809
341955
257839
249586
268060
258706
336672
317515
302365
282704
320230
319216
346469
293868
467419
418689
244224
290756
323549
276509
267259
342648
244631
521934
292890
301241
459743
399438
415818
320347
285231
481097
389217
447325
329761
383097
399810
372335
416470
293375
284001
324944
258063
286050
298769
245746
288359
289656
319289
370977
236252
273035
361990
356495
349694
373902
330823
421136
296470
309178
400988
327917
336275
370728
308091
289781
306476
225616
321394
271256
368259
296977
259542
266381
297051
250324
286039
359041
333171
254004
314735
257837
278242
247339
260343
232931
299562
279472
229589
278957
251868
237350
266655
267441
244462
367182
332355
314083
273574
284471
277775
312047
292282
312176
329343
324478
279243
199561
381334
288585
254898
236033
281797
286383
249308
339481
425909
266103
285635
348777
301525
366450
314155
290433
253841
298164
303536
265280
346081
312940
230238
233434
303517
287791
248024
255654
331942
268013
306984
274856
262028
477034
410549
350179
273315
264754
283462
283382
239311
242299
898855
497757
376992
295025
384673
314807
268016
333505
372453
373244
354378
319729
397524
384613
283582
260209
261746
343596
271993
509120
314980
309360
355221
236239
376082
269702
255874
289743
308338
255563
312908
314640
368979
338939
252886
356173
304767
226346
290672
349704
240500
262749
372394
327219
241419
214696
400494
344009
364239
342686
329165
335317
396900
345660
369536
298712
322306
383489
354529
308692
329390
297285
390781
399089
344990
275510
259124
240383
353365
289899
256390
214256
246477
299947
263572
292443
350136
357149
312884
286652
333032
321791
255117
260599
266804
287379
313544
253301
389214
441619
356910
326266
423985
313544
487750
338446
389453
337711
371928
381318
275790
445353
419368
485818
457963
268302
347189
373331
455362
477109
277629
351346
237629
273084
290485
315031
214813
252105
505327
484093
372162
388096
380507
264062
404836
253169
365006
320636
394704
373288
301517
237264
473246
305903
323767
275280
309905
270738
253237
288783
307003
394821
250508
471260
296228
265320
245341
354929
365333
226123
294363
278174
319644
367725
317641
272523
313191
279904
266028
282345
226272
326143
320416
232378
229223
287746
311051
275055
386788
283653
210623
269065
272138
323224
214837
244194
256593
247395
259492
275316
310277
285121
313772
422761
340339
340753
295470
273680
247427
320999
318899
431538
310177
299866
420678
293320
281679
512086
269290
286304
212791
269111
275958
231292
312274
263554
226649
381845
219863
288337
275002
199622
298090
251520
203528
213635
251759
261898
385823
269607
281866
316853
309077
323481
323263
289702
401839
309338
389742
403087
371049
405996
299672
365845
299271
438113
305084
317102
446030
425250
300159
258859
299133
375446
350195
295226
313129
443736
368043
278570
207490
318184
322026
238040
233917
240682
304116
302658
261069
353265
242762
225908
240405
205644
338820
354750
323914
375780
267265
302418
309062
362766
330834
362524
235847
367088
258692
346640
247172
332662
371334
350745
231175
263610
251689
294209
399926
389508
314503
291141
381687
327304
363347
307060
313899
508822
416766
434637
327102
376127
374081
302872
385849
402749
361426
370230
310055
305701
323615
265676
258374
277322
301444
350586
359210
314152
315194
420511
409872
368325
451075
265955
241711
221929
303133
225991
292694
310518
232433
212989
257451
288027
287734
375106
286025
213187
232042
288382
225969
196243
209566
244863
430745
380745
436994
443755
378789
510030
488875
476744
415183
412522
576832
393271
387893
391414
430564
487277
427206
519976
289147
574878
545408
400883
411767
452193
485734
350886
456278
367076
289075
241594
370930
424371
340832
586202
412898
397913
336412
253587
356133
475083
328550
376673
323995
319553
263408
354961
282009
237841
314222
262967
246736
312302
464843
316066
275535
222648
352433
292143
334716
301624
267084
300003
244435
279795
324313
352026
240366
353267
388409
217198
239674
235484
380398
233365
249663
244403
253080
286125
360255
275966
250600
222894
316705
261843
308913
222480
385234
283102
260093
210145
188783
264200
263813
203968
226034
373289
244682
450349
469123
286507
298448
254721
233446
243835
259636
313185
219904
270314
213842
284362
259986
238865
226921
215683
289045
187706
204478
329046
269620
385641
392599
369053
564458
299014
229813
254392
247185
253020
319186
309822
303143
286144
225961
452062
359615
285410
294465
342823
293852
326230
269171
315666
331567
275316
232683
348065
300120
364669
384210
260355
279724
296480
309054
284300
311930
333422
286171
246802
229595
287880
257857
285464
219533
286918
235394
233471
204040
316353
220450
210846
210818
202096
312875
320373
270188
248342
210139
299613
257484
324528
271162
205637
219882
216122
265423
224890
228595
280189
423721
322724
275955
247989
267212
222838
230188
261707
248857
218792
258563
257676
366578
333520
462950
346558
291237
295552
392653
256019
339933
519460
314730
324156
391960
433083
300918
273737
221836
216815
287742
235306
273022
324182
229043
409124
248754
294561
233788
267948
319473
236299
228100
334186
319693
241789
292144
261339
220455
603764
530404
295564
511680
416514
293287
419759
363302
270142
271478
375123
415779
312931
382447
266633
487801
324271
418736
286759
433079
422303
463963
297830
375135
386855
442715
274599
254960
228217
273157
240481
392152
371954
311243
242652
294679
250151
323866
315343
344489
311151
317734
310526
244714
274138
235823
236646
272838
237885
219279
230339
217513
220063
276389
320505
299278
356103
241589
291868
261200
210021
240621
246199
212283
274362
228614
286077
271089
208720
337985
288196
217480
285010
337145
284392
266204
238086
234435
285665
343529
341464
326850
508215
341869
221048
308876
347477
244168
491944
433530
287538
280270
426007
495747
269304
336343
299377
331317
237710
243920
246408
212552
243325
332502
204718
289837
332729
236000
219847
234560
273493
211457
330050
293415
336065
308305
448441
396077
376674
328542
277615
276396
207606
284494
237787
295456
257196
593754
274233
226028
250529
230301
225408
246968
376610
303800
251952
300236
342700
338879
356206
256782
324929
315613
300599
320755
224458
342194
231583
341897
295756
337505
354679
302376
295528
288441
239929
293414
251659
323908
238329
245271
237795
367126
245199
323939
239850
252836
306159
298253
280481
282756
283812
235356
240069
381791
309911
269609
281133
442506
338250
368151
286818
238285
257196
238518
355381
391502
367655
224989
330974
378954
334149
424201
244425
217653
237998
311160
257145
237409
317042
231382
235200
242572
285304
265753
290050
210201
242261
271118
282307
279293
221662
245937
310076
283121
284972
233289
362444
355968
268853
383954
236352
222023
330878
294901
255392
397356
306037
305964
290631
344691
315993
465453
437274
408552
365775
334759
383322
294098
243714
289980
255329
360694
344629
265827
399701
320317
465575
462045
492037
572877
466364
410670
310925
546068
506753
301047
327793
416284
455246
390844
343491
396259
362618
439183
419541
549642
449195
397700
417026
281901
283690
303436
291309
278943
241794
309708
319991
363451
227003
225939
260477
298457
307772
216252
412877
340791
341041
423537
414909
481982
457444
356428
294797
248055
295172
267613
265127
308516
396360
234983
241807
333060
342707
300829
345476
252477
241618
368912
316593
320856
265440
317589
277037
297171
276230
227176
273907
214373
258557
318005
263900
215091
188885
215362
334957
421206
353817
274044
289617
339644
212663
291333
234551
204208
252149
254552
347243
277487
268559
215083
279358
304000
308873
309962
240956
307537
347604
280560
338654
319999
517266
424422
377474
286425
242809
217036
279046
234621
228430
248451
267126
284113
305982
238854
232288
212686
240724
300440
236778
244557
342782
352401
358317
319311
318341
271257
302148
283076
319315
264967
230131
215522
297490
310909
270444
207692
220353
321780
306848
206813
324164
254593
218756
188980
177813
206472
221477
210923
201377
202858
222357
196168
247139
236020
196935
216680
311520
335859
210461
275490
267632
199858
282301
220400
206910
215592
208151
220845
265803
314962
305674
355704
184957
216134
196266
198196
235549
271489
580403
387263
311854
411531
284905
265902
454210
325990
277305
267774
387207
385950
286094
350379
352776
301062
335056
434804
307249
266897
242425
304486
225130
302626
300974
258489
307989
356336
301130
317747
269759
265217
216417
244278
222985
220542
264316
287914
255807
483882
421861
414563
309102
473702
425226
402618
383056
532241
471919
452648
481917
333816
384227
381578
325173
377171
370974
282146
284146
326864
293931
401482
249784
295468
220276
287624
265615
294477
282033
385144
311237
329256
292621
227130
308310
322669
265331
220803
240103
233828
267540
216946
387185
267619
221201
207985
245494
242542
280759
251061
209636
313533
207699
260587
331098
274052
272357
236532
538667
476239
309223
307495
368048
274738
293581
226647
253534
379445
465977
308940
295414
226524
250620
217935
249710
352271
342585
286077
222862
342195
290692
233617
264882
275190
266854
284795
305777
225366
243684
248744
295025
277055
228941
244480
215680
275206
258255
280660
261390
264938
313133
296343
285060
320946
300014
236974
277711
358901
289984
289761
243655
294934
248019
210051
209869
285646
250023
295688
339407
227219
311730
225685
383006
262457
228001
215666
291600
291762
210040
236259
221230
356026
198822
284517
265423
237372
214893
242483
247383
360565
221598
292702
337941
303374
305403
241422
301744
268771
443781
250038
452971
229159
223521
237332
323856
295469
261552
297198
246117
238087
304580
286827
298208
311601
228251
415120
233691
239925
394282
266156
451456
240568
204381
261397
298006
271980
274668
257788
255597
243530
287956
250210
292905
245880
293452
252643
239879
293016
171797
327959
233677
236085
261581
308931
345301
323881
241372
225829
299401
243568
251139
355916
337478
271889
287369
254548
286240
293175
230230
353362
342512
321124
526616
517861
395579
390010
536443
344828
354555
431299
296633
406859
360688
534719
278115
378952
314035
384249
404869
368149
481251
278939
362696
473394
706771
304202
545954
354060
347557
284408
492064
437923
323402
399387
435044
466321
277111
283445
343390
434074
274136
443229
397080
419834
363032
407974
403722
294989
220445
258239
314266
268212
294076
381781
417350
353168
342133
347491
300693
276552
252199
240547
271196
374481
320292
225475
273072
314738
279039
325684
295311
228046
272961
233038
263737
234897
207320
319525
304481
326111
324455
222668
280371
356406
281003
268531
526823
290670
431273
478396
414894
326977
287236
286336
467703
333520
484122
407839
309978
291802
351243
355881
421909
419178
433078
317090
315660
383648
271153
279076
216152
332497
321168
263734
399673
448284
308476
321681
321509
379435
292652
236867
349142
280840
249950
284212
318478
390709
239931
244547
318028
327025
253951
299796
274290
220424
267716
321242
373221
227459
283845
236393
320821
398119
343494
313924
351257
192633
338373
385667
282350
377418
432522
321133
341922
317369
268714
286262
233624
202926
188547
208588
327341
257369
266785
220970
292949
247495
306252
305990
417799
373079
343239
487606
382511
609238
368443
376099
244408
256658
356305
248350
320247
213919
264845
232219
320551
355829
276511
263283
312904
250240
263309
222505
268739
264062
327819
246733
277681
242192
212186
262705
228627
217626
203131
296500
254287
291473
409837
258811
204662
205222
263592
327857
249793
263532
265434
261225
179430
298045
314969
303478
257602
200823
305178
278050
279120
252616
458437
241080
281025
286962
213188
268161
290430
328527
213463
265787
247085
267312
250371
222584
431729
201153
274996
237332
185254
303015
240649
290667
280013
292915
247411
218570
244041
255597
290167
262217
207707
210842
335557
452790
355674
272781
272591
287104
247523
254674
389444
382532
356313
266983
305737
308842
309832
247231
356290
336946
265324
249193
391488
288684
288656
257280
252102
293518
312162
296831
325602
256016
247562
287581
261079
320505
247007
300156
203369
286818
238950
222537
337231
439039
272749
204563
242306
283183
198451
264421
309625
232387
196032
256603
349829
475478
357946
271746
287265
273703
272301
208154
258961
257289
216393
269056
274906
240322
257098
259550
325766
378888
305072
245023
191463
290767
395104
293686
254105
177459
257803
291842
263504
181921
193778
316673
206748
187128
204385
312292
306651
275772
257340
296995
175606
181285
221845
203606
310944
290912
322855
228366
240587
204625
228238
266575
322554
312634
274874
226165
231601
214603
322260
275435
231413
209588
297029
206171
294575
269659
551503
314593
514250
257554
456358
385004
303285
363403
399077
432769
415074
361277
336910
252999
294381
398714
387656
279122
453093
340538
256536
225849
277583
247574
310725
222474
375749
325969
273600
268400
275457
217557
314677
366333
312819
328099
220724
268937
336865
311230
308554
283102
311558
336320
271744
245579
347141
276330
352401
214199
351680
316122
289769
260306
359056
340060
273673
268344
258236
251992
256520
237265
224468
225291
320109
271359
258749
212383
261636
237882
232699
332633
250551
269529
286303
333515
315645
340988
253670
266869
306943
198257
252097
271489
249652
249675
236088
290939
279267
328979
287039
286024
437262
423582
346724
276702
378138
311318
198275
329500
320677
421508
288370
302616
303699
258799
263009
256597
299844
379727
392122
311506
364660
318334
301296
437580
351823
586513
481658
365722
535244
288186
517091
371606
288272
444608
479183
485628
500321
380172
291405
266803
278972
349579
415212
488300
471706
480631
350926
257488
449455
280149
301634
229453
246091
272214
348536
373850
306465
373191
340194
267473
248712
247562
257375
473276
296220
467766
330002
214430
284110
287364
239513
281832
350353
290282
350334
229099
254750
300998
294372
341505
280797
353409
334685
317451
337643
329005
384704
357466
418764
393812
325543
271021
421756
297175
298400
222626
290466
313097
241298
306788
318345
254680
246500
347620
379399
321577
306263
305216
261373
286032
236039
318487
313893
318068
256706
255649
240603
316992
353505
352929
584746
294973
358036
358503
291316
489709
416603
392768
262955
358422
506827
350632
314451
368945
268657
366288
293449
363905
290124
350538
271927
313514
248905
305258
504682
413016
244766
342142
234088
404765
432358
388172
352559
360830
205887
350622
491377
269477
265352
397709
278666
295956
324648
518919
407575
294486
462494
291424
200433
193553
315814
333569
419860
265429
289187
326344
338249
222999
250948
266081
269849
353754
278828
280426
282856
239772
302816
237419
259614
262334
346209
360402
310906
254471
333319
293536
311699
250732
461137
320401
284247
338694
313900
293263
327891
254660
281003
317089
318084
272301
294829
306326
248430
297759
252672
305713
324750
346416
300373
230016
216493
225376
237376
264893
295267
275440
282135
357517
255720
288863
266970
221346
306733
273173
356850
265988
281067
211929
325580
282308
242410
301216
244618
306807
308307
312398
323023
277194
337333
260004
277471
275243
262565
297669
235293
241241
300993
269621
321288
335267
363812
440762
335531
284468
387275
334936
465031
355677
270518
204670
260613
337277
372622
226782
229089
333982
253524
286230
238152
345272
321541
317840
281514
232898
243049
293948
221519
349043
350897
479839
468983
367278
321353
348316
435094
517679
347340
228208
291143
293573
257257
348839
262189
286641
386007
299654
198473
246754
275141
232750
236705
341666
312219
305707
526458
372391
402362
467136
317252
262218
268423
263387
260062
302171
256697
311512
293155
578752
344439
427954
298855
560759
488819
416037
377782
446810
525440
373549
347705
433373
292348
294095
417925
389445
469093
368873
317728
336099
278723
269561
196166
320761
235905
257021
295777
285379
266619
192342
207374
197717
302377
246354
203800
328863
238868
223559
263832
243074
324246
325881
231605
274332
303001
258074
308603
265253
252105
328406
450127
396240
461382
479602
573281
374783
409193
370761
413429
523230
526814
419314
477978
405455
531467
592533
367174
363624
435031
472472
401696
380146
537249
430884
430048
331631
291511
425290
402012
376566
303854
395353
330218
410517
466383
405103
522840
336800
367391
469549
387416
291821
285863
481034
408555
329225
326221
448674
258352
485554
305662
430115
455360
299333
308126
278578
330182
351064
421034
450038
345205
530190
244835
305816
260982
234213
308118
415081
336636
298572
324589
303285
317464
317885
249663
223181
279446
318802
321783
288831
332124
244797
383502
252131
309825
352059
324291
370606
294240
244770
280515
244518
328444
328528
311072
282145
300237
264767
240064
290289
280658
396466
263020
220038
356203
311610
316855
356929
290420
332116
306232
374532
243221
283133
377405
381648
259512
628360
381147
363282
369545
327817
302506
382038
367920
476301
282235
368618
304118
467511
403559
272748
368821
349024
296139
371734
405446
236535
372411
296179
290835
344178
354347
335711
322722
265196
309846
252876
224043
268859
273055
319829
405841
269195
270189
299040
321625
244147
251862
446201
238323
281671
253894
269117
407829
298709
246726
331003
255608
268653
222796
189926
220170
283711
241313
227351
236468
271379
267447
229351
228595
248963
282914
301021
328580
291497
333327
320030
236266
317995
326285
246496
272901
288988
330976
289958
227508
226663
276800
338267
283099
249526
248865
354242
271914
340210
323650
252959
339108
291001
255451
416051
336819
251017
272580
356154
305515
282159
306545
293414
300953
245325
344563
281568
352695
311183
431052
355621
259550
231359
251694
444841
262510
271268
281209
307365
292950
462404
345204
393704
479587
409644
340182
390431
371909
372988
305757
320008
323005
372573
329040
292474
224064
279004
369111
396766
370678
244377
243311
289985
366913
213992
304431
249460
325379
233753
268007
316897
354527
413604
330467
290208
351414
353593
320288
351916
248689
301367
260887
427390
431254
449007
294532
297276
551062
565242
411788
281683
327023
377898
370316
338648
315919
348662
290710
262490
370385
288104
353792
378446
219949
230613
352901
321488
364077
431971
319142
299179
279275
348075
364388
302968
295318
265469
358255
391856
444872
428118
341871
316334
369035
534272
565853
498071
349993
249277
252979
291726
380464
339117
303807
413761
331837
214138
278665
366840
274833
310827
314113
237163
215100
239298
289856
287221
296940
425287
213455
308804
403061
275970
264997
337888
463901
440067
412579
456965
298162
251916
349691
309320
480453
371810
323423
400703
345883
283241
367652
318749
226501
226977
231222
311881
228989
325354
289577
329138
259452
324558
373970
221390
341067
297655
368971
404011
383618
344672
354428
349585
304843
318697
368657
268502
325384
246831
321305
438524
287107
242040
229385
345717
299364
359095
332884
272548
222333
288230
255812
327501
407231
303798
230548
312995
477242
524300
383206
309217
285678
390180
295404
363408
432437
430352
358112
404305
449305
489669
393672
436947
425908
543307
434275
244196
323572
319809
243635
229071
247576
353718
346538
295759
317059
246353
293811
282371
246967
276932
260882
241463
238532
249916
274048
332264
332369
367945
338004
282765
266390
307809
296564
303532
355843
288891
387205
414680
311688
255027
388557
455620
316278
258527
429980
404520
506321
537170
420200
412099
384920
462019
372618
396174
504039
424796
423641
438738
430733
420811
556557
423603
316035
453173
452819
304918
495078
448524
532175
584226
555112
296762
319000
480727
360230
264020
311470
284098
265753
259254
406765
414693
295261
416959
271657
297018
298179
348157
309838
259338
338444
464038
305503
255889
291496
347396
275189
284988
304160
324584
299520
356345
320946
292349
241247
278950
224886
283595
241429
286465
310901
236437
286296
360147
285678
278937
268472
299278
402585
476127
285931
375176
413310
343397
316518
348981
344474
284277
308297
280893
291110
288279
303436
449264
396904
447715
398139
385162
272709
417865
338710
325145
305331
308488
299006
414083
365844
309743
254670
308898
283342
237938
223737
238443
316063
261356
247982
245631
372899
330753
249881
300336
376200
302858
471055
506875
607061
510153
397742
451719
512895
377626
436489
313928
348033
481885
345564
331780
304844
389224
429220
426928
340353
315088
316702
290561
309818
275937
291744
278629
261314
285182
237355
219496
281099
297584
234028
201194
305827
226736
899643
