11748586
2307936
1213825
1139150
867385
1305674
1283809
1609014
645901
1226753
1348073
1940719
2127982
2571771
2115713
1260864
1965209
2109628
2244120
2779314
1608809
2118420
1564129
1413442
1442020
889802
1368170
716735
1116193
1378710
947909
1501044
1700623
1523120
844098
1080808
1719971
842315
1145076
671595
1963568
1784105
2846108
2517794
2507464
1753994
1026710
1773577
833235
1490176
912577
994596
1105786
1522284
1944780
711154
1653475
1876307
741132
1784827
1276691
1333308
1599961
893184
1033531
897815
920734
1643048
1213312
1577569
892465
1136695
1263648
853586
1144870
1340450
857647
1096014
546765
1280521
891343
1187966
1239305
813648
852643
1574380
1152425
1264826
958062
1078259
1260307
986028
701751
1581568
2138295
1028049
851168
1847433
1607249
476156
1391316
1121656
1475977
1263827
1650902
1916983
924698
1534685
1059584
1299258
1040387
1011813
2330349
1699472
1780823
2480031
2452952
2017893
2360429
2325646
1011520
1773954
925720
1246553
1241472
1072078
895220
1749200
1722117
2244793
2589733
1288526
1872764
976562
1437758
1675891
1891385
1937113
1860784
1605135
1598224
933091
788943
1950176
1412581
1566541
789815
844072
1181766
1180079
765911
787033
1300407
1298110
1475252
656173
1069872
725715
968743
1042230
677181
1759376
521290
1570703
1693953
1457002
1707436
660666
2263262
1917733
1763324
1570575
1784774
896466
568431
1243110
1377406
509633
1479994
1630869
937966
2010179
1759002
2086277
2604030
2454263
2692652
973903
1058003
1058742
753165
1522838
1461054
2773135
1854698
2315113
1270418
426937
821875
1211216
1122954
931497
1431031
1532766
2552465
760138
1428712
2030334
2282859
2217027
1832200
2104349
2621735
1209825
1867063
2363457
2564235
1315390
1591774
1393693
1601868
955105
1213418
1320142
1484384
601303
794119
1175270
971522
2546273
2672328
3193720
2488242
719614
1440114
2429001
2229748
1773807
1565522
1172672
1354913
2222206
2406880
2208515
1658662
1599486
957342
903772
1010093
1358151
1288620
655036
659101
1349087
921627
1336469
1825761
1258273
1781444
1695008
1307947
1213193
1433945
839658
1272354
702139
799767
493052
1377605
708984
885285
1335328
1317646
1343794
1090136
1463713
1068401
1092469
844831
1493662
1576170
1847387
595828
1161826
1413125
1623489
2330845
2321416
1182417
1676583
1404733
1214825
1177551
9267934
705688
1328092
1557232
894474
2260113
560378
1364386
1203700
1912609
1681205
2197440
1319631
2356801
2679512
690253
1874175
740760
2042896
1368832
4081876
632900
958181
1016211
874721
1853033
1629980
1475870
1531650
1071323
1399245
1478317
3533522
993411
1495391
1974490
1643259
1977192
2373328
1841022
1016731
1149314
2219048
2471988
1833643
976399
5228221
2150975
1973568
1305122
1832818
742062
1572380
1756914
1077809
785207
907055
1536671
1549385
1428004
1086494
1550522
1275744
1348441
939093
5047917
1616562
1299501
1152821
1660548
2190404
2146646
2314442
2255394
1389627
1713542
1740026
1763620
1959937
1394320
1903458
1320739
1181519
3424118
1825456
2339273
1775827
2507335
2424266
2643872
1876503
2501824
2004953
1774573
1370252
1234030
862379
4331670
1345435
1580777
1083820
1360471
1023422
1413490
1385330
1251597
1483102
703605
1040261
1999348
1732487
1771198
2650630
1980672
2138274
1255193
1419758
961646
1283783
2704181
2196022
1823201
1855989
1972782
1032054
1641885
1335243
2112112
4097603
623135
1119030
640917
604423
1049881
604786
2608261
1626967
1002265
1830261
1831330
2269551
1887618
2179388
1418035
1427387
1997272
1926096
2394549
2269845
919482
1656092
1992516
1827720
1860712
1481137
1705954
1899863
1164186
1376216
702551
1655658
1273442
367947
662071
735881
2092110
1304970
1537035
1782941
1782281
2164649
2050880
2039794
2641602
1175176
4419326
1487867
1469069
1355061
1191189
1514144
998756
522346
1632125
1241394
1042137
1286699
1928387
1250411
2589486
1368520
1581068
1134421
2056119
1513199
1361994
566694
908367
1578245
1089643
1468096
874295
627227
962428
1962811
1480643
1374027
1358937
891791
1502408
1177098
1272590
817414
982983
1470058
2439136
2533254
1731106
1999278
687336
2215351
3151815
2508724
1469799
3439612
2395209
2303672
1692858
1344790
462307
1927972
981629
1395422
2480122
1803864
1694433
1408205
1675212
555009
1367815
1817696
2316252
1395814
852287
1603250
578161
1755670
2577308
2264446
1080471
2258089
763622
2027227
1467334
1050275
1997416
1112120
1702225
2080715
1269623
1099373
1682426
1357161
1315652
1000172
1078987
1450831
2009804
1178518
572523
1461593
1496850
1717202
1402702
1702600
2531567
1698499
1429829
506665
1015100
891430
1624486
1654333
1702264
4890094
1681456
3138152
2470782
1781357
1290368
1473049
1566195
5283270
844652
1173852
830374
3015477
2080588
2720664
1411988
1821249
1341011
1444441
809223
556588
1832877
497957
1426677
1270753
2203349
2403470
1398624
3288193
2281378
864001
1012001
1222984
2783845
1295511
565673
1062388
762354
669363
417394
1964248
2347674
1604303
1247207
1440233
761682
709545
1779591
1919015
1237137
1152911
1347627
1426893
878999
702488
1758171
1008061
977496
1403937
1154113
683480
964569
1493020
1988747
1763002
1226724
1173623
1316195
1113649
1089931
938603
1215589
615937
868410
4585835
1277504
1287299
725521
902715
1251004
917279
1795594
749272
1238864
2093485
1218028
1162958
1434083
1192187
1121200
1123023
1037684
1165812
1419244
2338731
898808
1355829
1700582
4056137
1493085
1837912
1652577
1740059
1724993
2806034
1852389
3108778
1850197
2075180
2428798
2495829
1922277
1870792
1582914
1528734
2274191
1701021
975894
592475
1365350
1299139
1577421
1039483
1164735
1097839
609297
888877
626314
1746373
1168609
1397115
2633850
2705426
1416355
2310489
1675679
1816230
2211869
1927441
2143383
2843700
1483794
1734470
1762272
709348
2134400
710798
927317
1525700
909814
1059467
1785647
1827688
1686687
1308235
1656504
1033436
1701348
2661642
1229548
1405663
652988
2022146
2179640
1316728
2511532
2892697
1841433
2001976
537347
1161531
1211336
494858
914056
1497607
1681972
1745278
2175553
797230
2010411
1458172
1605601
1298103
489445
1370817
973528
1023915
871701
2093567
1494791
1375776
1313440
1644421
802445
761545
1329598
1359650
1585552
1047685
1526635
1963245
2097500
1021020
2132928
1757796
1232849
3322046
2203150
2548999
1961639
1159595
1472152
1207004
1073085
611819
721310
1275825
1883123
1347683
1187978
581775
1316257
1405792
1380001
527606
908736
1939338
696176
937846
3147520
1818429
1827597
2230121
2299882
1758367
4703470
1604657
1037853
1032707
2090604
1903068
1763361
1607839
1648960
946111
1330203
996926
1134942
1713794
957207
1534408
1151905
1630425
1361856
804552
2185983
1945282
3017749
2500991
1297410
1221407
1225611
1646610
1699845
2517582
2182185
2539096
1248298
1192395
915387
1432155
1296669
1165608
1016640
643808
1223491
1193475
1408143
1504061
1290962
1416358
1188364
1841752
730556
692486
2958970
905331
806389
721888
673175
4455234
596640
1474679
1317954
501751
1787243
1984261
1591249
1532569
1340999
472588
1793120
1676991
2085275
1489766
1422630
1709607
3131676
764518
1070773
1538251
1905136
1034534
1581897
1463807
1483157
1422761
1598291
1144110
1198656
1414199
1017842
557062
945191
1177707
2297382
1643961
1600447
1271285
1925249
2155300
2130640
2784656
1626331
1273417
1583337
1392816
1667423
1583293
1898386
1936027
2002296
2158012
1365954
1449648
1277552
1171874
1012729
1045514
3033635
2388579
2229151
2939275
816600
1822990
1736717
1573010
1172467
5189421
1532631
1987473
2574176
974597
1605855
1269551
2002008
912240
1255673
760599
1777979
830806
2395887
1725958
2541823
1726246
1573090
1353865
793314
855504
1567519
1251763
1765126
1006087
884039
731617
1267076
1609533
1521100
454145
1653452
1584899
1917020
1096418
1513041
987190
900649
1263248
1096526
1382439
3454187
1720749
1674117
1860689
1798631
1269903
2445322
1443993
1768614
2013860
1522050
1877367
3651713
1264291
677564
747107
810402
977607
1066069
543467
1568863
1020812
1442300
2690178
