11338528
39798583
249566578
209431594
169360882
129287355
89180043
49045574
8915604
218572879
178459747
138432544
98342267
58257170
18177389
227929228
187855973
147836919
107809730
67700226
27688953
237300335
197158140
157104635
117052442
76948444
36840088
246552414
206394173
166446740
126355550
86234324
46134156
6037558
215647353
175442868
135362967
95270351
55132632
14986654
224690921
184615780
144575780
104517359
64382450
24315314
234011149
193910156
153838436
113793624
73679078
33565163
243183326
203003381
162933110
122888466
82759678
42660566
2590477
212319521
172209809
132173816
92110851
51985237
11859615
221457252
181336608
141265627
101239589
61079142
21040293
230712350
190610580
150565561
110492258
70330151
30210055
239916230
199792515
159733273
119677255
79560622
39442588
249195726
209066493
169013945
128945378
88866394
48737732
8650700
218247232
178123159
138091045
97993612
57875609
17801073
227550131
187435290
147363701
107282895
67142935
27059276
236714913
196569830
156546900
116502899
76398642
36352720
246012967
205928319
165905646
125830184
85705216
45622981
5515609
215177187
174959492
134911368
94806481
54635825
14490967
224327166
184174053
144083465
103980715
63849554
23732456
233334537
193191586
153101293
113020130
72862605
32736479
242469996
202301987
162201907
122118741
81996722
41858885
3870727
211483548
171405369
131333481
91273664
51145306
11039861
220663031
180539823
140502996
100434964
60277339
20125893
229766016
189644118
149584015
109519077
69346433
29266786
238964071
198858979
158703203
118650907
78558110
38452004
248146157
207973690
167867485
127774268
87616325
47509987
7420606
217109900
177021120
136975019
96898083
56770889
16719201
226422813
186342607
146281811
106144675
66041003
25978391
235740630
195664975
155640151
115540045
75436277
35380457
245048077
204903336
164869081
124768389
84623869
44509129
4384397
214080712
173891058
133844120
93719399
53573961
13412355
223242010
183112017
143060177
103003399
62866538
22732973
232282671
192148337
152076128
112027751
71933891
31832383
241554229
201393398
161314011
121230754
81131007
40962464
250629556
210478508
170447208
130351197
90213107
50139543
10086074
219586635
179450134
139351286
99283591
59136485
19079883
228770578
188638978
148588873
108526969
68385955
28255831
237932342
197763244
157686717
117625529
77486433
37425813
247135853
206975628
166908058
126869664
86746770
46636927
6560105
216188191
176068639
136032885
96003888
55896882
15853112
225417850
185197651
145122053
105060169
64927291
24861543
234583625
194391957
154314681
114248391
74085988
34023897
243675729
203516360
163485276
123404009
83217865
43098103
3043784
212569443
172432643
132356694
92281416
52142224
12071840
221792242
181690375
141589412
101550485
61402330
21351423
231017365
190836216
150748860
110702302
70542046
30431370
240131877
200047431
159898353
119852107
79720867
39670343
249280714
209113796
169001397
128952736
88819737
48772581
8667926
218282805
178161804
138088662
98062341
57911516
17827821
227503198
187405848
147348276
107275557
67129298
27064798
236823921
196673740
156608896
116546682
76415779
36323353
245942412
205833194
165706053
125660768
85491490
45396818
5310275
214916964
174759456
134694975
94588835
54484824
14383564
224077594
183975036
143863615
103824128
63698484
23622054
233320265
193199525
153150507
113153961
73029082
32945881
242593184
202483456
162416222
122341005
82215247
42105538
2087833
211652228
171536748
131481967
91417602
51272128
11124238
220736390
180627693
140566206
100482130
60329709
20265603
229901506
189768935
149714437
109662419
69520505
29413927
239104065
198919480
158873461
118824103
78706216
38585043
248260437
208161942
168080189
128075153
87915880
47784606
7704612
217322909
177098299
137050723
96972075
56840706
16709621
226265975
186143281
146077234
105969838
65868345
25739665
235439353
195278946
155190403
115116205
75010154
34915823
244617941
204534217
164417462
124337717
84211688
44133111
4051101
213641559
173502827
133422670
93349378
53219313
13047156
222748016
182654613
142596009
102506961
62350551
22231031
231936174
191827472
151786470
111720358
71590074
31517418
241114601
201034619
160915845
120816670
80641835
40562246
250237117
210150741
170037178
129890382
89782071
49746976
9616156
219238636
179101374
139016828
98977829
58857546
18784307
228408534
188274852
148244379
108177073
68081989
28019834
237689120
197528422
157455950
117352060
77247066
37148760
246951475
206751774
166655961
126624720
86495746
46375696
6286813
215813464
175719655
135626668
95501160
55358877
15249788
225011697
184910323
144875770
104781377
64608520
24513449
234261650
194161055
154139425
114055043
73895379
33778806
243383245
203256201
163228883
123188075
83056453
43003186
2938074
212557601
172437750
132366476
92344032
52192567
12095855
221738762
181610323
141574356
101442400
61327851
21214942
230907402
190761979
150692629
110650791
70520610
30404390
240137151
199973904
159930151
119863130
79694059
39600925
249271093
209163814
169118438
129085320
88970667
48864912
8752434
218346863
178165673
138051688
97951681
57857578
17695167
227542038
187425744
147347184
107313010
67183469
27089669
236632355
196471103
156418470
116350551
76218212
36071728
245830899
205702221
165654332
125581058
85435336
45319515
5240846
215246370
175127706
135031321
94961086
54840647
14759150
223950206
183858912
143828399
103790638
63640193
23548373
233266296
193110236
153026631
112997231
72875264
32773886
243384367
203307275
163284992
123260024
83156494
43043765
2995263
211634043
171577607
131517139
91457698
51331834
11271896
220896191
180717694
140635017
100576268
60457013
20363198
229923890
189814086
149745400
109654295
69507552
29439615
239156466
199045361
158993869
118952111
78728262
38599224
248355564
208254309
168102815
128063308
87895537
47824809
7723542
217270703
177112387
136937424
96889259
56691009
16629213
226189853
186089810
145939035
105845023
65692179
25571911
235729472
195525151
155472338
115383837
75264252
35160686
244435341
204299167
164256808
124147697
83963306
43900034
3731047
213286386
173144027
133073488
93016118
52870152
12738502
222442600
182290673
142208885
102157571
62030264
21952557
231585934
191456175
151359280
111228643
71131619
31003559
240578750
200434008
160384562
120306291
80166036
40104796
249846966
209677535
169600741
129527556
89387553
49276427
9207381
218765578
178619344
138551746
98449848
58298699
18216572
227848677
187755891
147692248
107629944
67498675
27369010
237009712
196885261
156810127
116731851
76582216
36444984
246150379
205957176
165838972
125732697
85631882
45505318
5395839
214983677
174889471
134840955
94760726
54620436
14522854
224126154
184008199
143953912
103890099
63770941
23602939
233306493
193145794
153065548
113013790
72855114
32815653
242463066
202359917
162270044
122220645
82037355
41971868
1783951
211343578
171214484
131130418
91084976
50929867
10837520
220522555
180360924
140266806
100156991
59980791
19878941
229507645
189391548
149266666
109220146
69080029
28988432
238640110
198469137
158393128
118333616
78203203
38111722
247791910
207619203
167478891
127434750
87279103
47141185
7020661
216694758
176547868
136496832
96394441
56220884
16074534
225730347
185530060
145499725
105395113
65211222
25050912
235147904
195053444
154908479
114829176
74675341
34540260
243894860
203759724
163679709
123597804
83467318
43387364
3295738
212828691
172693689
132621664
92512504
52351580
12286101
222031301
181861022
141751003
101669215
61522877
21411828
231080723
190924784
150895747
110853569
70711921
30618645
240319847
200193375
160114291
120072711
79942809
39834381
249601334
209476048
169355546
129250045
89117243
49025327
8977495
218408362
178281000
138200333
98125763
57959767
17884522
227524273
187408675
147320430
107267224
67136769
27051943
239182691
199024188
158946321
118843393
78721843
38623592
246003569
205880295
165799807
125694735
85549113
45436773
5335915
214939667
174822851
134779161
94698791
54529534
14451564
224044061
183900401
143856612
103793832
63659283
23545684
233234742
193089664
152950445
112917951
72779427
32691618
242469565
202320905
162211653
122144976
82019845
41887989
1799409
213435434
173916605
133796140
93638284
53550647
13346007
220374353
180215437
140135855
100056909
59955269
19886438
229512266
189379362
149322063
109228415
69081753
28974036
238661885
198534823
158448959
118404304
78284756
38131125
247796126
207624490
167543046
127450411
87305169
47207940
7087469
216797449
176676791
136593437
96509502
56347143
16221068
225896905
185745093
145656779
105592653
65436161
25320516
235012292
194883286
154801898
114720016
74614379
34493376
244130162
204054807
163997253
123923452
83803131
43663701
3559121
213196324
173045727
132956045
92909129
52816439
12632458
222298540
182110824
142050876
101913750
61728174
21612114
231324644
191177955
151123980
110964646
70818177
30749374
240401154
200290190
160209912
120158837
79953371
39884554
251111642
210909705
170848882
130753699
90645443
50523368
10371170
218435902
178304005
138233514
98132328
57960805
17888993
227579168
187410077
147331323
107261342
67124903
26989598
236676133
196542668
156480872
116395268
76256177
36159929
245848825
205696286
165651740
125582430
85447724
45332774
5267457
214841019
174644195
134571586
94527644
54339933
14272659
223886384
183740061
143633717
103550997
63418059
23277658
232877854
192776494
152714424
112610721
72478901
32362585
242139791
202033105
161947118
121822656
81690605
41611657
1439868
211035007
170859114
130795827
90703788
50561978
10498224
220088638
179873553
139791713
99686169
59568803
19500197
229736398
