6359852
153655335
113488353
73380804
33224165
242919767
202765603
162699904
122605387
82460777
42403449
2259515
211868345
171749350
131724870
91642550
51494154
11398692
221121874
181061139
140963898
100870356
60748325
20648651
230272152
190143704
150078267
109951541
69823812
29740546
239454220
199267822
159228289
119144156
79012635
38901810
248603089
208505966
168409150
128314936
88169285
48092291
7985988
217669916
177566325
137425521
97395043
57257377
17114515
226804460
186682337
146611347
106495157
66384913
26314135
235892809
195801707
155688307
115601483
75462092
35400563
245058215
204962367
164893705
124849541
84713458
44575363
4503354
214077136
173981499
133918237
93848786
53695011
13634455
223343700
183270282
143189252
103069616
62932938
22824781
232518209
192430923
152363710
112306345
72180974
32098507
241761635
201634490
161582515
121547567
81420678
41337356
1244626
210866562
170760063
130698403
90657395
50516325
10374522
220104699
180024674
139982762
99897515
59739816
19619206
229296790
189149457
149085686
108983297
68889445
28738500
238429722
198327412
158263797
118252176
78116937
38046158
247741932
207587427
167514810
127449000
87341032
47275302
7149614
216843530
176717702
136680046
96556352
56425436
16365918
226023123
185917960
145867546
105791061
65689722
25596086
235199668
195126138
155074669
115008276
74867996
34824926
244547736
204439377
164402642
124281373
84134333
44049530
3940061
213681771
173571925
133505706
93390002
53229252
13131848
222729937
182651094
142587115
102501782
62388278
22247072
231945509
191828184
151757591
111658253
71575504
31417577
241049561
200929838
160801236
120763095
80599469
40449969
250123583
210040436
169965316
129823919
89700994
49601017
9482204
219237039
179094252
139034415
98907525
58738901
18666900
228374702
188301687
148188096
108094029
67927653
27837275
237532542
197450856
157304768
117213105
77106664
36943299
246643250
206504955
166465891
126319986
86153850
46027918
5861206
215510143
175395249
135316846
95193582
55047048
14912818
224586522
184473085
144403243
104296712
64164407
24078634
233748032
193630487
153514474
113430382
73293470
33222607
242950221
202832075
162751711
122739294
82630041
42611714
2513048
212135425
172075510
131970341
91960050
51851659
11765170
221498641
181311606
141220036
101145531
60992227
20945363
412933990
372829167
332830845
292731385
252543553
212461072
239731904
199646237
159589581
119540748
79348761
39298295
248722487
208543726
168453489
128363130
88230168
48209935
8104019
217655404
177512035
137447727
97325754
57167730
17058117
226775332
186610213
146512645
106397721
66287347
26190142
235824419
195693862
155626139
115520814
75367681
35267007
244975210
204851724
164738103
124674027
84535756
44387158
4270621
213898777
173781695
133703651
93648618
53528649
13394936
223103150
183030816
142963321
102826251
62661550
22504943
232235856
192159990
152054674
111956040
71815250
31733278
241393615
201280732
161245389
121119496
80974960
40877746
250564199
210464088
170318899
130252165
90096238
49978184
9906540
219449264
179307416
139220741
99139973
58983966
18870023
228564169
188418930
148358230
108237013
68070196
27954159
237651869
197482077
157420031
117379621
77237742
37140651
246803650
206660709
166592941
126486052
86330472
46185644
6016756
215728160
175614761
135474406
95366586
55172010
15088733
224741749
184624031
144527999
104396288
64266747
24130902
233854319
193768718
153664872
113588117
73445073
33348492
243028210
202930886
162857174
122775109
82634210
42533561
2410007
212082744
171955900
131895529
91832010
51675355
11613700
221349077
181234398
141144473
101007558
60861844
20753753
230552196
190465163
150379624
110266264
70126115
30029007
239668485
199590123
159484167
119398593
79221648
39128941
248853137
208780156
168644575
128610144
88481529
48400175
8252276
217908950
177782599
137689605
97573089
57402033
17285999
226994832
186874197
146798266
106687033
66556571
26409316
236110069
195981370
155929501
115776311
75625060
35550936
245220628
205120266
165047500
125004672
84826724
44677567
4573258
214251110
174176629
134120410
93948742
53776753
13708381
223415977
183292050
143215454
103072195
62941927
22849659
232553269
192425802
152359315
112260402
72113241
32004817
241718371
201613879
161531537
121488532
81348545
41220199
1140460
210761077
170628250
130543965
90489855
50341598
10225767
219862289
179725027
139619225
99515194
59348711
19235238
228889633
188727346
148609383
108570784
68378954
28241487
238198879
198076571
157996494
117905881
77820611
37629563
247094851
206944343
166894864
126788331
86663270
46522190
6395434
215988638
175850567
135751738
95677195
55538098
15415403
225163744
185054751
144963215
104856132
64701309
24590139
234256552
194149830
154033169
113963227
73810983
33743913
243430842
203277056
163225499
123074987
82921518
42795364
2699865
212364213
172223156
132140072
92038773
51935040
11831366
221433327
181321108
141239276
101161555
61013578
20893895
230587417
190486111
150358563
110232991
70087601
29989611
239707064
199572048
159521122
119396055
79238929
39091019
248784318
208639851
168557446
128465683
88324109
48200808
8083158
217719850
177580325
137553317
97425209
57258327
17195215
226920936
186803132
146709617
106606880
66475435
26347837
236050714
195933309
155846562
115747780
75576409
35454074
245140675
205017917
164944043
124860461
84717273
44583246
4452075
214091827
173952016
133925688
93853344
53667918
13599654
223277652
183163312
143085269
102993954
62833586
22757371
232508797
192395317
152313945
112227016
72071333
31984647
241613878
201487489
161437216
121362481
81244340
41149316
1035678
210686496
170598267
130522640
90450134
50363723
10290949
219999121
179873933
139797242
99676883
59581709
19454678
229222924
189151191
149001845
108928451
68788934
28688740
238398669
198285574
158203903
118147581
77973625
37825029
247595391
207471019
167408384
127332908
87201705
47096677
6982489
216702004
176579218
136554591
96423478
56300572
16134506
225806757
185651195
145601306
105481539
65370817
25282542
235109345
195026148
154932266
114872762
74752919
34651874
244213956
204035055
163966722
123861589
83724192
43659481
3584906
213279127
173141860
133121432
92995339
52829339
12693753
222634611
182531350
142487500
102392305
62243550
22100823
231445645
191315992
151255560
111218414
71116481
31063038
240626704
200554378
160510522
120407240
80267217
40145011
249783328
209729352
169601789
129500863
89312755
49261327
9102366
218733236
178614849
138591254
98438938
58260084
18219076
227863856
187736778
147654411
107564361
67444038
27341551
237068967
196944968
156862357
116776877
76649651
36545414
246229035
206105824
166036680
125968994
85844307
45750867
5674746
215434139
175255879
135148294
95036760
54876619
14727788
224411222
184257616
144144095
104026925
63878973
23806592
233488316
193372105
153296222
113216282
73072439
32962143
242624686
202488901
162403253
122307017
82154697
42047214
1915641
211557540
171404150
131336013
91219836
51105410
11074488
220704198
180542212
140463272
100375761
60204041
20074090
229746949
189547772
149439182
109363259
69221320
29118877
238764236
198625467
158539916
118447831
78291337
38211757
247901926
207757009
167651466
127591315
87459852
47358665
7264344
216956005
176860384
136797748
96749703
56671170
16633133
226332420
186266256
146219764
106121856
65953511
25816516
235503166
195408394
155323984
115254580
75171544
35021901
244695880
204622954
164550004
124380955
84235501
44120450
4033757
213650243
173512803
133468792
93408062
53324383
13250857
222873515
182727341
142692495
102580308
62448899
22343804
232009141
191938836
151838840
111737334
71567411
31382780
241109854
200984129
160932214
120833551
80702000
40641996
250272083
210160583
170114501
130018378
89940982
49787068
9681510
219625031
179515386
139453548
99367812
59274256
19119686
228545060
188415944
148362810
108312770
68168090
28086535
237721550
197602171
157548568
117423804
77287481
37189190
246802147
206669419
166590978
126540989
86433479
46362670
6253648
215903173
175802153
135727805
95665564
55538541
15452578
225136368
185018109
144927621
104856259
64761853
24652281
234328275
194293943
154155515
114115424
74030784
33885651
243575446
203466872
163415120
123337817
83188925
43144846
3080655
212698357
172594150
132508945
92471427
52343524
12231031
221939483
181781532
141593389
101557308
61407310
21291400
230986620
190835869
150749948
110725149
70575811
30476900
240128603
200043876
159932874
119867320
79709410
39580433
249246578
209105887
168963676
128912852
88747348
48680197
8582738
218249522
178079243
137989449
97905886
57750638
17659914
227382223
187253267
147178599
107106383
66952196
26877907
236591143
196469210
156428085
116352555
76261224
36152821
245835828
205694437
165652634
125576774
85433612
45351221
5329292
214906862
174732238
134631605
94545158
54392416
14268762
224000373
183900377
143827576
103755899
63614426
23462305
233184901
193071937
152995868
112894771
72740294
32697913
242339876
202236769
162133771
122069922
81934227
41841948
1772337
211478924
171366658
131309151
91217976
51123008
10946501
220613249
180473122
140422849
100356784
60249312
20085568
229759126
189625025
149573455
109470489
69318603
29202556
238893790
198732960
158672645
118517551
78357053
38258949
247929077
207781105
167709762
127668914
87553944
47452962
7366927
216972784
176830584
136780116
96709367
56549664
16411301
226097787
185999092
145896485
105714861
65597170
25556003
235115897
194989335
154890819
114894497
74758371
34616524
244314170
204189643
164124139
124060839
83899276
43818159
3731085
213353728
173194734
133092836
93003798
