7498743
38950762
34638938
30464155
26296720
22077698
17943047
13779079
9583402
5430384
1294388
237111467
232890442
228719550
224521039
220317648
216118019
211824393
207613537
203449843
199290733
195086176
190937534
186766281
182562968
178388196
174223662
170031606
165866742
161701304
157509016
153351977
149183004
144985786
140829969
136674567
132504536
128359750
124205455
120034939
115906371
111771892
107567470
103405090
99256135
95051103
90916463
86743003
82545173
78392266
74226767
70021532
65790758
61563267
57292862
53064712
48901936
44688977
40455326
36214389
32006601
27796376
23552769
19284153
15049205
10825283
6552930
10277846
6042878
1853942
237320454
233093783
228937021
224731096
220493585
216319365
212118892
207878906
203663262
199506324
195309545
191150827
187002784
182787559
178656973
174519675
170318401
166086469
161930750
157727579
153560493
149381485
145178051
140958486
136714782
132442915
128215907
124054769
119877890
115717293
111542266
107309725
103222220
98949564
94734049
90501773
86326909
82114075
77879044
73705429
69432811
65274201
61133222
56956003
53163174
48953364
44825594
40585472
36360426
32227785
28001768
23779119
19626711
15435749
11193800
7025483
10695973
6498897
2372805
236605512
232388358
228232014
224065335
219843908
215655341
211568586
207345688
203194955
199031268
194783556
190635000
186506920
182285611
178114502
173978846
169793930
165636672
161491221
157267875
153111106
148941588
144755689
140572465
136426985
132218136
128085031
123893530
119726125
115524119
111374098
107175352
103025772
98876569
94651210
90460378
86273612
82048509
77888904
73676848
69467786
65296583
61190726
56977285
52816409
48655026
44481023
40355083
36177270
31978090
27809395
23670166
19461684
15329737
11113123
6899370
12069107
7901271
3733472
237010782
232812608
228642591
224527475
220343564
216172896
212013199
207805667
203638746
199515781
195316567
191152100
186948094
182792164
178645414
174472013
170337796
166214800
161955620
157775881
153568579
149414840
145280264
141079962
136915090
132752109
128547850
124336058
120223228
115957697
111795639
107609791
103437485
99259450
95067112
90837620
86634698
82376241
78152343
73946539
69732342
65510384
61331218
57135198
52896713
48706658
44494336
40253585
36121246
31931298
27657152
23469332
19311389
15048678
10872542
6691834
12953332
8749791
4586050
237321071
233129800
228915065
224661469
220438535
216259249
212091020
207876120
203643330
199441052
195232944
191069301
186888978
182711946
178611360
174480573
170307177
166169207
162002011
157822763
153654485
149521587
145315077
141152502
136930918
132720392
128561022
124378428
120167754
115921165
111765477
107497662
103315339
99108171
94877061
90672846
86484648
82255012
78083194
73881888
69633918
65437405
61237962
57001100
52827592
48647602
44473259
40254805
36064150
31828313
27638563
23458063
19235219
15068062
10848166
6587737
13720605
9468483
5311189
1161034
238084757
233817618
229630430
225390616
221122929
216927097
212757593
208535265
204381763
200238130
196016424
191871509
187665063
183477094
179286282
175104652
170959240
166775394
162604748
158449974
154246451
150052705
145872266
141638698
137452280
133265966
129016154
124833118
120661286
116450552
112272790
108059064
103838217
99658962
95438973
91196544
86984950
82796280
78577845
74375154
70150596
65890152
61681919
57461914
53222370
48989948
44765555
40525905
36348219
32118750
27854577
23641316
19428686
15179145
10976459
6803091
9393933
5169337
996376
237223698
232975566
228787693
224604743
220369495
216196683
212032073
207828502
203658385
199478525
195256498
191063183
186870162
182696505
178550947
174375242
170201302
166081088
161940958
157768567
153600417
149432365
145225567
141061639
136889175
132681521
128480628
124325190
120098392
115935776
111727890
107481637
103283547
99067541
94856254
90681599
86512318
82291037
78119379
73925989
69714194
65540233
61388170
57184702
53001732
48813363
44606894
40479196
36297043
32085057
27865177
23691201
19485429
15262042
11019009
6743035
10344292
6103658
1911805
237285073
232970752
228806014
224610257
220422682
216225630
212019049
207768780
203569268
199418775
195233518
191086763
186971346
182830305
178670644
174535290
170315434
166159175
162006310
157806598
153642372
149483623
145273375
141105085
136935723
132718608
128579766
124444667
120247427
116086622
111914035
107707042
103507548
99317186
95071760
90850347
86628448
82406272
78254209
74056518
69784588
65591562
61376359
57137126
52930446
48727113
44459681
40275048
36081191
31831601
27634478
23413556
19164120
14950363
10763840
6526788
10891203
6649881
2512200
237236112
233008225
228849786
224733520
220491785
216322389
212137233
207962965
203709896
199557605
195339692
191196542
187058751
182814861
178693556
174554050
170384819
166251573
162140943
157961842
153802964
149636732
145412355
141230938
137043079
132818045
128638358
124470492
120243368
116044136
111846198
107630097
103446799
99238049
95012591
90816892
86610703
82381618
78180982
73959225
69736943
65549380
61386261
57132002
52964494
48763904
44519494
40318181
36111730
31883640
27681570
23478862
19260020
15084681
10859454
6587572
11562683
7302936
3106423
237248600
233058935
228828293
224675140
220451542
216271102
212087967
207849535
203668767
199460406
195247697
191070576
186875230
182639601
178491503
174339555
170160298
165975064
161801365
157598848
153477180
149299825
145100732
140937222
136768150
132560874
128394570
124238884
120014659
115849651
111684325
107475334
103301027
99104308
94895287
90704405
86526444
82326442
78153159
73938790
69731619
65563795
61398560
57170215
52967191
48773827
44516180
40294751
36074216
31821874
27622477
23420659
19178687
14982815
10777694
6554703
70389637
66183654
62087116
236988764
232735390
228569343
224402836
220177104
215947045
211723242
207490981
203317603
199091152
194826833
190696120
186480684
182304452
178178802
174010574
169842837
165675362
161504856
157240421
153015137
148820454
144645324
140458105
136238290
132013899
127841831
123680422
119482324
115321665
111154717
106982992
102830659
98674463
94467204
90302364
86126161
81946070
77742012
73598472
69359285
65206285
61007697
56777584
52581824
48416178
44207216
40036901
35863533
31656208
27471890
23300157
19091035
14948412
10681833
6422141
13252628
8994965
4829780
631718
237359055
233104297
228894626
224666113
220426137
216211418
212005784
207712609
203495217
199300962
195056262
190869557
186683189
182460095
178278600
174119384
169933425
165755312
161603616
157403067
153236048
149051498
144833850
140660207
136452690
132250928
128005133
123830090
119634090
115447081
111274387
107016211
102799115
98612284
94399107
90198739
85986871
81781296
77608482
73423475
69222719
65045725
60864829
56653158
52481527
48303306
44103598
39932060
35714199
31503706
27319054
23148643
18931099
14696831
10483178
6265121
9562733
5387854
1251084
238146631
233931498
229772860
225621443
221408912
217264316
212992403
208699435
204517820
200323734
196145877
191978722
187849592
183666390
179531906
175385734
171213897
167050859
162877682
158618236
154378902
150158479
145951114
141808060
137632399
133419818
129188866
124950155
120647023
116413462
112126822
107877229
103605937
99386763
95086020
90804014
86522061
82315870
78052067
73833977
69585535
65399959
61237572
57011906
52800715
48605385
44376904
40172083
35970054
31746818
27551004
23349604
19141245
14923864
10694607
6437732
9514536
5307463
1086215
237519879
233258036
229066224
224868738
220618016
216429935
212204252
207980356
203797190
199604143
195390032
191209949
187064089
182850265
178692834
174569513
170434515
166272662
162138183
157931344
153770206
149598786
145373762
141202954
137034153
132833450
128651382
124496929
120259207
116090071
111869718
107613818
103372637
99163620
94922126
90721300
86484889
82229712
78025212
73832064
69614766
65382427
61205537
57007993
52809059
48635672
44398133
40189324
36023779
31811289
27588693
23385467
19163319
14962459
10744574
6496729
10002064
5786466
1597450
236689604
232351733
228171249
223970641
219719588
215530705
211312714
207093332
202869953
198732051
194527093
190358459
186195022
182021351
177928369
173784653
169609401
165479675
161338329
157163596
153010461
148826678
144605129
140431468
136278344
132076498
127882879
123737071
119538846
115389719
111217787
107017568
102847282
98671638
94457671
90297870
86133942
81937945
77768956
73599895
69400081
65238993
61092272
56893632
52727557
48569810
44364557
40204181
36056861
31823899
27652212
23470222
19209558
15001231
10800439
6615656
11554667
7340646
3191454
236174220
231965951
227810902
223648184
219438046
215241654
211058301
206835982
202658547
198492322
194288201
190054525
185916732
181740466
177616852
173480376
169306697
165178747
161037084
156840584
152678971
148511730
144312364
140144933
135984014
131725170
127555735
123386940
119170066
114998094
110824218
106616442
102465677
98298954
94097483
89919644
85738710
81536733
77316574
73136471
68926678
64760662
60600833
56398294
52235061
48055174
43848584
39683647
35497182
31297892
27136283
22960990
18755873
14615176
10462183
6260942
13215308
9002406
4849128
236305396
232113434
227979454
223849163
219638349
215467632
211229164
207023293
202898948
198719873
194518395
190359164
186190854
181996817
177892783
173732911
169534556
165376041
161237112
157070896
152941360
148763229
144581636
140411486
136221136
132020446
127842360
123683482
119487445
115314250
111147726
106922683
102782028
98540188
94316141
90147618
85982831
81781152
77620621
73384313
69124213
64964846
60822059
56619890
52484229
48273869
44071529
39922083
35720136
31518453
27356128
23154597
18945622
14792560
10570885
6341469
14880266
10620718
6506009
2230118
236768472
232510209
228290462
224107934
219880851
215694186
211497334
207315585
203089608
198928030
194750237
190574415
186436247
182196530
178079713
173944231
169774508
165612522
161463464
157242203
153059424
148866068
144643870
140487828
136313770
132142188
127942115
123818267
119587249
115416740
111232776
107054600
102867175
98665461
94437830
90242396
86051703
81817893
77636849
73431057
69208851
65028757
60837539
56606583
52418367
48265113
44044815
39898243
35700338
31475946
27306045
23129198
18905137
14721968
10527576
6301941
11634049
7409201
3237127
236546050
232326985
228135796
224005345
219724280
215497727
211305049
207083908
202897748
198730576
194508206
190350267
186201136
182014238
177874728
173745178
169552089
165398197
161226180
157001066
152840820
148707510
144448436
140312588
136133095
131933878
127769784
123601459
119401977
115306264
111148239
106940796
102768751
98622293
94411234
90235652
86068853
81864409
77695371
73535093
69336546
65166348
61023341
56810221
52656559
48482444
44284242
40150876
36020622
31820749
27665420
23502702
19317911
15171142
10992971
6725963
13126701
8911574
4703256
237217478
232948682
228729594
224570649
220325093
216118359
211898194
207650399
203452723
199251110
194962654
190756079
186557734
182279527
178138662
173999190
169802730
165624982
161475130
157271159
153088536
148924098
144688733
140530709
136362990
132148894
127974266
123799923
119602698
115413189
111280638
107082096
102927329
98771954
94544420
90360678
86164763
81932065
77772903
73639602
69429207
65264394
61138683
56939734
52766656
48597305
44388649
40229025
36085351
31875077
27719958
23565415
19361671
15196997
11040473
6831615
13725529
9476952
5276116
1127470
236714552
232447013
228260634
224050581
219859070
215678155
211527880
207304305
203175450
198976914
194752958
190564741
186381756
182153535
177954733
173756908
169524493
165324088
161136760
156947161
152763635
148606929
144400853
140240535
136073247
131863302
127699001
123544722
119340526
115210930
111009100
106804664
102619400
98466136
94259111
90087125
85919999
81723176
77561270
73381178
69179403
65009772
60846184
56645604
52488242
48329051
44125090
39977382
35841026
31654526
27501316
23339003
19140848
14948267
10751329
6501056
10646358
6391711
2172185
237107386
232855900
228654919
224470257
220214079
216029376
211822739
207558159
203333685
199129747
194876142
190670475
186473070
182269567
178133914
174005705
169824790
165679118
161510883
157272874
153106283
148927805
144707912
140517489
136335851
132126978
127939528
123785999
119594083
115441126
111267070
107052736
102889207
98720591
94512851
90349927
86154041
81942363
77768775
73608652
69395080
65211906
61025159
56817844
52641564
48481695
44273917
40112443
35960928
31752553
27589709
23418909
19204691
15033343
10871478
6650655
11433028
7212543
3048797
237154366
232973914
228818316
224659082
220483202
216202103
212028543
207855962
203641904
199524313
195257318
191045297
186855074
182596691
178444684
174284944
170102065
165937953
161828984
157608667
153421176
149283364
144994601
140852682
136655460
132450895
128290223
124131502
119942670
115786264
111615195
107397090
103229039
99093016
94819823
90638625
86492883
82215481
77984092
73813721
69554094
65327553
61163767
56897138
52700930
48580260
44323212
40152742
36004374
31796484
27630288
23445055
19253228
15085196
10893126
6646518
12182946
7926562
3691237
237223884
233006646
228781985
224582405
220344348
216090124
211894559
207639274
203431606
199221541
195003743
190821944
186602156
182385702
178222863
174061498
169842560
165678510
161519385
157320223
153125558
148924014
144698646
140525568
136337777
132106703
127913157
123759779
119560139
115382084
111201101
107008269
102823334
98639077
94420766
90241415
86038296
81809264
77637987
73466783
69243653
65062864
60913921
56692064
52509640
48328221
44107083
39924836
35803600
31610004
27428276
23256359
19029046
14856793
10697026
6482725
12687793
8493259
4324757
236984657
232783011
228630657
224485009
220228931
216012894
211796365
207524759
203305882
199087830
194840084
190651284
186490676
182214214
178020590
173842513
169622453
165423629
162841241
161572275
157411778
153233910
149032222
144873594
140708502
136523886
132351344
128159877
123940711
119779035
115572093
111309618
107118814
102954336
98756266
94588107
90413025
86205317
82039488
77839358
73631141
69466190
65302116
61122964
56925647
52741184
48537683
44367675
40199320
36001076
31860305
27688585
23484396
19320891
15107823
10857171
13541404
9271788
5073860
857937
236266568
232056437
227849656
223683286
219473274
220084907
215975074
211761357
207620435
203466141
199262938
195146275
190930386
186763692
182626603
178505070
174326707
170187982
166070496
161858577
157706287
153532741
149322272
145166370
140986003
136784511
132625374
128460567
124257268
120091892
115940906
111744948
107577036
103425032
99249873
95081482
90883409
86668011
82519279
78347065
74141072
69977198
65810554
61626741
57455222
53305610
49101842
44930814
40809246
36603710
32448520
28282740
24039784
19882740
15744278
11540041
10838638
6640287
2493563
236701281
232511169
228357286
224199962
219965603
215720799
211554366
207256598
203102288
198941277
194731836
190569547
186400961
182239298
178136010
173995447
169828920
165705204
161514724
157319846
153168732
149008121
144813783
140620715
136427657
132205342
128016962
123835008
119612033
115441723
111257236
107035036
102846808
98658084
94477421
90295257
86100514
81879069
77740943
73564080
69330217
65190467
61050963
56877405
52747442
48607456
44394437
40208961
36018951
31797514
27633504
23459609
19254902
15078310
10873932
6617466
12348578
8093238
3897871
236766233
232530788
228315556
224140012
219888278
215676027
211475726
207222664
203005708
198819726
194605464
190429990
186212328
181988272
177846455
173699700
169551551
165387791
161240806
157070899
152917486
148741848
144516136
140375998
136178573
131968723
127795393
123634789
119462115
115320386
111155631
106950823
102781476
98606589
94399536
90233918
86058649
81845802
77670897
73499107
69284649
65110597
60937126
56732858
52563514
48382849
44177088
39995569
35831796
31599054
27419782
23241195
19023817
14851647
10680866
6474601
13538960
9328288
5168806
1031305
236467523
232228266
228070426
223902675
219729871
215541403
211353820
207129783
202998968
198778047
194594659
190437284
186298829
182171670
178042851
173906700
169729582
165571081
161431487
157233847
153081264
148915921
144713093
140542719
136349607
132142502
127958616
123791320
119603965
115440454
111261653
107052828
102878529
98703983
94496217
90319064
86133259
81927058
77747333
73581051
69366045
65193263
61030763
56815948
52633450
48446541
44238813
40074986
35932996
31677123
27465781
23233458
18984742
14758625
10530164
6274433
10875483
6636719
2457062
236287704
232061817
227877537
223661514
219429016
215221200
211011492
206782838
202612965
198428306
194254760
190073099
185909638
181738424
177604599
173463535
169290166
165136525
161002980
156780589
152597150
148418211
144208252
140042288
135866894
131667045
127500754
123344956
119139945
114978406
110829091
106620080
102420409
98229630
94027104
89834910
85668148
81464115
77286015
73103237
68888875
64718580
60571797
56382775
52214830
48033853
43824450
39656986
35487325
31287573
27130695
22963606
18760592
14590276
10420852
6214037
12360094
8156283
3997844
236633424
232428642
228282360
224175418
219919905
215773766
211557687
207293628
203113564
198936708
194718898
190503777
186360638
182141782
178020535
173889021
169697953
165533599
161367713
157143038
153002097
148835821
144550991
140370758
136192457
131994115
127832449
123665008
119453497
115283084
111091359
106902451
102734159
98565554
94361247
90198102
86029841
81826752
77660985
73489519
69203521
64958121
60720389
56519318
52350403
48182176
43978988
39807708
35634973
31449900
27294815
23143400
18937511
14772173
10532391
6324786
13612220
9347513
5128409
912065
235843478
231580588
227397028
223208400
218948830
214725318
210522473
206291901
202120589
197925073
193702309
189532567
185387932
181215404
177099451
172962559
168793517
164646528
160504811
156304339
152125712
147962394
143757965
139592703
135415132
131240983
127081110
122914345
118738810
114604092
110443747
106273714
102116979
97968613
93775222
89615809
85471093
81277644
77144945
72984175
68787692
64616794
60458061
56262511
52107091
47942818
43763185
39628393
35464363
31297524
27168584
23007475
18815376
14648754
10472894
6293016
11308148
7140498
2968557
235904396
231714357
227574496
223384130
219160101
215008445
210848584
206645968
202452548
198276107
194056288
189876276
185734885
181560910
177429137
173303576
169136305
165012432
160879044
156711698
152542559
148376959
144198546
140039718
135873444
131672459
127517552
123358604
119187132
115039021
110870890
106680730
102530050
98374145
94178930
90002058
85841483
81648636
77518372
73357414
69158865
65012448
60870148
56666519
52510168
48342408
44138313
39987225
35822762
31613984
27436676
23257903
19051159
14881035
10660084
6446702
13572192
9385008
5175614
953192
235916469
231702012
227500148
223334817
219078237
214924554
210766106
206571804
202349793
198208147
194009126
189829123
185686980
181519245
177377728
173209172
168985481
164812529
160669499
156468976
152331172
148159112
143952296
139805575
135641003
131461491
127303326
123126502
118920788
114733040
110560015
106359425
102188132
97943829
93659861
89497849
85328477
81133441
76988917
72826799
68630096
64493023
60346086
56142521
51969418
47806219
43613855
39472692
35325464
31156797
27001769
22835739
18655436
14519043
10375615
6177630
11290440
7127330
2981738
236635094
232444814
228288294
224089946
219885655
215666592
211445444
207167307
202923486
198806295
194642203
190481291
186354164
182182393
178059081
173930446
169762322
165629132
161502523
157323465
153189989
149038225
144859315
140705048
136543957
132337044
128173377
124015545
119809930
115638887
111469725
107265060
103115574
98954594
94745990
90578825
86430362
82222671
78057211
73901884
69694890
65541417
61393461
57184805
53008519
48848438
44634940
40475594
36318647
32110045
27937729
23793693
19586765
15418695
11246431
6978573
12901415
8635199
4415817
236193754
231945045
227723050
223526047
219232136
215003327
210836132
206602799
202386572
198246359
194054162
189882361
185729805
181565226
177431493
173328537
169161889
165025177
160909618
156745301
152607832
148466499
144276066
140136030
135979818
131785342
127575474
123445936
119253382
115096139
110956381
106765155
102610952
98452338
94260553
90141393
85969081
81795710
77669038
73545566
69379030
65182560
61015303
56794466
52611116
48415920
44198864
40008250
35833528
31659458
27479164
23301316
19076502
14843270
10718762
6545817
14357897
10193420
6065945
1934190
235962943
231805277
227693944
223561202
219390883
215189435
211001550
206824090
202631509
198475798
194271566
190110297
185953280
181763104
177650020
173512675
169318254
165184612
161043259
156864954
152680869
148530922
144356705
140212637
136044904
131838925
127669992
123475709
119273172
115135738
110966902
106753879
102588218
98427579
94223255
90048944
85909775
81699447
77529264
73362378
69153222
64964944
60821048
56613158
52447384
48275449
44046622
39863768
35688839
31481707
27315276
23137570
18931635
14752180
10553448
6243877
12228719
7973495
3760254
236882502
232631959
228430897
224229245
219932724
215712038
211474110
207197163
202971288
198771895
194541938
190309765
186059330
181855545
177708773
173541529
169373808
165216720
161117728
156920958
152767261
148605249
144385005
140180374
135981416
131810578
127604519
123480200
119235952
115048375
110910244
106696455
102531003
98382003
94132026
89965508
85799229
81595252
77434174
73248688
69058043
64881592
60694721
56492952
52356540
48142198
43865024
39697953
35508706
31280367
27114511
22986908
18801510
14636435
10468584
6291683
13252230
9090003
4911516
759125
236580599
232366986
228245272
224062874
219831160
215639293
211444549
207187943
202989989
198766167
194545238
190356060
186195869
182020644
177861787
173716078
169541028
165378025
161206699
157006887
152839066
148660130
144425497
140239654
136097219
131914052
127727135
123550325
119325043
115157410
111009776
106764130
102582744
98406521
94200892
90027955
85845411
81638311
77455331
73287070
69081375
64922354
60760341
56558422
52395132
48218218
43995832
39823438
35656960
31457931
27283936
23111399
18912045
14692352
10464715
6197703
10379817
6124733
1922826
237523456
233276232
229067597
224848476
220607688
216390368
212193784
207944345
203764038
199613512
195402674
191269623
187083581
182870422
178713480
174570034
170391626
166231279
162076654
157885975
153725286
149544624
145330466
141144575
136940319
132752769
128585764
124445182
120181278
116033944
111817844
107610974
103409308
99262348
95005993
90817764
86622216
82381726
78188484
73965082
69734370
65519127
61327536
57073958
52885400
48662304
44398198
40176999
36009099
31760350
27530944
23308806
19045686
14827841
10603234
6319961
10620389
6349301
2191754
239009067
234755881
230557889
226336651
222086639
217875915
213668928
209423233
205203235
201011827
196769754
192559469
188349438
184107666
179894722
175668883
171414783
167185761
162965061
158703561
154485704
150282014
146022322
141822993
137594406
133316366
129099343
124879162
120593317
116392757
112187051
107904753
103672439
99465637
95179894
90978860
86748239
82491097
78271937
74055019
69817977
65581279
61354565
57098665
52883473
48680744
44421858
40216042
35999772
31724163
27497628
23267319
19004882
14788049
10565854
6312505
9436395
5170931
988258
237843334
233604889
229382938
225167581
220894780
217339841
213149079
208888670
204652513
200450344
196189798
191992327
187779261
183586477
179435944
175293105
171099947
166930405
162767192
158529234
154317799
150126578
145875937
141688850
137515542
133272853
129081579
124905905
120678729
116497493
112305949
108076785
103902106
99682635
95447704
91266892
87078132
82886205
78700480
74538823
70315861
66115141
61934838
57708811
53517484
49333394
45107615
40926059
36725531
32477296
28267789
24112984
19890098
15699674
11489660
7266219
9425463
5208495
1037132
236473845
232260842
228175494
223999195
219765021
215568550
211374485
207176682
202968699
198761897
194601425
190351656
186175611
182032193
177896962
173757763
169616832
165451184
161285771
157133922
152963186
148759679
144592970
140417295
136214401
132051020
127869914
123707672
119552088
115383681
111180672
107013556
102839979
98630787
94484859
90321402
86118460
81944863
77772310
73561027
69399981
65254107
61045032
56877334
52705434
48501729
44330253
40156041
35952135
31787326
27623518
23433684
19263405
15044822
10785381
6627438
11128086
6922490
2806372
236083093
231879111
227758148
223551535
219342197
215184658
211019370
206781658
202598911
198420735
194208970
189986879
185763498
181554495
177367195
173238702
169035179
164881165
160714209
156526083
152369583
148214173
144026084
139867356
135705519
131516923
127375603
123219794
119036636
114908861
110759947
106547822
102387823
98214947
94010687
89851555
85704229
81500620
77364275
73160641
68957848
64785365
60623207
56418584
52253742
48076220
43876080
39711672
35557331
31362037
27208407
23053243
18850529
14677602
10502066
6295116
12955957
8752332
4613346
237188134
232994225
228866444
224726101
220510206
216324623
212185067
207975384
203820927
199690787
195483233
191284577
187117537
182911846
178751936
174578755
170336446
166091577
161896019
157691564
153520855
149313019
145057158
140867158
136672512
132442779
128249614
124064996
119839660
115684866
111461272
107253503
103062502
98864257
94617690
90424021
86241065
82011836
77833984
73649372
69438486
65255344
61090453
56888515
52687354
48498469
44284703
40084984
35903379
31690226
27519293
23336374
19105331
14922754
10713300
6460396
13691919
9448259
5249499
1082199
236516362
232262537
228079448
223892069
219638371
215447787
211232486
206972755
202773649
198571590
194327510
190123140
185918473
181697791
177529549
173367158
169146987
164956030
160811180
156592448
152409112
148237081
144017156
139857898
135709457
131517377
127362507
123209423
119021840
114873129
110709914
106516027
102359441
98197833
94009409
89848015
85674391
81486964
77324380
73152894
68940626
64764645
60595498
56385250
52214704
48030631
43819053
39656802
35479830
31272212
27098184
22922775
18714810
14553978
10369927
6176274
10722059
6531084
2378710
236557400
232354852
228190040
224025096
219787910
215565283
211308108
207086603
202904584
198745618
194566123
190392932
186246129
182069845
177945098
173797252
169606767
165432947
161294142
157098318
152938330
148765619
144564979
140404923
136255315
132065909
127926413
123705713
119505335
115338031
111164636
106964939
102797588
98646126
94453748
90310249
86135209
81924360
77733519
73561613
69359827
65183207
61013643
56808654
52626352
48449567
44246957
40057159
35887526
31682692
27515612
23333441
19134759
14959320
10757061
6489449
12407729
8153850
3977747
236426360
232196399
228000504
223821207
219528876
215312595
211103490
206867395
202652615
198434989
194217315
189996848
185793743
181574389
177411059
173257880
169082861
164946778
160815500
156631921
152473203
148319215
144127025
139954595
135788614
131602895
127467429
123259582
119057664
114901073
110762334
106531312
102357367
98186545
93982765
89812385
85644489
81452110
77316742
73136989
68900484
64730824
60572626
56370087
52218329
48039756
43838255
39670770
35506424
31316398
27149752
22974664
18776354
14635388
10456856
6218213
13727112
9538896
5384634
1239788
236243162
232013951
227897868
223687613
219482720
215313274
211087430
206894080
202694057
198550925
194329220
190144750
185979437
181801852
177661609
173522387
169331210
165102658
160964624
156792039
152598123
148403484
144206008
140025526
135823444
131626196
127462300
123308586
119105909
114941121
110769503
106547956
102381484
98227835
94026731
89859401
85685135
81488508
77326312
73155724
68983291
64774566
60587762
56407717
52281320
48101706
43883085
39742380
35549505
31357106
27188715
23047329
18842067
14594862
10375126
6164999
11263963
7094390
2933585
235729133
231516840
227370693
223192898
219021665
214815264
210648076
206445560
202283999
198143918
193934752
189797490
185643294
181445264
177326461
173156172
168982720
164854098
160688168
156496614
152340707
148199875
144022284
139884409
135662030
131440091
127219403
123030920
118812182
114651382
110514804
106312953
102146824
97967881
93766333
89602511
85424242
81224730
77044005
72875659
68673349
64520870
60354551
56130880
51955228
47784996
43588667
39426691
35256083
31052234
26879679
22735632
18561955
14401438
10252469
6045901
13308323
9133783
4973470
776830
236699831
232496664
228328413
224143815
219938148
215760883
211568572
207343634
203200177
198995910
194779573
190644883
186440632
182265094
178132409
173982602
169794208
165628862
161487673
157305133
153144195
148947052
144725826
140547636
136366864
132165797
127990151
123828960
119608550
115435431
111259747
107057886
102869248
98680674
94459479
90271555
86084352
81862257
77674148
73478639
69260617
65066053
60877601
56659584
52482259
48340582
44109623
39933508
35734200
31458937
27266170
23074404
18852952
14647256
10421708
6150302
10325498
6073255
1851573
236337060
232082162
227872553
223665746
219432143
215260223
211089132
206874589
202626184
198447690
194233527
190065120
185885793
181690134
177599096
173465979
169282305
165148905
161001360
156832387
152696910
148522128
144316503
140140260
135972693
131793887
127593955
123426362
119245644
115070602
110905322
106701566
102511332
98330852
94114570
89932256
85747890
81566076
77400241
73231961
69037093
64851438
60663972
56456832
52297973
48131816
43925008
39754659
35573411
31366306
27239095
23095758
18887549
14717519
10557598
6362366
11851531
7645357
3489473
236637266
232419887
228266848
224118316
219939758
215708922
211533087
207309020
203123804
198974100
194771299
190602797
186407926
182206513
178070203
173932267
169755921
165603401
161465200
157267489
153097740
148932210
144721698
140530792
136331615
132110174
127949670
123799042
119598306
115443432
111286116
107091209
102957753
98820649
94614013
90421414
86250127
81985611
77847183
73687242
69504630
65342138
61176489
56949031
52777396
48606329
44406284
40233759
36080043
31888677
27727707
23557283
19366331
15217530
11012806
6751157
13620781
9357163
5146390
905664
236522300
232258511
228041119
223810194
219516933
215278345
211066239
206803836
202559153
198378533
194173598
189984722
185805722
181628593
177510297
173378314
169167882
165001763
160841056
156644757
152474544
148295370
144106343
139931924
135782027
131575499
127427830
123266553
119067745
114899006
110738325
106528537
102337718
98163062
93963479
89797814
85622236
81424566
77290427
73113697
68875863
64731449
60578030
56377981
52202195
48028035
43822850
39657503
35507640
31269539
27085865
22908487
18705157
14520805
10328395
6144624
10577725
6405379
2284118
236183838
232015327
227867650
223726867
219508418
215357955
211205590
207012879
202823206
198661634
194458474
190321465
186160608
181997142
177873370
173741730
169573463
165435028
161296811
157131643
152993907
148853759
144655886
140500675
136330393
132129911
127957592
123805678
119615089
115458256
111284121
107082232
102909139
98751801
94543659
90371071
86186098
81967354
77767013
73568694
69361946
65195611
61022322
56796525
52613241
48443238
44231313
40095204
35921211
31656335
27463255
23259869
19057919
14885309
10667493
6407860
12533443
8297367
4095766
235919562
231693626
227535847
223339826
219121531
214943040
210735670
206504344
202330989
198184607
193992975
189842989
185699542
181506246
177391386
173262843
169097412
164958051
160812784
156645710
152505772
148337445
144136222
139974253
137452343
135210426
131098903
126947458
122747774
118602158
114431779
110231124
106068194
101930892
97760837
93629498
89487240
85313343
81155475
76996007
72801490
68639630
64523787
60315250
56158280
52000989
47791320
43601045
39442682
35246042
31093466
26937991
22735278
18576098
14442185
10270854
14420351
10207070
6051999
1884449
236605576
232409832
229158620
225612838
221530712
219108142
215413295
211946311
207786908
203616950
202277223
198358320
195108014
191655373
188304806
185037513
181789583
178310178
174381250
170938640
166770456
163605850
160070528
156055364
152769814
149027457
144802927
140598327
136390806
132223201
128017585
123835574
119652664
115429350
111238680
107079636
102801089
98613209
94427484
90220872
86044451
81855107
77648749
73459331
69288031
65080890
60915543
56754368
52562318
48384958
44206969
39997722
35833657
31651779
27388138
23154771
18949093
14682008
10455806
236754894
232553253
228351225
224145353
219903938
215679073
211506062
207254707
203086271
198909469
194699307
190530948
186350034
182176286
178046295
173908252
169726818
165592609
161443879
157234486
153089884
148895830
144724707
140567609
136404554
132207423
128041836
123858587
119675501
115489666
111322746
107108019
102951854
98800672
94531523
90353685
86115443
81896917
77721621
73587461
69312051
65140292
60919297
56706078
52559508
48311912
44137701
39943627
35691633
31424743
27190371
22997193
18817885
14593798
10409203
6189694
12433656
8218961
4043764
236466601
232247147
228123194
223933573
219685559
215462390
211268822
207044443
202845270
198679422
194453497
190272865
186161334
181987822
177852156
173740921
169571286
165418915
161299333
157085072
152918426
148778168
144596180
140421776
136270142
132068867
127906289
123761901
119559286
115388875
111235055
107034648
102893715
98736272
94535836
90382336
86233068
82027208
77866006
73731686
69553063
65392783
61276068
57069503
52911522
48763988
44590545
40413144
36228240
32023625
27873038
23726616
19530179
15352337
11204834
6940713
14027156
9761733
5535740
1277563
237241578
232988763
228783899
224581658
220329249
216111150
211890985
207646384
203477033
199218119
194983688
190781012
186583186
182371254
178236764
174085875
169862835
165692320
161570752
157379431
153214426
149042315
144859824
140674626
136484010
132269616
128095382
123942420
119759275
115625692
111443910
107223511
103033294
98879955
94655069
90440772
86249394
82027983
77852399
73673160
69495239
65307948
61095688
56819328
52582620
48333664
44155023
39899040
35722242
31446605
27205960
22966159
18790261
14555542
10369175
6189841
10178208
5997324
1761157
236010651
231743371
227518899
223315045
219067162
214858283
210651434
206394690
202178007
198040226
193823148
189649811
185571823
181402571
177257096
173144162
168977585
164828940
160688010
156491603
152367662
148217949
143996745
139866508
135705866
131501295
127351728
123237470
119045922
114905453
110778096
106574879
102440336
98307971
94129173
89969964
85808572
81590937
77447298
73301715
69129004
65004689
60883011
56706552
52546280
48402791
44223958
40090057
35998317
31820088
27610810
23455244
19295163
15139619
11000013
6794643
12034040
7860941
3722214
235923946
231749478
227585849
223420801
219200070
215059319
210892754
206630852
202449661
198278027
194089149
189905483
185736418
181563793
177406543
173273602
169100129
164943343
160808626
156613475
152445834
148290577
144091090
139912551
135751682
131589922
127458043
123302193
119100154
114939341
110759404
106560652
102379071
98216456
94009542
89838897
85693948
81486248
77311003
73127536
68881024
64711612
60543907
56339832
52178899
48009048
43809644
39665751
35484549
31272856
27102100
22926827
18720000
14545478
10307076
6126934
14084271
9888086
5753175
1586613
235886171
231664731
227533374
223371490
219094730
214844619
210605982
206381692
202192396
198042559
193815662
189666589
185492733
181322111
177202569
173069711
168923664
164765497
160604677
156417738
152290412
148136121
143948973
139812007
135676241
131502874
127364443
123235249
119036657
114879714
110713261
106535482
102333782
98160649
93979190
89830965
85689856
81495903
77360518
73217289
69006420
64870491
60724742
56553827
52382187
48208412
44007205
39835797
35641912
31434111
27271077
23108508
18906146
14739505
10578463
6376701
11985649
7784474
3636589
235472365
231300012
227147344
222997599
218775479
214600457
210407213
206235615
201994212
197865263
193685631
189520514
185366398
181200599
177071645
172994431
168791150
164653618
160504730
156325896
152154417
147980515
143773544
139606054
135451796
131277670
127113445
122952143
118751451
114589187
110458407
106297723
102176172
98033646
93833583
89677361
85510818
81337462
77167512
72995410
68794377
64652896
60492923
56289516
52122549
47985539
43783709
39618502
35455355
31265590
27115987
22956720
18759853
14624313
10447728
6246242
14443779
10260515
6102675
1951397
236364012
232163496
228017569
223844548
219643821
215500057
211342142
207136372
202976512
198808492
194612039
190441523
186276207
182077756
177924507
173780372
169628910
165486737
161338138
157131994
152957002
148771787
144575091
140426290
136257847
132034613
127860971
123689738
119488701
115318677
111145237
106926983
102747815
98582528
94381825
90239863
86072682
81842123
77678372
73532005
69325595
65152516
60997267
56789655
52623989
48441542
44234314
40090403
35920900
31720646
27550000
23401115
19196293
14983837
10752815
6463538
12098373
7888737
3681249
236286736
232074611
227897830
223681176
219444948
215264655
211067767
206838741
202628616
198471432
194269415
190110065
185920021
181745126
177618184
173487942
169320451
165184970
161034236
156839742
152654957
148491053
144290930
140119257
135948852
131743479
127606076
123435533
119231085
115038389
110858065
106683860
102504474
98324209
94118203
89936117
85759000
81549695
77377111
73200643
68991461
64805479
60617044
56400793
52233915
48050503
43846256
39673994
35501164
31295802
27123880
22947909
18752235
14614709
10448111
6239818
13702982
9493237
5343513
1174735
236674086
232469701
228320633
224108039
219910588
215622609
211500928
207249827
203071550
198923095
194728994
190570097
186405911
182149567
177990072
173856714
169679097
165500826
161358126
157130296
152937383
148781963
144563444
140367697
136192698
131989210
127817080
123663273
119460084
115299499
111161059
106880181
102689678
98497670
94274102
90081506
85890292
81671161
77485621
73311316
69136924
64932315
60772078
56566369
52366671
48147756
43915869
39771282
35633962
31433293
27263257
23088421
18865430
14655866
10431694
6214678
10696478
6447861
2263847
236586291
232334930
228140945
223952504
219708135
215479460
211254880
207047894
202834282
198675137
194476140
190288492
186135140
181965606
177836751
173705051
169533547
165405491
161271905
157012141
152737162
148566491
144355195
140191859
136033979
131832939
127675911
123516630
119347472
115149919
111017726
106809008
102654734
98479509
94283169
90107341
85926151
81716674
77559840
73397899
69186931
65019428
60874391
56661297
52484917
48329905
44101715
39861803
35709264
31512768
27328069
23177964
18969850
14820946
10667871
6485228
11672666
7471058
3303263
235982959
231808826
227660576
223527379
219250712
215026650
210808168
206537728
202363701
198217795
194022444
189864741
185721273
181542033
177410430
173298123
169138232
165022857
160906375
156739781
152584865
148440230
144235419
140089747
135970684
131771782
127593778
123424605
119233784
115106277
110927667
106751733
102590954
98485362
94275477
90109418
85951571
81747612
77592963
73543635
69302593
65163290
60983272
56779219
52618485
48457426
44257455
40076076
35932263
31742501
27604441
23477743
19321460
15167104
10981076
6786919
13616881
9365216
5177124
967067
235551853
231318248
227151025
223000532
218774296
214597315
210425364
206226207
202043148
197872964
193673887
189492325
185325651
181090466
176951520
172813938
168650204
164491557
160354700
156167793
151984369
147837643
143627891
139444112
135252658
131058951
126925887
122774837
118608282
114457596
110308499
106131592
101987452
97854360
93646952
89505294
85353383
81160285
77003138
72815004
68609857
64446992
60287221
56107238
51948602
47783359
43604122
39450805
35282169
31098341
26949997
22819846
18618222
14460073
10292172
6085360
11498832
7306319
3159677
235981898
231787159
227658137
223515430
219324044
215177862
211009188
206795427
202649479
198528143
194362686
190241981
186116526
181953343
179359814
176828134
172714069
168539519
164348925
160180080
156003885
151788313
147620578
143450882
139279727
135101613
130898200
126688737
122534531
118402377
114194768
110022240
105853570
101648083
97477580
93299033
89088372
84918418
80742502
76535844
72323870
68149076
63938060
59771607
55586885
51389292
47230784
43071000
38869922
34722288
30556183
26352574
22196137
18046635
13774161
9603245
13523896
9260110
5042652
829379
237489195
233242808
229014917
224875239
220585880
216376335
212203230
207971647
203809194
199595364
195439802
191137785
186910345
182705524
178525287
174333296
170148964
166000011
161826708
157691360
153531268
149304516
145112336
140920630
136707781
132528115
128343360
124139665
119992729
115792669
111558048
107385957
103217716
98995760
94790029
90589610
86333764
82150803
77930438
73698566
69481183
65308491
61058347
56897948
52701646
48448038
44249876
40055588
35833798
31642835
27452935
23226258
19037014
14833531
10611503
6432328
9478796
5254894
1080126
236651680
232433971
228318317
224170992
219949507
215806311
211625315
207406358
203162719
199053641
194874856
190714934
186548024
182418919
178315065
174219996
170046544
165941640
161795128
157624053
153420446
149184534
145046660
140895631
136709329
132534957
128363595
124227864
120086664
115884719
111721882
107608940
103435895
99225525
95069445
90940589
86765727
82559903
78386452
74242323
70110486
65969952
61765050
57591396
93544690
89416239
85307134
81136801
76891089
72752270
68576089
64366063
60197544
55980282
51723842
47506778
43305070
39114180
34885765
237006469
232756842
228562153
224365236
220110685
215922789
211712383
207457148
203247437
199051134
194804101
190577836
186409138
182184582
178020259
173850196
169667559
165516758
161383282
157190266
153054029
148895641
144673848
140505201
136349710
132144413
127966757
123791257
119591714
115449645
111312327
107103679
102945608
98781168
94574578
90406999
86210927
82037054
77863443
73698700
69476872
65318430
61165994
56960008
52770631
48611169
44401261
40183366
36019566
31800915
27635007
23484639
19291690
15120313
10992203
6780118
11763394
7497872
3312973
236840576
232625448
228458437
224292418
220064175
215887058
211716808
207494901
203309961
199161813
194939123
190745468
186587595
182392379
178260719
174120408
169965195
165843735
161756043
157532820
153362119
149164158
144957485
140792816
136624656
132434264
128273211
124118448
119909554
115745132
111568346
107369141
103201827
99030667
94823305
90637470
86444249
82220128
78022629
73834512
69606734
65422222
61264756
57036277
52849098
48656386
44434838
40224579
36041898
31869038
27682409
23478581
19254798
15077052
10847687
6593209
12803968
8546476
4339765
237156981
232912102
228707705
224500971
220236220
215992952
211824767
207520996
203344392
199149966
194903685
190715652
186520745
182282444
178167392
173990645
169822005
165681190
161514142
157297450
153178402
149008348
144790429
140650773
136463526
132251664
128062094
123935542
119703743
115528603
111396015
107197424
103012161
98859569
94639810
90467007
86275671
82055728
77887494
73719561
69523621
65336908
61208927
57014545
52842466
48647534
44380703
40197371
36050961
31836600
27663241
23422901
19202345
15020218
10787607
6568674
13336475
9117471
4891049
729364
235114721
230899285
226778610
222641271
218459376
214312380
210178579
205923843
201722204
197557484
193349481
189172981
185044326
180887540
176763927
172627478
168455963
164324595
160194160
156016545
151884605
147727696
143533137
139368286
135199659
131008688
126882520
122732046
118540794
114395139
110237804
106071798
101944537
97803701
93640921
89461665
85324947
81160900
77038426
72902376
68741278
64584257
60436118
56245801
52095822
47931001
43743416
39588186
35429529
31237304
27074020
22909067
18709313
14549960
10367877
6151746
11697149
7504314
3383785
235537712
231381468
227276418
223152561
218962050
214805101
210641624
206384773
202228666
198061731
193862286
189706246
185542434
181379333
177257503
173122431
168951751
164814887
160681570
156421233
152203693
148036235
143843476
139698240
135534238
131346804
127187947
123035416
118838188
114676927
110518087
106316116
102167733
97998661
93808656
89643018
85479967
81290655
77132301
72965252
68773324
64624387
60480687
56284571
52107035
47939477
43744139
39590912
35446972
31256556
27089449
22922671
18757325
14587349
10422274
6257405
14215517
10017066
5877636
1720894
235979076
231812152
227704894
223571519
219384713
215249551
211087514
206891303
202735972
198566225
194376385
190259152
186140239
181979134
177884784
173749871
169537591
165377261
161243427
157063335
152927316
148726345
144526296
140346632
136175447
131966909
127813503
123681165
119477391
115279512
111104585
106898020
102753751
98602930
94428216
90206499
86022698
81819259
77641680
73462588
69257524
65114995
60958262
56730008
52558888
48380516
44198842
40020309
35845015
31644370
27467087
23309786
19116795
14949365
10760599
6538730
12243585
8004298
3824676
236609605
232386201
228205941
224009582
219772607
215564613
211358102
207110940
202931206
198755462
194542650
190372562
186223803
182053497
177922538
173787684
169613590
165479746
161332215
157164057
153012023
148874246
144671628
140526150
136357248
132165959
128019141
123862991
119699513
115537442
111395323
107146124
102961398
98812941
94594183
90388949
86197153
81971086
77835143
73680629
69478762
65304325
61137912
56912810
52742554
48537896
44309694
40142618
36013874
31804176
27635334
23459375
19279134
15127611
10986149
6784177
13602432
9390852
5212588
1053637
236389998
232178724
228034210
223850248
219636871
215509430
211274529
207064829
202843829
198673636
194450154
190288480
186097966
181926959
177799905
173668474
169497231
165355818
161216436
157012986
152881699
148693173
144480663
140307665
136139574
131969053
127831639
123667881
119466527
115307305
111142603
106947470
102796068
98616799
94412640
90232788
86071673
81869450
77710271
73535557
69326069
65157103
61002060
56817781
52656295
48464828
44239423
40022808
35837119
31657688
27483073
23293117
19117384
14902052
10669841
6403281
11019303
6840421
2645143
236172787
231977744
227822623
223653712
219447096
215258775
211088490
206862977
202703042
198550126
194349974
190200216
186071145
181903696
177793074
173659575
169479002
165347122
161201496
156994286
152830198
148654401
144448528
140286913
136111195
131903035
127734384
123567453
119362297
115195836
111025446
106813439
102644808
98457701
94246186
90083435
85913297
81705209
77540334
73374670
69199542
65035411
60844184
56664986
52493712
48313321
44105762
39904601
35775994
31540492
27379781
23225116
19026661
14864805
10713619
6513004
12780440
8582773
4439030
237264973
233068829
228915310
224702123
220505915
216224437
212023308
207856005
203716286
199572968
195375300
191217976
187019563
182755907
178602153
174445140
170237633
166063599
161874446
157646364
153473236
149304417
145089287
140919483
136735121
132529852
128352887
124181433
119915737
115740226
111563591
107294428
103108703
98930727
94710644
90545647
86363036
82146274
77963491
73773519
69574688
65345830
61166036
56939845
52756635
48563122
44338264
40148763
35961075
31736983
27545744
23304221
19106418
14917845
10691610
6438831
13660815
9549422
5336746
1142051
236441513
232198213
227960875
223765257
219516902
215304456
211105665
206862513
202666531
198489517
194301339
190065763
185915779
181732383
177596520
173471739
169293334
165164184
160997662
156831480
152636705
148445531
144274450
140031163
135840871
131616387
127440007
123274428
119074312
114904913
110754287
106526394
102340493
98168943
93950348
89762232
85568508
81331628
77144072
72948564
68778352
64582195
60464871
56249580
52108690
47934290
43747489
39606120
35436032
31250167
27036431
22866751
18693321
14496857
10328419
6128351
10605691
6380084
2196534
236205053
231974631
227812396
223621844
219392478
215189455
210993536
206764988
202574227
198422204
194203062
190041286
185874024
181683420
177568418
173435699
169258554
165127331
160906472
156725218
152579550
148420689
144240589
140060664
135890865
131682250
127519780
123352280
119157034
114987318
110765487
106541143
102357359
98217549
94058790
89874713
85677729
81482000
77322117
73164939
69000366
64831824
60699469
56501268
52348067
48219351
44029667
39873433
35700350
31537410
27384559
23197464
19002379
14867979
10659387
6429040
14511586
12441650
8272061
237442638
233222613
229092504
224921599
220686849
216498460
212336962
208084636
203914954
199744048
195496182
191307698
187146966
182901703
178755710
174610682
170426815
166242809
162085542
157890514
153734834
149575590
145390112
141229504
137061040
132850642
128716980
124546486
120287821
116172344
111931000
107718797
103544162
99333821
95131406
90883126
86671729
82462216
78219338
74009326
69781273
65557447
61373894
57142189
52956992
48804204
44626998
40419672
36245967
32036960
27798412
23633665
19407783
15161186
10984389
6775891
12887622
8668453
4524015
235947137
231745141
227608834
223464208
219259139
215078290
210906876
206685984
202520953
198365609
194196415
190110728
185993456
181808776
177688628
173569332
169398950
165260797
161162349
156988689
152852254
148726466
144528266
140383877
136248257
132052058
127888173
123709237
119499694
115339918
111167113
106963552
102820449
98805884
94603146
90449549
86236575
82013685
77897445
73758850
69568852
65417693
61286083
57093207
52942563
48782034
44584926
40431952
36303457
32041024
27882585
23745199
19552020
15401011
11214444
6984227
14885680
10681456
6520228
2360419
237691498
233463084
229336793
225174102
220981631
216816019
212633799
208423125
204291318
200121029
195858305
191687981
187542163
183334215
179162226
175023388
170822896
166639090
162453425
158235797
154011212
149835366
145594356
141392631
137179567
132898297
128656595
124399096
120137134
115918457
111689143
107455976
103268966
99070027
94815344
90631038
86422873
82192548
77996577
73768259
69559808
65348767
61164636
56950716
52767182
48569011
44352783
40135666
35934064
31684234
27456917
23229808
18972276
14754489
10522515
6268156
10831734
6611029
2456231
236952542
232746306
228610896
224446493
220213464
216002515
211852912
207624009
203438901
199237589
195000451
190795759
186633882
182434036
178331462
175295031
171450380
167253718
163180388
159025260
154849657
150637917
146470118
142312160
138103148
133827425
129626285
125503329
121377892
117189113
112999485
108770344
104567319
100401689
96207480
91931472
87800880
83699710
79454506
75327802
71179756
66956083
62903120
58693306
54536645
50456901
46256245
42138662
37999664
33812966
29774801
25573966
21415387
17272848
13018100
8848289
11697225
7484333
3328735
235519258
231334885
227199338
223044126
218836544
214669933
210503671
206265349
202094992
197953699
193781921
189640042
185485105
181308847
177169618
173027689
168856552
164703731
160564735
156382897
152231591
148102743
143892426
139721568
135576892
131403773
127275393
123163350
118990583
114851028
110670426
106497897
102357762
98211176
94037405
89901536
85768394
81604581
77465122
73323031
69149246
64962771
60828414
56650646
52503916
48332679
44156735
39992965
35784927
31583031
27437967
23263008
19027953
14826415
10616690
6381893
14234768
10036886
5906710
1753969
236961629
232757375
228638937
224429593
220165378
215974913
211835885
207629505
203467996
199284919
195075518
190905243
186730526
182537517
178399552
174239125
170051606
165913841
161773560
157560719
153386265
149176297
144959128
140688355
136449578
132245604
128071437
123912643
119645981
115478178
111301416
107089493
102928407
98748028
94544316
90371921
86201494
81988673
77813614
73576119
69332689
65149443
60977873
56767101
52593252
48406676
44193151
40026017
35842012
31632328
27457223
23274346
19063115
14819221
10612267
6361040
10978295
6723457
2514357
237369334
233139874
228927623
224772427
220547761
216360843
212181980
207962760
203763990
199609042
195401181
191223654
187071366
182862232
178723552
174585649
170400196
166226885
162093981
157885624
153715640
149536371
145338444
141201721
137027689
132823373
128660932
124485183
120283993
116102800
111825186
107574859
103371838
99137205
94886890
90655980
86443067
82192447
77985656
73788057
69539202
65331197
61127496
56880444
52677387
48457077
44236241
40075805
35866531
31613016
27414251
23193311
18938202
14736463
10535889
6262909
11250964
7048276
2895140
236902212
232692371
228527496
224408469
220178466
215940311
211790088
207593471
203421115
199275584
195103999
190978971
186831499
182650990
178423000
174273630
170089305
165939352
161779178
157584261
153419383
149253653
145042702
140871127
136709746
132486207
128319805
124161296
119887907
115694405
111446573
107204870
102974935
98803225
94584437
90406155
86228319
82005833
77846306
73681955
69465176
65295375
61175306
56900868
52752258
48600988
44414727
40225256
36025566
31801831
27605815
23444635
19249561
15094351
10905652
6641042
12511897
8257638
4050281
237622613
233352211
229161414
224957268
220712910
216554997
212377985
208133111
203937154
199817377
195589944
191450593
187271204
183075699
178910128
174771847
170623752
166470424
162242907
158091561
153933691
149734589
145581045
141415427
137243112
133079384
128888000
124640050
120477958
116311936
112065030
107930804
103681408
99508826
95313240
91066788
86849269
82650991
78406258
74196114
69977263
65730243
61563160
57363729
53105877
48905177
44742445
40529746
36268923
32004621
27751966
23545168
19370064
15160281
10931074
6716881
12687912
8483743
4328208
236846710
232649803
228454827
224283239
220071857
215835939
211653931
207452298
203293676
199062507
194888499
190767292
186620170
182450743
178322341
174225644
170059770
165939074
161778085
157602299
153459516
149311236
145116363
140955548
136791634
132597410
128432538
124277915
120075050
115895922
111755394
107552944
103380220
99220396
95011808
90815669
86611197
82415419
78246545
74028831
69794380
65649394
61476482
57232634
53034622
48831902
44590575
40387869
36182134
31973170
27806162
23609521
19371100
15164122
10926561
6659603
14030878
9808381
5638434
1476559
236888929
232613782
228419484
224178111
219901136
215690210
211505489
207267824
203029312
198854101
194624744
190490902
186323070
182112860
177937026
173816660
169598396
165429208
161249208
157008899
152812150
148641471
144399868
140204003
136004532
131788923
127647659
123477394
119265638
115104604
110969862
106797900
102550485
98277279
94053129
89853348
85721173
81550240
77389684
73233987
69034066
64924754
60764454
56587541
52406600
48250894
44046187
39896628
35732325
31527195
27357669
23202651
19001082
14825341
10660896
6464987
10605721
6369178
2170414
237168438
232956452
228754896
224567552
220317173
216138683
211953101
207752469
203568910
199406373
195201630
191075517
186914642
182736278
178604393
174464963
170277590
166133403
161973831
157801944
153639101
149473420
145267718
141062601
136844617
132610561
128473745
124227281
119975120
115770985
111580981
107374316
103225789
98991267
94778057
90600950
86380754
82123132
77949402
73780657
69564114
65367239
61164174
56929575
52744209
48547333
44299936
40100912
35928250
31716964
27525592
23309947
19068811
14827890
10584712
6321873
11237495
6992589
2808809
236451257
232214541
228033846
223867516
219700053
215586273
211414167
207158307
202967045
198841855
194624622
190437026
186260730
182043481
177903930
173821441
169639891
165477821
161325698
157118243
152972230
148812198
144602633
140438547
136334192
132123919
127956593
123782922
119574783
115404314
111261205
107060637
102934767
98772076
94570540
90430087
86307585
82108891
77942965
73806499
69590479
65437503
61288526
57074706
52902816
48760445
44557838
40391729
36275423
32082933
27938075
23864592
19667778
15531662
11427268
7223298
12625699
8431918
4284056
236693256
232501375
228345701
224159655
219912899
215693553
211553810
207299341
203129814
199031279
194819593
190653340
186495406
182306287
178183067
174083178
169912510
165796332
161655514
157465264
153339465
149217564
145010589
140833455
136719337
132528525
128405459
124303105
120105219
115955473
111862644
107629076
103461448
99314264
95114113
90966540
86723808
82515776
78348452
74227434
70024556
65794878
61592101
57388654
53247503
49132797
44916564
40753676
36570432
32371530
28255422
24094123
19868577
15690007
11517302
7282146
14080894
9851938
5679499
1512506
237213233
232983101
228791111
224627623
220403274
216227071
212039244
207819531
203626860
199486707
195277161
191120139
186955614
182772174
178668347
174575712
170394139
166242687
162115040
157915815
153754032
149601446
145423164
141249255
137105218
132882788
128697262
124541854
120339781
116172941
112031412
107841325
103669561
99508233
95279513
91077265
86862701
82599576
78368354
74142608
69889308
65690383
61531052
57279829
53063484
48854060
44601058
40399503
36215934
31982880
27772717
23565683
19319225
15101485
10878090
6622105
10416170
6223683
2064858
245185970
240982633
236826502
232653022
228433395
224261781
220017351
215794873
211647574
207504279
203321540
199158638
195010400
190789354
186632520
182489408
178314791
174170794
170029452
165855131
161718469
157575666
153402542
149265987
145126313
140957771
136766374
132599456
128386189
124206512
120034281
115838707
111662313
107470530
103250244
99066860
94877990
90589598
86372794
82197459
77988164
73785232
69609794
65401108
61222713
57048499
52822243
48645292
44462909
40240583
36029342
31848303
27669855
23467668
19240082
14984328
11900679
7653208
3421787
237509581
233226606
229044886
224861476
220617475
216423101
212238639
207986658
203808841
201217181
196988468
192844742
188676765
184450631
180336122
176220455
172034626
167885408
163715305
159525839
155356999
151214038
147011769
142842700
138682823
134438707
130275103
126084672
121891238
117691595
113530578
109289398
105062691
100902495
96642718
92609987
88406680
84196203
79995941
75809651
71634524
67456910
63266932
59028835
91177470
87456332
85319048
81074117
76884161
72724232
68486055
64306095
60143729
55875652
51652297
47478540
43237568
39053884
34822604
236588362
232379966
228177511
224033674
219812136
215609601
211424669
207213851
203045358
198907422
194689223
190597153
186435094
182230998
178082649
173933718
169760127
165636609
161485342
157303277
153147590
149003856
144877359
140716100
136458887
132288977
128080156
123821306
119715586
115511765
111358151
107214178
103025408
98801111
94618697
90480066
86314876
82109325
77879642
73703261
69499439
65367569
61202145
56988824
52822110
48578695
44370030
40283259
36076902
31914916
27753337
23541563
19372893
15214845
11016887
6829451
13595279
9355350
5169299
997133
238291885
234084340
229932741
225749938
221495593
217320483
213162343
208956813
204772640
200537589
196275926
192077282
187907888
183710940
179592493
175467564
171275788
167145550
162986764
158741832
154562590
150352169
146101872
141915238
137653315
133393763
129219697
125045732
120784136
116550374
112396199
108139402
103914343
99702799
95452479
91261323
87033283
82751290
78549110
74293375
70017632
65762958
61541735
57256838
53021158
48785681
44546099
40315616
36104561
31835441
27597896
23406507
19159182
14961325
10769968
6499422
8805405
4577644
236633446
232424520
228223218
224063746
219872683
215663762
211489909
207244081
203066704
198884004
194689045
190540224
186382552
182168841
178007671
173849505
169620526
165474697
161351230
157147923
152989671
148837069
144635417
140468417
136311344
132136678
127925600
123777433
119559671
115406615
111257851
107050752
102875632
98748609
94580062
90368650
86239773
82042781
77817805
73599025
69400710
65239211
61084633
56882368
52723830
48559121
44350171
40186006
36046302
31786021
27641156
23481538
19305853
15153828
10951709
6679511
14267765
10051824
5877934
1667826
236400849
232131911
227958674
223732604
219473188
215288219
211102922
206883579
202689611
198533899
194320458
190129707
185942695
181771492
177640313
173471673
169299057
165169092
161004187
156818886
152661448
148510930
144322071
140153330
135978442
131778112
127605455
123446261
119248452
115070069
110913727
106655938
102486437
98329913
94124788
89950390
85756768
81554806
77411749
73247157
69050091
64890431
60741288
56539789
52418667
48254306
44043153
39880338
35741391
31545655
27371366
23143953
18875056
14692316
10565192
6394883
11848575
7675509
3528734
236325827
232149052
228015525
223897017
219708126
215541083
211382318
207174356
203004528
198838456
194640407
190469337
186312741
182184284
178013312
173869458
169694896
165567948
161332933
157118193
153015979
148857290
144679334
140541111
136381657
132176665
128016934
123867711
119655335
115485753
111309089
107110675
102964625
98798403
94600372
90461050
86290564
82116548
77910837
73748115
69570972
65411148
61246579
57035975
52867645
48697698
44473465
40297116
36116489
31914436
27743023
23562740
19341446
15165522
10975938
6727428
13372853
9152838
4979710
817393
236217567
231994823
227832865
223659845
219485501
215305202
211114661
206933945
202706377
198536829
194336005
190174825
186009648
181841192
177719421
173598321
169431864
165298331
161174159
156976588
152850384
148684039
144482571
140320847
136155492
131949002
127813676
123659160
119463511
115327721
111176135
106905145
102715191
98538072
94308732
90124744
85929272
81720243
77563814
73389378
69185208
65014545
60843002
56646132
52471104
48312124
44106037
39949100
35711023
31441264
27294486
23103760
18889104
14698941
10491524
6253074
10728719
6474170
2308134
236640076
232417132
228251075
224078094
219882255
215679464
211492731
207289255
203126331
199000072
194797367
190641313
186530963
182360286
178232354
174113336
169942473
165798937
161666358
157481818
153347056
149181405
144978019
140806739
136627235
132379440
128201161
124011174
119789064
115614434
111447506
107225859
103069821
98880169
94657603
90503306
86335740
82115294
77936575
73770230
69574335
65411951
61243856
57017542
52830520
48658077
44440669
40259669
36086064
31893451
27734307
23560842
19343465
15182320
10992796
6747342
12010259
7751284
3552944
236574767
232312825
228088526
223970005
219660629
215417468
211257472
207013952
202807338
198690359
194493303
190331021
186202298
182005601
177901674
173779646
169614549
165460227
161349681
157176165
153059487
148934960
144725336
140565469
136427799
132228308
128066411
123905299
119698839
115537970
111386193
107179082
103010327
98867565
94660449
90478918
86349277
82140423
77979435
73808812
69603793
65438604
61273830
57067654
52908218
48739710
44457598
40283565
36159542
31978105
27761280
23617402
19429208
15285439
11153337
6958538
13523752
9317392
5143199
984919
236899299
232704728
228549673
224339456
220115675
215887387
211647809
207360013
203173105
198992947
194746857
190519503
186406968
182251492
178135686
174004291
169832455
165666394
161550960
157355518
153193164
149003768
144811454
140643312
136475745
132295926
128135298
123965985
119760097
115612374
111447198
107240005
103057854
98869259
94630116
90452405
86269500
82093314
77884078
73709447
69511091
65337897
61183569
56975499
52809381
48685054
44485954
40288888
36127939
31920433
27761404
23533943
19319398
15125938
10922986
6664167
10325407
6074471
1862466
235990333
231739883
227540546
223340996
219125385
214882841
210671412
206407386
202171517
198006181
193782425
189607572
185465125
181260429
177132999
173025037
168841632
164695448
160564568
156378949
152235689
148082842
143900740
139747844
135615476
131428978
127293327
123174282
118986930
114838940
110686919
106510001
102362399
98212220
94025295
89878010
85734570
81538995
77388693
73249648
69056421
64908254
60765834
56574928
52424736
48283193
44096224
39943775
35805537
31614418
27480154
23320740
19133866
14980827
10855669
6654945
12121931
7931187
3773403
234909582
230727257
226584010
222454170
218247796
214091909
209954528
205756471
201595430
197456396
193254177
189098288
184986302
180821316
176696004
172596708
168405394
164273804
160146611
155989155
151866271
147747455
143550735
139412131
135275064
131084674
126944667
122815462
118632207
114477740
110343522
106188999
102069717
97950572
93789747
89675140
85552214
81340121
77206040
73083204
68916017
64794508
60696890
56531678
52394484
48270830
44096559
39962736
35841547
31682548
27576919
23469573
19306927
15187997
11061511
6842783
15248070
11001750
6860180
2702739
236194580
231990059
227820404
223660902
219464716
215315595
211148758
206918140
202705852
198527924
194284030
190094529
185928994
181755124
177607778
173482130
169242084
165062413
160915943
156736141
152590611
148422287
144209317
140036940
135874765
131659500
127520164
123376913
119184325
115026298
110862215
106682860
102525116
98364702
94213168
90040182
85872893
81679195
77509943
73348251
69159427
64999431
60857968
56664350
52522339
48363564
44194870
40018017
35823029
31583568
27377292
23188828
18988373
14825875
10650151
6450664
12689692
8478902
4318565
236704871
232495799
228277138
224133915
219913330
215732521
211479607
207291512
203122434
198998410
194794015
190624763
186472795
182274209
178115582
173975785
169785059
165664502
161529076
157362524
153204900
149012890
144785450
140615093
136451456
132238769
128082081
123940926
119740379
115578738
111420251
107222202
103099478
98952930
94712877
90539146
86362950
82172010
78010595
73846908
69639471
65477960
61338905
57164585
53001334
48843955
44637088
40468932
36331427
32125365
27949496
23791562
19586628
15426653
11235677
6980687
14196034
9935774
5722749
1516809
236584899
232325652
228086811
223909478
219673212
215468527
211261694
207023030
202821831
198669247
194486564
190303339
186119267
181893321
177718293
173601117
169430738
165285140
161128977
156927069
152759818
148606469
144399235
140235977
136051271
131832093
127646793
123538550
119330354
115165519
111029416
106839264
102693110
98561168
94351055
90188999
86058943
81831875
77601006
73364109
69181642
65005740
63135125
61815942
57701243
53517508
49304334
45122943
40957277
36782081
32589730
28354944
24147041
19984002
15815150
11614232
11099857
6882206
2739229
236892144
232733807
228590463
224458587
220194670
215971093
211752615
207490582
203351334
199230049
195030278
190873352
186758685
182578003
178452830
174312439
170125017
165925737
161809400
157602814
153444920
149270090
145046397
140917046
136737882
132530527
128392164
124142629
119940182
115774478
111611532
107385369
103205664
99032878
94804318
90618422
86423261
82218893
78085387
73885375
69652719
65469641
61293203
57068817
52900792
48746271
44555714
40332866
36147725
31948911
27721975
23566279
19381273
15187366
10960451
6785356
12053619
7834732
3720573
237732869
233491126
229285035
225133815
220897546
216671078
212476245
208226594
204041707
199843062
195613687
191419172
187268232
183094290
178972418
174859736
170685397
166548439
162397703
158206956
154063795
149946101
145630460
141470331
137317320
133141159
128937773
124780305
120550759
116372805
112175446
107913645
103732787
99557017
95335085
91159722
86978572
82778512
78622930
74453277
70225981
66042484
61872922
57612732
53392300
49177522
44909258
40684340
36464675
32203541
27982185
23761376
19509831
15315449
11074923
6823705
12273311
7975931
3746922
237104817
232853143
228678892
224489376
220234660
216077588
211865876
207650158
203468760
199293583
195115686
190911529
186770636
182571260
178411783
174276758
170076190
165904172
161753372
157554867
153388993
149231978
144995253
140831189
136671264
132461155
128299962
124153577
119930102
115748810
111557981
107379724
103155648
98971006
94765342
90589938
86406383
82175334
77989413
73824241
69606568
65419304
61250150
57023920
52871936
48709747
44487270
40323100
36151595
31934718
27745716
23573104
19358924
15193026
10989086
6733221
12802429
8567322
4388060
237518071
233266001
229136076
224943673
220723820
216536671
212371031
208153990
203968680
199788382
195608485
191386863
187204847
183005384
178777013
174571613
170309184
166105063
161899306
157708428
153576785
149401739
145147881
140933279
136742119
132510539
128306834
124123169
119922694
115722364
111552555
107348539
103185327
99005390
94771696
90563778
86362449
82105054
77883223
73767046
69541817
65342116
61141208
56911826
52712050
48504462
44273716
40087059
35891448
31678851
27534662
23282978
19045594
14842448
10658410
6430967
13186050
8959679
4756274
236760783
232540528
228370143
224176926
219938334
215734909
211530140
207279818
203108000
198865715
194631519
190420887
186208998
182020314
177813292
173614236
169431183
165241447
161062797
156855610
152694228
148515249
144325284
140161467
135994855
131818372
127673961
123531751
119327994
115152745
110974642
106772751
102600814
98422378
94222018
90045684
85869934
81671484
77503668
73339388
69141257
64987618
60821759
56634989
52488626
48338456
44133801
39956457
35780021
31564866
27412936
23242660
19037028
14826117
10598600
6333340
14344671
10085902
5870664
1633096
235889651
231628453
227410775
223214306
218968434
214735530
210516443
206242437
202022154
197862467
193645501
189441493
185237759
181045574
176914961
172798498
168630111
164499251
160364535
156198610
152051032
147886326
143690642
139525599
135356365
131166543
126998694
122863679
118673241
114514754
110365523
106176400
102024088
97863964
93676167
89536247
85373080
81183439
77027879
72868684
68671927
64516619
60370974
56182833
52025626
47873131
43683275
39522580
35376282
31190748
27042724
22890181
18701053
14550573
10387196
6199538
11950743
7759312
3609888
235978354
231800481
227657493
223505950
219315493
215167936
211008847
206816945
202653164
198514840
194320471
190156836
186016619
181887208
177745874
173642285
169471982
165311177
161140654
156963801
152782053
148616982
144430326
140264157
136101820
131914451
127769641
123598257
119399395
115236629
111070262
106868099
102697394
98518609
94308024
90148058
85968164
81764396
77592086
73405926
69205359
65041331
60884746
56677108
52519811
48353307
44151961
40010428
35812582
31613734
27469756
23262722
19061005
14898640
10690178
6436877
14051637
9800630
5589317
1397502
237150985
232882468
228708970
224501932
220247448
216050268
211836346
207599880
203415828
199260505
194995274
190790557
186599450
182425261
178280307
174138581
169968025
165816533
161676756
157481426
153293334
149120344
144918969
140769650
136585240
132372302
128184348
124009402
119792767
115597113
111392331
107164857
102936071
98737842
94516939
90337528
86148304
81881963
77672473
73477435
69248173
65054817
60883923
56658069
52465430
48265853
44041353
39857864
35691506
31517830
27276842
23083814
18858911
14669995
10481331
6252935
10472761
6246868
2127459
236776640
232602960
228452264
224285673
220000026
215758062
211517602
207242689
203002954
198894739
194682856
190563411
186420960
182246660
178126149
174010030
169833540
165699060
161548120
157349112
153195416
149018829
144811693
140651673
136496243
132297493
128133954
123972703
119772659
115626612
111475213
107272498
103103882
98927725
94716296
90544238
86376432
82165984
77987128
73809540
69602461
65441329
61268312
57062563
52887227
48716174
44516822
40333748
36192242
31931382
27766346
23590481
19383698
15172994
10938845
6682338
11710247
7436316
3226564
237196001
232944691
228736190
224517843
220233988
216024404
211819273
207552984
203342930
199141054
194962271
190757407
186603564
182338450
178170740
173981925
169807162
165600882
161443109
157257006
153077767
148858371
144634946
140453645
136263240
132036666
127852469
123657540
119444621
115278459
111098913
106887371
102717382
98519125
94290154
90095085
85896204
81696534
77508441
73338097
69121280
64945333
60774434
56562465
52386726
48207172
43989966
39816766
35641510
31431641
27253401
23070586
18860810
14686209
10503498
6286836
12311840
8128331
3939333
237092587
232913167
228713119
224535204
220356279
216126168
211892142
207620318
203412709
199172985
194906724
190713342
186532833
182364183
178205166
174050844
169882348
165726095
161570799
157398103
153248788
149085047
144878606
140704431
136528931
132336667
128169680
123971992
119748821
115572817
111387147
107163003
102978098
98832286
94548084
90369956
86186005
81959419
77786247
73606175
69332247
65103509
60943734
56739154
52570586
48398786
44202458
40036464
35869433
31662433
27432975
23254566
19043322
14867712
10647356
6396468
13264203
9015694
4805631
614976
236856520
232603351
228402085
224160612
219900467
215678254
211474193
207226749
203020574
198835961
194628494
190432974
186246181
182060060
177931451
173784454
169566831
165387040
161216223
157040002
152834556
148661459
144442280
140275937
136102293
131879717
127753722
123566364
119329886
115195497
111020922
106816849
102597515
98423099
94213287
90031940
85862923
81649987
77463674
73265715
69048460
64854168
60675400
56463666
52277246
48091335
43864681
39679858
35497650
31276779
27096952
22909915
18674617
14484106
10294456
6078029
9817126
5603788
1433818
237603304
233390584
229188328
225008637
220754881
216546283
212368522
208152076
203980458
199808715
195634358
191396295
187258721
183090945
178958091
174859442
170668279
166510309
162284201
158088925
153934018
149735070
145503405
141310488
137165305
132887176
128699012
124474265
120294082
116101779
111812550
107599189
103425790
99181387
94964244
90802079
86607154
82385417
78204510
74016218
69792986
65602403
61413946
57190463
53028809
48793275
44525853
40292402
36061460
31790667
27562887
23383259
19214044
14939967
10734361
6471589
10353774
6093101
1887737
237290495
233038321
228810661
224598304
220335019
216115731
211883700
207630259
203430239
199238568
194961640
190769989
186537434
182348400
178207946
174057146
169882829
165726924
161559316
157345512
153168226
148989633
144777636
140599442
136419762
132207441
128030415
123870433
119658991
115498266
111315910
107074117
102890069
98699882
94463529
90274967
86083555
81860599
77687310
73503977
69330312
65105164
60931515
56723773
52560809
48386956
44174926
40002271
35806689
31517984
27336916
23097806
18822605
14634698
10454354
6262610
10806177
6604316
2430533
236038473
231706867
227541340
223392491
219171427
214957382
210812935
206580172
202407881
198265774
194059827
189890774
185710795
181497950
177365746
173250683
169078741
164916998
160757437
156573634
152426721
148273796
144083882
139917245
135761145
131565147
127408441
123246422
119062162
114904860
110740358
106544370
102384650
98227068
94030162
89868829
85702748
81490884
77333532
73169280
69284488
69300633
65108950
60954292
56790570
52590358
48431373
44261414
40063238
35907604
31740005
27534789
23373587
19205540
14987055
10805376
12748999
8507725
4319476
236490245
232267063
228089550
223877950
219632339
215453724
211172611
206908160
202686217
198504744
194282234
190043913
185842884
181574242
177428315
173292254
169120213
164957199
160823984
156626885
152476353
148305905
144084179
139919158
135752903
131543565
127381027
123240979
119056085
114912580
110788863
106600603
102444534
98258479
94077176
89937145
85791030
81612871
77454977
73276710
69063428
64920512
60708747
56506371
52361741
48174430
43968258
39779317
35554709
31331981
27154394
23001574
18819843
14645799
10453326
6253638
14349934
10196170
6089694
1953642
236296428
232099879
227955749
223819618
219624649
215472712
211335741
207130744
202939681
198779913
194565665
190416937
186281513
182103590
177980646
173846292
169680592
165450432
161327910
157122603
152953480
148781786
144573412
140436429
136278353
132071450
127914143
123765559
119571608
115400201
111256638
107054915
102884356
98723522
94526374
90357679
86198008
81985716
77819913
73668422
69467624
65311458
61161370
56960904
52778524
48627488
44429614
40269912
36086930
31898177
27724034
23555483
19341295
15146684
10921211
6686854
11695095
7459473
3290350
236969694
232737913
228553458
224364225
220134373
215962928
211800893
207561423
203360062
199210279
194981242
190787771
186661181
182489730
178375619
174252720
170059328
165930216
161776828
157581918
153417679
149272435
145074827
140916366
136758342
132565561
128423212
124232749
120015685
115831910
111677903
107484594
103348302
99207001
95003830
90843769
86697317
82521267
78362532
74172716
69942190
65760731
61597791
57377025
53189892
49025127
44810019
40656203
36506443
32290088
28137044
23985309
19787317
15575968
11366811
7117503
12879605
8659791
4494779
236237110
232018784
227848476
223708298
219475741
215290702
211132642
206953182
202775300
198610504
194384540
190194549
186035271
181843123
177715265
173609218
169439116
165296788
161147485
156976756
152832128
148697325
144478941
140270358
136130147
131933152
127793434
123653978
119485519
115333004
111180809
106985421
102837898
98672166
94453374
90290214
86157510
81961765
77801756
73653600
69450924
65302133
61162307
56969976
52814009
48674039
44480040
40312563
36162301
31963289
27805026
23662004
19473995
15343385
11148673
6920408
14579120
10343209
6106505
1913300
236738519
232504589
228321168
224130286
219921543
215750985
211548806
207318790
203116288
198874685
194648097
190445435
186274993
182088983
177955532
173822126
169651195
165462318
161307970
157052959
152890495
148704238
144468180
140323281
136119025
131945783
127745128
123616481
119405485
115239414
111060700
106841646
102657012
98489506
94296550
90115872
85931374
81707078
77534107
73371824
69161892
65004810
60842258
56628106
52451554
48295456
44090462
39922464
35772973
31559306
27391044
23239356
19050278
14884044
10743829
6532400
11443383
7210736
3031890
237701087
233486977
229310234
225205341
221006585
216835301
212699911
208495365
204334901
200152992
195984753
191831802
187713064
183528203
179387071
175248831
171076590
166946598
162843135
158640707
154406421
150227316
145963158
141808918
137564894
133294559
129014516
124763389
120550549
116351844
112096587
107882007
103601189
99370973
95158798
90927132
86678922
82405798
78255193
74104141
69828164
65588060
61416286
57147468
52924210
48765339
44461786
40275404
36097843
31882539
27701038
23516601
19291584
15093777
10907117
6657993
11472776
7210301
3038642
238058896
233781968
229553885
225363167
221072522
216863550
212649207
208403731
204212002
200029251
195790785
191594934
187388704
183187745
179035976
174921846
170748918
166592927
162443073
158254748
154128920
149931026
145688587
141506005
137288085
133071372
128911345
124756583
120511319
116346501
112163998
107917544
103703534
99484824
95225483
91065642
86889480
82653852
78452419
74253730
70004240
65806518
61606758
57324803
53133172
48900918
44674083
40533652
36402466
32079968
27913960
23701764
19508696
15201660
10987194
6727811
11152678
6929927
2768939
237092799
232871054
228696674
224525244
220308131
216153251
211950601
207677054
203500041
199382588
195228085
190994560
186801362
182625294
178431133
174316483
170145387
165985590
161830814
157658176
153490161
149325204
145111276
140886924
136733109
132527917
128383236
124218767
120015310
115887347
111739825
107566235
103403430
99212485
95035858
90832396
86674585
82403729
78244537
74089889
69888080
65760692
61638754
57381136
53212749
49065290
44860331
40682352
36537378
32270680
28037358
23822309
19648391
15426764
11202699
6947255
12117358
7846653
3639887
238268578
234070642
229867174
225602939
221338879
217143036
212963155
208716580
204517064
200355268
196141519
191972471
187788315
183592250
179424152
175262846
171084396
166941312
162781704
158601180
154458423
150366093
146145529
141944423
137815852
133613113
129461734
125314209
121080308
116856577
112696647
108412903
104211776
100052748
95846004
91674992
87519130
83265331
79046637
74898004
70658036
66467003
62241680
57978034
53731012
49515147
45232303
40991270
36822267
32595586
28336972
24153565
19908005
15719409
11516568
7261984
11803486
7553313
3336875
237526948
233285418
229124015
224919682
220678865
216496169
212299299
208076241
203855287
199709673
195499434
191303540
187144614
182925164
178741713
174626821
170446710
166304903
162152761
157948308
153815358
149660004
145461501
141289318
137149201
132929941
128724347
124529127
120299411
116116864
111971011
107717935
103555945
99380959
95129169
90926277
86726840
82418537
78148812
73947216
69703723
65504372
61303676
57059358
52885158
48744649
44548004
40400009
36276682
32067207
27917498
23758654
19562225
15339599
11171568
6936478
12055901
7826519
3640242
236660759
232451060
228291508
224119543
219887844
215702806
211543437
207319116
203153877
199017864
194784047
190574364
186431246
182223928
178036190
173902394
169743236
165583275
161452386
157256204
153114385
148941316
144741647
140579601
136427425
132218044
128057833
123913871
119701149
115504513
111359332
107165486
103025450
98861305
94654954
90450420
86305128
82063699
77888724
73701591
69458523
65263721
61106649
56911426
52744455
48631285
44435972
40291203
36160399
31972791
27799662
23690798
19475797
15318985
11183550
6946341
13163407
8988949
4789073
607401
237046577
232803226
228636299
224425033
220153362
215917277
211761693
207542680
203317926
199158120
194952920
190724237
186612752
182445582
178331020
174152127
169984698
165795504
161632426
157409048
153240594
149055148
144876513
140636487
136490239
132267224
128083935
123918086
119689380
115513156
111337062
107135766
103006703
98781405
94553676
90364906
86179861
81964831
77770144
73585654
69385494
65200896
61084449
56796228
52616766
48415092
44189197
40049297
35922286
31708831
27523471
23363133
19141556
14932238
10709762
6457841
9753748
5479601
1311750
237271515
233001529
228817722
224606523
220323583
216099932
211872815
207610855
203382239
199247650
195027580
190847892
186655543
182433799
178294956
174170479
169970399
165812678
161708314
157527984
153354034
149208398
144970538
140810873
136717433
132472566
128347475
124158474
119966789
115778403
111617628
107422313
103282856
99081736
94866913
90696212
86512577
82318140
78139033
73993854
69774405
65590105
61425024
57209622
53019581
48851382
44628136
40465387
36299608
32078636
27888800
23730163
19505595
15331250
11176577
6952129
10379591
6156444
2024045
236213017
232011217
227872029
223695034
219488404
215315494
211166395
206886299
202730156
198603653
194429729
190182502
186061568
181859026
177729175
173668490
169502745
165334400
161199895
157008870
152881347
148716620
144480383
140312959
136174081
131970361
127824857
123684662
119471116
115342240
111165470
106957346
102796641
98629125
94425287
90270764
86102238
81899015
77736847
73588406
69388134
65225817
61083241
56886044
52728964
48605086
44404954
40248055
36105917
31898877
27749197
23593269
19399759
15219334
11037586
6821714
12163800
7930061
3707905
237078397
232874161
228682190
224470382
220251613
216056171
211889636
207679362
203491581
199332925
195157796
191015627
186890700
182721484
178612541
174488335
170318956
166187076
162087942
157812197
153651418
149504667
145294795
141137305
137003731
132794406
128626270
124455800
120253958
116100527
111978863
107726511
103559291
99395779
95184625
91031283
86843770
82590973
78382090
74182504
69921084
65718618
61527257
57275068
53058887
48868103
44633313
40429575
36243105
31991849
27769319
23587288
19336823
15136500
10953281
6703492
12919425
8701438
4546451
237775334
233576923
229429076
225282880
221058463
216870896
212740463
208517584
204396430
200221098
195996452
191806134
187642517
183439428
179288517
175175066
171008101
166870139
162784811
158590219
154426770
150302294
146121491
141985024
137834589
133957021
133452680
129240093
125057792
120881097
116653438
112473594
108295578
104073881
99902627
95768465
91501542
87322832
83160766
78947751
74772435
70635309
66421955
62230217
58119169
53812881
49578695
45363800
41094715
36924580
32695423
28420181
24252298
20081403
15818640
11589219
13735485
9491831
5310365
1132426
237106365
232835124
228625360
224429652
220172368
215953938
211773469
207533411
203294938
199140805
194963264
190843389
186688664
182519938
178403640
174301450
170105626
165974380
161829253
157638970
153512200
149357831
145172847
141042954
136912669
132739400
128618031
124525654
120360173
116235374
112095185
107921103
103749042
99571189
95358006
91173305
86976941
82758232
78562418
74365795
70144118
65998644
61727506
57520213
53269006
49078956
44853663
40662027
36463865
32240092
28043976
23831117
19579076
15344937
11131664
6883384
10657933
6444680
2318037
237794226
233582461
229507575
225359520
221163233
217006033
212774274
208567555
204415069
200296435
196194358
192034686
187860052
183719912
179566068
175372310
171261312
167115288
162911315
158764624
154615724
150430889
146291793
142137219
138001155
133799641
129646786
125452556
121224899
117038763
112886495
108662454
104459132
100236239
95967191
91801573
87599080
83362240
79213224
74947932
70663862
66415309
62133432
57899536
53701939
49428109
45264506
41031681
36754688
32526204
28308601
24039782
19795987
15590991
11342003
7132516
11049779
6829339
2673995
237808243
233547829
229328212
225152252
220902345
216692354
212534002
208298268
204097755
199912019
195704785
191521343
187352379
183140008
178981731
174899268
170722127
166553165
162433602
158235806
154072594
149909792
145709772
141544208
137388038
133181964
129029691
124870740
120669330
116518268
112310848
108103682
103906866
99691731
95440279
91235012
87055643
82787718
78579489
74386521
70134286
65924753
61725383
57482729
53281471
49057872
44811052
40645425
36487017
32270797
28093158
23847660
19544164
15303029
11056835
6845704
11143706
6866015
2624731
239414604
235197880
231014193
226800401
222550923
218346188
214186911
209956482
205767496
201596961
197386973
193181575
189020095
184819539
180702801
176579340
172395968
168246659
164086199
159891430
155734691
151519995
147306385
143072162
138901291
134659540
130421390
126181644
121930741
117664116
113464068
109149903
104882032
100660721
96345268
92119868
87858244
83602407
79320909
75048093
70786119
66511741
62249431
57943593
53676786
49404620
45099026
40824787
36549428
32235787
27975926
23759855
19448782
15223894
10996951
6726062
9524391
5282362
1088305
236755751
232457849
228264861
224075964
219769737
215576286
211420396
207185722
203000910
198801653
194564567
190403624
186236556
182051910
177899275
173765689
169608668
165509455
161394451
157198608
153028954
148864518
144665825
140491747
136319640
132117163
127944023
123812426
119593425
115434868
111279502
107105201
102948163
98789937
94574918
90421429
86259131
82037034
77865591
73710716
69532937
65328449
61166737
56999739
52801510
48574499
44331159
40190157
36012329
31790755
27605350
23453853
19126939
14948787
10791705
6626509
10534294
6321107
2151518
236049984
231835397
227714696
223503936
219299991
215136731
210987628
206778111
202611376
198487860
194290407
190158676
186016090
181872133
177739993
173592725
169427366
165273309
161130466
156938623
152774907
148567608
144354607
140195793
136038977
131838047
127730871
123594635
119398381
115244934
111080511
106873350
102707694
98544687
94337506
90183507
86027812
81823541
77669871
73519131
69345383
65200393
61051653
56852053
52718177
48593326
44393065
40227108
36078214
31867960
27709898
23582480
19371508
15198759
11039759
6857554
12610606
8420209
4251064
237350002
233102538
228926272
224770086
220531283
216358420
212201921
207998942
203831335
199684621
195420707
191238329
187103362
182921856
178768062
174624314
170456483
166302430
162156490
157982885
153830470
149683551
145491565
141335797
137197961
132991832
128822860
124671045
120426442
116214987
112057177
107846066
103626184
99411182
95167924
90942921
86750359
82497792
78283694
74080939
69824869
65601575
61403252
57189444
52989579
48778943
44527046
40307936
36104021
31840378
27672363
23480658
19299363
15137151
10928562
6695534
13192727
8970340
4807004
668925
236593097
232395879
228256328
224484320
220305328
216188014
212054132
207842689
203684109
199575845
195375893
191216131
187081989
182998283
178874097
174704688
170994986
167768529
163572153
162249280
160873626
162976572
159267372
155774732
152449894
149143733
145627143
141505553
137663627
134796567
131114757
126987965
122804402
118712599
114550603
110345296
106199262
102071355
97922857
93687865
89506989
85349797
81223258
77059736
72853790
68686783
64532031
60389582
56178462
52045030
47769885
43657279
39433085
35172040
30997461
26781234
22517187
18323195
14186604
236591607
232316626
228138174
223954222
219708147
215512854
211342684
207120365
202891863
198738240
194533334
190357631
186210694
182047863
177914363
173791807
169651672
165492707
161343019
157171368
153045070
148906437
144712312
140492964
136279941
132031947
127805032
123682680
119512924
115362059
111199266
106988390
102823574
98664459
94480249
90319608
86154802
81952892
77768054
73619854
69413651
65255904
61125305
56948964
52744695
48546414
44349155
40153934
35980152
31722301
27553257
23320753
19081072
14891700
10770674
6580443
11617974
7407491
3193945
237762386
233521009
229382270
225209040
220973362
216810512
212636013
208408506
204240465
200096375
195834161
191651679
187481169
183343829
179212250
175037490
170929269
166756872
162598108
158431744
154224387
150060490
145881716
141678040
137527570
133364191
129146633
124939250
120744263
116475399
112358043
108175317
103918609
99690676
95486338
91231826
87034558
82820062
78553944
74339249
70138114
65894750
61676746
57456925
53209625
49009786
44800155
40544885
36377260
32204176
27987910
23784284
19608734
15341905
11127376
6904163
11702187
7474353
3278293
237976475
233709367
229498189
225300514
221083928
216879905
212694753
208463894
204277794
200109100
195886602
191704884
187522931
183285191
179101136
174874071
170637006
166460965
162285317
158134124
153961693
149792015
145582470
141398771
137173260
132916629
128736171
124541709
120309317
116119987
111925039
107684368
103486860
99296526
95050482
90862330
86668175
82408717
78230040
74042623
69784343
65590416
61394449
57159346
52951606
48779926
44526745
40294101
36097176
31832022
27655087
23451488
19230854
15005151
10817864
6573678
11470527
7223815
3037100
237430822
233194474
229027735
224862679
220635459
216443602
212275069
208053139
203857216
199649416
195443244
191273045
187118463
182910697
178783795
174666418
170486364
166359861
162214249
158039004
153882844
149731025
145532554
141381882
137202802
132996242
128821984
124658690
120454468
116274304
112062845
107826872
103638907
99436755
95188477
90971949
86749027
82488495
78281381
74063319
69813659
65609682
61402905
57153853
52937987
48727552
44481602
40276680
36061172
31815043
27615714
23396336
19142319
14895979
10675021
6407865
11852849
7600330
3390807
238213244
233954557
229675743
225464763
221199123
217010146
212773772
208525977
204336441
200200307
195953096
191771907
187595164
183373885
179186542
174969149
170750669
166611829
162459840
158263034
154091608
149923169
145720497
141566320
137399032
133176664
128962328
124788902
120529893
116362338
112194355
107933174
103736803
99546316
95272491
91008068
86781663
82473698
78204357
73967482
69704136
65499484
61271723
57017475
52848651
48658735
44434033
40238112
35999754
31771327
27520741
23287149
19050614
14809383
10605467
6358634
11516323
7303339
3123878
236559010
232392857
228208040
224037952
219824492
215660419
211484999
207273607
203086767
198910407
194707562
190538291
186348463
182129488
177971054
173851286
169682332
165543880
161379483
157212704
153033636
148881960
144684952
140493351
136351587
132180391
128044872
123909381
119686682
115503213
111308110
107138347
102898860
98711501
94488092
90294834
86110291
81884831
77701717
73506790
69288836
65109677
60933294
56709252
52512054
48315945
44096687
39917307
35727592
31509223
27344315
23187350
18960161
14780923
10570639
6316402
12763077
8486386
4277909
236712007
232523549
228253860
224040794
219832034
215625959
211440915
207236139
203060872
198881425
194673136
190498908
186314932
182114167
177939181
173806976
169637068
165504065
161340290
157172197
153055696
148902117
144675253
140539363
138143146
135586260
131431435
127263355
123041643
118910816
114711442
110508002
106376081
102143997
97941723
93803624
89667317
85388131
81205996
77021946
72801761
68650667
64483936
60256522
56124824
51886213
47658020
43498533
39306983
35084575
30928941
26770159
22543719
18365146
14171721
9951401
13694643
9471789
5296244
1100979
236435172
232217643
228057659
223891279
219666540
215469717
211318347
207084313
202896393
198748743
194490787
190246241
186113818
181940928
177800210
173662729
169495298
165331648
161181701
156985085
152829980
148681176
144466181
140291766
136128102
131960585
127782201
123623504
119417594
115254021
111100538
106896637
102744011
98588856
94387362
90242679
86078221
81872614
77706977
73526098
69283471
65113559
60967137
56759702
52601958
48452294
44245017
40089033
35919847
31720979
27569662
23438210
19231488
15056947
10845189
6583365
11182989
6982067
2932590
236222520
231929914
227733635
223558244
219296648
215139181
210962595
206719602
202525690
198361166
194138355
189956505
185785984
181584203
177452547
173312845
169137292
164981542
160824888
156650194
152496664
148345920
144141946
139978809
135832119
131636780
127478766
123311967
119101717
114951639
110727041
106527111
102353203
98145141
93944771
89780053
85618737
81418398
77237319
73070709
68902827
64758818
60593999
56391071
52227413
48060617
43859615
39732418
35567714
31371374
27212354
23041163
18842072
14673315
10506468
6336378
12682322
8426213
4220379
237164071
232981720
228840799
224711425
220504255
216315727
212098239
207844733
203677365
199543713
195348806
191161502
186957185
182812665
178643126
174478206
170288505
166091080
161996600
157792464
153609752
149443880
145239025
141073622
136988515
132796618
128666446
124403986
120245638
116068038
111857482
107659839
103526316
99295123
95204552
90979155
86793758
82613026
78420210
74267068
70096161
65871915
61707387
57557692
53328668
55446644
51215884
47034870
42840121
38546311
38051760
34884240
30902830
26738395
22615411
18419427
14178708
9966630
5732146
1479006
236882812
232618359
228418346
224239535
219985724
215782964
211533299
207337733
203117270
198928255
194686740
190532641
186390986
182192682
178053950
173904478
169759780
165563411
161424557
157244196
153099906
148905766
144683203
140534864
136339467
132112756
127946995
123781469
119566532
115423297
111226235
107047291
102837319
98693964
94437878
90266947
86098927
81869176
77700404
73460598
69221386
65024516
60858076
56662406
52490379
48319018
44126866
39959075
35795000
31571711
27374294
23228764
18946743
14810598
10516755
6342646
10246295
6020793
1825687
236549309
232297181
228077530
223848608
219576846
215413900
211244392
207026423
202863030
198720893
194519970
190335766
186198289
182031554
177917112
173767425
169572276
165407579
161206304
156995857
152833406
148660432
144457214
140298508
136129437
131933113
127773087
123622255
119414159
115277216
111081829
106865525
102683211
98517667
94317072
90155407
85986682
81797245
77631604
73456214
69243814
65069589
60911159
56721744
52574200
48424978
44225263
40049097
35884692
31686911
27524289
23351228
19153567
14946972
10735781
6486982
11664484
7433746
3269345
237046283
232831841
228656822
224474761
220266294
216037968
211855240
207622112
203463421
199253714
195058607
190830493
186649848
182476026
178249179
174072310
169869591
165707332
161567372
157387753
153244244
149050214
144824742
140631222
136446234
132221990
128039046
123857200
119651326
115433958
111262258
107069168
102907885
98724933
94497432
90313484
86123003
81895486
77699388
73513843
69286764
65109938
60933376
56712513
52535082
48325117
44102701
39921022
35738795
31513419
27326601
23137900
18913964
14719403
10529758
6303947
12437703
8216035
4040135
249895635
245624683
241487498
237246351
233042410
228833810
224625121
220364399
216148285
211925571
207750640
203592983
199453093
195227893
191100657
186940501
182740423
178580730
174439237
170268420
166146281
161984379
157783515
153641738
149467495
145263186
141082808
136918336
132716243
128530720
124354372
120125005
115926054
