8144344
85645655
81275672
77128325
73010493
68809996
64628351
60477874
56227177
52045495
47889265
43680041
39497312
35350383
31169369
27016053
22821949
18531838
14376074
10238488
6062249
1906140
246803313
242624542
238502756
234339456
230162276
226109571
221964202
217755952
213605878
209438817
205233083
201080708
196925552
192724377
188555930
184420385
180242427
176081408
171929764
167723808
163598277
159456122
155278065
151140023
147017091
142847972
138717418
134543833
130302968
126136316
121977843
117797802
113659622
109519906
105351832
101185891
97042517
92868824
88734819
84603506
80406414
76245465
72100905
67920554
63777023
59632574
55428720
51277416
47131439
42948266
38792325
34647268
30462001
26288599
22134293
17923410
13762015
9584824
5405484
249405415
245228669
241126121
236972588
232767395
228649661
224484090
220282253
216152764
211983257
207851230
203645287
199534770
195411945
191220237
187021536
182874221
178686174
174541506
170387891
166199773
162066873
157922189
153709694
149560262
145433221
141258881
137128574
132973354
128763957
124624861
120413143
116207218
112040453
107881232
103686304
99532033
95368911
91163407
87015260
82844005
78640377
74482904
70334212
66121873
61959992
57828754
53653625
49516930
45359039
41191230
37068235
32924427
28726411
24565047
20444050
16241073
12013678
7785246
3547708
247436947
243267470
239125011
234925011
230727662
226595674
222433424
218241570
214143076
210037312
205861070
201744407
197627544
193453934
189311282
185203007
181023254
176885195
172720553
168541470
164422213
160286808
156116881
151994788
147868850
143699406
139593460
135435629
131237267
127082280
122921729
118746266
114609509
110447290
106234281
102140683
98005771
93799932
89639280
85462962
81259723
77086578
72945980
68755427
64594085
60418488
56225061
52061063
47901992
43710359
39543493
35412966
31215250
27047822
22898030
18694997
14483289
10307248
6098975
249730103
245560453
241430047
237263661
233004253
228845509
224697093
220495120
216313305
212140207
207940050
203712858
199572053
195377167
191219280
187067473
182863949
178766296
174621753
170447348
166306783
162169026
157990699
153851938
149706774
145510593
141346343
137182763
132978558
128813013
124565944
120393155
116266833
112093680
107900961
103728777
99547416
95344650
91182869
87033770
82863172
78688061
74537353
70264605
66044438
61873606
57657897
53514509
49342531
45140756
40911182
36733987
32554246
28327506
24166804
19993032
15842217
11729142
7554964
3346144
247336204
243133127
238978934
234817652
230619705
226459935
222336223
218153466
213978799
209849192
205644906
201433526
197298798
193090198
188927918
184757358
180583872
176442971
172260253
168088567
163946468
159823799
155660815
151522696
147372501
143206230
139019468
134849242
130665541
126522131
122354830
118171744
114009745
109872860
105660156
101474653
97319016
93098612
88932277
84737694
80512012
76297924
72155121
67908610
63708033
59540027
55321087
51148256
46984842
42780490
38594365
34407661
30210636
25991103
21809795
17546039
13404159
9214397
4955547
249021799
244848994
240699335
236505214
232243887
228031293
223833460
219568791
215377565
211241888
207043397
202824087
198678145
194502597
190348796
186181011
181984869
177856311
173720981
169550108
165434755
161289014
157113772
152986613
148825043
144652636
140503888
136330225
132128227
127976668
123820506
119602838
115409663
111204159
106995718
102870626
98724674
94513151
90362547
86204101
82026624
77812115
73668406
69442139
65256927
61134234
56857254
52729960
48475827
44268389
40099160
35947386
31740750
27559016
23390084
19192711
15084771
10897482
6668736
250113520
245857300
241642234
237406108
233144982
228939032
224764207
220541827
216355068
212162143
207966559
203724109
199521784
195293645
191074621
186851942
182587694
178443437
174325471
170156807
166041891
161876599
157709302
153552738
149375074
145182154
141003281
136769176
132503239
128313458
124140120
119951350
115767417
111593108
107390311
103263429
99101897
94871844
90714048
86556343
82354568
78179028
74033079
69845678
65667266
61446537
57227811
53058697
48916215
44729018
40549092
36367853
32149367
27963240
23813802
19618734
15437999
11259371
7040176
2897766
247032103
242809833
238625046
234440610
230258219
226128215
221934116
217715592
213550176
209383659
205181996
201023851
196815981
192611648
188438458
184267458
180094722
175954289
171855791
167674590
163549803
159424271
155251482
151148963
147056480
142872953
138735816
134572836
130374915
126214676
122057397
117861296
113706874
109534229
105340092
101192984
97029425
92850968
88688101
84543013
80345223
76156169
71991620
67790588
63644950
59466433
55287360
51163244
47026794
42821746
38675654
34504082
30311595
26171801
22027566
17820929
13681181
9501988
5221965
249314356
245139290
241055898
236893365
232710091
228577190
224451196
220197010
216037270
211924403
207723086
203584569
199399456
195184146
191035602
186876294
182653664
178498188
174336047
170166774
166026283
161887340
157718385
153577310
149417366
145242819
141079650
136916635
132713557
128538038
124371686
120164553
115984904
111787786
107586930
103443706
99276885
95067154
90901423
86741005
82525885
78359465
74188475
69974339
65803125
61646743
57469445
53270746
49095941
44890646
40731637
36555284
32382390
28170181
24002948
19793359
15638446
11453148
7250278
3084886
246833193
242626377
238513905
234337471
230163033
225942464
221758490
217538952
213347661
209253536
334897497
406984119
402829586
398699738
394482425
390323480
386163762
381976144
377866727
373744265
369548986
365415974
361270917
357101512
353033008
348839159
344645703
340475050
336344095
332119430
327950074
323769477
319542159
315385964
311183215
306991061
302839746
298698026
294454776
290305960
286127932
281954668
277816079
273644848
269436801
265281271
261123521
256923835
252828234
248649159
244423666
240318455
236172782
231952684
227755751
223530986
219328154
215194505
211024800
248344439
244149092
239982448
235796194
231589262
227421598
223231240
218991342
214799136
210589180
206355357
202168725
197975932
193748785
189567935
185393466
181224727
177087229
172921873
168746202
164616753
160480397
156303934
152168787
148026031
143854737
139692800
135563894
131290786
127103402
122914643
118714334
114548957
110371202
106115981
101924243
97753950
93552160
89390502
85225393
81026013
76844418
72670473
68447654
64271344
60106260
55929656
51735729
50851641
46653127
42489202
38360459
34143761
30005642
25819868
21595437
17408266
13314768
9088015
249889939
245668600
241492806
237307692
233079412
228897614
224738534
220484537
216302950
212109291
207880521
203702740
199525918
195298201
191121278
186935163
182737740
178604049
174460694
170269561
166170475
162048595
157882823
153763921
149622426
145421448
141274560
137125411
132901050
128744050
124595236
120400385
116215083
112028205
107802907
103624276
99445476
95240369
91096774
86907550
82717518
78561968
74419892
70215816
66054261
61910995
57717834
53558359
49401608
45177535
40999707
36836126
32630340
28445809
24257056
20081357
15948327
11801078
7590200
3395610
248417215
244193328
239955692
235783446
231580806
227413513
223243438
219042474
214842959
210668385
206459372
202283304
198138768
193928701
189761804
185544124
181374146
177224973
173079777
168911446
164788109
160646269
156448292
152310187
148163404
143967556
139804290
135642108
131435505
127287525
123142497
118941873
114777072
110590185
106399271
102261473
98083493
93913365
89752204
85587962
81391248
77226860
73098066
68920512
64763781
60604277
56407295
52269486
48048066
43850858
39685316
35531278
31362656
27238402
23105184
18914415
14777341
10555262
6377255
249470067
245299191
241155238
236991150
232789225
228642668
224495923
220289896
216110238
211942395
207743803
203598876
199460976
195268287
191122771
186923741
182703792
178543715
174404475
170233295
166096578
161963562
157795620
153670649
149520297
145352167
141196696
137052568
132859115
128716560
124565135
120376645
116227539
112096639
107904668
103748661
99583011
95378973
91219694
87054639
82862197
78706150
74539659
70370458
66197266
62064296
57865430
53704917
49551264
45357122
41206329
37049377
32851253
28705230
24538541
20340317
16194436
12065175
7876653
3682744
247988928
243831679
239644728
235460593
231278267
227104926
222931284
218703899
214548840
210402450
206171992
202008516
197867402
193680169
189529382
185363258
181170854
177005326
172840641
168648997
164517508
160388589
156217283
152065733
147932117
143759142
139611344
135455770
131266395
127109633
122949636
118753113
114601927
110436126
106243544
102087549
97919173
93749531
89592386
85447971
81278557
77143710
73005153
68813059
64680423
60548198
56377985
52214016
48042205
43870388
39738936
35570828
31365554
27200552
23065244
18870684
14755785
10605511
6409401
2260165
246296928
242076151
237906660
233699825
229502465
225339496
221197215
217006578
212838675
208703793
204505362
200331848
196168707
191970281
187839998
183707699
179540785
175397132
171212744
167042658
162909331
158773276
154601451
150470827
146342796
142179426
138050851
133913001
129735925
125617928
121486034
117320266
113180794
109054439
104886005
100753189
96610735
92429847
88286201
84147813
79967431
75819532
71662785
67491550
63342733
59174927
54969541
50855387
46700576
42502180
38339902
34197024
29998662
25843051
21678343
17483271
13335932
9166746
4876462
249034737
244834269
240657086
236437153
232215653
228029945
223821356
219567284
215330207
211167092
206972588
202827274
198698844
194507972
190385186
186204190
181973012
177830449
173686626
169484748
165372869
161233477
157062798
152904209
148764577
144589475
140444498
136274915
132043997
127869916
123733595
119557610
115386517
111215816
107011118
102875433
98708949
94512198
90351228
86188525
81986504
77818470
73647385
69446661
65269044
61115759
56941335
52804350
48632543
44424179
40265499
36138891
31969989
27816340
23664242
19463830
15314459
11122330
6939177
2799770
246810655
242553095
238372197
234204981
229996153
225840647
221654769
217470990
213307731
209140360
204926265
200787617
196614193
192388501
188217296
184051048
179881616
175743013
171598986
167423183
163297652
159194543
155023040
150895381
146756700
142574945
138445978
134270452
130079495
125919260
121745522
117568659
113401884
109262806
105009586
100871482
96737518
92522119
88362220
84183807
79977048
75828239
71691707
67490284
63322491
59154031
54946675
50808626
46625870
42455189
38288912
34115689
29935181
25746231
21596673
17378294
13198072
9030099
4772617
249000240
244815648
240627480
236458828
232282452
228132996
223983217
219795020
215645514
211493404
207306345
203163273
199013557
194820661
190667729
186510351
182314394
178171333
173984001
169772715
165640747
161506388
157334058
153195209
149051444
144885279
140721534
136547469
132331773
128164930
124007110
119807274
115640469
111471744
107255412
103114801
98946246
94678852
90482127
86303019
82099986
77870394
73722694
69513128
65372039
61214592
57023137
52864952
48675518
44446617
40252657
36060553
31875143
27712363
23524125
19317406
15199914
11045578
6846483
2685746
246806074
242591740
238392597
234165943
229968738
225781158
221589518
217364473
213197215
209037210
204838935
200682765
196478330
192249755
188051009
183859862
179676611
175546199
171407749
167235862
163101981
158933369
154763637
150630710
146482548
142296413
138164370
133990927
129767773
125601467
121418311
117211870
113022596
108827903
104607445
100452105
96301175
92084151
87932744
83750789
79556109
75391363
71226243
67024108
62851047
58682743
54485092
50299381
46103764
41927892
37747632
33614880
29397128
25232050
21037715
16871305
12734706
8590723
4346269
248571630
244403539
240244914
236095005
231918158
227759822
223592455
219417564
215281318
211113642
206915739
202785288
198624190
194432255
190308976
186118505
181921986
177783082
173621289
169449384
165280587
161117481
156948697
152816884
148673195
144504701
140370287
136245263
132039549
127877868
123694107
119504572
115359384
111198904
106996844
102828462
98658596
94455572
90287329
86112086
81934684
77792651
73654674
69455231
65301528
61128625
56949672
52807249
48656790
44456209
40306010
36143779
31951968
27796174
23635414
19433398
15278438
11090993
6865111
2709436
246923211
242730206
238579436
234405659
230180741
226004484
221857105
217655418
213513731
209343475
205139570
200992814
196829931
192637040
188475082
184304381
180130230
175970046
171823965
167646927
163493400
159395864
155215650
151087201
146952915
142782616
138622045
134440709
130217347
126033250
121859672
117646984
113486607
109320204
105129083
100945481
96772429
92569747
88396817
84234473
80014477
75881299
71712160
67500460
63367493
59204845
55021688
50856352
46707893
42497234
38367416
34199479
29992709
25822009
21650419
17441275
13213897
9043153
4849816
249028614
244862053
240712913
236531140
232325445
228121278
223957188
219721495
215565977
211412568
207157276
202960472
198766905
194540829
190363629
186182911
181983429
177843869
173695543
169526630
165413269
161284600
157110332
152976161
148836771
144668555
140539912
136401066
132176348
127989481
123797817
119521949
115355347
111173110
106942948
102785796
98604340
94421574
90250836
86059267
81849560
77638588
73478568
69284649
65114538
60927553
56695116
52467928
48246220
44046399
39876537
35688439
31484633
27309323
23121086
18913241
14725138
10540044
6259156
2091442
246278394
242092113
237943091
233777046
229569667
225387049
221150101
216941631
212777887
208557285
204352870
200222747
196057122
191884731
187733959
183566806
179398077
175255522
171123947
166950717
162821038
158679187
154506633
150378879
146244063
142052174
137901012
133718319
129491320
125324788
121154568
116982096
112786871
108648687
104401504
100266099
96060565
91855047
87717710
83491674
79286837
75124605
70951992
66740203
62598683
58397098
54143329
49977422
45800319
41593268
37357736
33211830
29002814
24842127
20683488
16464339
12234396
8037599
3792191
247961460
243758505
239594150
235432803
231227116
227068729
222872007
218653282
214470990
210310680
206111735
201949141
197804748
193587488
189406437
185157481
180968343
176841079
172690558
168520365
164391484
160295139
156105938
151958970
147814244
143648066
139485044
135356681
131127189
126978491
122779616
118545917
115767998
113596804
109371959
105184663
100997316
96819896
92578166
88408154
84141430
79963962
75767930
71544146
67349789
63174553
58969383
54797125
50647725
46422914
42189481
37991139
33775191
29606460
25401390
21182765
17041740
12873489
8656644
249501017
245335124
241153872
236933807
232698238
228504771
224299792
220094400
215891761
211683326
207428180
203217617
198998638
194796014
190502039
186270595
182063950
177928738
173764871
169588306
165476335
161333715
157165745
153039972
148889760
144724777
140543361
136376584
132178325
128014120
123830716
119590207
115417438
111225758
107031051
102865768
98721522
94459367
90308722
86118000
81896519
77714192
73575259
69327532
65139579
60956222
56683972
52554848
48418751
44222043
40044905
35811923
31610463
27421976
23276240
19076626
14967911
10778642
6517641
250538185
246335618
242172672
237980597
233686908
229492086
225302304
221080575
216909092
212716117
208494506
204355745
200169385
195963166
191814694
187619344
183399679
179268960
175127214
170952692
166813445
162682326
158511758
154355086
150218784
146036088
141880791
137721795
133528119
129353513
125187938
120981031
116814795
112645291
108443958
104286358
100131519
95960859
91796261
87622291
83375471
79208592
75045872
70841889
66674331
62509652
58300624
54140769
49972485
45764441
41601000
37436613
33236191
29078387
24940536
20708271
16589020
12388757
8145342
3969928
248197735
243895016
239732952
235574609
231353761
227236435
223117701
218844134
214675266
210531485
206314041
202132022
197947853
193730233
189558441
185367642
181169220
177021672
172852003
168675170
164563891
160460878
156284461
152159590
148021441
143839042
139668753
135511740
131318053
127161440
122995583
118787222
114626791
110434681
106212128
102041401
97852882
93650505
89462528
85282626
81084263
76902630
72730151
68522581
64358906
60220626
55928986
51676452
47524362
43328034
39144153
34946682
30741028
26591609
22451165
18270617
14058353
9872503
5672446
249746588
245572039
241445861
237245381
233020229
228852550
224706574
220519846
216338812
212164680
207949052
203719986
199544623
195345986
191192027
187053879
182856208
178728183
174590347
170422945
166288691
162148475
157979845
153847990
149716527
145538308
141374249
137216010
133020923
128862358
124680540
120476062
116325904
112166691
107968431
103779353
99610078
95415310
91280436
87091173
82858627
78693509
74564027
70370774
66197996
62049383
57843631
53678960
49484343
45270391
41067557
36931611
32754698
28584244
24422092
20230314
16059914
11866125
7656390
3499996
247711032
243496014
239340431
235175473
230968203
226796736
222604141
218385675
214216788
210038235
205828740
201697598
197482540
193277706
189129146
184938684
180765196
176635548
172481666
168297316
164160909
160029181
155856569
151727060
147629325
143459115
139324927
135168670
131004243
126846769
122677862
118489108
114306167
110148113
105951908
101781603
97618603
93423441
89271754
85102169
80919228
76787388
72665015
68471572
64302844
60160989
55963242
51832249
47688392
43434239
39281148
35112012
30915879
26774809
22616216
18420297
14283201
10126634
5934636
250158087
245985630
241864776
237711392
233459637
229305035
225125867
220932043
216772440
212614409
208413353
204284555
200115427
195950214
191802593
187644515
183455279
179322659
175185693
171018503
166920705
162778213
158612137
154480286
150351485
146180754
142035282
137889481
133709650
129569524
125434295
121232201
117064491
112895527
108697157
104534939
100364144
96173210
92033332
87895354
83693707
79535078
75352940
71170254
67008293
62841211
58662714
54476463
50283772
46058435
41901619
37760681
33561622
29418188
25247832
21064553
16929382
12752295
8576235
4441092
248717006
244543147
240380971
236242669
232017567
227856006
223663311
219461305
215285960
211099199
206877029
202698340
198517730
194313534
190160911
186018507
181847769
177718439
173544491
169362498
165229925
161060383
156896106
152741518
148563628
144388830
140223831
136034652
131828823
127655823
123415810
119157862
115011171
110733474
106511547
102337298
98159646
93957581
89765809
85569614
81370208
77221074
72954361
68676798
64495430
60255307
56033979
51801490
47614093
43395990
39222419
35025160
30849441
26659493
22473019
18254644
14087874
9940314
5676082
249957900
245696533
241528312
237322264
233099014
228860409
224615708
220413618
216261752
212078464
207866116
203702888
199555080
195277877
191125743
186931064
182761419
178627209
174445138
170245169
166103735
161953755
157784850
153645900
149499574
145331529
141184453
137047725
132847064
128686251
124517920
120311105
116098608
111914791
107714734
103486179
99303542
95102380
90956267
86721843
82495891
78307307
74121528
69911419
65689268
61502717
57304849
53141396
48982352
44777497
40613466
36440470
32241716
28111357
23937268
19731628
15598837
11439344
7231926
3058811
247287081
243081730
238890977
234697476
230502263
226362306
222213471
217963196
213802948
209642575
205458428
201240123
197064058
192859350
188697116
184535692
180366220
176238126
172076714
167905925
163774157
159629609
155456901
151353045
147213489
143043997
138901992
134732578
130523736
126345753
122165802
117988874
113842257
109671712
105466744
101312001
97119027
92915334
88730780
84560821
80340385
76168688
71999449
67801241
63656653
59513629
55313234
51152820
46918978
42695474
38541655
34309862
30104642
25938456
21765541
17542726
13369245
9181920
4992253
249358259
245160601
240955989
236810215
232587662
228407527
224208166
220034135
215845907
211700792
207494718
203357309
199179196
194994938
190860625
186722573
182548325
178408900
174260617
170088408
165974633
161841821
157689027
153545583
149395371
145221866
141070032
136935069
132696184
128506073
124314897
120141728
115954585
111815555
107576697
103403151
99236432
95031763
90831350
86653868
82432704
78269798
74088926
69917898
65774222
61610066
57401195
53237621
49080540
44890979
40759190
36597530
32396631
28235183
24044442
19834830
15715896
11573980
7375948
3213607
247414231
243197087
239021405
234875937
230591923
226442486
222254447
218031157
213846002
209669674
205465570
201301803
197158671
192928676
188725336
184540801
180353973
176229994
172059945
167893154
163758803
159620350
155447965
151311539
147169815
142989385
138805823
134629221
130419384
126287872
122126857
117953106
113748571
109524254
105309209
101120691
96943788
92763640
88521906
84332790
80088300
75918293
71757725
67575258
63387516
59208528
54990517
50771338
46616116
42417200
38233071
34000560
29793850
25633157
21465605
17243623
13093938
8865363
4614981
249175438
244959736
240839215
236598299
232374842
228230232
224002159
219723847
215488600
211350743
207129717
202998369
198702587
194444784
190225317
186049344
181878445
177746651
173590838
169421832
165289733
161151617
156985370
152850907
148708630
144513840
140367406
136187992
131988318
127830173
123661211
119459666
115294017
111149352
106958193
102819972
98680879
94487041
90320306
86135563
81862664
77684141
73562309
69337390
65148828
60968570
56765681
52621147
48420564
44214857
40069786
35898007
31671274
27515870
23374721
19181980
15028465
10879328
6676991
2495388
246427730
242225649
238062308
233885298
229675621
225540301
221369484
217141778
212970554
208795979
204590918
200409235
196266527
192055977
187891084
183696967
179528342
175391932
171260554
167090446
162956523
158813019
154632884
150477276
146324852
142153696
138019447
133864377
129688033
125504075
121357552
117144465
112971811
108786120
104570928
100402851
96235785
92039575
87882632
83753211
79564898
75397478
71227571
67022875
62856704
58718116
54511810
50273033
46031426
41834090
37681149
33510801
29250366
25022574
20854564
16646610
12487983
8321930
4070295
248237804
244058732
239907782
235770653
231574253
227408836
223238676
219038510
214862327
210701651
206506252
202358253
198145125
193944318
189795168
185621847
181450499
177307770
173160634
168980783
164843402
160680956
156528276
152381899
148250179
144075397
139930656
135767108
131565184
127411240
123246165
119052972
114878397
110732691
106471803
102298914
98123706
93915094
89755688
85569207
81368808
77133050
72895523
68688745
64524445
60373337
56171958
51953356
47775874
43576892
39413722
35189083
30928412
26775330
22620834
18356163
14128220
9953373
5690638
250008783
245841726
241690948
237515854
233256680
229108391
224874008
220675331
216501079
212318452
208098071
203956685
199767229
195572576
191415830
187240910
183027135
178880065
174732039
170560826
166424986
162288209
158095326
153947853
149773641
145598058
141458989
137306098
133106348
128930889
124787823
120606101
116468689
112328345
108150003
103984431
99816628
95594291
91425241
87238771
83036330
78810152
74666344
70455428
66220763
62078981
57865016
53725046
49583735
45378793
41212320
37019210
32816509
28657023
24480111
20266468
16116863
11959731
7753611
3541453
247749123
243534732
239403450
235202851
230969188
226759697
222553076
218335616
214146878
209946814
205698266
201500198
197349962
193127348
188965142
184783369
180661618
176515137
173897181
171794577
167671924
163517758
159348181
155215341
151070556
146864505
142708183
138554500
134358008
130224251
126053854
121849107
117669418
113506421
109300116
105128956
100962297
96755372
92588612
88417718
84238571
80072742
75913310
71711303
67539665
63367997
59175327
55026171
50855856
46654472
42493856
38321891
34124441
29960811
25793797
21590826
17431595
13224858
9007931
249721522
245467837
241330386
237098625
232912134
228763000
224588028
220377916
216138443
211960136
207759768
203596878
199448164
195274500
191140086
187003658
182817370
178678444
174531372
170352850
166205808
162059312
157864996
153750675
149587787
145413428
141271927
137140869
132942113
128778689
124606878
120403070
116186977
111996091
107785508
103583019
99397748
95173298
90964453
86773824
82504317
78306332
74096404
69847739
65614343
61384792
57119588
52925446
48695536
44458714
40229997
36071038
31848650
27654130
23469417
19295809
15111310
10921943
6733763
2560425
246720265
242491869
238308521
234102128
229876676
225683882
221484700
217309776
213139436
208997736
204790933
200648700
196475441
192301101
188171023
184013469
179836577
175672918
171509264
167323212
163187909
159050140
154869516
150731423
146601144
142396028
138229269
134005142
129745737
125517207
121347450
117084109
112910903
108744666
104536289
100375973
96213731
92019000
87859921
83690253
79485848
75303738
71136111
66923605
62752384
58609500
54420793
50200073
45953607
41740983
37515038
33347665
29147724
24986693
20821370
16548605
12403718
8175242
3914929
248139764
243869226
239653059
235485928
231275380
227092452
222923449
218726175
214570663
210391129
206207751
202043987
197876849
193654113
189497040
185301786
181109394
176976236
172800485
168626091
164488369
160342453
156157499
152017093
147868801
143697557
139548050
135388988
131178171
126993768
122816020
118621706
114442927
110266701
106072365
101911041
97740755
93536929
89362881
85189360
80976918
76839300
72632210
68423135
64234529
60091035
55873558
51706321
47527534
43291227
39063873
34831304
30569905
26403498
22219141
17980387
13796350
9564504
5353094
249596403
245428701
241275208
237112331
232908825
228717689
224548630
220349854
216164043
211983449
207809810
203644931
199472518
195238816
191009682
186821285
182578492
178403749
174221981
170013441
165873897
161699101
157563714
153418973
149278435
145105438
140969094
136744305
132540977
128411159
124245034
120039372
115897176
111664344
107484545
103260844
99087374
94890943
90715086
86537438
82350394
78215417
74050821
69853661
65659272
61469645
57287265
53128872
48956487
44750065
40518641
36371704
32110598
27976501
23844443
19637388
15475330
11305465
7104541
2973351
247257365
243064451
238966409
234832663
230621006
226459225
222291947
218084771
213913711
209689630
205428779
201219918
196994908
192781091
188625183
184459297
180285499
176148299
171995675
167789573
163624418
159487047
155260856
151139979
146991982
142821405
138682419
134551724
130373747
126201150
122024911
117828932
113652939
109490007
105292751
101149372
97037183
92863580
88765569
84611881
80414459
76254110
72059792
67829727
63665703
59551141
55380802
51238711
47070444
42870033
38731223
34592820
30411395
26267235
22095945
17911852
13786658
9597047
5311344
249206115
245050855
240942954
236777403
232571793
228432415
224214035
220048514
215850891
211732644
207611032
203413174
199299286
195194646
191009970
186869393
182715682
178536727
174406619
170279214
166108545
161969562
157871904
153701138
149564364
145426841
141253561
137110525
132978287
128789374
124634616
120469407
116256278
112116816
107960993
103795689
99623810
95473781
91297034
87058125
82908341
78736007
74522237
70354262
66149109
61986430
57847033
53578456
49409268
45244477
40978476
36809230
32566528
28298905
24159033
20002626
15802663
11628257
7448288
3239477
247210815
243029075
238899031
234745526
230564144
226339500
222174332
217959844
213793123
209617048
205414132
201217623
197055713
192861570
188691447
184514226
180304725
176068905
171885769
167681438
163538485
159394996
155219731
151087407
146938449
142754236
138597601
134437984
130178346
126024316
121850453
117648380
113481701
109324430
105120941
100955545
96781003
92519468
88370141
84201788
79989310
75815235
71645972
67449452
63263730
59094519
54896268
50759520
46592377
42394572
38219543
34031809
29826467
25649542
21474857
17264930
13104156
8869041
4638180
248837762
244610356
240469945
236354084
232142249
227994018
223873528
219660291
215515656
211357161
207161423
202993903
198888400
194684459
190552228
186391490
182213062
178078914
173916333
169748763
165617771
161492322
157318865
153177157
149024930
144856814
140724367
136599832
132399223
128236660
124072717
119883968
115713677
111528685
107336378
103176641
98995911
94787927
90616048
86447523
82269791
78102266
73929888
69755176
65617361
61470580
57292835
53138841
48976511
44768566
40626957
36402884
32207549
28040554
23901027
19699015
15537657
11372909
7205346
3046968
247079285
242886963
238739026
234561965
230395380
226238759
222087759
217891193
213667875
209502810
205303167
201149051
196975883
192789987
188636868
184483315
180292584
176136949
171967591
167783792
163647363
159501158
155329355
151197414
147053819
142874525
138716451
134559101
130381340
126225890
122056877
117856693
113699549
109541662
105322523
101178753
97026517
92853716
88679880
84505303
80285836
76115133
71953796
67754796
63574545
59409756
55234204
51092642
46896967
42705928
38545847
34383268
30190811
26043304
21907854
17746485
13610602
9382887
5153829
249486447
245272698
241091736
236915686
232686328
228512421
224329240
220123897
215971502
211811285
207590788
203451921
199218526
195007955
190886086
186716763
182540887
178407532
174269569
170098931
165974793
161836379
157666734
153540333
149408765
145242168
141099680
136941805
132747741
128586913
124415063
120215542
116051245
111906583
107730538
103588507
99419158
95240493
91104037
86965626
82707469
78543097
74373770
70164601
66009113
61880287
57680424
53548300
49383902
45181656
41044024
36911160
32711377
28573397
24410228
20210526
16064879
11922509
7730680
3570963
247712218
243498962
239324534
235124982
230955186
226785756
222559855
218363169
214204321
210048682
205848816
201693808
197510528
193311204
189130097
184969735
180798448
176666885
172519826
168353489
164219002
160071912
155889002
151731667
147602356
143437352
139313554
135174355
130982975
126817131
122625584
118436845
114248007
110066643
105842496
101702853
97553859
93352531
89170697
84991478
80773608
76584282
72407168
68142748
63988928
59762949
55542752
51322524
47178718
42977553
38814323
34646208
30459305
26319867
22135591
17908765
13755109
9588969
5416302
249703280
245512557
241346602
237176271
232970347
228797799
224637839
220437770
216278320
212120537
207930404
203768905
199616396
195427202
191271304
187108905
182915838
178772484
174599662
170414036
166273885
162134755
157959736
153811164
149626656
145433410
141283474
137119967
132917659
128748424
124573371
120350526
116184162
112007002
107811838
103631706
99458802
95252005
91092061
86911008
82708388
78537022
74373241
70169374
66012858
61841220
57645928
53458907
49286674
45058328
40878715
36739281
32540775
28401046
24247857
20043522
15891735
11717739
7504874
3362120
247662077
243438623
239262118
235091089
230871370
226724325
222585785
218419129
214256574
210077702
205879559
201724430
197580795
193406250
189260511
185096599
180918983
176762741
172588265
168415862
164267926
160124326
155951367
151807107
147663989
143488818
139342424
135177776
130980095
126824700
122656250
118387377
114206612
110048608
105818883
101638751
97471638
93251772
89089200
84858759
80632342
76484345
72287277
68108844
63933764
59776936
55590830
51435399
47249994
43045799
38881850
34719605
30540191
26351030
22189681
17972087
13820618
9645790
5420429
249673238
245472801
241320491
237150973
232946549
228699780
224476301
220255977
216081721
211927770
207723964
203563024
199388210
195189805
191037242
186872357
182700580
178562968
174416348
170244887
166106870
161964323
157790189
153667066
149509602
145329570
141170831
137038456
132831474
128656341
124481905
120290984
116133996
111967613
107754561
103564554
99379497
95178162
91015291
86796958
82543708
78313097
74141656
69939616
65761582
61567707
57362830
53226812
49074300
44882641
40640411
36471293
32261450
28088291
23921411
19715871
15541111
11391202
7092283
2849634
247071688
242844714
238715718
234522231
230342729
226160004
221981041
217722528
213582833
209440650
205217750
200992419
196766628
192559710
188372398
184183385
179991849
175856945
171715874
167544657
163405291
159268154
155062472
150926985
146781511
142577339
138440535
134260817
130056623
125881208
121726507
117476219
113300378
109106007
104894442
100728085
96558651
92350963
88181817
83981811
79784312
75621930
71485839
67290386
63101690
58912099
54718574
50533241
46367646
42156194
37966755
33791430
29568015
25382726
21199701
17033835
12903150
8761065
4515239
248969202
244756712
240621754
236461930
232238332
228069034
223874894
219665804
215512059
211336445
207075581
202863203
198709345
194517469
190409954
186267030
182064614
177967066
173832967
169652470
165526973
161404300
157214553
153092955
148935610
144768746
140642766
136475909
132272250
128154723
124027544
119826359
115724840
111601796
107393809
103242899
99090855
94896452
90750478
86597403
82393894
78275607
74147027
69954633
65781840
61606005
57399417
53258680
49122177
44929333
40817999
36674835
32505981
28368087
24252477
20028304
15867726
11657895
7450873
3309206
246562452
242307644
238189154
234249750
230758795
229539698
225402117
221264035
217002228
212782274
208683201
204516720
200365425
196252957
192057181
187900128
183781684
179604343
175464874
171343885
167150961
163015721
158890342
154724529
150599396
146458068
142281669
138127278
133981867
129763753
125587755
121409404
117181778
113003857
108830997
104608030
100452255
96282804
92056338
88032899
83877852
79663409
75496575
71380698
67173892
62955211
58788901
56258477
52105535
47975593
43781516
39641153
35485651
31278265
27146154
23004798
18827784
14683785
10511913
248446664
244239982
240039213
235897458
231700496
227532667
223387059
219196935
215057297
210945698
206722575
202586438
198426409
194187273
190004803
185807596
181595752
177482186
173384056
169218481
165084040
160975443
156808412
152712123
148581836
144453706
140325277
136161006
131955197
127796603
123575340
119359649
115127280
110972126
106755263
102580035
98404811
94199779
90022844
103967419
99717419
95543789
91427226
87226060
83034349
78883147
74660044
70516629
66323175
62040927
57907305
53669806
49405615
45230731
41116565
36893991
32756576
28598859
24371198
249828039
245572100
241416651
237220317
232962610
228763213
224608667
220405412
216209760
212098413
207865880
203721838
199557328
195352468
191205197
187015476
182751419
178584120
174418360
170201475
166077676
161956993
157787150
153689163
149558725
145373004
141246127
137111994
132948993
128760414
124625988
120427814
116305379
112154033
107961148
103834583
99683399
95464491
91307599
87178916
82983364
78808042
74652290
70446737
66287813
62074523
57861324
53698169
49570296
45368846
41219186
37067385
32866819
28740121
24600058
20374207
16233963
12093133
7893607
3695411
246909509
242626732
238419776
234270406
230071192
225967074
221830298
217581199
213425402
209274728
205056408
200900497
196793632
192564114
188410583
184235603
180050134
175927836
171806330
167643985
163526283
159352824
155142413
151039227
146925957
142766143
138641074
134492547
130289720
126134151
122020085
117819209
113617853
109478037
105210445
101068592
96886531
92688855
88579847
84457457
80278918
76123769
71964567
67760807
63583342
59446667
55248025
51123395
46970030
42802368
38629650
34484395
30307856
26129630
21981877
17815961
13623422
9494392
5313217
248787175
244568620
240367367
236225469
232028110
227819380
223696421
219520476
215398006
211251568
207024867
202873228
198734554
194537536
190302898
186096547
181903940
177781727
173652895
169483123
165360591
161232267
157040468
152915636
148771039
144586363
140416969
136285068
132080251
127929321
123779998
119575806
115449852
111315650
107137504
102985999
98833723
94637709
90479608
86337582
82167805
78017039
73874789
69698165
65571933
61442014
57261075
53125347
48967739
44765473
40609344
36459792
32268763
28127124
23996271
19823933
15694295
11553064
7356224
3155273
246670986
242409070
238219098
234020412
229802730
225651161
221491445
217274781
213101397
208921786
204722227
200536894
196370713
192164693
187999048
183811574
179618283
175506880
171388769
167219975
163110339
159004086
154837912
150732162
146609475
142446895
138337761
134179031
129953071
125775029
121608475
117402901
113236579
109019592
104833717
100701638
96541410
92312494
88179313
84024608
79800826
75614048
71469161
67270889
63110730
58973142
54755125
50629845
46462617
42287276
38123518
33933702
29703351
25534128
21373325
17162435
12963464
8809647
4643790
248169322
243986868
239856612
235656017
231390783
227217306
223042983
218815248
214639223
210514859
206292817
202123899
197950753
193729423
189644965
185492358
181322176
177207204
173087064
168923927
164788056
160655876
156490437
152364396
148225396
144054872
139931429
135742914
131524396
127336052
123172317
118964881
114785589
110603639
106426202
102267986
98137406
93963733
89807116
85636673
81371567
77178803
73035591
68803013
64621157
60460435
56237504
52081581
47911553
43684275
39525021
35396081
31210269
27057356
22846081
18639135
14491452
10311967
6120952
250624089
246425140
242309294
238184438
233982894
229786411
225642215
221391089
217186534
213062608
208909409
204761671
200639654
196473096
192342916
188201396
184012632
179891783
175757046
171629722
167501964
163380597
159207721
155102924
150994639
146786480
142628047
138491336
134295216
130136049
125987155
121820994
117628462
113484698
109302533
105146096
100989537
96777031
92615243
88475524
84276712
80128289
76001645
71780714
67601477
63443863
59243677
55055833
50860399
46645769
42481054
38296947
34097863
29919050
25755399
21554091
17431816
13278455
9073370
4912611
247936639
243693034
239523229
235383894
231193413
226995302
222853676
218672751
214542502
210411072
206189100
202014494
197901284
193734083
189571279
185400816
181179802
177043777
172898447
168754690
164635303
160511428
156345694
152217379
148079092
143888004
139722953
135567883
131370964
127222247
123070112
118872702
114709604
110532916
106325044
102157709
97984734
93781175
89632630
85518311
81350034
77165556
72983465
68761125
64614136
60482069
56321955
52155370
48004587
43805810
39672954
35518237
31316379
27145896
22922634
18711470
14488377
10359158
6096412
249642741
245442520
241299002
237168050
232953722
228810690
224657670
220470226
216314346
212214333
208038444
203872381
199742907
195568781
191463102
187333642
183150119
178998884
174868035
170667168
166545753
162433319
158258984
154116267
149980907
145814213
141708699
137570294
133394480
129258889
125125070
120904541
116757658
112617468
108423020
104297342
100134018
95934173
91787576
87645206
83426145
79275305
75066493
70839256
66674330
62513433
58334902
54159967
50029764
45817411
41638983
37468903
33295078
29155528
25010599
20840033
16673562
12490290
8261115
4031732
247572412
243352547
239171942
235029046
230807000
226595514
222438765
218215588
214074596
209954093
205787656
201647257
197524420
193323449
189198527
185077378
180905121
176805521
172671776
168505690
164374120
160230602
156037726
151936313
147803160
143632747
139508814
135350644
131145402
127009677
122837498
118631603
114467027
110301431
106117291
101976518
97790235
93532229
89410604
85266679
81086829
76936813
72841237
68612686
64483656
60332243
56094193
51895034
47773653
43553994
39397017
35237879
31014908
26832306
22689530
18423071
14274852
10132945
5944558
249651899
245480751
241348308
237177837
232971329
228792996
224624342
220379680
216190862
211962928
207680577
203452843
199263578
195022675
190789643
186605805
182363055
178206310
174087140
169904049
165830222
161716326
157549539
153425636
149290330
145100493
140941987
136785005
132574695
128444987
124244724
120018005
115858051
111770525
107566558
103441442
99327906
95148735
90983949
86807528
82618732
78460490
74306824
70131060
65920181
61776866
57572523
53418073
49258211
45053128
40923566
36747433
32575964
28447282
24305891
20114070
15963324
11799842
7598333
3475758
246914181
242729661
238593117
234462834
230184387
226022181
221875881
217608454
213444366
209232806
205046130
200920727
196798533
192579047
188406254
184238443
180065507
175935397
171820325
167653683
163530991
159384775
155187563
151055950
146914556
142724904
138525632
134384516
130186422
126041834
121909738
117704131
113549271
109402146
105179144
100959290
96803264
92582490
88447051
84309979
80104137
75945237
71812862
67594543
63423279
59244547
55045288
50899270
46730176
42521810
38369003
34209777
30010211
25847880
21675602
17461981
13302223
9137170
4889256
248601320
244421454
240266662
236145365
231927326
227796156
223685561
219497199
215351570
211197551
206994051
202841980
198692794
194493485
190358017
186214065
182041742
177931530
173793564
169627579
165547054
161439616
157268117
153163968
149032208
144865831
140725991
136583357
132384559
128273864
124144445
119968249
115841046
111637682
107413545
103260816
99145353
94942835
90769141
86638895
82441911
78283993
74157350
69964147
65806341
61650891
57448227
53289894
49138748
44948163
40789774
36667322
32395167
28237785
24052400
19870139
15694130
11549516
7373796
3216050
246742908
242554056
238434143
234273392
230059749
225895109
221734216
217517885
213388055
209221916
205010057
200898585
196783249
192579838
188437499
184241069
180073403
175944139
171837501
167659643
163546581
159423312
155266389
151151499
147042726
142843807
138698586
134570413
130362913
126239174
122089495
117908137
113813573
109672000
105472143
101320495
97184271
92979856
88837393
84591438
80416413
76285971
72121615
67939343
63802568
59635501
55406739
51251506
47072215
42887059
38740925
34575715
30371536
26234054
22106524
17938198
13783410
9625158
5382419
249018723
244809728
240660132
236508011
232303014
228175264
224030679
219839856
215685115
211525833
207240566
203012688
198791062
194567240
190390084
186266067
182095840
177973120
173854903
169687433
165574347
161445442
157269502
153163941
149048204
144880251
140758132
136625995
132401097
128228583
124066411
119863889
115719784
111567175
107370922
103194065
99025142
94845560
90686173
86536327
82359273
78172994
74050876
69874857
65694349
61550084
57351839
53173179
49003844
44783394
40627098
36499618
32296952
28143777
24011392
19801876
15652087
11496108
7326668
3172021
246740432
242570190
238471779
234356967
230155789
227881467
225649507
221457551
217317943
213197044
209017408
204901160
200786868
196621827
192503607
188367212
184226483
180098685
175947871
171767093
167655742
163587341
159422021
155302555
151145142
146977385
142834298
138691239
134489719
130321482
126168578
121956971
117793046
113647346
109422536
105227262
101039419
96834294
92667860
88496560
84315894
80169164
76004013
71806233
67652609
63467690
59253578
55128608
50994952
46807117
42620387
38473531
34254395
30092301
25893286
21685810
17526840
13363840
9119943
248888467
244669535
240482346
236325741
232116946
227938965
223811990
219601895
215426690
211234607
207014473
202841650
198711269
194544102
190316191
186105722
181912968
177698511
173610978
169443195
165305796
161147736
156950789
152800490
148619572
144465356
140303437
136105952
131952289
127781947
123616804
119517024
115315310
111168175
107015946
102827337
98676710
94519795
90394562
86262814
82093667
77940017
73779680
69680091
65492923
61333018
57183797
52995920
48889554
44741689
40538625
36385782
32225038
28104449
23956659
19757138
15544376
11452747
7288580
250728142
246532810
242387777
238220736
234024053
229886544
225728797
221539821
217381443
213208059
209033492
204809659
200553806
196312781
192166200
187978616
183758717
179627263
175482957
171317321
167139064
162992146
158817098
154662410
150525106
146396229
142237400
138072293
133871874
129708858
125562984
121362234
117222948
112990230
108781479
104612884
100444311
96256380
92117725
87980098
83776789
79641554
75489487
71311035
67152484
62989624
58793171
54639005
50500438
46332478
42174758
38021896
33825796
29672060
25548730
21354913
17208156
12985454
8804861
4617861
248940114
244705973
240574952
236429838
232253524
228114981
223939655
219763166
215608715
211448531
207244261
203106069
198961116
194780210
190647037
186441145
182246670
178097105
173951399
169782383
165644322
161502092
157336390
153208635
149073849
144907584
140773908
136614955
132434837
128274532
124109334
119912150
115746273
111579192
107357256
103186260
99017734
94794037
90636263
86477093
82295548
78134015
73979415
69710134
65527983
61366883
57151149
52964672
48745492
44563541
40387449
36213588
32006037
27848561
23670780
19445541
15267211
11092703
6869690
2684827
246652153
242434216
238267180
234111254
229924892
225729963
221536878
217269254
213107741
208944429
204685076
200536815
196410101
192216762
188043969
183845077
179633688
175473209
171308989
167117228
162986372
158820673
154640588
150502051
146324524
142151878
138012105
133841141
129575459
125391826
121210237
116943409
112771959
108595904
104374932
100203516
96023041
91809078
87622389
83454888
79242125
75074979
70947278
66689740
62459000
58313448
54124709
49957236
45797362
41579364
37448992
33261522
29004750
24826445
20680562
16416943
12231258
8088622
3848766
247994839
243829296
239668423
235467782
231248023
227078706
222931982
218752985
214651911
210512916
206288520
202065951
197901476
193715779
189565525
185395444
181227953
177114488
172955511
168788203
164656065
160538696
156371496
152224917
148067425
143899337
139733879
135597975
131379189
127251957
123009861
118810313
114642598
110460204
106199892
102062066
97867661
93647468
89459255
85294235
81112564
76980903
72809526
68600837
64410885
60227554
56022929
51889082
47759473
43579464
39410003
35207119
30952082
26788311
22625722
18446282
14210223
10015926
5810632
250018493
245814437
241631413
237439470
233249769
229109232
224936845
220671341
216482648
212341172
208147242
204012651
199827245
195621527
191435552
187253423
183025673
178898142
174756406
170582587
166450592
162310167
158181057
154046166
149907189
145733185
141574494
137449565
133266649
129100113
124926544
120720397
116548413
112368421
108197004
104005122
99788675
95560831
91372226
87186079
82957033
78763487
74588722
70393979
66226936
62045601
57771483
53534094
49361282
45153936
40958448
36791978
32591345
28439252
24280396
20098448
15959275
11802797
7599411
3400040
247577896
243371849
239220403
234991370
230794458
226645442
222482968
218292878
214098821
209912482
205690225
201531545
197375453
193176084
188992395
184832052
180663748
176536759
172386047
168216751
164097625
159957108
155788315
151645993
147542278
143369331
139189376
135022456
130820620
126655623
122506348
118244029
114109243
109881938
105671622
101502681
97332221
93124399
88935863
84773289
80559311
76386619
72234012
68051933
63889678
59699917
55501480
51343621
47174324
42996543
38795034
34651233
30455029
26288830
22076527
17888694
13750815
9525607
5255618
249645812
245432639
241260676
237084943
232875286
228689497
224515845
220305392
216119361
211917428
207690209
203497411
199352917
195174803
191013901
186810792
182612238
178472079
174323688
170124801
165989090
161846240
157677211
153531012
149385435
145215246
141085767
136927946
132738341
128571015
124372028
120169574
116021501
111867957
107667577
103491256
99329709
95127417
90953452
86784499
82566552
78405707
74245058
70077252
65904027
61762454
57558157
53388334
49200402
45001079
40807537
36612670
32407666
28217666
24026446
19767731
15560063
11402541
7227842
3016975
247276800
243070921
238906588
234732792
230526153
226387242
222218778
218021879
213837902
209670841
205436250
201246887
196990687
192717220
188478982
184331131
180117098
175945431
171784483
167617224
163470895
159321014
155149072
151014995
146872026
142700587
138576834
134450683
130275031
126107945
121938562
117743985
113604075
109445672
105279471
101118774
96954694
92753062
88534918
84394175
80195517
76038389
71817508
67623361
63467581
59279176
54982991
50807480
46648194
42474073
38240975
34071812
29882658
25634422
21493809
17295253
13142889
8996548
4796050
249120162
244955906
240766907
236587118
232340524
228183120
224005104
219796171
215611314
211419327
207196200
203046084
198857936
194636145
190452066
186272628
182130649
177975262
173817676
169650438
165547732
161438747
157256062
153129876
149005470
144837476
140745902
136611921
132409761
128250730
124134804
119987152
115850463
111690841
107465494
103306624
99141541
94936725
90798024
86629270
82448124
78288885
74142222
69943319
65759666
61594341
57392758
53219680
49080687
44870917
40726721
36579965
32406144
28249926
24080670
19877188
15729130
11605777
7431554
3269550
246902177
242695912
238500679
234270312
230064625
225890793
221669529
217447883
213262611
209052007
204809154
200641012
196486350
192296287
188136009
183972054
179802219
175666841
171525611
167354231
163217738
159075459
154906459
150771941
146607568
142415246
138254424
134097789
129922513
125788289
121635764
117435847
113250292
109068344
104862655
100731848
96529920
92305917
88085388
83900579
79678188
75513639
71354572
67159939
62996995
58779607
54595032
50435696
46285167
42029216
37863204
33637663
29443064
25292476
21059490
16878595
12719427
8540155
4335370
248542502
244331440
240129009
235974794
231702487
227538454
223398508
219178620
215063522
210874239
206617694
202456450
198342028
194133662
189958769
185733848
181544500
177411665
173235054
169045722
164900888
160761972
156593715
152479953
148349006
144181333
139989846
135869823
131673899
127547423
123413416
119246267
115119657
110971841
106763513
102659318
98495737
94312108
90169800
85943371
81731451
77560067
73399160
69216485
64994958
60829393
56598715
52387716
48205249
44009864
39828142
35661883
31463107
27326357
23158127
18952030
14819435
10584778
6403165
250037258
245861081
241741795
237647389
233363973
229165365
224998929
220759157
216563938
212413606
208181544
203994188
199841141
195620295
191416660
187279144
183063111
178955739
174831401
170630071
166517652
162400745
158228692
154114599
150003413
145846808
141687771
137606895
133374408
129223974
125060587
120864070
116676259
112517652
108310587
104170132
100016593
95811781
91660202
87503768
83291826
79132380
74980983
70763760
66586157
62428791
58224043
54058638
49907211
45710231
41570306
37348220
33139520
28984613
24853666
20642566
16466372
12316277
8093693
3956297
247390093
243196023
239077146
234933871
230738034
226583682
222419022
218217530
214094035
209979380
205801255
201685573
197568700
193393990
189299254
185172026
181010304
176882269
172725284
168557771
164445598
160284022
156090715
151899820
147762716
143557518
139402414
135243582
131036713
126876157
122692659
118484181
114297608
110156259
105953561
101771322
97602905
93393115
89283615
85128666
80908362
76762183
72643892
68440260
64284047
60154331
55990427
51845780
47698646
43474700
39290348
35134790
30952917
26809152
22656496
18460151
14291981
10123634
5921686
249633984
245406589
241273666
237150564
232879396
228733040
224592023
220386803
216244249
212083418
207868308
203738532
199605684
195420720
191297503
187067563
182854277
178740317
174618624
170467443
166346441
162216815
158060454
153943809
149800049
145631549
141495521
137385638
133181698
129028662
124872691
120678566
116518153
112356938
108132646
103978284
99804449
95596434
91437561
87281350
83008640
78836252
74669957
70459097
66306400
62113106
57888511
53739433
49584778
45358890
41183894
37029911
32814468
28634554
24474892
20277779
16131750
11958824
7785739
3664593
247104698
242923531
238644735
234524253
230241021
226018517
221811514
217526755
213367960
209210509
205039075
200803372
196647304
192420305
188249725
184064356
179861176
175771784
171681313
167465796
163366062
159254577
154992203
150833566
146770081
142585372
138440471
134313093
130182619
125980193
121811732
117680776
113447939
109322060
105156932
100984273
96762363
92595152
88443659
84214714
80108571
75900987
71746562
67594867
63394077
59231710
55050994
50852821
46678190
42545464
38334246
34180820
29960857
25782879
21624751
17494203
13370286
9243026
5027662
248403263
244189909
240032036
235858129
231660383
227483945
223304229
219093538
214978878
210823717
206623807
202522192
198316756
194130285
189964123
185756582
181666313
177522752
173324377
169184272
165045752
160876949
156808277
152641183
148483031
144348662
140145604
135974508
131830688
127625909
123483998
119293028
115073062
110893293
106748960
102540931
98371011
94208320
89997286
85825685
81657562
77530440
73376968
69176611
64945509
60747845
56548918
68027283
63902945
59741577
55540411
51372601
47196857
42974940
38816969
34636821
30414673
26263558
22104719
250248569
246086473
241941905
237760973
233530045
229389587
225179724
220955764
216798149
212648616
208447942
204277289
200082709
195855948
191700703
187503538
183259013
179112168
174974684
170785459
166648918
162502058
158328531
154185579
150029053
145822370
141684771
137532845
133327757
129178725
125007396
120799889
116626517
112457486
108261684
104101275
99938397
95734013
91575294
87386510
83172052
78992895
74834485
70645321
66465081
62292921
58078024
53898743
49727642
45536229
41401464
37204217
32948197
28735398
24533477
20312803
16101454
11922020
7725984
3518474
248399032
245652771
241424569
237282736
233118636
228912996
224759751
220594084
216389851
212227918
208031758
203804896
199642240
195496302
191309576
187149177
183016446
178895168
174748141
170601884
166432701
162293109
158123343
153926653
149788223
145642370
141463776
137287266
133137925
128931362
124790694
120613641
116354130
112146419
107951491
103755710
99597091
95433297
91263683
87090352
82927528
78722889
74494859
70327002
66130168
61951163
57768865
53565268
49384264
45149372
40961880
36822643
32658259
28461164
24292710
20151635
15974560
11816428
7679302
249795949
245606618
241447464
237283101
233100023
228961681
224773173
220561226
216430955
212254535
208058953
203895914
199778784
195570631
191409740
187211301
183028770
178886541
174745491
170548910
166420882
162275675
158104029
153949972
149809197
145655277
141518382
137333032
133161362
128966667
124757337
120560869
116373821
112209855
107983772
103828332
99644764
95436752
91248739
87049245
82845304
78685653
74505683
70325642
66189128
62052902
57774294
53594179
49456024
45265453
41126159
36941848
32762714
28609818
24471180
20301030
16093158
11920765
7698011
3487361
247732363
243565437
239418062
235256006
231064608
226908354
222740192
218540357
214409497
210248738
206057807
201897040
197745201
193556448
189410368
185238669
181063204
176918804
172737657
168571808
164427521
160283742
156076355
151948000
147815389
143630945
139465254
135324248
131094170
126908631
122714819
118482135
114293165
110092271
105811931
101621981
97417698
93187567
88996199
84806085
80627723
76428257
72236352
68004128
63815392
59620696
55389294
51200687
47007347
42778240
38588282
34393871
30166220
25973125
21778729
17496610
13320528
9170252
4942422
249292072
245043878
240880015
236697954
232489094
228349115
224181982
219954151
215769637
211582473
207348988
203183130
198990984
194807732
190580413
186381504
182182130
178028656
173894064
169702765
165578861
161425595
157247012
153112383
148986037
144819859
140690792
136552015
132351653
128180981
124049994
119842673
115668380
111463962
107250453
103093080
98908661
94695380
90507945
86318435
82094951
77909214
73731686
69527690
65365167
61210338
57014068
52841576
48669310
44464193
40280431
36092157
31883391
27706750
23522808
19254889
15092106
10926691
6724688
2521073
246599757
242358155
238168765
233990891
229750742
225554609
221367868
217175622
213005556
208841521
204634967
200493905
196324268
192155222
188025086
183848704
179685696
175529037
171394314
167205261
163072910
158938221
154767720
150624179
146482416
142307053
138150016
133982611
129776723
125609764
121458778
117272930
113117224
108946499
104769783
100600226
96366043
92170453
87999403
83820308
79611528
75417998
71284511
67060319
62876068
58696885
54496687
50325422
46130430
41965456
37762730
33587464
29410322
25271039
21099572
16902723
12758242
8598019
4417094
248803120
244635196
240455474
236267627
232047578
227890833
223728112
219547449
215355531
211205439
206985171
202810903
198631306
194451436
190288927
186124237
181941127
177798757
173620962
169464661
165305822
161165406
157017710
152876322
148707159
144504619
140334654
136164939
131961562
127779959
123602556
119396910
115235517
111049631
106848753
102679287
98492486
94281430
90108326
85926542
81708081
77535709
73346199
69172488
64958600
60818660
56558177
52392032
48206487
43983084
39732577
35568605
31366570
27167294
22995893
18816096
14696049
10551110
6376144
2161184
246605578
242376760
238204351
234020384
229843575
225660737
221458475
217226874
213052971
208872341
204673734
200535344
196371528
192168746
187964795
183783485
179614537
175462550
171326528
167156640
163022939
158879633
154710629
150569279
146433052
142226958
138065100
133901259
129692612
125562977
121334819
117122663
112982791
108786881
104585648
100398234
96158885
91934921
87763866
83578456
79352329
75181596
71025482
66762261
62591803
58409260
54199204
50007996
45858037
41672901
37507948
33336014
29127061
24982494
20769789
16558038
12429993
8258612
4037821
248427819
244225564
240075550
235927070
231735480
227567246
223394984
219183306
214999553
210842417
206662151
202521158
198363937
194169428
190011568
185823196
181646328
177499833
173328171
169154437
165013681
160867372
156696473
152554360
148414580
144248898
140076545
135899158
131704616
127525169
123358293
119154157
114974700
110826432
106581720
102422147
98271315
94062333
89869061
85669804
81485638
77296880
73133385
68932848
64722906
60574595
56385209
52215377
48030570
43831042
39655523
35490966
31263643
27122415
22924238
18743200
14603470
10375944
6187254
250558047
246384051
242240343
238073960
233858533
229636940
225409733
221194688
217023589
212853650
208637002
204464587
200279628
196074488
191912185
187725589
183512917
179359322
175204413
171032097
166922887
162780707
158611467
154439039
150288248
146124180
142005153
137836615
133663221
129477172
125337521
121074259
116913921
112778091
108591394
104373432
100199474
95990475
91855199
87702128
83510061
79299193
75137416
70937339
66773012
62580225
58378993
54205281
50018919
45811630
41633151
37497372
33234515
29088207
24954222
20727430
16567155
12408731
8210475
4039768
248363054
244161960
239989446
235792827
231566495
227396480
223259349
219033165
214808889
210654302
206443379
202269307
198104482
193914275
189755766
185580741
181407408
177270147
173087935
168895938
164800326
160654233
156483217
152349561
148205485
144028825
139882917
135711593
131502099
127327387
123157513
118963328
114800954
110631824
106459205
102257346
98082733
93887752
89755623
85611874
81434155
77283193
73108743
68929063
64751377
60579701
56360558
52171574
48035698
43841769
39691904
35523563
31295567
27159846
23009530
18822445
14683425
10492195
6313448
2114223
246411250
242208498
238035625
233834739
229633525
225385645
221190469
216912616
212745811
208565489
204373555
200183659
196010447
191779722
187605762
183411965
179238559
175095541
170936906
166765475
162597770
158458327
154287189
150143676
146020423
141818280
137663051
133487931
129263068
125089676
120935492
116739501
112563655
108388011
104219805
100059392
95914044
91725663
87551334
83383413
79135598
74941876
70769950
66562025
62398702
58175833
53947811
49699713
45480339
41241406
37061501
32851436
28650973
24487384
20286298
16110303
11944322
7775169
3609244
248168835
243995698
239839308
235665951
231442877
227274538
223111689
218914790
214777311
210615222
206418058
202206035
197959410
193686297
189431354
185197850
181011934
176871310
172707671
168539381
164399701
160282853
156102938
151944726
147793288
143621671
139458720
135291730
131087460
126899312
122695385
118469971
114331241
110085154
105860658
101669086
97472891
93249026
89050189
84855466
80633643
76443538
72253349
68048965
63883834
59709202
55501720
51322813
47140851
42924021
38780323
34592455
30315560
26165812
21978415
17650009
13482099
9307369
5057492
249379610
245158370
240936334
236724946
232458023
228304645
224149710
219925514
215739537
211533529
207326450
203157812
198977407
194720425
190499071
188014245
185809599
181690846
177525040
173355698
169221546
165080834
160910622
156766674
152617147
148448937
144311055
140146460
135955875
131820971
127633442
123459070
119250276
115068065
110865622
106701377
102519177
98318475
94151019
89987708
85810291
81601080
77440666
73232107
69042074
64854183
60631749
56491591
52240510
47967194
43781916
39624581
35354742
31179120
26997996
22783622
18548572
14405260
10144428
5889679
246356341
242153227
238031751
233865937
229652752
225519480
221326870
217114022
212940221
208754305
204547136
200393788
196221302
192009377
187856543
183673508
179497727
175322023
171176738
167029782
162858885
158722526
154526381
150390461
146254953
142077421
137888236
133653652
129389443
125217989
121062387
116884019
112627967
108495268
104232555
100067196
95889693
91692239
87528869
83382094
79179060
75012896
70826688
66584739
62442657
58249235
54021679
49864786
45646632
41448022
37287789
33107020
28895461
24719567
20480983
16272295
12106312
7936746
3692782
248088048
243901113
239720632
235533639
231316073
227169042
223028400
218815137
214637814
210478108
206261748
202127240
197941567
193749288
189598573
185493143
181283237
177150871
172961167
168781038
164706176
160549532
156380404
152293094
148168044
143999653
139844583
135622197
131442320
127289544
123155175
118951340
114744169
110603050
106402280
102257746
98080194
93913794
89745758
85613058
81409886
77238162
73074273
68891372
64756192
60594496
56413825
52282882
48126546
43921636
39761616
35600109
31432936
27275522
23088440
18810787
14576578
10393932
6172960
249704447
245510864
241373474
237182573
232896104
228714240
224498865
220275740
216099580
211904161
207676834
203523617
199286786
195062998
190881483
186672320
182426823
178275246
174128232
169935786
165800386
161635914
157437321
153304089
149167387
144988839
140823054
136658944
132450622
128289455
124142333
119923871
115740503
111581092
107382026
103223358
99039754
94862895
90676935
86482343
82261150
78079256
73898988
69678038
65542719
61287052
57016326
52848955
48664589
44442430
40255839
36065698
31841289
27654150
23453355
19228899
15093185
10914287
6684965
2468121
246308519
242061011
237865075
234545504
230277725
226060753
221861968
217608923
213396455
209204086
204980977
200750082
196594322
192325286
188124769
183885349
179633325
175460663
171221464
166975802
162823029
158624248
154444195
150280058
146136187
141963522
137833302
133699918
129493506
125310443
121140520
116914863
112734673
108548292
104332511
100158240
95956355
91690683
87486401
83315988
79082640
74868378
70695982
66491765
62298149
58067762
53842165
49677654
45524871
41303643
37067170
32873531
28655759
24416709
20191397
15993689
11853552
7692906
3514211
246891065
242723889
238576193
234392327
230123522
226007050
221811950
217620784
213483923
209314405
205091043
200956174
196789579
192605955
188454710
184292225
180149608
176013167
171897453
167729204
163583338
159431248
155240604
151103383
146974164
142795695
138611251
134392477
130123709
125963737
121840175
117624869
113420404
109239239
105067738
100922067
96755862
92550740
88389054
84216019
80009960
75840088
71662141
67473566
63319780
59135829
54944617
50801654
46603907
42375640
38155115
34014236
29840782
25707636
21563345
17369776
13248369
9074890
4863658
248885543
244674101
240512906
236324346
232126127
227911508
223742320
219538082
215377118
211205955
206961170
202830896
198625392
194420635
190255596
186105422
181937859
177803983
173606743
169438398
165290518
161152536
156986960
152865256
148735101
144559540
140422015
136280056
132104974
127967128
123812260
119619499
115436241
111266848
107045150
102861488
98654715
94425923
90245275
86061863
81885671
77673888
73477337
69255220
65069655
60906745
56710971
52566865
48396510
44198301
40039684
35882941
31659805
27478663
23283922
19101378
14960853
10720671
6499358
252817171
248619543
244488841
240343272
236120588
231935122
227797110
223596681
219472128
215318997
211125012
206969989
202844826
198657165
194493116
190320441
186127521
182005441
177862978
173696999
169567215
165435421
161254725
157085522
152963548
148797530
144621771
140497023
136295140
132134478
127959662
123755053
119592006
115452890
111274032
107094696
102928186
98728575
94565882
90401827
86227653
82042007
77860425
73632215
69448607
65259219
61080385
56871758
52727223
48467955
44310201
40173048
35961864
31777243
27616274
23416013
19245396
15065647
10854284
6626490
248802085
244593816
240417553
236264931
232050116
227864525
223698493
219439864
215260638
211082836
206869569
202728035
198565351
194359844
190244725
186120096
181902162
177773635
173633172
169461042
165345043
161208763
157041699
152900595
148770507
144583361
140423193
136284157
132091005
127953811
123789867
119623592
115494635
111303042
107047806
102876227
98712499
94493602
90334728
86132565
81923147
77736977
73595329
69409634
65236973
61071019
56813774
52674144
48532937
44314194
40133824
35987295
31808500
27666943
23526855
19270740
15116836
10960493
6775364
2620558
246340772
242145146
237996372
233835047
229634959
225470732
221294024
217040046
212832898
208650880
204429497
200290607
196108546
191901440
187727898
183548737
179366764
175229431
171091682
166913747
162792906
158668825
154480018
150344147
146204714
141999259
137776745
133608289
129424946
125288531
121147158
116958033
112830652
108686899
104522987
100386882
96207788
91942628
87766932
83547821
79308040
75122828
70965530
66756078
62535541
58340628
54098885
49910017
45717143
41491769
37315856
33088128
28874562
24691058
20501490
16325169
12188044
8008835
3787829
247974635
243778181
239613180
235477599
231298528
227134470
222932177
218676010
214480007
210246206
206017573
201859757
197683819
193459647
189290879
185107048
180916125
176714284
172504984
168338961
164204602
160064651
155891271
151750742
147603591
143404306
139261039
135123037
130901254
126716493
122550533
118380684
114236896
110061164
105870134
101734964
97597702
93377764
89196400
85017429
80753026
76589268
72422889
68196934
64000806
59833566
55626897
51437590
47269879
43049480
38887223
34728731
30530976
26361236
22192835
18015219
13895480
9713520
5485526
249677620
245503250
241380141
237188866
232961490
228777476
224643046
220423712
216197128
212020809
207816660
203658939
199434834
195167545
191015302
186814999
182561495
178412048
174277911
170052033
165912653
161769848
157601521
153475332
149309918
145136997
140989827
136842483
132640087
128477566
124321938
120130829
115979291
111825782
107631563
103485471
99318798
95123438
90991537
86830264
82647398
78505430
74346416
70141271
65974377
61800896
57593608
53434161
49263325
45063697
40903242
36740651
32535339
28376643
24220022
20009594
15873247
11708132
7509958
3334032
247345302
243155443
239017491
234879334
230679860
226490150
222285303
218054136
213872080
209681348
205480614
201325336
197150029
192951097
188813388
184647229
180472986
176311117
172188408
168006394
163874910
159729479
155558953
151424587
147285735
143106925
138967791
134817050
130605786
126446335
122283045
118087598
113900549
109733880
105529325
101344687
97173896
92959086
88822935
84623349
80414569
76239855
72057090
67860679
63681369
59497700
55285979
51119105
46927634
42727795
38533582
34406437
30188914
26041468
21869697
17667234
13535921
9342436
5125838
249544641
245355328
241183705
236984487
232782320
228615339
224440177
220206472
216026870
211847587
207644385
203470188
199299140
195128024
190967897
186798146
182620118
178483826
174346074
170175313
166046424
161879134
157709275
153571938
149428669
145247210
141114929
136915053
132693889
128521935
124371491
120174347
116004510
111752230
107468850
103297643
99132027
94902442
90727757
86583790
82351898
78206520
74066475
69845718
65666898
61514583
57305219
53126658
48962546
44754693
40584228
36393906
32209324
28071425
23921047
19719784
15550219
11404297
7184794
2980379
246920823
242732605
238546870
234347184
230111282
225937484
221740259
217514238
213322557
209130622
204906333
200754283
196587302
192417362
188257699
184098468
179894680
175730282
171596262
167423818
163296160
159157442
154986094
150866442
146705359
142503172
138334924
134176974
129965225
125822102
121644334
117331988
113176606
109021288
104822644
100665756
96486728
92307465
88083513
83843694
79635145
75469468
71277507
67017295
62835710
58666633
54462670
50283500
46126382
41933997
37789181
33593801
29399654
25237328
21106923
16906903
12766899
8594605
4390407
248539048
244350179
240144204
235955398
231717000
227534204
223338663
219115705
214951249
210763645
206522068
202381815
198260378
194046488
189884167
185671552
181496315
177362441
173224173
169057199
164925454
160779239
156613210
152466982
148295631
144100749
139940357
135790401
131579735
127410443
123226559
119020182
114839685
110644630
106421821
102231216
98040572
93810265
89625092
85430539
81208999
77071081
72879874
68599581
64411890
60215071
55926596
51734915
47606491
43324152
39135080
34953503
30731090
26552662
22387650
18190556
14012869
9821418
5610456
249684465
245477666
241284463
237129063
232932779
228728414
224514854
220278813
216080392
211856426
207617442
203392117
199169043
194903317
190694749
186482803
182239221
178067898
173847865
169637752
165516089
161353248
157186901
153051226
148890815
144726523
140586809
136403683
132213714
128075515
123913690
119709251
115552971
111404065
107213673
103056709
98875116
94654864
90475331
86309473
82115952
77974880
73803716
69611483
65477044
61304968
57082061
52915219
48766730
44572943
40444117
36307782
32092361
27897250
23715882
19502252
15345046
11111888
6931038
2791933
247035174
242774966
238604142
234425577
230193434
226082408
221888070
217635012
216628244
212462510
208233140
204011839
199829495
195566347
191360568
187146857
182954447
178792318
174673493
170482520
166348354
162218450
158018258
153853858
149626313
145450552
141263581
137094705
132867505
128719036
124531714
120303978
116133325
111959521
107729826
103584075
99390017
95231938
90995779
86817135
82610853
78444924
74262028
70029973
65851403
61660208
57435280
53270026
49115970
44891164
40708819
36529383
32304965
28107538
23906096
19680916
15529906
11345848
7082910
248052196
243818438
239647407
235443680
231223283
226985941
222781536
218625153
214301942
210023288
205787829
201536955
197259188
193039600
188807475
184527140
180376019
176147004
171960898
167797594
163648469
159478520
155314753
151191551
147013920
142879677
138722754
134547523
130430027
126322529
122201306
118030361
113895356
109758183
105583870
101502455
97327385
93164730
88977437
84742817
80596387
76412444
72183252
68013802
63846351
59637469
55480901
51337613
47132249
42932206
38744225
34538093
30376769
26216537
22012475
17824736
13673039
9542186
5334169
248699368
244500858
240355772
236206564
231999555
227831425
223602961
219381190
215195494
211003390
206775761
202598264
198425196
194163318
190001361
185731229
181552097
177419902
173190098
169019590
164884241
160748111
156548735
152401252
148254112
144026809
139861306
135670660
131455074
127223548
123070231
118790414
114617194
110421161
106147066
101990713
97819124
93639699
89471656
85295318
81086525
76940999
72787793
68592932
64369719
60200321
55923072
51744782
47550517
43350268
39196181
35013350
30831521
26666774
22470655
18291065
14167469
9997914
5679681
249941021
245752283
241643394
237490276
233314520
229158047
224981875
220765528
216628063
212499500
208284029
204154332
200049257
195832646
191731217
187585127
183422074
179305969
175200083
171035768
166920138
162789316
158619696
154487328
150378777
146187880
142071293
137937169
133740217
129587560
125456606
121229441
117059763
112902754
108682217
104521621
100322095
96115583
91923025
87740527
83558980
79385536
75194003
70983925
66876851
62642074
58414843
54229270
50006094
45850244
41702273
37563213
33429426
29233778
25075633
20937800
16753249
12572223
8403568
4201343
247844180
243661889
239530772
235343811
231142129
226969595
222787764
218563498
214392286
210225792
206014044
201860364
197718294
193552055
189407598
185227293
181055477
176928816
172758817
168587745
164451107
160311168
156134046
151996506
147864297
143694231
139554179
135375521
131207584
127015423
122852291
118679274
114517490
110350062
106153317
102003263
97821273
93594348
89433248
85244345
81002939
76759365
72613012
68437153
64296337
60140725
55960136
51828182
47657606
43451298
39278793
35101775
30878589
26706067
22512111
18297036
14178297
10013195
5644640
249904772
245679094
241486359
237294772
233041816
228862872
224678915
220462394
216291693
212111533
207883049
203733831
199562717
195359682
191203629
187024865
182826557
178654678
174514419
170328526
166160850
162026220
157855381
153747772
149574434
145406519
141263346
137130859
132920650
128781008
124632381
120428585
116263915
112122979
107932456
103774207
99614390
95410008
91254056
87095272
82898980
78749625
74589125
70391869
66227916
62056818
57855429
53692996
49523856
45321390
41160032
37034183
32828822
28678192
24509919
20317503
16170343
12017255
7817934
3662320
247859412
243681737
239562208
235422930
231230410
227066309
222844059
218591166
214374990
210218385
206023199
201853329
197717756
193520008
189390610
185223793
181034932
176833454
172686724
168517642
164384183
160242718
156046892
151887421
147745375
143578302
139427034
135258903
131049104
126878662
122702463
118492328
114309885
110123589
105916789
101737846
97560056
93341128
89155222
84980826
80777384
76595419
72455520
68279858
64146700
59951878
55774988
51613847
47456327
43265374
39095669
34897567
30670504
26521366
22328728
18123985
13977365
9754641
5556409
249944787
245754041
241620434
237447063
233244847
229077132
224912329
220714781
216558456
212379861
208169260
204013226
199852465
195656657
191504014
187344794
183159247
179024661
174875549
170670553
166535055
162382691
158212297
154058837
149916575
145739682
141615920
137476446
133297463
129131035
124950100
120784680
116605949
112472523
108286235
104131511
99974603
95780566
91645540
87453326
83249333
79090158
74924555
70706555
66559448
62399474
58224417
54065636
49908509
45686871
41548045
37382243
33198416
29019347
24880341
20692906
16481125
12268314
8090946
3951102
248006108
243805992
239649880
235496737
231246115
227063129
222881333
218645198
214503817
210327747
206100580
201938697
197751436
193575413
189408771
185220699
181021144
176839616
172642782
168427954
164276073
160123081
155956161
151827922
147685181
143511286
139355735
135212741
131019153
126854333
122619594
118393170
114233213
110065694
105804229
101623710
97451438
93250399
89112984
84945402
80765740
76598375
72424903
68247906
64057358
59853696
55644767
51502749
47354598
43156963
39012256
34877814
30674702
26547782
22399068
18207661
14051192
9859348
5648007
249867214
245703133
241558601
237335168
233109737
228969543
224793443
220585400
216360302
212171685
207995358
203805986
199646222
195428599
191271871
187121635
182925952
178798984
174656392
170487919
166352214
162194993
158030241
153931409
149793576
145624505
141487969
137319563
133126517
128965777
124789280
120590541
116427807
112253266
108030524
103875052
99639407
95421389
91255516
87102068
82880412
78725466
74560433
70349235
66187540
62033429
57841024
53667513
49451300
45277635
41118397
36947687
32724660
28569645
24439634
20247770
16094558
11861306
7670992
3506649
247761844
243567637
239406161
235195265
230961007
226732145
222553139
218339633
214124719
209855619
205647787
201515002
197374414
193121112
188954610
184779288
180606736
176443997
172272132
168104152
163971538
159826711
155643847
151521247
147385609
143176370
139002264
134783176
130588183
126411633
122232475
117955994
113800271
109669292
105472615
101302984
97091968
92901963
88743771
84567395
80400233
76218216
72055103
67847569
63673997
59498515
55246678
51083140
46938856
42763673
38600970
34403386
30201442
26046187
21847772
17641177
13473447
9243126
4989311
249388967
245186097
241041633
236873734
232622016
228453169
224278052
220014515
215835344
211679105
207426912
203261492
199010325
194828384
190670631
186507690
182332633
178200099
174022478
169848987
165743634
161603454
157433145
153302551
149159426
144972095
140811834
136641072
132437223
128257815
124088726
119887645
115728745
111536178
107324424
103168664
99009987
94788046
90589703
86398943
82171137
77986020
73822487
69598676
65416123
61218066
56996854
52824208
48646728
44429453
40241591
36049447
31880769
27667697
23476032
19267316
15118615
10971776
6750564
2591715
246613496
242412659
238284594
234095905
229923918
225766164
221536298
217309421
213125978
208984930
204705012
200530990
196370508
192142920
187959143
183772006
179575494
175434968
171265105
167090065
162956338
158816310
154646137
150512660
146393286
142192153
138016264
133824213
129606142
125425556
121232890
117031815
112876091
108698889
104489083
100327373
96159572
91946012
87768842
83571825
79345154
75156212
70992697
66803030
62622017
58488857
54296783
50154809
45984682
41786605
37646148
33481735
29304097
25157139
20990361
16815074
12673621
8538231
4297776
248578565
244379691
240263808
236047543
231817853
227677888
223464771
219252163
215069719
210857409
206644561
202457439
198266024
194046888
189871948
185692740
181488565
177342194
173175723
169003568
164869278
160728016
156557132
152425372
148291673
144070912
139932239
135802553
131545556
127387906
123218215
119021973
114872191
110713718
106521099
102364881
98203225
94004767
89845533
85676589
81477962
77322297
73167964
68975804
64817457
60650342
56450197
52293457
48127984
43923843
39783795
35620960
31420177
27260009
23087616
18884621
14732839
10559852
6352778
2194403
246350317
242167098
238029984
233867897
229675266
225443729
221277357
217052408
212926861
208789693
204566511
200405211
196249166
192017678
187878375
183739947
179547823
175409915
171313397
167158106
163030862
158912476
154741696
150614339
146480816
142286184
138126526
133936985
129734418
125562512
121393034
117194199
113038070
108844124
104644368
100406259
96200337
92025725
87896349
83715732
79537000
75370563
71201118
67053045
62909504
58708993
54542309
50402078
46235085
42069987
37924075
33732017
29570875
25409757
21213508
17041939
12887448
8682632
4485859
248135707
243936241
239775256
235634752
231413223
227233156
223042555
218816769
214659536
210491132
206230121
202006319
197814449
193545825
189337533
185117572
180905081
176740191
172577760
168386076
164252530
160107790
155938061
151819009
147675319
143473955
139309995
135149880
130980044
126830501
122670989
118476008
114314283
110186581
105978333
101810823
97664285
93457412
89239072
85045882
80832549
76662528
72496918
68272918
64092830
59922031
55706370
51510636
47326254
43143907
38965683
34771507
30550927
26367897
22194191
17965678
13741273
9545433
5351481
249639326
245449130
241275582
237107461
232886595
228698650
224522831
220328832
216173593
212010602
207811584
203656153
199482599
195287752
191133028
186957862
182755404
178845285
174669272
170519970
166377308
162206807
158076027
153970561
149791844
145660599
141496546
137325315
133140894
128940382
124717635
120575427
116393284
112166086
107983108
103814727
99585677
95419565
91247534
86971493
82786733
78621996
74404461
70239849
66061582
61842529
57657624
53491632
49301733
45143477
40977147
36801206
32647858
28486970
24267590
20107354
15947577
11686413
7500843
3288922
247075584
242882882
238676583
234530786
230324950
226139747
221980650
217780742
213630401
209460517
205255541
201085629
196936134
192734141
188602050
184430977
180250558
176093474
171928470
167760732
163646320
159513178
155323751
151185969
147024080
142852220
138737715
134555117
130289561
126104303
121920920
117698236
113491103
109305030
105068894
100882096
96700403
92480458
88325198
84046770
79797556
75601930
71403716
67242736
63069596
58887222
54701186
50515915
46303956
42187880
37948977
33740349
29535428
25294790
21102846
16984516
12739406
8480445
4229094
248061504
243835332
239681096
235496652
231272710
227084488
222941115
218768359
214630626
210397526
206124462
201934777
197790943
193614919
189388821
185257692
181059498
176930872
172758129
168587104
164454839
160321651
156150371
151991559
147851837
143684907
139533552
135383007
131211632
127015265
122841010
118641382
114463236
110285721
106109868
101948457
97817646
93615759
89470189
85326681
81147205
76967203
72820057
68651098
64493477
60314929
56092078
51904703
47714586
43514225
39344693
35180287
30982443
26831049
22652467
18476026
14348299
10212220
5868518
250103353
245910293
241747824
237504734
233257017
229084869
224891397
220669723
216484115
212312353
208090835
203905580
199787124
195568817
191416863
187236497
183012984
178840302
174694390
170526262
166395088
162250150
158080615
153922126
149787781
145605466
141444695
137296545
133086869
128946964
124811596
120624999
116463367
112230313
108022950
103878277
99641795
95440830
91268142
87101300
82902375
78725294
74525633
70344192
66172151
61981622
57800377
53662200
49513671
45338060
41127423
36958523
32744276
28597317
24450730
20246076
16093040
11935096
7728737
3565450
247749165
243546406
239370430
235142090
230884527
226663443
222495609
218229824
213992223
209831324
205575750
201416807
197280763
193079525
188872915
184698706
180525495
176371101
172230757
168063328
163968728
159836785
155661264
151531377
147395719
143216764
139088133
134942711
130748904
126530356
122363457
118167087
114006662
109861902
105606393
101392092
97166086
92963354
88743297
84581741
80325582
76110539
71957031
67758365
63603184
59440713
55245374
51093179
46969446
42790429
38633735
34402857
30147486
25974443
21800997
17605485
13465743
9274711
5033323
249413197
245185469
241096786
236937302
232680201
228551316
224418582
220242453
216026675
211879101
207699559
203482276
199334368
195122019
190956998
186782030
182602897
178468155
174284845
170120906
165990938
161854299
157688660
153538869
149399217
145217564
141067403
136918449
132654845
128473380
124300988
120102946
115935791
111768435
107562702
103384843
99234365
95007153
90756626
86584343
82368714
78192798
74007891
69786419
65600981
61431788
57257634
53072882
48878340
44684459
40521056
36342771
32128500
27946322
23776282
19575424
15434336
11257744
6982048
2837090
246708936
242448155
238311963
234137831
229910611
225731555
221544722
217322292
213130170
208958589
204737322
200573523
196400422
192221291
188040444
183852204
179706715
175532524
171378711
167178097
163018724
158888509
154685310
150521888
146383904
142215588
138079025
133908757
129728887
125564171
121383240
117168705
113001643
108833196
104629640
100467506
96288928
92092636
87940223
83772032
79570227
75393145
71237688
67041216
62875739
58712274
54436622
50258421
46072005
41795210
37600334
33424251
29202935
25037257
20859234
16649431
12475770
8331826
4089430
248452299
244280552
240098403
235898840
231674823
227489447
223299287
219082062
214929800
210722810
206461584
202229121
198012893
193761901
189566655
185362006
181167362
177029909
172803572
168634321
164496192
160345646
156144805
152016282
147878077
143709170
139577314
135408431
131230256
127076283
122933519
118755785
114604986
110448096
106251507
102089327
97940523
93763986
89609869
85451286
81284158
77153905
72999119
68797297
64655427
60518261
56348424
52211327
48054205
43848736
39706353
35540157
31340231
27205035
23069735
18888084
14746577
10586752
6385590
2229436
246310676
242137711
238016880
233840298
229631745
225459174
221313190
217116648
212937271
208772693
204581071
200456240
196291439
192069142
187902287
183739009
179540426
175409084
171246428
167047225
162913262
158772194
154571791
150451381
146308954
142132485
137983642
133816500
129616557
125424284
121220663
117011957
112861976
108695086
104495739
100327358
96158775
91977216
87810315
83642626
79442503
75267478
71084925
66882995
62709923
58562928
54362251
50205774
46045977
41840725
37700917
33508113
29280950
25129798
20959105
16741672
12584997
8419659
4168978
248360433
244128094
239983505
235836571
231614709
227440349
223271475
219015781
214826601
210626340
206363214
202140249
197980081
193717686
189502764
185242236
181006036
176858647
172680525
168492851
164353396
160203777
156030166
151875849
147733420
143555004
139421111
135263181
131086190
126938318
122788447
118600298
114441491
110264374
106072180
101903775
97738771
93546930
89385447
85234052
81056448
76908726
72745820
68539833
64368145
60207705
56017238
51880327
47727817
43559793
39390834
35232291
31051570
26900126
22738332
18517371
14364586
10186534
5996906
250112494
245949399
241808552
237640474
233440953
229295987
225141285
220942829
216793425
212627677
208444829
204288708
200146289
195977906
191848730
187660252
183455559
179314988
175153371
170981328
166853642
162717876
158550475
154390895
150225604
146031790
141866425
137696425
133501331
129342925
125180779
120982056
116815893
112660386
108460215
104303043
100136340
95937358
91789932
87630208
83433641
79265206
75111544
70904238
66746459
62581821
58374663
54234513
50095729
45895354
41766001
37621172
33440137
29307271
25132602
20948217
16812612
12658860
8492944
4327182
248486931
244308929
240176777
236022384
231821046
227668776
223513936
219277594
215146461
210978513
206767812
202594041
198424648
194227656
190061254
185877290
181703128
177536962
173364124
169179931
165040766
160898714
156733169
152603889
148417501
144249672
140082864
135920875
131714467
127563885
123409123
119208428
115071441
110914801
106713445
102569674
98413965
94209538
90074655
85934678
81757421
77607849
73448489
69247962
65056615
60864996
56634503
52455207
48300787
44125068
39971006
35823696
31631647
27481436
23289229
19103458
14964125
10794472
6603450
2426426
246651275
242476788
238350935
234197404
230001651
225851974
221709693
217512144
213339836
209177584
204977819
200849969
196711740
192513418
188353932
184183420
180008065
175874958
171736696
167557256
163422309
159286426
155121307
150993669
146857613
142664066
138511925
134297326
130096422
125942137
121780825
117592561
113459053
109299755
105133641
101003898
96850289
92659948
88505404
84358711
80160981
75997501
71829487
67644296
63489005
59320156
55118806
50954223
46793057
42623390
38465495
34298409
30089630
25932402
21765323
17563488
13413721
9256278
5036654
249404831
245192180
241044129
236872812
232672877
228492702
224332166
220131895
215967256
211802284
207600554
203444640
199280940
195078195
190925427
186749752
182550288
178415617
174254732
170057035
165944029
161788842
157610567
153534882
155055761
152478298
148350755
144184685
139994462
135854525
131727363
127525764
123375948
119220805
115053374
110897759
106723554
102522114
98374294
94232668
90034256
85877688
81720330
77498560
73320320
69260768
65064441
60909164
56742479
52568881
48399021
44228242
40051251
35827085
31636514
27439218
23280593
19104373
14919178
10780570
247508548
243320129
239180103
234996253
230773809
226594170
222404936
218211907
214061525
209903597
205704568
201493909
197378788
193187289
189061604
184887497
180786379
176614917
172469915
168319881
164151261
160053338
155935002
151767830
147644832
143535064
139423660
135242227
131113961
126965534
122797266
118600467
114450976
110305044
106144179
101925543
97751709
93628266
89454236
85230469
81063156
76908968
72765247
68594892
64370539
60144194
56022456
51827717
47664013
43469989
39247612
35189899
30991956
26851225
22683008
18480049
14379579
10162457
5979665
251313252
247094766
242914546
238772911
234549667
230373932
226191755
221994918
217817329
213637267
209431871
205251591
201066102
196862808
192685582
188505715
184287406
180154112
176003857
171827441
167655224
163489007
159298640
155116213
150950939
146763109
142594701
138432063
134218665
130025511
125820931
121597399
117406270
113214437
109043002
104822163
100651335
96424437
92251329
88078190
83856369
79659876
75466565
71294750
67100418
62921075
58744260
54666746
50498082
46295565
42108381
37962889
33797303
29646674
272222515
268055863
263918697
259780942
255587760
251440946
247285986
243108240
238972110
234831082
230632029
226493873
222351801
218181781
214038670
209883304
205684614
201510681
197365783
193190074
189045849
184904583
180708378
176559601
172389090
168219085
164077942
159941144
155727842
151593318
147459769
143257455
139104692
134949863
130760184
126613023
122463855
118301807
114156700
110005115
105807909
101652108
97495810
93303815
89168008
85008702
80823007
76661032
72525603
68357982
64230501
60068291
55879099
51731976
47588076
43394469
39267357
35123500
30931240
26778043
22626744
18442115
14319164
10188278
5998675
250074091
245916322
241795791
237633609
233425585
229272385
225134156
220879345
216739242
212584222
208421095
204269156
200129819
195941388
191792526
187640071
183451038
179322186
175145230
170968355
166836708
162689593
158519382
154382675
150291410
146118664
141982839
137844752
133668111
129532438
125378137
121184159
117029398
112883119
108692813
104541187
100381388
96183500
92027277
87864136
83666990
79510478
75356819
71165064
67006250
62835959
58668269
54524839
50356929
46173835
42032295
37861454
33660817
29496415
25337368
21132862
16977247
12835227
8635230
4460380
248861940
244698170
240559681
236397758
232199255
228051729
223902741
219742676
215566632
211358827
207202874
203032424
198837512
194682750
190499025
186277948
182142786
178012370
173839833
169698356
165607298
161429253
157306955
153173255
148999636
144871904
140698372
136508797
132355066
128186313
123978596
119840274
115669532
111462270
107295757
103126987
98885079
94707530
90542647
86367157
82190178
78006772
73804916
69609858
65450892
61245736
57096450
52922227
48722410
44556180
40348853
36147511
31983126
27851074
23624273
19458115
15322787
11101674
6936969
2771608
246614769
242440553
238283473
234119857
229897195
225737762
221593018
217417600
213273070
209109793
204908461
200761395
196591276
192381869
188220042
183977648
179830762
175692515
171553812
167387751
163282935
159144319
154977550
150845690
146720280
142524928
138367025
134209343
130023148
125869924
121709084
117516423
113358794
109132327
104938016
100778905
96614422
92417510
88248278
84088803
79894909
75761041
71607643
67407123
63280261
59102178
54909052
50686400
46463157
42269711
38110144
33886713
29689694
25539302
21379469
17175947
13042137
8880033
4685308
249114671
244949900
240795516
236634553
232459112
228334920
224195797
219942666
215801380
211674663
207482326
203261196
199111464
194947927
190799540
186642378
182460497
178330532
174157723
169981817
165856147
161716516
157545833
153414524
149278175
145111640
140955278
136780418
132576351
128431870
124261436
120048598
115880762
111711716
107503198
103335130
99168143
94958903
90767568
86594606
82371329
78190261
74013184
69793205
65632955
61473322
57254960
53030886
48839828
44639974
40505893
36314617
32114949
27923998
23695183
19472183
15310990
11137950
6959019
2753398
246785726
242588646
238455212
234314286
230106408
225879771
221711121
217504377
213365116
209178116
204963802
200813483
196645594
192408413
188188489
184050470
179835775
175700547
171544360
167374868
163237430
159114392
154943153
150807650
146669277
142498563
138341612
134195814
129931175
125768153
121580808
117318002
113149211
109000924
104792290
100616962
96453963
92250797
88082182
83905262
79635627
75498524
71296035
67119927
62954844
58792654
54613333
50473444
46308022
42085757
37946726
33812578
29606587
25439528
21271896
17074942
12916939
8759196
4563034
248860206
244648303
240495508
236329079
232105370
227915095
223722942
219495488
215277414
211081602
206830289
202624633
198447815
194243190
190016756
185774968
181588838
177433359
173266745
169101101
164975327
160841717
156675218
152551539
148397442
144195269
140039955
135868161
131652085
127489050
123320704
119117195
114944971
110760418
106563535
102399961
98213539
94014316
89859886
85681582
81477277
77327820
73195981
68989114
64825163
60641298
56439627
52272767
48143402
43922625
39763418
35625937
31429303
27266241
23098981
18883129
14756059
10623520
6418362
2248544
246418099
242227057
238085815
233954213
229719192
225511964
221321767
217148777
212982706
208824918
204649500
200493832
196334656
192137424
187986703
183811168
179634657
175499501
171355418
167177194
163046453
158903769
154731273
150599442
146453725
142280190
138131603
133998810
129821630
125681280
121496319
117306302
113141352
108965852
104743120
100558870
96369157
92150975
87998765
83775355
79527922
75339072
71182797
66929712
62743148
58563334
54345431
50208190
46049018
41871314
37734356
33569191
29366416
25160003
20985141
16803747
12623138
8468149
4244224
248514286
244342235
240233407
236030491
231768756
227579586
223350253
219101357
214969597
210750286
206530275
202351508
198187454
193982384
189828040
185688229
181521631
177392367
173236855
169071217
164947560
160786372
156617041
152511971
148382742
144190264
140026237
135860367
131649832
127488795
123334398
119136080
115000969
110816195
106639726
102493015
98352908
94149513
90008466
85824703
81602021
77436159
73304331
69101296
64927270
60740114
56538648
52383275
48184873
44002613
39832508
35678977
31461016
27269786
23100226
18895654
14721680
10544265
6314143
251655059
247489600
243379587
239248416
235046684
230924986
226764519
222525620
218339771
214167980
209964897
205801409
201646391
197438761
193282728
189119973
184926624
180765402
176587030
172397476
168258654
164121730
159954828
155819476
151653697
147526635
143399713
139245768
135046623
130883080
126717701
122463939
118298356
114129482
109935014
105784026
101560998
97372983
93215759
89061540
84866149
80713004
76566899
72367033
68207886
64073967
59888622
55729174
51561109
47350092
43121448
38958185
34736837
30578531
26419205
22158192
18049803
13883919
9694109
5557699
248232429
244021812
239857449
235644857
231444434
227222936
223007427
218738087
214544929
210353747
206153911
202005507
197863136
193603577
189484545
185300955
181099142
176955733
172796371
168625172
164495611
160362830
156189412
152056366
147897711
143722073
139562569
135383335
131178438
127002201
122837479
118629710
114458866
110313897
106053593
101882408
97703134
93495576
89323197
85171005
80941608
76759298
72585049
68323587
64123411
59896459
55674408
51504754
47337363
43126614
38953377
34792398
30597449
26432421
22260404
18054500
13897359
9658965
5415156
249640920
245430203
241262110
237143032
232962122
228812687
224683689
220487450
216367602
212215914
207981837
203812466
199658962
195459039
191306288
187178641
182976868
178856526
174729003
170519540
166390541
162291189
158113838
154001903
149879032
145724338
141593307
137513326
133232159
129053181
124835156
120641210
116514638
112381659
108157319
103992250
99769026
95555705
91388499
87198830
82949733
78793218
74615047
70440318
66198467
61953573
57752746
53603928
49459443
45252210
41084247
36944188
32746384
28570199
24415121
20213711
16063529
11891711
7610945
3434704
246674530
242425699
238263286
234113490
229918042
225770048
221620270
217384153
213235620
209070299
204852639
200644310
196545607
192342830
188190145
184022044
179862648
175724639
171600593
167428745
163326698
159214541
155040195
150919432
146815054
142623088
138426135
134288856
130084555
125939915
121800241
117560359
113423122
109306850
105106356
100867797
96657997
92433319
88305768
84119089
79892057
75718096
71539066
67304346
63153149
59010562
54784376
50630385
46501942
42324928
38107559
33941528
29720706
25530871
21374473
17201165
12992181
8832951
4597874
248760661
244533321
240403750
236293311
233239829
231129611
226931026
222781801
218609902
214361068
210174987
206000668
201824273
197669597
193508799
189276010
185074065
180962978
176764407
172610641
168480978
164284488
160135280
156001317
151794367
147650852
143498856
139328786
135175430
131027341
126807399
122641014
118466689
114252924
110072611
105898356
101694026
97505512
93335105
89129354
84953273
80772345
76548094
72358170
68185004
63979321
59818522
55659055
51456073
47305342
43162254
38957412
34788215
30606209
26408909
22231571
18074099
13874863
9741191
249721892
245558127
241433489
237322889
233100958
228932751
224810438
220614867
216502286
212334733
208158854
204023186
199891368
195700410
191584648
187477211
183220892
179106268
174989082
170812134
166693285
162567629
158404882
154285336
150166993
145995210
141856056
137717499
133537597
129384692
125215431
121044210
116846410
112692811
108484420
104305363
100119888
95915472
91744443
87569052
83364674
79186666
75025822
70838720
66680920
62517515
58246948
54088286
49872489
45668500
41529056
37341468
