3756123
54528020
50176366
45986017
41856128
37652478
33496769
29266020
25087675
20918411
16715799
12562058
8369789
4175711
117828742
113685922
109552066
105491260
101292170
97164671
92934660
88730338
84569088
80337362
76158347
71941885
67823493
63634516
59497559
55341430
51172422
47039334
42904798
38742991
34565730
30405008
26216045
22085428
17919757
13723675
9586514
5441280
118361273
114166692
110015878
105901208
101691994
97540531
93360695
89161184
85004173
80845684
76642909
72511553
68361115
64160449
60017835
55838932
51563200
47324339
43086107
38906365
34754439
30601918
26407058
22246113
18108220
13905635
9744293
5564617
14044970
9839464
5671540
1511997
118325604
114125163
110001386
105813064
101608411
97447531
93264723
89057497
84892801
80754373
76559985
72408217
68241476
64049213
59823628
55593413
51332027
47171202
42994210
38731961
34569724
30382253
26170882
22018641
17856025
13652718
9492378
5309494
118780229
114516831
110369363
106210243
101972489
97814306
93605414
89348074
85155864
80957503
76718249
72520694
68339878
64135144
59959993
55771758
51553587
47410358
43262423
39055418
34896304
30743952
26535490
22376290
18184594
13967645
9799671
5620848
10808508
6605671
2426367
118709598
114511159
110379315
106207464
101982937
97801654
93643925
89430650
85256466
81080579
76861219
72670295
68481624
64254074
60081876
55893727
51671633
47483622
43290752
39073317
34885190
30700384
26448062
22233789
18020380
13799452
9567383
5388145
118939987
114702462
110551453
106341172
102089306
97904095
93697479
89472224
85301748
81119547
76911098
72729419
68546467
64320267
60151924
55975011
51726812
47545217
43343029
39141115
34987898
30817757
26595222
22415449
18194114
13940468
9744733
5560024
11155434
6931238
2757588
118348231
114128279
109956794
105770842
101546059
97408436
93238466
89022485
84826573
80660906
76452618
72278784
68126578
63912063
59757596
55618227
51414902
47189847
43039571
38838322
34679301
30511668
26263907
22087818
17929983
13724918
9558674
5392687
118721771
114529252
110401019
106227964
102030377
97864299
93718600
89511936
85347242
81175045
76971104
72816468
68642421
64379890
60158168
55987228
51804605
47652918
43533547
39273298
35049920
30840224
26579143
22436721
18204124
13943324
9772915
5531374
12224141
8020326
3866039
118498039
114282395
110145572
105995257
101806111
97645797
93538179
89330774
85180017
81058395
76853408
72669670
68541645
64341255
60207140
56053248
51884065
47664517
43493454
39294358
35128358
30951912
26731388
22542774
18350936
14104308
9919304
5698075
118307225
114098899
109917545
105743767
101512256
97355693
93187415
88957674
84760775
80606713
76376514
72180613
68014552
63802899
59631954
55502382
51357576
47136664
42990222
38837255
34710567
30504244
26373673
22207526
18033807
13896834
9741411
5525879
13512995
9310032
5192959
1067435
118834995
114658843
110481312
106330645
102111798
97966954
93805858
89631059
85383789
81160534
76901976
72677774
68444021
64183547
60079725
55911188
51727535
47542893
43344212
39143140
34963592
30798022
26601906
22367917
18135036
13863954
9693917
5458889
118740022
114521096
110367836
106209953
101938988
97744893
93532481
89310661
85128502
80896788
76678926
72467638
68268595
64045847
59869364
55670928
51444977
47239457
43063633
38846910
34653849
30469684
26205059
22031946
17842725
13639002
9475904
5302862
9872751
5661206
1491671
117977135
113767777
109609964
105471397
101265663
97124453
92977445
88773380
84633746
80446706
76232850
72072067
67930363
63752785
59601039
55434436
51296788
47153965
43003152
38796932
34617564
30469212
26237914
22076296
17895306
13684416
9516682
5349356
118406078
114191484
110046524
105914688
101710048
97540724
93374030
89166869
84993036
80823246
76614856
72443639
68295133
64097698
59928637
55791111
51604205
47442615
43280227
39108883
34941994
30705022
26441920
22280043
18035662
13766447
9534416
5367587
11447935
7186754
2972975
118813707
114553754
110379874
106155945
101885668
97660915
93439236
89170530
84935386
80796822
76615977
72472144
68357980
64174414
60029702
55877859
51675601
47555119
43376517
39142609
34906220
30694207
26496876
22344678
18223962
14000113
9840188
5638988
119053682
114858492
110667520
106440192
102214673
98062573
93905172
89699374
85477078
81236622
77032871
72877397
68712139
64509889
60284569
56131584
51919844
47765816
43584759
39328617
35141944
30889331
26630672
22467184
18300825
13989232
9724127
5489306
12562790
8304208
4146206
118529615
114309024
110138621
105976578
101746406
97570895
93398439
89162916
84978873
80817435
76605541
72423391
68246214
64032494
59859801
55704414
51522413
47357053
43214339
234905423
230679411
226579370
222446478
218211831
214078521
209968639
205774321
201640608
197570401
193336419
189177380
185023530
180807552
176669908
172514188
168298415
166340829
162895259
158696358
155158848
151291413
147090941
143203706
139144778
134968846
130863195
126839956
122638254
118597232
114613631
110419545
106376431
102607056
98369645
94841576
90889544
86763358
82638848
78607644
118222471
114014895
109903458
105723422
101521499
97352160
93171104
88996495
84844901
80689438
76493740
72339160
68169395
63957685
59811510
55656803
51486577
47337187
43167902
38965228
34813382
30642988
26440405
22284956
18128380
13898540
9758771
5616327
118118712
113920588
109809948
105665532
101438616
97308466
93100212
88886275
84672611
80520040
76314975
72156374
67995244
63823956
59686093
55584813
51398763
47286684
43144186
38941751
34741753
30540233
26345384
22202283
18077057
13906014
9753935
5597361
14746181
10538550
6394613
2252251
118574255
114300097
110091662
105885561
101622073
97395746
93177890
88944510
84781484
80617535
76443598
72370043
68246427
64105355
59999292
55862882
51689979
47521807
43365356
39185936
35034771
30835687
39125429
34937442
30752831
26574504
22402636
18200243
118659383
114449749
110276963
106075106
101843221
97648655
93448267
89208506
85034471
80826745
76600636
72397539
68246853
64036793
59859746
55677432
51468755
47293221
43101047
38893572
34716500
30539439
26327893
22152060
17967130
13756003
9566829
5364802
11362356
7134396
2968046
118518257
114305706
110116791
105940810
101714385
97546847
93366003
89160510
84989603
80814496
76583417
72391057
68141343
63969395
59839782
55679665
51508881
47339842
43168036
38967161
34794250
30617366
26419914
22260625
18087591
13824499
9652758
5419900
117997945
113805394
109648392
105486310
101328430
97161314
92987635
88781071
84614131
80431479
76227822
72086469
67862217
63653167
59477711
55336437
51153653
47017008
42878267
38695237
34561900
30391759
26212253
22034800
17849401
13639934
9468777
5324170
12962895
8743455
4577688
118431125
114216361
110049690
105923008
101703795
97541025
93361652
89159789
84977739
80814367
76580250
72443990
68260545
64090252
59960478
55823849
51648512
47481203
43303131
39099278
34922490
30749571
26490319
22290011
18080195
13834726
9642441
5415703
118938173
114700936
110508257
106348729
102111143
97903883
93735216
89490292
85289613
81151191
76917300
72668138
68480328
64286253
60041266
55869947
51658300
47448669
43292948
39152134
34931756
30761620
26512325
22305165
18081501
13845349
9628831
5455872
13615653
9352812
5201516
1015884
118878156
114638330
110477233
106250143
102037358
97792388
93549714
89344005
85165004
80983991
76760625
72584804
68388882
64178117
60040843
55851191
51613842
47458776
43275170
39032047
34838070
30597449
26361862
22130673
17887886
13638394
9438458
5249521
118596249
114375972
110241274
106055142
101831286
97638348
93439655
89219433
85039031
80793410
76563562
72351097
68192570
63959537
59773101
55608574
51404730
47232697
43067613
38856508
34614728
30469049
26216693
22062202
17884190
13661966
9470970
5289311
9903607
5692673
1533988
118488436
114278190
110123771
105944825
101739232
97584291
93420134
89208366
85046848
80880606
76642224
72473066
68317170
64120728
59980076
55824586
51648779
47502444
43303499
39046741
34831559
30663584
26423897
22269142
18051504
13816213
9606470
5407243
118788021
114564006
110385648
106190488
101936708
97727978
93510881
89239788
85058869
80846814
76599943
72382634
68161532
63887139
59696420
55505257
51289413
47131877
42982436
38786788
34631151
30394107
26172471
21997405
17821270
13611305
9429023
5276868
10662517
6453428
2299368
118229754
114009720
109830047
105653662
101452498
97262409
93070890
88848299
84661345
80491547
76296265
72123694
67965853
63779388
59622571
55445286
51232372
47057016
42870924
38684398
34531321
30359436
26159585
21977113
17807546
13603972
9469958
5304572
118479308
114271473
110120998
105925413
101706081
97516019
93352412
89122022
84948131
80757991
76573273
72378794
68115945
63853346
59675039
55499464
51283077
47103105
42932500
38700883
34510488
30322271
26103923
21923259
17734464
13535597
9411696
5159573
11912351
7713527
3576276
118317645
114098610
109927950
105747560
101530348
97398420
93194699
88976768
84790036
80646933
76422646
72285425
68136498
63959194
59857611
55724277
51496532
47345136
43178526
38967499
34782564
30605387
26421941
22228846
18028962
13781701
9611229
5417570
118414978
114188657
109987023
105865812
101658394
98354028
94183730
89941971
85761253
81643135
77387424
73142118
68970676
64743823
60598082
56366341
52174223
47990234
43823042
39618728
35471364
31299324
27087340
22928199
18785672
14595606
10433638
6278492
13274987
9068504
4956812
747966
118458971
114261525
110045897
105875856
101674218
97500042
93325416
89062257
84879363
80704769
76505111
72325912
68158920
63917714
59724855
55557837
51384702
47228369
43068414
38807373
34620412
30447870
26248475
22015984
17776640
13508917
9347197
5179710
118127174
113920549
109747797
105563264
101395323
97196333
92991953
88769084
84585457
80389955
76164309
71972295
67798441
63590016
59440024
55272333
51109648
46936351
42759403
38581837
34437983
30256152
26046377
21860333
17709351
13510466
9337714
5173906
10410337
6214828
2042972
118605710
114351991
110193644
106023026
101843893
97666751
93523736
89286475
85109016
80978308
76811748
72642377
68494192
64281829
60162980
55983819
51799423
47640680
43412847
39139391
34962457
30741745
26504833
22288982
18094520
13858918
9663453
5471965
118504616
114292223
110134029
105960850
101756620
97594083
93410048
89199522
85028164
80861982
76657553
72418504
68278208
64018450
59859588
55644711
51446694
47286775
43149248
38972147
34799725
30655091
26398034
22175760
17962535
13764769
9533246
5365940
11557328
7384077
3163037
118668077
114497548
110372781
106201152
101995790
97817866
93593221
89326858
85157726
80988247
76781365
72599263
68445202
64235825
60083211
55962561
51753302
47581497
43354347
39139952
34908375
30689267
26419164
22219544
17986069
13713664
9551059
5380464
118509198
114307852
110170690
106042946
101838476
97700003
93470189
89264078
85026771
80849108
76573253
72390633
68166136
63961368
59815950
55636713
51456284
47282895
43137290
38931041
34758584
30589318
26395549
22156886
17988652
13796498
9646445
5472008
12566753
8362931
4211721
118094353
113897636
109691376
105517425
101314565
97145013
92974794
88766316
84542209
80362127
76158935
71966345
67820335
63643435
59474979
55364240
51190277
47057274
42884180
38688424
34549312
30392847
26197164
22001387
17821627
13623049
9464548
5305782
118298380
114112196
109960444
105810562
101606191
97433893
93261446
89058011
84878312
80702752
76504988
72313707
68151622
63963829
59768714
55562284
51365308
47199920
43032535
38836286
34671973
30535294
26329220
22084984
17921821
13708535
9538393
5363590
14209958
9947538
5796156
1617785
118077919
113873406
109720120
105571765
101376947
97244388
93074139
88849512
84696614
80524218
76306191
72183322
68043317
63847963
59724872
55531905
51370056
47241015
43082731
38869102
34703339
30545763
26353365
22189701
18041522
13839161
9693245
5532613
118331236
114120538
109990067
105819659
101609766
97377424
93150964
88884212
84704944
80536986
76327565
72136508
67961289
63729673
59563858
55391813
51217731
47054718
42865510
38680077
34510370
30352427
26138287
21966824
17793617
13592897
9415550
5251840
11602740
7365260
3173031
118641351
114414504
110235334
106058569
101795318
97597828
93385865
89179448
85018381
80760658
76501691
72367702
68210970
64031980
59904558
55763933
51592774
47422399
43254521
39050609
34882622
30707177
26472408
22264520
18017946
13739157
9545540
5362120
118659223
114421118
110245296
106032976
101787660
97587153
93393030
89159256
84947279
80756256
76527794
72335039
68151511
63933654
59756977
55602115
51387696
47190322
42983173
38724778
34573281
30410161
26173888
22013365
17828034
13638505
9474264
5298638
12202030
7990586
3850682
118245541
114044503
109889550
105723718
101526090
97360431
93190649
88969029
84801271
80631821
76424324
72287314
68114036
63901313
59664714
55521230
51323230
47158828
43013511
38814601
34648710
30482481
26269516
22039633
17807007
13598954
9440038
5270698
118356791
114165575
110020788
105844643
101636923
97466680
93311047
89109953
84942361
80764815
76555359
72383614
68205323
64011059
59851048
57315188
54243527
50102477
45963264
41766797
37613725
33403174
29140220
24910199
20683425
16478698
12307205
8148731
13647643
9448620
5236566
1026018
118440886
114184865
110044576
105899256
101632808
97410302
93266625
89058268
84843848
80689215
76494521
72321736
68154350
63958845
59799533
55670075
51493271
47323990
43115595
38918538
34763487
30602275
26365389
22166179
17990484
13771115
9580742
5395658
118820475
114594797
111308745
107160342
102937248
98747515
94583609
90394050
86150495
81997899
77824784
73593243
69408486
65265045
61002456
56855383
52713894
48495308
44347367
40214016
51607151
51603386
48101040
43887172
41133192
37626366
33498948
29301043
25233312
21048560
16911714
118686033
114422448
110261922
106122794
101920834
97802956
93722108
89511432
85356821
81257330
76987647
72770012
68608751
64409501
60258419
56162058
51979300
47791399
43643845
39413770
35149157
31018012
26867536
22608898
18439530
14296507
10027285
5857814
118499976
114296966
110161312
105930646
101719637
97484927
93294809
89112976
84918064
80725827
76493885
72248671
68074164
63874363
59713067
55532350
51330841
47166110
43020510
38823919
34659943
30430720
26172509
21993235
17812679
13607474
9444364
5269250
11190590
7010017
2844504
118154992
113974897
109824252
105646426
101433248
97248203
93069892
88867991
84692780
80551108
76344148
72204461
68028402
63816601
59696351
55559397
51383846
47155074
42979133
38712894
34578765
30366479
26159777
21997383
17786253
13577592
9397715
5225887
118547191
114352013
110192643
106034902
101837973
97685363
93513974
89311830
85155174
80984455
76778821
72597826
68440629
64244067
60128633
55954126
51792165
47615017
43481599
39363158
35101956
30898104
26743615
22486541
18275456
14019690
9750149
5514762
12495507
8234735
4020076
118508246
114238116
110055741
105893773
101629014
97427891
93223178
88977877
84740511
80531983
76337556
72179099
68039725
63863341
59698255
55547641
51346049
47178240
43029846
38848379
34680190
30450995
26246086
22078650
17838899
13625813
9451195
5278520
118765006
114516827
110300156
106116225
101851400
97627727
93452604
89278857
85109561
80942311
76714554
72529558
68334086
64106900
59921636
55766985
51581324
47393384
43147825
38953760
34774917
30543497
26320507
22148760
17950422
13730402
9540711
5347027
13454499
9237214
5100121
964407
118433863
114205611
110029669
105857076
101684064
97529011
93315446
89050534
84818367
80679004
76460680
72281197
68133901
63941525
59808718
55673818
51472716
47253368
43076368
38867186
34700987
30531575
26292181
22094628
17893251
13655063
9480095
5277863
118495389
114277220
110126324
105948408
101738231
97542339
93339985
89098433
84881250
80695884
76472744
72270472
68089728
63850606
59642712
55466482
51251280
47072575
42931304
38716654
34496663
30303695
26083108
21936122
17745187
13535051
9350477
5197995
10009830
5800987
1641887
118898507
114641597
110493408
106287062
102029372
97865655
93642070
89431250
85251355
81090106
76927258
72710600
68571445
64300847
60140187
55999937
51813030
47600703
43356352
39127546
34882330
30645329
26380242
22155047
17970220
13704757
9467790
5238994
118590969
114336367
110124781
105951777
101739466
97554942
93357789
89137418
84953980
80770246
76545864
72354357
68167684
63950299
59771635
55602207
51400213
47224478
43042311
38837090
34668821
30509520
26299532
22118324
17877194
13602977
9385440
5190321
10378617
6165496
1967235
118823772
114595114
110426183
106222278
101998619
97812859
93632972
89383024
85191380
81020766
76774940
72585480
68399683
64186376
59989340
55829510
51631644
47471629
43285812
39081242
34899822
30706494
26490779
22292342
18086168
13845212
9631572
5431180
119123353
114923420
110760223
106553175
102318957
98120634
93894012
89641141
85426383
81216863
76960942
72754219
68548799
64319719
60152322
55955706
51735968
47534785
43328676
39117381
34909630
30699053
26481338
22284206
18046118
13803838
9621994
5398649
10626652
6397376
2229707
118574745
114357028
110160945
105934905
101692089
97490074
93230872
88974761
84788612
80590412
76354994
72168090
67965893
63730793
59561929
55359019
51149334
46977909
42803131
38604276
34451337
30280207
26073696
21890222
17719487
13515300
9343729
5150804
118571208
114366066
110195959
106022704
101827091
97628085
93453675
89236173
85074460
80910302
76698298
72534829
68375910
64165215
60003114
55815848
51617524
47420579
43228820
39030925
34843596
30624692
26377190
22180449
17981423
13737443
9529708
5325076
11357794
7119824
2945811
118792047
114552390
110343015
106154949
101941668
97762657
93578492
89361063
85197283
81032570
76826933
72673826
68500343
64306032
60152464
55987488
51784919
47621055
43440284
39239084
35070581
30835058
26599030
22398485
18217468
13985147
9809036
5635117
118671205
114465656
110308384
106126715
101908694
97706641
93523732
89309551
85113174
80917550
76697624
72530681
68368061
64162527
60000042
55863592
51678333
47522208
43382048
39177182
34986678
30780147
26492873
22252903
17998464
13789802
9547893
5378443
12129695
7859896
3697823
118198472
113928213
109756502
105619023
101412743
97193613
93014329
88787683
84641012
80406487
76195039
72017852
67871095
63667688
59510284
55350772
51163229
46987462
42789293
38567342
34431723
30238104
26036489
21896259
17682890
13484055
9303271
5132556
118247459
114040079
109879917
105703807
101489618
97307555
93134184
88922116
84747866
80574350
76363238
72180197
68000584
63799527
59637896
55474040
51280240
47112252
42946032
38755598
34576756
30401076
26191845
22027005
17857969
13646987
9476745
5303081
13552608
9338586
5174497
1021551
118288056
114097356
109941830
105779806
101575674
97386474
93229090
89024157
84869606
80698041
76493365
72325147
68171413
63996655
59872500
55722910
51500033
47347611
43141380
38874189
34716303
30527070
26268132
22073931
17857897
13634896
9439079
5239819
118327000
114124353
109992541
105832758
101617608
97459264
93265870
89089103
84958661
80841909
76616041
72413683
68261099
64039067
59949126
55746008
51587069
47411259
43204442
39029200
34863398
30652781
26477007
22204988
17993729
13837469
9673677
5451656
10622284
6419073
2256046
118392416
114190636
110034543
105882668
101671039
97488798
93305969
89084808
84912503
80739940
76532640
72375836
68202665
63996053
59841583
55659868
51436851
47283647
43140498
38935536
34772179
30609485
26413010
22244547
18074968
13863523
9630659
5424730
118985401
114745186
110550442
106392798
102220634
97988266
93789639
89582547
85361378
81173721
76964611
72792119
68602897
64366378
60157680
55945732
51687888
47489979
43335084
39082750
34882797
30767168
26546737
22359812
18162761
13943579
9753391
5575655
11575367
7404772
3196909
118688063
114461555
110264992
106122646
101920262
97753038
93585836
89382763
85207202
80970330
76772872
72588374
68379786
64120585
59964304
55794565
51591496
47429157
43197312
38990689
34830857
30667096
26436953
22193436
18023858
13765689
9543686
5368696
118278806
114092311
109954909
105799581
101624543
97459941
93280491
89085321
84925206
80794629
76558037
72395545
68225605
63961698
59778169
55602538
51397837
47223647
43053406
38849523
34657234
30455586
26231712
22052707
17873724
13605270
9415486
5229575
12632007
8383545
4237942
118092308
113864008
109687351
105547488
101325588
97184831
93018530
88816493
84682661
80551313
76386156
72260843
68121284
63955291
59806826
55667217
51484158
47327820
43162219
38903856
34740777
30577396
26387261
22222427
18020722
13794272
9610921
5424505
118670753
114427860
110259109
106075882
101840708
97621741
93378905
89118494
84929563
80702597
76502047
72275108
68095396
63835229
59606237
55433548
51237524
47088503
42948589
38771624
34588144
30361564
26170221
22005719
17821108
13609078
9448002
5315409
13866890
9654201
5505865
1271480
118761220
114591658
110424991
106217067
102011865
97845383
93656144
89475003
85312014
81111972
76871529
72696209
68528000
64305711
60139134
55910378
51709414
47533350
43301067
39034621
34812171
30582574
26335568
22170043
17984372
13748841
9529744
5313506
118470100
114207888
110050415
105840536
101603582
97389729
93180518
88939774
84727446
80513558
76282982
72141662
69679429
68656965
64503670
60343949
56139073
51985782
47847722
43677980
39525620
35387024
31179460
26991568
22806682
18595926
14421783
10246726
10420930
6205054
2039473
118494572
114289669
110140284
105992935
101789722
97631047
93469358
89276953
85119319
81001148
76828528
72678525
68541657
64369594
60226056
56099615
51837940
47619433
43406794
39139211
34983336
30826288
26606128
22441726
18288987
14018076
9792214
5578875
119599318
115390699
111171228
107045697
102775637
98554589
94396736
90130070
85939072
81784952
77572018
73355979
69172036
64977061
60832125
56726710
52525891
48377237
44248637
40044806
35885533
31696421
27447341
23302996
19148800
14953090
10788816
6629777
11529507
7345656
3532519
118187477
113965779
109821495
105656560
101392306
97204368
93036111
88829339
84661604
80491057
76324989
72158078
68006003
63817036
59671110
55513951
51312510
47161737
43006663
38817662
34665373
30506688
26275382
22110113
17915711
13687548
9499525
5351419
118406470
114172095
110010836
105836756
101607119
97426750
93258254
89064223
84856000
80644228
76424170
72229798
68075878
63891731
59762362
55628763
51418194
47271804
43142856
38964295
34891090
30757364
26593828
22457648
22519809
18427957
14260286
10123137
12866824
8674555
4512838
118855844
114645127
110497860
106351981
102154268
98034541
93875730
89605641
85385760
81214712
77077137
72866075
68639841
64412093
60145902
55979428
51799087
47608901
43419965
39203063
34980437
30756419
26499839
22322857
18135887
13892665
9659249
5442071
119192977
114960695
110795419
106596399
102343368
98193512
93997427
89722499
85545267
81359800
77112566
72907237
68712859
64470846
60328353
56142253
51889232
47947232
43745274
39523250
35309190
31136110
26893051
22696332
18480949
14220369
9948189
5754861
12760686
8528739
4372239
118938791
114730596
110582706
106379372
102148762
97953202
93755390
89601753
85371469
81165994
76962288
72734596
68550424
64392922
60144576
55976167
51766739
47517756
43401371
39146734
34967422
30787606
26496702
22327633
18148818
13912964
9726782
5568428
118888816
114659523
110476059
106301835
102053766
97860038
93748310
89507450
85310829
81152122
76937808
72774252
68584736
64369552
60208000
56012557
51786840
47580468
43432134
39283084
35117778
30935010
26709517
22535301
18351448
14144366
9985254
5802597
13135358
8937366
4786568
625253
118205130
114000406
109869707
105702290
101495003
97322735
93139268
88931188
84768380
80576802
76353601
72204089
68060481
63842763
59685014
55550398
51351573
47177299
43006082
38740208
34568476
30395208
26194338
22013600
17844828
13644688
9471416
5314830
118282219
114080238
109941258
105789093
101592438
97409186
93241923
89030411
84860732
80677348
76475401
72295736
68126740
63924130
59787983
55641568
51464772
47322492
43094856
38838184
34654246
30487346
26288452
22098650
17880865
13668198
9499085
5328662
10584630
6390655
2239960
118100685
113908343
109766385
105618779
101405969
97249922
93128943
88929731
84759415
80615069
76434219
72294076
68147363
63943985
59818028
55706542
51510703
47364506
43155082
38952349
34795319
30609293
26366363
22162193
17970604
13745107
9558807
5375313
118342302
114120065
109957303
105796166
101593663
97411121
93230870
89011064
84823632
80663132
76422374
72225047
68045432
63807813
59643137
55451259
51333871
47155807
42980930
38835453
34686666
30486682
26394095
22184532
18025751
13879624
9680642
5513690
12104894
7904773
3750223
118306398
114136572
109985108
105840192
101658923
97527133
93388627
89211424
85047491
80920489
76649334
72409904
68178540
63935350
59813315
55643189
51508583
47277263
43087795
38952321
34739632
30475001
26253205
22074551
17803393
13634968
9457598
5246272
118269291
114075078
109924465
105772954
101499435
97346120
93103068
88892238
84723101
80555250
76294655
72118464
67934932
63731633
59564628
55419128
51158469
46980579
42842974
38663833
34528637
30385496
26181625
22027166
17846587
13652178
9504525
5343840
13542589
9288841
5131635
981047
118699256
114505508
110350620
106182126
101917997
97743747
93513306
89289108
85057272
80830130
76559804
72383778
68206676
64012990
59885991
55742249
51571230
47433826
43267709
39007946
34836486
30661852
26401686
22212312
18016671
13782706
9564350
5378311
119084117
114866869
110701095
106504436
102264642
98065678
93884149
89655882
85454811
81239262
77005443
72804267
68585643
64329853
60150142
55955724
51717865
47543589
43320537
39096645
34899711
30689744
26449797
22246596
18035655
13724812
9502817
5305843
9614738
5380053
1173133
119239985
115023973
110814317
106616408
102384963
98200629
94002007
89735187
85521016
81332151
77097345
72914488
68715197
64486096
60300177
56079789
51827347
47645195
43436157
39219160
34998260
30780716
26561781
22339764
18105372
13826965
9626579
5420048
118737183
114503293
110322126
106119303
101869221
97679951
93447512
89206932
85009739
80798161
76529714
72300073
68119931
63908486
59751217
55571700
51362980
47224234
43049086
38841030
34659882
30469005
26250415
22054674
17887735
13673456
9495353
5319531
9728473
5509165
1344428
118690080
114483183
110299890
106104525
101885803
97689323
93505198
89283036
85107286
80895888
76660976
72484326
68335174
64135629
59980150
55798035
51567383
47394170
43188006
38947238
34763884
30592196
26349805
22151757
17953939
13711152
9510617
5316442
118472196
114257887
110115638
105910397
101694100
97526778
93341998
89125249
84933266
80738085
76525821
72340353
68160501
63943751
59781012
55596720
51379468
47185277
43008920
38823683
34646828
30462514
26257765
22072562
17877643
13666158
9482379
5309850
10507884
6305987
2148895
118560777
114315761
110130994
105930224
101714804
97531964
93365415
89160005
84972379
80792549
76572286
72416362
68246645
64046417
59887727
55655271
51445159
47271397
43091132
38883198
34697668
30470944
26249869
22036433
17829008
13587214
9414885
5219483
118289556
114087780
109941973
105737031
101517421
97341415
93174421
89001080
84812288
80642791
76429330
72249819
68073448
63866658
59688069
55531704
51328853
47181362
43043140
38859654
34629338
30389794
26187435
22010075
17838822
13611072
9371180
5147050
11516508
7258786
3100662
118535845
114268970
110060348
105828970
101613637
97381916
93245809
88983165
84794720
80616682
76382780
72144327
67984520
63794249
59629218
55496229
51313472
47182182
43018070
38849524
34640224
30474984
26244519
22060224
17851645
13643624
9489180
5343824
118307425
114100506
109954873
105808442
101605745
97453787
93276908
89080059
84923438
80764824
76565537
72415629
68263714
64065873
59917841
55778944
51605531
47445773
43316333
39054938
34833915
30656066
26454385
22285709
18116431
13876157
9743122
5485027
12515091
8288881
4156911
117978483
113784789
109636074
105492703
101296739
97131824
92972365
88771495
84615307
80478898
76294149
72134651
67980545
63812068
59669225
55524922
51322395
47168109
43001331
38739444
34549727
30390170
26182771
22010721
17851416
13598645
9418002
5179647
118801460
114603216
110460183
106290969
102012111
97839198
93653985
89447986
85256364
81052611
76869082
72645570
68367186
64134280
59915096
55715458
51483635
47311038
43127303
38861503
34682042
30501937
26287012
22091417
17890315
13653467
9439971
5222854
13560593
9330425
5165791
979055
119130664
114920128
110752315
106575461
102359512
98147114
93965501
89720324
85512300
81328383
77089895
72906342
68719763
64473485
60305369
56075564
51855889
47657025
43427974
39183652
34985564
30722060
26476793
22272837
18079559
13805320
9595921
5378771
119248337
115031790
110850864
106599342
102377994
98149003
93939783
89717214
85503536
81288477
77038143
72813448
68602063
64356259
60183079
55986665
51717574
47510672
43325629
39084748
34874566
30661611
26416168
22263359
18061177
13840927
9628535
5403545
9071080
4830818
658691
119144865
114924021
110730916
106547174
102262131
98067301
93816125
89597346
85404300
81202218
76980008
72780538
68575444
64327741
60173482
56001035
51778537
47595475
43369634
39091654
34893246
30685617
26464111
22242170
18049534
13766660
9588040
5404793
118226840
114026201
109873574
105691842
101462490
97276806
93086433
88876979
84750036
80506907
76324597
72118070
67904573
63757719
59574186
55418743
51235806
47030386
42941683
38766454
34615468
30446988
26248630
22077299
17905781
13765653
9596191
5378964
9498814
5297015
1149075
118431613
114239509
110090475
105934022
101730937
97564901
95032737
93623225
89469897
85274571
80999403
76836291
72665214
68400380
64246923
60077606
55879506
51703934
47516775
43318729
39141748
34968269
30719132
26516028
22236701
18015664
13837646
9645123
118796409
114565209
110422103
106247622
102028979
97872887
93709594
89481709
85305394
81142008
76913739
72745910
68562332
64337557
60139492
55956085
51716626
48928050
46424607
44965803
41598216
37692710
34016456
29824294
25574166
21344505
17158795
12936106
10213480
5961655
1801133
118418979
114200886
110029556
105861339
101639749
97448705
93277683
89057275
84876887
80728046
76483172
72324236
68162891
63952993
59763729
55573562
51357704
47192167
43027870
38825601
34653196
30506346
26296535
22136323
17975141
13767759
9608929
5446653
118705498
114502063
110351874
106183469
101973253
97808807
93630170
89417865
85263941
81110409
76900795
72700994
68502663
64263359
60058389
55916586
51691476
47515973
43329744
39094282
34931035
30756411
26533913
22349623
18158443
13931603
9716835
5533983
11079046
6866153
2684169
118984741
114726513
110538022
106358573
102132091
97955527
93778481
89552079
85358456
81186795
76960776
72794317
68619482
64402994
60192416
56020331
51794950
47600972
43407808
39165880
34974420
30791489
26506136
22314507
18096176
13840585
9651885
5463657
119027361
114817432
110604323
106432593
102198943
97985337
93818135
89590296
85390845
81197629
76936905
72729127
68542360
64300357
60123406
55928654
51671774
47490745
43266319
39054810
34864550
30688627
26464475
22289593
18104063
13839782
9667403
5500186
10784373
6558687
2391854
118502503
114288962
110115286
105952381
101725572
97550257
93388253
89169444
84965376
80799620
76574081
72369697
68202770
64009317
59853554
55683645
51510350
47340317
43171173
38960693
34799833
30596406
26373038
22201417
17984665
13728967
9565452
5382503
118132377
113938180
109781102
105606173
101404668
97239041
93078286
88871641
84709919
80553132
76352346
72187786
68022979
63835954
59694383
55531649
51353929
47173298
43027541
38852818
34706157
30573350
26317140
22101271
17870479
13675841
9515107
5366267
12038099
7848996
3694503
118244538
114050834
109906445
105766511
101564718
97389680
93236229
89042288
84892376
80723890
76549574
72395190
68249198
64073907
59921453
55753244
51551721
47361294
43190506
38999914
34842583
30691445
26359077
22168017
17970856
13729667
9546962
5352344
118545596
114339626
110186098
106012300
101807096
97619035
93425725
89223570
85060698
80916429
76711523
72529608
68345370
64172824
60001550
55784420
51582833
47429683
43265390
39058940
34873425
30700580
26436574
22248095
18048013
13828931
9622624
5413686
13228883
9004123
4821409
640850
118726928
114512950
110316970
106088487
101858084
97640321
93458610
89229748
84994028
80795136
76543158
72409724
68273072
64036662
59898440
55798408
51601087
47433063
43253315
39020888
34838404
30692369
26455371
22302482
18108419
13899041
9744695
5606204
118152102
113940456
109786502
105642407
101431779
97280416
93131119
88916871
84788898
80632866
76414170
72272339
68169462
63974180
59832519
55657105
51456811
47315755
43198365
38997413
34853931
30686165
26517174
22389273
18232742
13980991
9759011
5606470
9864283
5606659
1377960
118687219
114417804
110203221
105999766
101726527
97492720
93380095
89141143
84957264
80781060
76558114
72424253
68295850
64107938
59977640
55855511
51657732
47463944
43311191
39041387
34903244
30760478
26527074
22329599
18124260
13894811
9662392
5470549
118329313
114073112
109886693
105741457
101505374
97340969
93171728
88937905
84754492
80555708
76343529
72167354
68037440
63775753
59654201
55515238
51342340
47192475
43069688
38896242
34742138
30583705
26380671
22216077
18053471
13838973
9669753
5440400
10494373
6302644
2143536
118352794
114153854
109995784
105842306
101571249
97337535
93177218
88902169
84729777
80563955
76364843
72133442
67998790
63801243
59704181
55574393
51372027
47252484
43132062
38921961
34697614
30472454
26209807
22058287
17883319
13696878
9545343
5390089
118461365
114252918
110022740
105799006
101524909
97355974
93212183
88999710
84828517
80651464
76416026
72229602
68084856
63823091
59604220
55448327
51277345
47160609
43024149
38841844
34713553
30597582
26410668
22239228
18086513
13845768
9681191
5520891
11552549
7351664
3197146
118382195
114193391
110034891
105880194
101666884
97515954
93340649
89125619
84955696
80801823
76606193
72444172
68268730
64071053
59922451
55784098
51569073
47413862
43256026
39067723
34911610
30730514
26469916
22275628
18035179
13808811
9613800
5414881
118911785
114679820
110488720
106307996
102066126
97888947
93685732
89460514
85255476
81041366
76801197
72632587
68413922
64197780
60032159
55859784
51622238
47461183
43314119
39098709
34932279
30763056
26534214
22357524
18185316
13972149
9788705
5607290
12252274
8043298
3885894
117854944
113653877
109504391
105350050
101148713
96982250
92842514
88617286
84440263
80298999
76116087
71997916
67847026
63649181
59498684
55329723
51208611
47045062
42910666
38726171
34563386
30404217
26202147
22042620
17854007
13648476
9490127
5330067
119076806
114840751
110671542
106503337
102266487
98095363
93931980
89711368
85498888
81272088
76990037
72805623
68610550
64328853
60124500
55909959
51707513
47486830
43348805
39069495
34844799
30684882
26511819
22241770
18101972
13895870
9745130
5599259
13223297
9052163
4852525
699427
118368316
114149857
109951785
105800762
101598665
97420616
93261460
89061529
84885905
80651767
76437328
72280076
68125081
63919266
59765931
55613835
51409981
47255615
43103371
38930258
34776015
30613154
26413998
22135948
17951602
13721853
9508685
5304632
118992352
114766967
110590892
106335241
102100271
97908891
93734236
89508723
85327282
81133424
76891641
72688272
68481667
64230127
60026672
55828683
51600172
47423470
43267846
39041211
34843334
30674315
26451819
22267390
18072954
13861606
9710382
5550971
9786225
5574053
1409633
118806691
114580998
110402213
106252171
102036736
97859757
93695718
89490052
85309548
81114534
76879451
72698962
68521839
64347590
60191859
56010379
51781550
47597419
43405282
39170190
34973049
30732310
26515166
22338996
18145203
13861774
9695151
5505102
119314086
115079770
110882624
106688315
102437144
98233874
94019378
89759152
85554373
81383638
77127624
72856142
68662423
64415987
60225663
56040347
51799306
47606703
43391988
39140220
34918651
30765634
26518420
22332017
18123834
13882018
9670641
5493415
9599997
5365666
1164556
118584706
114341398
110181787
106000017
101757096
97549015
93351876
89102086
84906749
80702455
76443789
72202348
68068886
63829958
59729356
55598349
51420250
47283380
43178740
38975595
34808670
30660434
26405046
22197178
18000546
13742345
9601036
5385498
118588912
114383943
110228559
106067172
101869163
97713172
93535661
89299599
85127528
80971570
76769063
72594618
68460864
64282820
60154741
56001155
51803117
47642430
43461949
39208760
35004087
30801831
26571753
22343936
18121439
13892528
9660137
5432280
10183903
5917152
1692920
118541659
114329913
110140718
105980148
101765948
97585934
93397165
89181446
84973264
80800217
76595455
72418329
68282604
64106589
59953074
55815307
51626135
47407742
43242429
38977673
34811614
30627505
26414182
22252484
18050221
13838809
9670099
5515992
118091299
113898986
109738888
105574318
101370309
97188607
93006655
88798444
84638969
80460570
76205274
72010209
67802613
63555519
59397425
55251447
51080306
46942716
42798645
38613832
34461178
30237975
26042820
21892515
17753871
13560229
9433046
5293208
11469107
7296324
3132230
118035807
113849151
109705240
105550624
101375242
97231167
93075491
88874740
84711420
80558201
76291942
72141448
67974824
63800692
59675721
55521073
51349612
47197939
43058198
38851919
34745062
30592219
26343265
22160335
17984138
13737344
9564529
5375876
118564196
114346363
110171186
105984597
101746482
97572807
93398721
89183341
85016494
80845304
76623158
72430657
68268077
64058552
59917508
55755147
51542873
47371602
43196783
39020370
34854361
30692888
26493552
22330356
18169035
13958296
9790063
5632525
12889370
8694040
4534665
361458
118259511
114048970
109907093
105733028
101530563
97363844
93210919
89006759
84816479
80672523
76458424
72304541
68154860
63940435
59820939
55661922
51450356
47339915
43197883
39000090
34878512
30679461
26469549
22279067
18138767
13933527
9756752
5575806
118587734
114399613
110256710
106066270
101837067
97666469
93487997
89276394
85165957
80981697
76744524
72581552
68427030
64202663
60028752
55884244
51686986
47541160
43397290
39163812
34998349
30828209
26606142
22426579
18248980
13987186
9807820
5629606
9850566
5635359
1471493
120008681
115811123
111653803
107510564
103292947
99088805
94895750
90605481
86413782
82236090
77994771
73813677
69641080
65413397
61176946
56998680
52774098
48584732
44408136
40173070
35985768
31797355
27535944
23361140
19152392
14924142
12440607
9768700
118406744
114191888
109986689
105844957
101631735
97466569
93282432
89063800
84903698
80741921
76524210
72370003
68198533
63989528
59833469
55687947
51521074
47358289
43241545
39036269
34864540
30691475
26478987
22302291
18143475
13927126
9764577
5612641
10490367
6319594
2212389
118266332
114034393
109890586
105720936
101516114
97353524
93176060
88974452
84778504
80593050
76320617
72158429
67936018
63672326
59547136
55388286
51127472
46974402
42809325
38613156
34461604
30286308
26082178
21928134
17766589
13567482
9423362
5261472
118264617
114068787
110021280
105862800
101661525
97560890
93436023
89289289
85164415
81002115
76808020
72650598
68468371
64266103
60180863
55986610
51830152
47671549
43500173
39387924
35182285
31011366
26762874
22560950
18398756
14255802
16900527
13245067
11993901
7786140
3636153
118727882
114470820
110300871
106152327
101952049
97791814
93641471
89432531
85236438
81087574
76876812
72706967
68533805
64313373
60087846
55975070
51747199
47529517
43408963
39236703
35082247
30948015
26699508
22520771
18338135
14110126
9927382
5731337
118398387
114174575
109996362
105831581
101599760
97396674
93185563
88978057
84813466
80642753
76359633
72202139
68064191
63901078
59784191
55674606
51500507
47365303
43254748
39075111
34909104
30722735
26484349
22328868
18159985
13943726
9802460
5634609
13035469
8792613
4605950
118713491
114491152
110318589
106119632
101881096
97698393
93512121
89296542
85118749
80939838
76712429
72520423
68327116
64086806
59919504
55748293
51536945
47383559
43162124
38901119
34675396
30372126
26100345
21955440
17779935
13577453
9398113
5235562
118291729
114088296
109939935
105794490
101582966
97432920
93283182
89078519
84933345
80795941
76594955
72441170
68270779
64036357
59892128
55703901
51486403
47313492
43131120
38926244
34788521
30624801
26414493
22258512
18109474
13904342
9700717
5535380
13772925
9579482
5360526
1133293
118861893
114661013
110501141
106348705
102147111
97967251
93796815
89532913
85307775
81135028
76884157
72714657
68541130
64337049
60125234
55935974
51658488
47552056
43354905
39064658
34869099
30707645
26463999
22257004
18041050
13777973
9576585
5363463
118629487
114371309
110188152
105973540
101757110
97553668
93390250
89176019
85005127
80818370
76640134
72455542
68261507
64026305
59861786
55734735
51529461
47381971
43260111
39078297
34867883
30720336
26460934
22280940
18062444
13795230
9639963
5420715
9921904
5707799
1542713
118185447
113983448
109832624
105667203
101461293
97310712
93107448
88900431
84738028
80590041
76416222
72255891
68092691
63918910
59794151
55625629
51449790
47285469
43056021
38856349
34707913
30566890
26304189
22134493
17952963
13746985
9596268
5429196
118197413
114033827
109875898
105642856
101373022
97194885
92957045
88750059
84585054
80417725
76155390
71985020
67815067
63620608
59462351
55250805
51079474
46934356
42766746
38595989
34450979
30317314
26107206
21936288
17772314
13568895
9401491
5217637
11561665
7354806
3198052
118278152
114128116
109945289
105819720
101611953
97476088
93306408
89099266
84936290
80757332
76499652
72317806
68147546
63970435
59818127
55662139
51482016
47367999
43252521
39055790
34875228
30691967
26451711
22239604
18079846
13756043
9582920
5382119
118615490
114376678
110181225
105955534
101687630
97486572
93381471
89105816
84946145
80796456
76581812
72424288
68274335
64099726
60003159
55892498
51724067
47607614
43453369
39225652
35033042
30862541
26642080
22499049
18293122
14058156
9836434
5668567
12613447
8416328
4267095
118279593
114085314
109869798
105660080
101450599
97276311
93116019
88842258
84618990
80447319
76239172
72070652
67900351
63700292
59555161
55412240
51239571
47111084
42973008
38717273
34498435
30337304
26136253
21969987
17809687
13598138
9466459
5288425
118622990
114364653
110221540
106071616
101857054
97713483
93548601
89338163
85128150
80966552
76763906
72543979
68326910
64125500
59977136
55751943
51554892
47387158
43230822
39052459
34921995
30767943
26573972
22410334
18250676
13988477
9762061
5548221
13613466
9414711
5254181
1090528
118632207
114363842
110209446
105966386
101758021
97471249
93308467
89109006
84952460
80782949
76582490
72410013
68249379
64043710
59828481
55684016
51509647
47361019
43129007
38931512
34693792
30508634
26256772
22064281
17840004
13618289
9412831
5219682
118281836
114053205
109879076
105640333
101420771
97177377
93013349
88735529
84523805
80293445
76093586
71940439
67793445
63613909
59461754
55323463
51118529
46983454
42843462
38649130
34471002
30292316
26086822
21913653
17765445
13547222
9349775
5217209
10408254
6218508
2066978
118134815
113935748
109792839
105632158
101420124
97254420
93092849
88890614
84715965
80554722
76360170
72200055
68034115
63814121
59655758
55519992
51340198
47204722
43039144
38829819
34668763
30500778
26299551
22134037
17974271
13716849
9538325
5375228
117769428
113610446
109461615
105304092
101106187
96945354
92796401
88602993
84437411
80288775
76104776
71929455
67773304
63577109
59434865
55265531
51110931
47000754
42868245
38661187
34509465
30337984
26136793
21967582
17827639
13623397
9489772
5325255
12498801
8239367
4085309
118628771
114370171
110160068
105943511
101693393
97514069
93288209
89020924
84804702
80640331
76439913
72252787
68083947
63909440
59763838
55591365
51391416
47232163
43070022
38877597
34716315
30482782
26256738
22062814
17846023
13625218
9434174
5246292
118396991
114184657
110034709
105848354
101663620
97495581
93312980
89099383
84936564
80768343
76568966
72394775
68228717
64011585
59810268
55651946
51478982
47317693
43119144
38897619
34713487
30530223
26298854
22108711
17912484
13668849
9489311
5255582
13301280
9117000
4933147
780549
118795091
114582780
110416485
106223200
102012192
97829575
93635302
89402040
85221699
81041240
76814232
72604086
68404752
64174959
59992137
55780986
51551760
47360845
43143045
38921573
34727157
30486934
26251742
22046635
17820019
13577736
9371332
5139972
118525494
114294718
110120990
105957897
101746145
97567604
93387137
89160492
84977534
80787128
76513720
72316465
68111646
63901567
59751028
55561374
51392798
47216660
43043001
38838435
34661594
30482019
26265004
22099575
17911991
13688749
9521399
5347060
9818120
5587796
1428006
118393994
114378495
110230794
106070823
101871014
97704956
93534133
89339208
85177974
81022427
76824916
72655813
68504281
64300302
60093385
55935217
51740100
47580716
43449828
39253305
35081125
30845420
26597205
22398350
18232667
14003622
9815938
5629252
118531751
114312505
110140095
105945532
101721297
97528198
93332676
89111215
84947187
80768808
76548739
72370800
68193774
63986941
59818451
55672243
51470303
47305019
43154738
38977217
34820351
30589372
26331862
22116991
17953206
13683621
9507620
5332400
10942790
6692292
2485735
118613148
114340833
110122009
105964746
101757305
97608531
93442918
89240059
85035566
80854482
76635084
72430260
68274573
64099504
59944079
55784349
51583693
47409087
43238277
39035229
34806849
30560928
26289255
22077214
17824748
13522393
9338313
5172678
118141948
113942515
109730053
105546053
101335923
98908757
95739535
94747825
90935508
87131993
83039988
81158695
77091283
74583556
70486078
66289567
62133478
57974793
64420571
60295336
56096487
51941240
47799447
43673760
39538175
35343400
31230902
27127796
23029071
18746837
14526724
118654086
114456195
110315312
106086424
101827344
97664055
93502980
89298016
85241858
81641991
78097658
75903758
72530151
68500947
64370862
60199939
56049483
51908366
47692094
43527689
39336658
35112463
30984721
26754617
22614528
18431780
14207136
10101333
118612103
114441632
110251136
106072819
101862564
97695855
93520365
89315656
85142953
80972948
76758077
72944039
71336273
67161406
62900947
58715484
54515788
50288862
46095600
41930106
37752697
33520938
29285040
25065838
20862735
16627079
12420165
8189094
12514841
8243349
4021194
119116141
114860259
110701319
106508739
102262293
98071479
93863604
89633477
85423157
81224732
77003603
72810567
68600049
64366054
60175212
55929252
51716856
47543611
43347053
39120625
34922469
30685860
26463411
22273700
18065745
13803602
9614312
5397993
118651038
114433904
110364607
106330941
102102613
97978459
93825875
89595799
85471792
81251695
77035704
72844873
68635092
64419353
60237217
56051914
51833219
47658092
43505891
39297230
35126888
30953372
26751666
22584533
18379745
14167838
9991600
5823500
12579467
8379292
4231398
124576425
120375110
116222241
112053662
107851398
103684651
99524412
95322377
91171249
87023220
82824802
78669738
74527923
70292001
66148575
61965433
57718496
53531065
49350621
45111751
40936461
36797345
32508304
28315704
24135685
19850401
15646309
11435845
118909484
114670715
110505686
106334539
102065093
97877285
93697084
89476194
85295011
81121230
76892931
72686716
68516425
64300609
60101076
55902046
51732811
47566498
43428699
39231051
35008142
30842984
26577286
22362892
18148597
13938541
9769376
5593459
12925948
8729526
4548294
390238
118422615
114232319
110201914
106094881
101897302
97740541
93568378
89339553
85182325
81021559
76820829
72682564
68555876
64380836
60232323
56119424
51963018
47756788
43579634
39433920
35303706
31096754
26833200
22581910
18407393
14258612
10047945
5918410
118739704
114478933
110333318
106099365
101835411
97601554
93418939
89218616
84990216
80793999
76522346
72320150
68081474
63816051
59649587
55483529
51283587
47111121
42952110
38753628
34562033
30364363
26143080
21955130
17761167
13536687
9355393
5163823
9589598
5366906
1198680
119250714
115035847
110863147
106723024
102442286
98256464
94062417
89889412
85650117
81433706
77176662
72970857
68754123
64511090
60300445
56069309
51795251
47580898
43392395
39138737
34942746
30777577
26477391
22233664
18002333
13751647
9522677
5299320
119372045
115097290
110897974
106661085
102403807
98190129
93955706
89695029
85476702
81254843
77040005
72789159
68582663
64347973
60147119
55955148
51722466
47520581
43312944
39061991
34838496
30618664
26360386
22137924
17923100
13674491
9453253
5231699
8735675
4475491
118895192
114654204
110457166
106255972
102016333
97811664
93614833
89407036
85248778
81029544
76776954
72561181
68363719
64117572
59917435
55733808
51494349
47289913
43088920
38851072
34656940
30440492
26245266
22066831
17885330
13662285
9492804
5281763
118424839
114159433
109991515
105794230
101561869
97390686
93208465
88997173
84814449
80625310
76434026
72201422
68044954
63775443
59630827
55403230
51232897
47015021
42855802
38614452
34439060
30252183
26039769
21856961
17676145
13470134
9274621
5122477
13413669
9199985
5039535
873398
118739897
114535688
110369365
106176892
101944575
97756422
93624282
89381161
85209378
81062339
76816645
72653350
68517878
64284120
60119110
55915946
51628166
47432789
43239458
39020681
34851443
30674420
26430684
22170692
17963185
13747262
9581452
5349699
118634949
114378539
110177731
105990958
101773691
97577582
93399479
89162788
84983220
80808446
76533177
72323543
68112703
63926537
59745875
55572385
51342661
47192937
43014102
38797397
34612715
30424501
26206003
22026370
17842876
13662915
9432154
5239212
9960642
5748876
1591639
118201671
113974167
109844635
105635181
101424249
97272720
93051642
88876806
84663325
80516034
76304281
72130089
67947148
63693188
59535007
55387566
51172858
46990296
42806276
38601724
34414974
30260770
26041972
21904797
17694486
13523095
9316071
5140712
119246852
115053282
110939151
106734900
102529500
98339716
94125485
89871063
85662022
81439805
77217849
73007394
68808042
64559476
60404911
56175864
51933508
47720186
43487258
39233180
34996257
30786541
26526927
22317911
18108254
13841123
9593810
5384646
10439168
6177835
2009390
119672015
115425239
111226165
107009935
102754622
98560909
94325681
90060755
85846949
81637378
77366339
73146039
68895157
64624723
60416992
56173107
51924242
47675557
43452404
39184108
34978691
30751625
26488040
22274354
18050418
13796256
9562579
5349744
119561638
115319844
111110148
106910779
102660771
98454769
94218682
89960533
85727781
81467356
77219329
73006906
68751578
64487272
60292323
56104354
51809021
47600909
43346841
39100410
34899763
30692313
26424388
22176327
17956793
13660389
9452230
5221043
9210817
4948202
736317
119592563
115336144
111124983
106892859
102628388
98401284
94199403
89950923
85712889
81537147
77247318
73037854
68830431
64570880
60364482
56130236
51868694
47647509
43397079
39133020
34929632
30707357
26465970
22270472
18055906
13804514
9597036
5367790
119194695
114944611
110741423
106519848
102267304
98046580
93821894
89557644
85329342
81108930
76848118
72622332
68395209
64141001
59913778
55691081
51425880
47213790
43024537
38791400
34633915
30409156
26153500
21935705
17728352
13510586
9322401
5115172
8083507
3842344
119595591
115318877
111083669
106854252
102585697
98358705
94122524
89867883
85642940
81423468
77165894
72967860
68756366
64495148
60296620
56114522
51896803
47727849
43488865
39224596
35009233
30798319
26552306
22335552
18096003
13837655
9606920
5384209
118628033
114381849
110179950
105966607
101714493
97494257
93279360
89052103
84833591
80623453
76363778
72143676
67939714
63699350
59525611
55376842
51193717
47033691
42889565
38713012
34534972
30366828
26164835
21992423
17830414
13621479
9452915
5288645
12185226
7992831
3870156
118500349
114282260
110160922
106029041
101746651
97519769
93290516
89036279
84854406
80678386
76462701
72273405
68132535
63931978
59782286
55644874
51469178
47339840
43147306
38975577
34779593
30545502
26281677
22167090
17973102
13739222
9558796
5400868
118379175
114204120
110079094
105958238
101677069
97450564
93309508
89035470
84863606
80689718
76473064
72303144
68127530
63940099
59785310
55626293
51457037
47295679
43086565
38874359
34711873
30540297
26338130
22163815
17909826
13693495
9445150
5276810
13058699
8805421
4595804
416087
118807799
114555537
110348622
106147658
101914761
97716147
93515837
89285961
85101736
80917291
76715664
72491039
68348630
64081507
59898601
55775916
51510549
47266961
43071763
38847839
34657217
30480340
26205509
21985048
17791462
13568589
9382587
5228208
118134376
113926156
109815864
105615737
101409826
97236119
93102344
88895580
84744543
80585814
76379964
72230862
68067146
63844262
59703042
55561174
51334421
47230739
43117600
38928388
34771038
30607932
26414095
22261964
18110239
13938625
9735283
5604137
9708261
5505441
1340886
118724937
114530452
110373907
106199444
102017323
97829029
93696392
89446063
85264702
81114549
76908045
72694770
68488001
64266305
60115822
55959736
51721666
47461560
43225590
38949540
34733051
30568212
26382146
22188167
17994221
13714092
9524438
5308242
118204028
113970024
109810185
105651639
101424619
97292290
93107414
88899798
85910362
81757189
77558635
73402221
69246023
65046522
60887468
56708057
52539340
48393563
44228843
40056698
35882500
31745975
27526111
23395412
19239596
14970138
10788389
6601515
10724084
6485942
2367838
118769400
114621742
110577276
106556089
102332940
98188133
94018315
89821565
85599129
81460848
77249658
73084480
68960417
64777256
60635970
56480979
52277948
48115486
43963238
39757412
35522333
31376711
27179785
22956070
18747087
14491671
10281808
6121279
118562086
114385537
110230097
106066194
101850228
97717469
93498519
89285169
85024189
80806845
76544548
72323943
68132833
63884964
59702559
55516855
51322696
47153594
42953128
38786841
34631466
30520028
26309671
22158581
17987662
13776948
9606302
5459120
11557087
7344438
3173136
118214598
114012294
109871253
105699375
101467296
97273932
93106273
88877315
84707478
80554691
76324436
72130165
67971713
63708183
59575348
55460437
51239648
47074449
42945465
38737446
34577295
30394905
26186848
22019440
17857269
13662099
9492632
5319769
118533384
114336313
111187906
107049191
102849718
98692414
94508118
90285791
86108989
81911189
77687472
73492274
69309654
65089108
60904890
56745127
52492768
48279833
44095492
39825486
35650090
31468267
27293817
23111314
18920332
14743339
10565848
6314018
12698823
8486106
4317646
118899548
114632667
110481090
106320873
102115267
97962881
93821818
89627013
85434207
81276772
77027267
72858746
68625272
64374797
60186823
55970004
51782338
47612365
43461241
39252246
35088105
30921174
26707790
22487720
18261563
14008810
9813215
5578138
118919314
114655919
110477348
106252759
101981750
97773474
93538024
89280539
85057287
80891276
76661830
72476959
68257661
64015480
59889312
55652532
51443698
47277497
43098367
38865268
34756865
30623833
26436212
22266319
18120011
13932797
9775325
5577340
13042176
8813720
4630451
476801
118605651
114423602
110189501
106086920
101830312
97684257
93461442
89233694
85065721
80897742
76676437
72480078
68289960
64069147
59963669
55781509
51510656
47326799
43149182
38925937
34760596
30566584
26341467
22164028
17947085
13691331
9468890
5265605
118512469
114262217
110090343
105935104
101666661
100328901
144209758
140016559
135840121
131612412
127427767
123264497
119008084
114862102
110635734
106481353
102284784
98115699
93929011
89755822
85541448
81350920
77201605
73014111
68813040
64653503
60489209
56296696
52117023
47936430
43707917
119685475
115466551
111290228
107091101
102889899
98629096
94379385
90205323
86003804
81734954
77459228
73224593
68986726
64774766
60607423
56470047
52235259
48026462
43817847
39533707
35351100
31084232
26820090
22606248
18404529
14153155
10005347
5786535
119461233
115228464
111060027
106811493
102540240
98339827
94128481
89868788
85707636
81526038
77307597
73123142
69023369
64849223
60601485
56487460
52236098
48017708
43814944
39569479
35423205
31147575
26907386
22688288
18472570
14225038
10002777
5798637
8283135
4036189
119044708
114818507
110643857
106448599
102227456
98038295
93881021
89622148
85441753
81245609
77018903
72833055
68635840
64452919
60237086
56036143
51836091
47584225
43378150
39150294
34942749
30758992
26457281
22240502
18008028
13762029
9563589
5350660
119480487
115224823
111085606
106900748
102582191
98372556
94147215
89953296
85701567
81468776
77239177
73043117
68770925
64610393
60370838
56132235
51849281
47638300
43439099
39190900
35017024
30814029
26606976
22398823
18118181
13921214
9666442
5439827
11808677
7565565
3352230
118974363
114727804
110544082
106351933
102091155
97885973
93723478
89439829
85243035
81043254
76785709
72596679
68435935
64252627
60013968
55850232
51704471
47516651
43392969
39182871
35043751
30870711
26629176
22481586
18225644
14041369
9814170
5521973
119589731
115325875
111124699
106899453
102638717
98440614
94246951
89951846
85728932
81525265
77247354
73030496
68763642
64501483
60282506
56047100
51774777
47547030
43314833
39072346
34836871
30609263
26333483
22115758
17886407
13632298
9420445
5233738
10960878
6754934
2493283
119174704
114941917
110739869
106525231
102276168
98074908
93863415
89628631
85388897
81191447
76944335
72746339
68523228
64293961
60144719
55887816
51651634
47448644
43241484
38993119
34819132
30586389
26313699
22093829
17892244
13648947
9499055
5260533
118353558
114132329
109941131
105784820
101568420
97380070
93200091
88982880
84822924
80633616
76415744
73264575
69038439
64808169
60638237
56467569
52267807
48100211
43966088
39765974
35585121
31393960
27210519
23065604
18930059
14712506
10492462
6310814
11210365
7044870
2901586
118508127
114351766
110143791
105981946
101716546
97493931
93359709
89182306
85007541
80835930
76636091
72623537
68451201
64329859
60233735
56064681
51947818
47769598
43555103
39403056
35257169
31070002
26880506
22670517
18407918
14196666
9968168
5724957
118632631
114391569
110165864
105965371
101690122
97557093
93319628
89121570
84920291
80661022
76453008
72239075
68010173
63801208
59609693
55382198
51219088
47031739
42855622
38716339
34536599
30319038
26136726
21961645
17742469
13545025
9351635
5151843
11943303
7752825
3549604
118309991
114112285
109960443
105799098
101596211
97448586
93298175
89095951
84962703
80816056
76627947
72481653
68338455
64116203
59972358
55809681
51613234
47462566
43232910
39014268
34801054
30567424
26345533
22162888
17983870
13731270
9582881
5380958
119275845
115055039
110886554
106716696
102407771
98155118
93908139
89630090
85369523
81166003
76935216
72731932
68571049
64220403
59994884
55849539
51608055
47475871
43271112
39032257
34801207
30563160
26291889
22050959
17800905
13595258
9424130
5189717
12209292
7983950
3868154
118541847
114286321
110060404
105885681
101716782
97553620
93373918
89167588
84993893
80822366
76609595
72425945
68256194
64055482
59900975
55755679
51551794
47373096
43181392
38955286
34763765
30572667
26328806
22108278
17876940
13649609
9476144
5305867
118593095
114379858
110259496
105968764
101746758
97499235
93307614
89092074
84853563
80662949
76445997
72259641
68072259
63840998
59690490
55518448
51315889
47140802
42971913
38715341
34522688
30332544
26169179
21974514
17784658
13549392
9412628
5174053
12862755
8644178
4475780
118416245
114206905
110033453
105868139
101647640
97481370
93287159
89058484
84868301
80678313
76450708
72264902
68096274
63919387
59780663
55638621
51471175
47296283
43115470
38852678
34672537
30478422
26280119
22120471
17948718
13749601
9556266
5363011
118452314
114284263
110065146
105875381
101704556
97507349
93324998
89097467
84917184
80725383
76513582
72295821
68105538
63882797
59710661
55519109
51296638
47079068
42870375
38692841
34520862
30368421
26162564
21981804
17802847
13608755
9435020
5264310
14043785
9847451
5694224
1514589
118390369
114187750
110028206
105870492
101675886
97527109
93377287
89173844
84998244
80803645
76579861
72397004
68239941
63995367
59808400
55647864
51472598
47288129
43094884
38870137
34733522
30486479
26270301
22056140
17850628
13623188
9409951
5245921
119326013
115054871
110920056
106714829
102483661
98214574
93989928
89746818
85524719
81307910
77088880
72893488
68699984
64478081
60276622
56085901
51867541
47684720
43502645
39256115
35035732
30834348
26623618
22448207
18212742
13948883
9715423
5509168
10167240
5907710
1702527
119221921
114955927
110798792
106593012
102394890
98159928
93949599
89725312
85513350
81333255
77100649
72879752
68670241
64415342
60226279
56054637
51821349
47613480
43401709
39131854
34944819
30776464
26513492
22305346
18083859
13829883
9619845
5416578
118882360
114646347
110457596
106280844
102039075
97873011
93687912
89485930
85278655
81078249
76833469
72649877
68471865
64244595
60072242
55869223
51638920
47460423
43307782
39090473
34897824
30694928
26465436
22238773
18019938
13778787
9586263
5322763
9790654
5594180
1376955
118873423
114619913
110409014
106218049
101991975
97787177
93587716
89387979
85176160
80960441
76737719
72537985
68327771
64122468
59977406
55830337
51583832
47448042
43261468
39005205
34839123
30639492
26387771
22151099
17941550
13709507
9514574
5314327
118674134
114456253
110293497
106090561
101888915
97676071
93473129
89277024
85057550
80887302
76617212
72425068
68235413
64039964
59837759
55688595
51458099
47251166
43088236
38863468
34659727
30443942
26196538
22012428
17818577
13601318
9406673
5247771
9985272
5812250
1600448
119043541
114774922
110653102
106417659
102214224
97942135
93714920
89475088
85280197
81052987
76874799
72691523
68487709
64293485
60114983
55940941
51727993
47532833
43317135
39142723
34903396
30768965
26484706
22301974
18117171
13861912
9639706
5458988
118362941
114157579
109941975
105771968
101514010
97310829
93194569
88970201
84808399
80635789
76467144
72188071
68031897
63765677
59624159
55475982
51286236
47157824
43036739
38835259
34689401
30564816
26332291
22163563
17985888
13762211
9586454
5426684
10620633
6280530
2151205
118905809
114686900
110544544
106412069
102116224
97974803
93725509
89500133
85307849
81120559
76902377
72741688
68604129
64417036
60234209
56047071
51831310
47690392
43442223
39219764
35020569
30887409
26569100
22346401
18126888
13844963
9613287
5381216
118743242
114476295
110323335
106041497
101759619
97564167
93343291
89069757
84868060
80629526
76362856
72137465
67965008
63676392
59494300
55310972
51100039
46921203
42790895
38610133
34438190
30264164
26065522
21887894
17724013
13514381
9353241
5185800
10801470
6569765
2424697
118074038
113875447
109717481
105547280
101348878
97169574
93019303
88811762
84647122
80487356
76291121
72131144
67934540
63712316
59539799
55368452
51171274
47008360
42872092
38697020
34525687
30374303
26112379
21978543
17749181
13539254
9400519
5179390
118167486
113910607
109758134
105622703
101398080
97178106
93014036
88809378
84635400
80462346
76183614
72022465
67846975
63625508
59461336
55319955
51120976
46943011
42796951
38598460
34432348
30256357
26030227
21849918
17674365
13504239
9338198
5180482
12367391
8101978
3931470
118413780
114229608
110062096
105829158
101607072
97412659
93242128
89025065
84893919
80672104
76466102
72279218
68115390
63939533
59787595
55650293
51447962
47326926
43142380
38931801
34738768
30543142
26299360
22089357
17871307
13613301
9406015
6771642
118660766
114484745
110297160
106121442
101902720
97753134
93534454
89299314
85111602
80964725
76709213
72546206
68323366
64047178
59821893
55618373
51411810
47228497
43092269
38925471
34740670
30549637
26334575
22156745
17925397
13701096
9534726
5362867
13114001
8912482
4780284
566840
118414908
114202211
110099514
105957832
101753552
97622548
93479415
89256210
85097945
80925786
76756577
72596037
68395425
64229039
60037458
55837121
51742286
47478474
43255982
39032158
34781334
30604038
26541390
22419311
18193760
14054599
9900230
5678229
118168847
113960288
109798503
105633818
101436560
97265081
93111640
88889884
84706232
80512640
76336790
72196833
67994646
63776679
59652318
55512874
51314382
47171502
43039987
38867532
34720735
30497670
26282517
22102269
17864292
13665317
9496728
5342465
10295785
6100603
1884461
118692235
114438199
110307848
106154722
101965135
97782103
93582932
89311164
85142074
80917928
76660259
72445841
68279137
64026802
59875892
55709779
51492138
47309523
43121632
38926663
34757471
30585746
26338821
22113990
17900241
13633271
9425014
5177983
119167047
114919866
110717049
106480241
102206431
97964153
93729036
89458138
85219281
80983891
76733183
72507516
68264109
64004820
59810757
55583867
51340598
47163728
42988418
38764509
34586829
30433049
26183160
21999404
17837999
13624085
9404855
5258915
10251180
6030127
1894518
118896559
114682565
110557010
106362802
102186859
98017080
93858235
89645202
85484238
81318048
77117902
72933278
68742219
64521021
60347556
56146120
51986442
47729036
43540092
39269727
35067412
30847700
26579576
22336902
18104851
13845580
9629875
5451756
118971007
114701652
110526694
106378149
102104855
97859497
93658334
89434875
85298720
81009958
76831378
72620075
68432947
64241795
60080747
55896783
51670684
47492043
43307755
39116823
34949614
30756097
26536257
22345392
18161569
13949241
9689839
5527677
10524708
6251038
2063481
118920046
114671177
110503186
106267174
102059817
97844194
93661838
89404142
85187638
80963338
76754692
72480026
68234594
63987316
59812353
55557595
51331890
47131495
42933096
38716996
34527950
30385007
26163908
21963352
17769115
13548550
9391783
5226575
118631318
114402546
110274262
106035632
101842241
97621507
93417133
89175443
84988578
80775373
76591734
72348696
68196349
63997183
59858010
55706416
51519439
47359123
43176527
38944897
34760445
30587767
26353950
22160717
17938197
13701720
9494661
5292967
10771479
6554268
2387003
118465931
114265050
110134481
105909563
101696035
97547347
93315435
89066291
84860690
80615464
76408179
72237414
68083657
63811042
59690849
55493505
51317230
47157134
42978600
38810759
34679120
30511347
26310211
22078057
17840394
13572993
9339354
5169644
118366925
114161593
110015983
105847083
101606318
97397668
93213337
88950429
84760877
80551707
76316404
72070509
67923548
63721433
59597045
55436096
51218985
47040322
42875946
38675021
34477718
30293708
26087273
21894305
17721840
13495156
9302818
5143352
11802119
7588622
3430216
119096384
114894708
110742297
106560734
102336437
98141155
93953031
89726216
85540279
81346031
77125489
72924221
68721371
64490973
60292259
56098368
51846977
47623256
43404767
39152168
34941319
30684845
26439905
22226489
18003041
13748561
9497917
5274012
119023705
114760470
110538270
106319021
102072317
97840429
93627592
89365701
85141959
80914017
76660090
72483422
68302760
64040042
59817524
55653546
51423738
47255801
43121546
38919832
34753817
30592831
26372617
22226799
18048937
13828218
9655976
5521216
11521309
7329985
3181001
118578675
114374679
110233219
106069480
101797819
97572155
93392830
89057622
84894004
80589316
76387291
72174307
67940501
63708031
59530740
55395321
51227236
47067462
42883826
38674556
34512874
30325574
26115200
21977893
17776205
13568506
9402064
5228619
118012711
113817752
109703494
105518265
101314685
97159692
92984800
88783425
84620323
80469670
76233423
72000842
67835887
63628907
59499965
55322580
51099380
46925768
42781283
38572224
34444423
30302400
26083102
21917699
17738177
13531845
9353720
5184598
12869048
8669252
4541949
117979731
113738625
109581906
105416750
101209732
97051267
92880604
88673417
84510488
80335796
76131885
71964183
67802785
63595804
59432357
55291314
51120581
46973303
42808398
38618044
34430662
30257022
26048131
21891984
17711958
13493649
9324707
5143689
118196288
113999548
109843105
105660068
101447435
97296126
93119264
88903554
84739927
80615487
76354578
72189153
68053363
63795818
59614697
55442150
51244985
47107568
42979074
38775167
34634576
30462554
26287292
22103358
17919014
13693979
9507334
5326189
14519666
10293445
6173015
1929346
118585293
114310957
110139488
105971573
101743309
97557098
93389918
89162766
84970355
80814221
76603071
72466650
68277185
64073734
59914620
55779898
51488701
47332493
43167335
38955213
34788044
30620820
26450622
22237670
18071108
13889642
9691085
5490082
119585657
115368008
111245161
107013714
102785944
98600046
94407262
90124256
85901222
81686160
77471000
73188214
68963429
64720967
60491944
56271814
51992633
47764229
43546780
39289373
35064116
30844234
26637932
22344589
18084074
13806414
9592294
5362772
10299708
6034970
1813336
119093578
114827073
110631529
106413057
102158807
97979046
93796157
89515730
85310308
81113003
76875877
72690245
68491125
64267933
60121045
55938313
51734219
47546345
43344527
39113027
34922832
30726918
26478792
22262397
18032321
13780315
9569010
5344038
118875916
114624482
110418984
106192979
101923085
97729526
93410111
89146953
84918047
80678470
76427306
72195835
67966275
63693700
59494919
55304053
51089082
46935891
42781144
38570594
34398563
30223455
26020320
21836661
17667118
13463621
9291510
5141331
10041199
5841956
1723557
118281308
114054981
109884454
105706340
101489306
97332904
93130144
88892572
84697444
80524006
76297707
72149370
68012997
63842851
59723709
55576508
51385837
47194072
42990298
38744741
34584132
30425438
26222300
22008344
17845690
13584356
9415559
5236454
118662215
114444746
110293885
106129952
101909106
97774919
93532263
89301782
85098121
80867792
76590464
72454718
68243153
64072244
60551611
56391049
52172173
48013416
43829248
39606903
35441207
31194899
26971657
22785136
18592640
14368181
10169996
6030051
10987165
6759597
2585071
118997287
114674829
110453892
106235600
102029956
97876082
93717015
89545668
85274818
81139644
76865941
72688707
68537405
64266842
60138350
55891725
51681704
47511667
43333262
39121940
34949276
30759638
26511923
22286885
18058737
13793545
9560386
5316852
119096235
114860688
110615433
106383085
102105141
97879329
93674331
89427808
85238913
81028254
76801703
75563554
71407461
67226806
63067360
58851067
54663124
50426313
46214691
41986110
37783140
33577141
29349748
25124296
20901219
16663823
12453944
8246102
10782743
6559586
2374175
119178160
114970050
110965140
106941954
102749518
98612243
94422785
90212552
86076114
81862874
77626077
73484639
69283615
65040842
60913231
56682011
52552921
56582435
55327727
53594261
50304574
46080899
41854259
37631862
33373567
29158515
24992728
20766109
119101261
114850162
110670034
106471203
102263039
98098959
93874379
89645587
85411232
81212710
76986317
72779083
68557451
64284764
60132527
55854309
51613126
47423300
43142592
38907090
34717684
30526842
26277805
22072592
17870404
13641956
9430993
5245789
10495592
6257956
2060085
119309271
115062041
110861169
106674302
102437478
98254573
94007035
89745773
85583873
81306910
77110141
72837334
68611670
64334805
60124210
55975362
51784605
47627911
43454828
39209996
35009253
30815569
26571709
22347492
18126034
13906093
9722738
5538817
118553901
114326358
110173491
106002796
101783170
97598143
93399337
89165642
84982651
80784346
76566926
72426400
68182427
63968872
59800055
55644153
51439533
47308102
43121443
38902541
34713259
30514798
26308527
22154106
17999623
13802488
9644597
5437404
10580733
6330214
2133084
119455738
115228683
111029098
106804424
102560579
98332907
94101388
89831277
85606514
81379627
77150415
72929020
68712280
64477153
60312481
56074365
51859544
47679940
43425451
39155845
34912504
30693832
26422219
22200743
17982059
13743681
9514749
5261101
119831047
115592590
148324979
144141002
139887725
135701635
131488839
127251936
123065577
118874005
114654258
110362567
106166246
101928202
97752315
93561228
89317883
85117994
80913390
76731726
72522222
68338799
64123848
59971416
55776641
51568404
47399635
43238825
39022906
34857787
30674090
118863182
114616003
110453720
106298457
102044471
97864838
93680341
89473883
85307274
81192903
76935638
72785773
68569478
64361901
60204209
56026506
51802902
47646581
43482426
39258310
35084966
30934410
26683760
22477155
18250848
13985787
9787655
5570472
119763479
115508701
111316832
107097294
102844013
98618606
94405649
90147029
87135091
85234787
82521901
78254569
75319003
71211042
67692065
65532853
61321467
57604605
53386201
49793913
45537094
41338612
37102153
32844568
28647307
24429062
20184291
15956066
11768531
7525700
3316738
119407606
115118716
110903237
106759756
102513192
98251643
94073984
89839659
85646534
81470074
77222896
73024729
68855603
64628927
60474582
56297850
52057859
47894288
43630307
39366718
35219682
30968249
26752781
22548090
18342369
14094928
9958657
5786255
119245280
114987331
110829455
106687682
102446514
98233329
94071415
89841133
85646800
81464131
77244291
73092076
68949772
64698034
60589255
56400809
52188369
48076224
43871271
39621122
35495639
31279734
27043909
22835645
18556819
14342027
10108112
5852591
8770043
4508736
118907503
114636688
110433506
106207830
101979911
97798999
93568972
89310286
85108523
80894660
76668725
72431310
68214168
64004512
59797615
55627378
51453015
47241198
43036822
38815096
34645198
30472882
26216068
22009184
17788199
13539603
9324380
5098338
118930390
114727530
110521477
106345219
102118050
97957950
93720661
89486757
85286093
81105417
76870520
72593035
68393336
64141799
59979407
55809674
51605971
47436501
43251632
39053220
34882239
30722435
26517678
22294122
18067857
13839803
9662332
5397321
13401200
9230659
5015042
816964
118574729
114299721
110155541
105887798
101652025
97421022
93218900
89021578
84847364
80679501
76437718
72265988
68090270
63892591
59736580
55601956
51425706
47211011
42975123
38749290
34547049
30417075
26194283
21995197
17818605
13547940
9306517
5137710
118325054
114126966
109971408
105801219
101594366
97417612
93240170
88973552
84811003
80567893
76296695
72065036
67826433
63615225
59481601
55338567
51115664
46931517
42769053
38596895
34389156
30245391
26004919
21858097
17642194
13436384
9302140
5111010
9778694
5565311
1400303
119521516
115318544
111202458
106952004
102737626
98512873
94264820
89990867
85738873
81512979
77253282
73035237
68801574
64581756
60394195
56197207
51947295
47793434
43544166
39296288
35081861
30856483
26573216
22343553
18121554
13856620
9658912
5421816
118657044
114426473
110229912
106037101
101777295
97565763
93367068
89164161
84947155
80743678
76554643
72334709
68122683
63870048
59732477
55529973
51299680
47101896
42909834
38717665
34545423
30378543
26137327
21959983
17847905
13648788
9492717
5338410
9717192
5472470
1347420
118334041
114109978
109936121
105792012
101517491
97299465
93176385
88950242
84760103
80566879
76346014
72156520
67982194
63781909
59626059
55465519
51271392
47118030
42930920
38705273
34541315
30373040
26164599
21981403
17814810
13615546
9432657
5288469
118809544
114613842
110455575
106317673
102033164
97835025
93656578
89438474
85292941
81055206
76880848
72633100
68467723
64279923
60114006
55928861
51729280
47562787
43380992
39148428
34981240
30773758
26517906
22295281
18045968
13767461
9506234
5258660
10290086
6021094
1866842
118764915
114554099
110340264
106122453
101915845
97750738
93521116
89242708
84990383
80747056
76463406
72302787
68157674
63936699
59758502
55618328
51426806
47256949
43060424
38889498
34689139
30541207
26291233
22096893
17909717
13705138
9528995
5337789
118451616
114249953
110055885
105841263
101634651
97466699
93319843
89113608
84906003
80682456
76437017
72281309
68122576
63958796
59796997
55671527
51480025
47330757
43215412
39020222
34903341
30773558
26502413
22322463
18161050
13953297
9726597
5561102
10922798
6719191
2494673
118031930
113764639
109620202
105507022
101212210
97097944
92864266
88651986
84478354
80324783
76075458
71921439
67756806
63514821
59397419
55267517
51090768
46956911
42795658
38618449
34485532
30323800
26128807
21986008
17804096
13636210
9435772
5308704
118423316
114215358
110074513
105896517
101696958
97558153
93351096
89143753
84947262
80800088
76543248
72349807
68172409
63976053
59828120
55594747
51421388
47235845
43060927
38778097
34606135
30468310
26193521
22007202
17824902
13600510
9409374
5216840
12264489
8068316
3961801
118568613
114349254
110221919
105991919
101792541
97630556
93454834
89230508
85056063
80879865
76652739
72490769
68326073
64132067
59999932
55868880
51677707
47524740
43391802
39200511
34977905
30750419
26460069
22271004
18045351
13848734
9570052
5401208
118580099
114338629
110171708
105964808
101730814
97560913
93316202
89062084
84846526
80627242
76362783
72173493
67961267
63735566
59586510
55474515
51275358
47095581
42957223
38762567
34616331
30483757
26288328
22159207
18010604
13805537
9655984
5486631
12893059
8689796
4534106
118357392
114161409
110034893
105892802
101686476
97525984
93360630
89162737
85008236
80859146
76683446
72534715
68333847
64153585
59971583
55833753
51642592
47438251
43255700
39033504
34834283
30640902
26435794
22204430
18084957
13841034
9647527
5439388
118830355
114500805
110275736
106093546
101853807
97651470
93484658
89300209
85082654
80946892
76682105
72496739
68378724
64111171
59973002
55767969
51563135
47388704
43243626
39013799
34876514
30634698
26408462
22235307
18063581
13787520
9609615
5484162
13604829
9382938
5155745
983919
119186940
114891948
110724102
106436986
102199063
97982649
93816013
89528403
85293890
81062021
76786790
72654408
68429920
64241896
60018482
55864670
51654452
47486087
43278297
39017936
34831823
30638663
26405624
22220734
18039263
13815647
9632642
5426385
118420877
114198309
110077293
105833213
101585727
97374558
93149602
88906190
84700295
80481198
76217334
72016278
67828825
63583788
59433877
55305372
51098272
46983277
42859417
38650194
34490425
30345209
26170134
21985345
17864635
13671137
9514003
5339437
9689456
5467647
1313185
118343809
114146519
109997075
105821480
101616994
97458724
93286704
89087181
84928648
80782473
76606372
72400369
68246794
64049878
59929130
55774327
51579516
47428980
43271601
39016599
34833704
30670719
26398897
22159229
17936510
13766760
9583763
5384587
119354092
115088407
110903555
106785390
102514769
98337720
94157885
89937410
85767003
81592646
77370522
73139385
68977365
64722323
60569257
56416064
52212239
48085364
43960489
39779826
35639696
31475272
27248535
23116561
18966536
14767461
10607493
6445930
12620274
8400628
4273488
118604201
114388584
110241801
106095466
101840852
97601888
93393358
89170536
84990119
80864984
76685168
72534176
68399059
64203438
60059186
55921224
51709953
47560948
43413901
39224031
35070150
30927035
26684193
22488103
18272312
14010224
9807088
5575858
118937791
114675869
110514368
106260228
101975859
97742735
93561265
89311072
85119074
80891415
76638606
72418499
68248379
64029987
59891395
55694410
51444312
47247131
43099324
38895411
34735607
30547782
26350312
22190472
18024036
13806842
9680251
5507512
11540711
7332883
3175072
117744389
113549032
109372209
105232746
101026372
96863841
92713161
88500888
84333933
80208404
76038011
71907656
67786894
63566354
59415307
55286235
51106427
46946050
42813065
38623342
34511691
30369755
26175856
22034331
17910707
13720247
9577135
5428435
118099228
113905260
109785007
105649391
101450848
97289024
93133676
88915475
84775470
80634674
76447939
72276597
68126960
63913404
59770809
55617629
51419514
47294248
43074590
38861747
34711577
30491033
26309224
22109099
17979172
13744427
9564238
5408625
13685379
9482062
5325701
1167018
118530491
114319155
110152398
105976208
101805462
97582744
93400064
89181525
84998784
80822169
76597578
72405546
68226979
64021389
59888019
55765281
51573146
47381304
43151388
38877746
34725250
30494267
26325696
22154405
17971341
13776862
9552586
5341932
119004545
114836292
110593394
106480772
102161230
98030247
93732646
89555112
85292229
81087125
76823130
72634332
68501521
64255768
60136290
55915128
51746663
47548164
43313634
39048220
34864370
30677820
26455851
22276214
18099265
13869311
9684559
5545749
9829930
5594121
1393662
120235879
121855183
117664960
113475478
109224359
105040639
100835985
96614582
92434178
88269372
84051277
79882119
75708058
71502679
67297054
63084496
58849474
54677639
50486551
46279313
42111840
37924808
33710777
29555877
25430906
21206277
17036877
12864213
119841918
115538307
111344078
107108065
102897439
98674862
94353780
90071539
85898799
81608191
77330145
73094323
68851138
64573819
60332634
56085235
51808313
47569464
43320102
39041654
34790906
30551576
26270312
22028623
17780409
13551234
9382975
5205030
9184569
4978865
801581
119066785
114823033
111940804
108790749
105471444
101370892
97126545
92962679
88820343
84602538
80463182
76252942
71957292
67728034
63503427
59315054
55074893
50876659
46696320
42515993
38272732
34094099
29872950
25677346
21468291
17207479
12975570
8781578
119224636
114984220
110791964
106571163
102323488
98119863
93913562
89657822
85446653
81231357
76982769
72763686
68540105
64318741
60101773
55887358
51637997
47432948
43213437
38947932
34723928
30506028
26257444
22054248
17874087
13624886
9413120
5197730
8813651
4579417
119215690
114930820
110748647
106544841
102314687
98103265
93878250
89625103
85391557
81168304
76900340
72683300
68468009
64215786
60038220
55814329
51620258
47466650
43232942
38985886
34794109
30580334
26358399
22157674
17960132
13722229
9535989
5335850
118957279
114770330
110527513
106333620
102103214
97896763
93672039
89462411
85194241
80979944
76661115
72468167
68191659
63968280
59806967
55657718
51417966
47239840
43103890
38965624
34771309
30580813
26356859
22131959
17935640
13729823
9491797
5340470
12923855
8703388
4536475
118632328
114375075
110227888
106044491
101815938
97647371
93471473
89241604
85080189
80914463
76708063
72551658
68388323
64214510
60094629
55934355
51737650
47562762
43391499
39128147
34957378
30757261
26544075
22313247
18092416
13836537
9617697
5403481
118616691
114375107
110181403
105953469
101690057
97506489
93292271
89055515
84834197
80627578
76386937
72185641
67974271
63744195
59567904
55385276
51203059
47055466
42885250
38679081
34486254
30298315
26095269
21913961
17707100
13505817
9327314
5147653
13647416
9443534
5293610
1113887
118253963
114062381
109907265
105769482
101531489
97351157
93182797
88980526
84782082
80584128
76408473
72261081
68129423
63923064
59769787
55625602
51434519
47314051
43115506
38889664
34645753
30417995
26245368
22067892
17872261
13642360
9445652
5258232
118392002
114170928
110041966
105790357
101501792
97311650
93102393
88865102
84663717
80461053
76257418
72078826
67916087
63730560
59583770
55442742
51264285
47065794
42895906
38699646
34528160
30331528
26102773
21913536
17715862
13520594
9331135
5134207
10684542
6463675
2285191
118588838
114372070
110198699
106004871
101781236
97597227
93418687
89194440
84998829
80831416
76611361
72423267
68257325
64033036
59848200
55636757
51436527
47217234
43017778
38790688
34629234
30440990
26188886
22020521
17799297
13571120
9403580
5198362
118097885
113890713
109747954
105577956
101394843
97237614
93035938
88790780
84612441
80438172
76236038
72063090
67868978
63647720
59414330
55246188
51045286
46873232
42738206
38539962
34358491
30209527
25986000
21839158
17694829
13519873
9385347
5203683
11768548
7564419
3460227
117960288
113788376
109667781
105523876
101354799
97178460
93026417
88815634
84669497
80474752
76258985
72095095
67953002
63774013
59619524
55478481
51274060
47088395
42893619
38690521
34494304
30298031
26071591
21878584
17733382
13528274
9334968
5160775
118491528
114295646
110161277
105996689
101820900
97641368
93469237
89253673
84995816
80819547
76619835
72460651
68298936
64091951
59987043
55740754
51463378
47276776
43138426
38981338
34837214
30702800
26479878
22300298
18116422
13856032
9661380
5485802
13396434
9160040
5481644
1358445
118672353
114413817
110270824
106098617
101875737
97689344
93525710
89312474
85133751
80936178
76698717
72549894
68368367
64145633
60027805
55858620
51629072
47434120
43281661
39071014
34904787
30737963
26482662
22247029
18302665
14037111
9844718
5601829
118642789
114377470
110174525
105934049
101652579
97448684
93212310
88953287
84740222
80524338
76294267
72094735
67866702
63646756
59477025
55294513
51082024
46913154
42778509
38601178
34433856
30291269
26094443
21958860
17844307
13665101
9474628
5301543
9414212
5219264
1004673
118215625
114006170
109798213
105691663
101466217
97291673
93106050
88883792
84689502
80554571
76336581
72171298
68010997
63802668
59667681
55487229
51263615
47089902
42941098
38713430
34556352
30394632
26193660
22026317
17876472
13672856
9501267
5352450
118177048
113978994
109831108
105664792
101457186
97298163
93127551
88924977
84757982
80593890
76398012
72247295
68064797
63844486
59699357
55539600
51340566
47165726
43039376
38814653
34604219
30487807
26256145
22086368
17962979
13755599
9605861
5455650
10886820
6686176
2528777
118279836
114080210
109927326
105753279
101553288
97392162
93226504
89027210
84868474
80707500
76513463
72340501
68201423
64030680
59880251
55745262
51568469
47428697
43215780
38918745
34753787
30583075
26333494
22127053
17913104
13683520
9467144
5252562
118745310
114486638
110326399
106121330
101887547
97698503
93511671
89252095
85050711
80854282
76639142
72442622
68257184
64025470
59832070
55636378
51402178
47221468
43056186
38886581
34741912
30568866
26382428
22203743
18008706
13754923
9570674
5352066
12061974
7881170
3728876
118817220
114598595
110373124
106140221
101887929
97722431
93474218
89191834
84991431
80825636
76620219
72487198
68339837
64146216
59963827
55815037
51626122
47496046
43256277
39031608
34852116
30662367
26399047
22205044
18012005
13792930
9592775
5397453
118705625
114487038
110314451
106133936
101957587
97666458
93524025
89258503
85009095
80743288
76463560
72207601
67949901
63749778
59588917
55458419
51217315
47023374
42821294
38631137
34401334
30202536
25975052
21835994
17660420
13438923
9255162
5076980
12396049
8194760
4044939
118784951
114513811
110369229
106211695
102000538
97772208
93623838
89385279
85219164
81041531
76841657
72646891
68456200
64184240
60025364
55866818
51651696
47463583
43272084
39046538
34872116
30602912
26338800
22101270
17888667
13623191
9410132
5180947
119033281
114800188
110611736
106390194
102128148
97925742
93670065
89429795
85224360
80998068
76748055
72513175
68284931
64028500
59828562
55655920
51454801
47251859
43045873
38846885
34657809
30449114
26198384
21998290
17793751
13531178
9318819
5127615
12588576
8377104
4227526
118524345
114315728
110184792
105961403
101765104
97537941
93344171
89133947
84964608
80785625
76566361
72387721
68218271
64016210
59869719
55740632
51562732
47356316
43141656
38938937
34720060
30524054
26341722
22124920
17980292
13667326
9478273
5285420
119193041
114920379
110750325
106608644
102300220
98070869
93833828
89594343
85357305
81114888
76836386
72599714
68341312
64072519
59872691
55636889
51368568
47162635
43003085
38811906
34623733
30418469
26191124
21988343
17804097
13575392
9375444
5174600
12790889
8589794
4432756
118063659
113871770
109727502
105545642
101342739
97176789
92997332
88788656
84612912
80449383
76251985
72088820
67955522
63757459
59593880
55429515
51285210
47122175
42951237
38753004
34556104
30371307
26164374
21949132
17759185
13552726
9410615
5212206
119015327
114806447
110686873
106477306
102273086
98095306
93931122
89730730
85564916
81391966
77141498
72898964
68652587
64424585
60226618
56000490
51787894
47493980
43299217
39044160
34824925
30598225
26312606
22084598
17873378
13668698
9423922
5234529
13582701
9330047
5124275
913379
118757801
114505089
110330362
106069374
101825753
97608272
93413399
89175791
84973144
80767859
76566014
72396172
68218035
64029396
59890960
55723744
51526971
47369956
43192715
38923779
34717501
30568066
26259186
22021529
17836666
13646167
9459930
5301686
118511416
114268466
110114196
105927348
101638757
97464321
93279006
89067022
84880121
80689576
76435037
72197073
67987822
63748643
59561301
55387707
51177490
46998850
42833110
38602027
34413093
30237019
26028081
21888113
17712959
13510015
9332119
5195303
9784069
5578422
1425061
118265958
114063390
109896473
105729395
101505088
97332114
93145712
88919223
84723103
80543126
76367565
72247380
68076949
63852888
59720227
55564717
51373695
47176899
42989104
38787755
34612560
30481839
26225422
22017739
17841767
13602427
9420776
5253324
118026398
113759494
109619898
105496678
101302741
97187438
93030119
88815788
84646605
80541144
76343304
72196494
68071042
63899427
59779036
55631543
51441032
47308506
43145214
38941102
34789422
30622434
26413313
22274298
18108239
13941582
9754909
5623902
11363926
7123412
2995830
118131141
113958383
109772443
105620085
101449654
97330218
93218062
88988512
84859991
80641846
76516520
72391208
68170098
64037366
59902954
55805999
51629968
47472673
43280980
39064294
34890760
30740710
26516564
22329712
18133712
13909610
9725531
5548185
118596905
114411450
110263575
106093988
101871562
97840094
93618381
89479057
85310521
81089495
76928376
72763009
68643161
64412269
60269091
56355049
52179708
48007052
43783838
39621474
35450451
31200533
26967145
22761396
18566282
14378898
10228051
5952584
12393938
8126662
3927420
118470264
114251858
110102383
105935624
101736617
97595230
93452234
89255933
85110628
80971574
76757617
72570975
68365090
64191040
59973576
55829267
51650800
47491320
43314163
39104814
34931336
30757744
26500133
22314361
18088812
13835863
9645433
5423051
118762149
114512680
110352046
106133098
101892142
97684132
93487858
89250628
85024311
80832587
76611446
72441739
68248548
64030031
59828893
55674066
51459626
47270779
43095781
38918819
34736705
30552893
26352008
22152305
17958463
13737193
9545142
5314836
13143203
8920116
4743970
560428
118543393
114324132
110153851
105960316
101742869
97583341
93323856
89101375
84951374
80799376
76575470
72408153
68244165
64037794
59887450
55752750
51532856
47302447
43106268
38887097
34655637
30465999
26265276
22081984
17916357
13709195
9473133
5250815
119341077
115164069
111052373
106882920
102665496
98495687
94372261
90175751
86010006
81812365
77548557
73315241
69118050
64961822
60760200
56529060
52350590
48164730
44016874
39787549
35618625
31448455
27236377
23080828
18895916
14747939
10582822
6401889
9716197
5501115
1325009
119430087
115171756
110961483
106734865
102473105
98260165
94032541
89759506
85561109
81335782
77133357
72903813
68626142
64353799
60134548
55886818
51634770
47416127
43224636
38984711
34755084
30571458
26320926
22122629
17894767
13647933
9443180
5231312
119126446
114902042
110710361
106493704
102246363
98042661
93889412
89640045
85436223
81185101
76956591
72729748
68547160
64300139
60089481
55878988
51637918
47447415
43304250
39091989
34940444
30753986
26538521
22356038
18188394
13971352
9761352
5549105
9131678
4922421
765682
118468436
114253286
110099592
105921254
101746744
97584512
93397933
89189533
85045417
80871380
76655889
72438322
68247121
64037647
59867475
55656935
51405441
47230428
42955026
38740616
34564531
30373433
26152888
22020598
17870438
13658137
9482830
5310335
119199353
114989845
110819268
106619546
102381842
98158954
93797005
89557762
85330605
81145114
76908822
72746165
68523889
64228120
60023637
55812597
51574532
47392760
43201630
38938056
34758908
30543842
26210839
22005907
17821704
13591403
9381949
5191339
9411451
5208206
1064990
118582906
114354794
110187895
106028719
101764533
97598085
93399761
89176352
84991789
80810667
76639233
72444792
68302638
64103071
59946524
55776425
51549106
47407298
43235438
38953656
34784413
30562665
26323142
22149636
17960107
13745915
9572380
5425388
128613930
124389414
120243234
116102008
111847722
107653903
103496660
99244869
95071565
90904490
86690994
82519955
78372662
74182081
70048379
65822283
61600190
57411432
