3283815
469545
375527
364464
327071
228074
228583
208266
219051
216280
190920
231064
190589
161370
172458
181842
202349
176426
179297
145733
165078
203073
155221
162058
182967
152349
175823
160831
134628
173191
133011
148864
163108
165582
150639
172123
137814
142465
173164
165414
178130
229673
160420
152790
197545
144949
220287
178027
198338
160703
188499
165390
139444
176193
270549
144763
210748
163788
196288
174429
165164
149664
142412
186709
190712
132455
145464
181153
161290
175228
159276
158943
176975
149305
147113
156859
262240
148194
164094
158933
165349
173005
179444
147301
169953
135217
146025
167417
144492
221145
153029
186725
182426
188298
180882
174307
183951
223063
129768
162885
139326
170106
153516
178340
155437
160716
167724
164661
166537
116965
162223
152944
161738
150703
141238
176860
136965
153445
191557
147212
223987
160814
156765
128019
195547
159141
154190
133137
158546
141886
163598
133292
168780
185657
175342
186652
156367
168822
143109
158127
291086
178247
158943
206999
163638
183712
141650
187935
165706
146488
194996
169056
155281
194831
273843
149533
187253
157184
192231
138592
149757
149182
164374
187948
148132
172137
144006
143322
191953
184054
150254
154176
164719
235445
179035
160007
222264
157975
270321
154487
154916
212838
157790
151787
149658
173518
146438
143945
157460
171420
146641
152932
163529
163054
207720
145482
176532
168773
160808
149441
161614
145707
150117
151124
188581
222732
157650
196388
144087
193480
158034
179757
164302
194831
189613
149349
204495
178686
185775
183704
154411
172368
168226
180833
155372
208239
149280
182373
177228
273263
150674
186646
155219
175424
189656
164671
215426
160183
166642
149955
199572
183365
150562
150203
178673
161357
165377
164313
159655
160056
150920
148677
216948
232438
150045
156243
205315
155400
158545
151250
211857
176429
167698
132446
165860
218818
133200
178170
139514
156011
163504
140865
172810
171352
150715
290946
266989
185294
174976
222518
302485
177343
193639
167897
144395
281435
155329
182233
142105
165322
188409
191157
142579
161185
153325
191485
195820
146815
180707
178011
168861
210507
173656
159948
163987
184380
227488
183445
160623
142289
162322
147001
180510
161922
181887
169621
165428
137588
153195
193271
161508
150034
156937
162706
168652
151142
201820
219656
162040
166349
150647
159724
179037
153830
167567
216603
156185
178918
160194
160717
192364
200842
189869
155730
206326
166995
158211
150157
139547
155453
154131
156923
212621
179270
138659
141419
165491
162152
184665
163749
154292
188502
160177
169599
181631
144263
175782
211274
147696
152385
147039
167100
145203
186599
182475
163446
150537
184357
195991
157892
189210
144356
167074
182893
172985
163002
189444
158722
148759
148676
155037
165048
163085
201290
178284
158774
204452
203303
150453
183183
231366
215700
177744
185472
163749
163022
212384
152670
162443
159046
141967
161241
185054
177277
172061
151142
135956
141151
162163
168306
174048
218874
195726
154442
191430
141054
151982
177952
149475
149465
207422
133960
145530
163227
167908
155112
171654
157736
150516
146495
149426
171770
203390
189632
197521
152014
181729
197346
172357
140009
171451
174686
172253
164412
185907
148739
201288
149262
155658
137801
224817
212591
179256
151182
165823
145870
157134
179411
152337
184933
178058
175274
168408
154615
189351
166635
163164
192646
165306
161958
160786
213574
157189
148467
172090
205990
159081
151160
180162
167912
186183
156786
153112
150017
210569
198601
193434
166138
167275
157968
150720
139186
183909
159047
155915
145234
232385
139370
187147
253636
147186
172912
170535
192564
154920
164308
159055
153618
194537
148508
176349
156050
201919
182743
151826
154673
161277
167048
151613
133787
152516
152464
161558
211790
171455
141383
148715
160920
147421
161820
189313
178987
176819
183637
175791
173257
199136
200452
167467
340078
175170
167667
154846
161880
149694
172717
176461
164816
127043
223452
188454
137404
182725
137486
159589
159465
202477
193106
203084
165840
143311
173322
150811
160992
158061
159489
186341
163083
152350
166278
149958
206770
150601
153588
193380
197957
151829
168744
136416
169413
170793
156814
194526
160038
173406
149152
215292
197518
147394
143840
142056
168597
197722
178787
191712
160201
174397
147561
153332
171980
151609
171259
151598
168462
218259
177530
140856
167601
197152
169490
195156
152637
148905
180647
148416
278717
168131
139676
134134
165637
180867
168974
150024
155590
147396
153186
140707
179067
168036
162119
154311
170147
193957
153459
157989
209285
194406
175483
149457
177478
146873
165701
148327
154004
164496
232840
188106
204447
150316
135313
181985
210808
179821
156097
179247
149587
160940
201974
145708
140524
181589
186654
169763
178176
145196
150994
129696
156989
187009
151479
197915
153512
153408
120757
176951
159066
197892
147766
155177
173456
195745
149698
194867
272379
169270
170389
193524
161960
163730
162272
173784
274063
142672
150180
192249
164827
182283
206383
148927
187119
175745
177450
170324
140476
202614
181068
238848
181896
178656
151598
151106
140676
157851
151065
184659
131721
150086
154226
146122
195947
174488
199527
150691
150836
173510
170607
148753
182997
154063
153216
193827
262352
149072
183163
129108
190661
141253
148739
286984
167262
172836
185453
164368
154093
142054
167119
203082
177282
225303
171081
153778
172336
201835
151835
158929
155297
159215
154119
144811
199426
147970
171512
228816
183671
173784
262402
175272
203445
157224
151497
186105
150483
158870
159676
164371
191718
146635
148908
144669
147728
161221
160671
203275
143247
142836
265080
161092
154921
195314
209302
226834
172681
169064
159514
137268
168929
163652
190846
165839
159114
171447
157289
160631
154643
190770
140260
211568
158829
160239
151252
159081
198513
179509
151244
162791
202466
153342
154686
192260
144401
139747
160191
153584
151862
161751
139896
159412
173862
169848
169825
144608
158467
159803
183043
146285
197181
154926
159796
170644
175113
175322
172188
149788
186101
165770
161844
149470
159846
219969
164270
187415
170353
160485
166005
160669
167734
144268
181411
191192
207138
159869
158250
167366
193102
172895
194606
224250
175520
157585
142295
182341
169125
164406
164998
161592
160826
143611
197133
159171
157176
169962
136815
179537
201219
135052
167750
147794
161599
261962
165240
181716
170590
175486
155520
152651
167782
187036
161681
219724
156451
175387
189858
179634
203656
180055
182907
144243
143638
192422
168368
157152
177176
165714
163928
143467
140900
135265
154303
135304
170418
146242
148382
215060
155133
159418
153988
144620
191060
157181
219453
187756
166764
151738
178122
179500
167433
148786
165066
148884
158396
140449
154688
157771
174598
151209
175657
141255
139919
161255
173104
287470
152598
181534
180318
179387
292477
168308
148375
183054
204011
166552
204884
153273
143833
171147
135646
161794
150232
160268
201163
153182
146997
179058
173354
159344
165818
255775
149464
146364
158743
163159
151333
171497
144610
165932
135636
212552
156089
162494
207248
140854
159319
140142
202761
187265
140602
183986
138228
160031
187359
165698
146017
189153
158778
189201
175422
199857
157720
167806
173815
141027
145981
176575
165467
165995
194211
162769
157610
144202
170026
213030
158369
143226
177400
174597
150982
198149
144865
148916
171226
143658
152936
170579
193001
176994
151887
156993
155290
182539
157565
159832
162055
135410
129071
159295
162496
145036
183076
166820
159427
159497
178686
198703
153695
150829
155358
149573
196140
147003
156882
143015
158569
136685
152464
166696
140075
149979
177379
136409
143294
138126
160789
181133
143332
181280
186752
152643
165249
186528
284192
192627
221749
164352
286240
175893
160030
178900
194620
167710
161239
192870
167652
219265
180086
190430
174095
167443
171846
159179
157660
133223
184648
198297
146740
166268
172548
199735
194924
145904
230485
175312
151564
123347
158313
158156
158361
172430
208971
201380
139895
165610
135118
148287
154084
162857
160307
151793
147081
152442
153678
177761
191646
152790
149949
188527
162272
173187
135360
172854
160954
191309
169354
141895
152850
176925
163893
158899
190122
147910
146314
147871
144677
176791
160843
168370
173581
142317
145619
139067
151096
146561
154811
158936
156900
207351
147581
143882
155055
156536
150313
160915
148214
165818
147526
184936
187894
140897
135468
169807
152426
158546
150002
193732
176457
135889
173494
160095
199551
149344
161772
149040
154196
194777
173392
196367
152266
147556
168165
203386
190029
137855
132513
164232
166026
150598
154029
157961
198621
172089
187864
163448
151259
161975
148980
144688
159801
152907
141718
164390
156798
141858
151385
159429
164596
146235
159624
175555
204178
156434
164532
181711
141436
190054
162899
150757
279831
145524
120497
194270
184764
152865
174483
166815
169804
170336
147410
177893
179085
138789
135679
165905
206686
151460
153219
175800
179740
180000
166665
174208
191078
171845
161769
171135
155006
191843
161556
158608
165011
162305
152713
141390
154312
141844
136819
160569
169841
154058
137398
156726
161452
142161
150126
162290
166706
198559
163993
197075
194107
169124
190128
179760
139957
155197
171851
146398
164667
149680
185527
154558
161438
173026
152009
162520
162900
157800
187831
203236
155463
125102
157345
175882
141549
155227
168172
179182
143215
148973
131389
180086
161213
163244
184371
145735
154354
149442
143787
183888
186474
178188
187635
142714
148687
144193
161892
146960
150291
163750
139693
185034
154350
154320
136744
140383
149477
130332
162704
171747
162676
145656
151360
143667
147917
171718
193282
140837
286848
177097
135682
161980
139579
151451
176685
148943
150534
154627
155447
165569
157574
189110
149308
166418
138947
147938
146178
173539
158977
155802
147812
168149
127148
147395
172600
177572
122970
185033
186541
156556
194536
133841
173437
217951
138642
210969
167225
151526
157986
187758
184465
158576
147852
179243
160078
151733
155744
150695
185678
184824
157252
151873
154244
150552
163785
182895
116347
126638
157831
167201
154034
165634
179196
177081
165364
156395
159480
200664
278724
167126
157287
177476
170462
342946
168829
145958
145830
145411
211403
163601
144402
139508
154081
151503
199354
167107
188330
185714
156374
167113
143482
141530
216449
154411
173294
173888
139211
151335
132580
138308
152383
1336242
126729
175079
149665
166198
139569
175032
149744
165956
156061
169757
124342
184092
155335
141539
135999
179401
154639
142530
142324
143461
183964
140847
152949
170670
174961
150550
141523
136733
124052
149883
186036
146244
208169
150207
157057
151588
145766
152999
174295
125528
177986
146942
151548
134649
134681
131623
143545
152292
188058
150065
148742
200318
135511
143746
129494
125556
140577
146347
142762
157764
146253
158887
143242
139781
134655
142835
174201
154296
138377
157783
145440
178328
158656
177837
182892
119649
155140
162724
132550
144443
139685
125353
133413
118102
145742
180365
160754
207215
199750
164012
127529
169244
116564
163270
126329
154059
164384
150621
184253
132016
159272
148133
188691
138906
143560
133610
132942
154643
133425
148851
160715
255321
149428
142744
149755
135413
161859
151850
183705
146168
134689
145350
166443
148715
151332
145367
190197
270880
169899
188947
180162
141905
136125
176376
156470
161481
159927
134833
142789
141822
173260
145802
156989
181016
200222
142573
152944
152854
116739
150172
138528
126876
144202
125249
155108
180046
154733
147513
133807
178876
172378
175162
155661
134505
154374
138347
138891
194966
133540
139495
164228
159017
163457
128612
169683
164036
167933
138504
168280
141005
128253
156497
130817
137727
154269
146544
140033
163669
160930
202031
175038
130976
153341
153747
157204
144465
126402
129555
160662
168288
130528
137356
170680
125057
192812
115776
171438
151396
157519
156578
252187
138639
185303
151233
144340
137137
148023
165068
148539
124838
130063
170978
113806
134486
165815
146723
164747
150646
161289
135117
131310
221301
150612
134067
182212
140352
177832
148898
156664
201246
135274
164677
122772
148084
186308
155764
142521
140152
163779
137342
166872
118326
159310
136970
139725
148706
168707
154972
141469
162465
146834
164677
140444
158760
122998
154673
137146
167210
154519
140754
182865
144881
143901
151869
142761
179389
169278
159639
151054
160831
169561
174573
163897
144313
213749
169835
148372
141937
154817
148627
166104
154178
133998
145295
144657
135881
190485
174318
166779
148894
149339
161763
177479
158818
181599
140784
146970
148372
163740
138382
144211
379541
155708
150239
183784
188693
131905
210526
142159
159516
150442
144447
217820
139241
155439
279081
150215
165216
148079
159087
133018
144767
146456
154019
167052
159101
147756
153611
143822
141402
198883
193143
163156
158810
159658
184112
131357
159784
210105
147644
133987
197338
134151
147817
146090
146006
134974
152450
153901
174790
178418
172534
131022
142689
254895
161151
148240
180270
130346
153751
217408
190795
162255
149215
151661
138177
137161
172515
161588
143038
154333
161098
129066
143228
172665
132067
170957
142897
135697
179157
118236
148353
142966
146776
150387
130176
129290
167932
153559
140454
140624
152982
205917
145961
191558
142086
167609
152220
136536
279698
227345
164035
171167
134000
162809
142833
134852
264592
148045
420089
467173
149426
186027
144773
163365
161582
167823
142684
208407
142648
158763
136643
140271
173742
144182
129838
143314
179705
159368
192327
137359
123429
153412
138298
157761
153070
168052
147380
143826
167053
155126
169899
148549
148581
163486
140391
128661
128632
124424
183189
191259
139705
223752
128764
158481
189496
153035
180371
119702
136662
170577
139352
153571
147111
148619
130113
153955
178496
132880
212136
152797
245042
150582
137828
150991
178364
145244
133464
138173
198087
185549
196763
340210
191057
809650
135508
176997
163188
172761
656453
164084
195025
140637
207136
136425
146287
156304
191336
134861
166610
177183
131457
145110
137528
162272
147006
137321
254480
143338
178413
149613
159906
165066
143996
141390
374264
169294
167113
137267
144175
143771
145883
156008
166740
183672
130034
168486
143932
125364
141360
213240
145958
156981
156339
851038
123703
144028
184574
174664
153969
186679
292069
152135
170208
167061
168862
150746
146974
155895
180354
169965
151255
140004
142081
150252
142187
177595
246955
133526
148417
125793
160149
139977
163335
181225
186996
114122
180038
126730
140588
362925
144515
141889
174988
176393
119913
226660
156810
149906
143721
122672
126498
153539
127960
126742
155332
144581
145001
160399
137308
156744
151917
160931
276671
135938
127979
176434
141453
175152
168433
136759
169574
168280
143730
122197
182704
143250
148318
132343
153396
140070
172452
137980
220070
149733
147029
1073505
164553
155865
145118
121699
158011
194976
184816
1040322
157719
127574
141019
175198
151234
247826
137653
165610
185402
137461
143335
148965
130790
141133
134990
185127
170007
133206
173901
149962
124756
153598
162344
165324
168127
135738
178748
181073
957840
160568
155025
168616
134251
128012
126975
184152
147121
131754
191876
190704
172433
174854
1404868
140526
144606
183126
143304
151460
140175
133296
157745
144687
136521
436940
200062
160111
7235948
3080412
157976
185789
167846
186331
126185
159397
131654
157365
125123
157067
131266
178905
500778
190185
132710
135668
782256
117132
141345
193100
188223
134348
161271
189075
125424
145525
177494
126637
153466
179195
139899
150495
195759
152956
115608
212167
163362
138438
150845
129479
148796
175013
148557
153443
116048
148787
124067
172452
142395
154409
174077
136876
151862
168805
134131
118201
168040
134636
148661
143329
130723
187426
133707
159207
139658
132300
154097
166260
142661
155191
134442
168121
133188
200512
187210
138057
115554
166111
186715
135368
145752
152680
127010
145614
161199
164432
184447
132041
179746
118187
160919
146811
153424
154320
147191
140786
135635
127697
141859
151185
131198
180206
139169
150254
144433
173332
243621
175641
155474
139493
175316
119713
181792
110351
184784
168701
137080
167227
268806
491407
176628
139940
161860
143549
143394
212750
130563
189717
151417
139211
129366
168860
212484
199288
153387
126501
135568
175812
142625
137540
154269
157672
164273
143327
446822
130405
174703
134724
148115
139215
122364
124987
136612
402583
126773
206662
166575
375661
139197
140430
127660
137947
168919
1132553
129850
521702
1731199
157364
170389
137360
140056
140930
132152
121618
224597
146805
137382
263287
153524
196066
148809
261169
138612
169222
134107
128195
167269
123568
135529
159449
157142
151615
149702
204225
161816
137028
178311
150069
157837
196580
167436
186898
138546
207084
163349
154175
148610
133192
143472
127655
169154
146856
154475
154665
131656
134581
142726
163475
133398
137504
180141
151617
202238
138716
157316
147304
140365
156080
162343
176436
143310
152938
146097
167282
157286
163217
134757
127014
135715
150465
142573
154461
155979
130520
151149
129828
150698
136173
166727
192427
168165
136560
153879
162091
138655
139023
160780
162798
133665
151402
126901
145166
135665
152218
131340
154658
126221
141557
159682
137200
147689
182628
202278
169384
121297
876595
836784
169418
141466
156266
193898
141901
183430
180466
156455
144180
327949
148111
167167
174602
137324
148869
196171
917103
130196
125788
158537
141503
1008477
142736
142079
124635
147770
141576
119335
185878
159244
140897
151745
127285
185868
170025
137137
145591
160185
123903
155882
147900
130792
163017
173369
125177
133010
126911
173083
163338
145723
154547
136064
141305
413989
270836
176811
156163
157551
150158
115749
393524
115197
147140
134441
138866
124063
142918
139730
115804
125243
195506
168635
178933
142900
152628
187006
129691
139073
141035
134696
191764
1343278
142424
575629
240075
163918
135883
546136
133788
136014
181610
156872
146349
133842
178434
163504
206461
181425
123433
583113
189256
139144
137421
139726
129976
141045
137354
156783
160871
135119
160716
131115
161952
185050
1098617
129955
136049
138194
139031
118677
139871
148551
123660
146518
165556
148336
152704
185891
179145
4764798
587147
152393
163057
139265
271472
158223
164634
156463
150951
135165
138544
165028
169462
249186
133634
138419
145423
164431
127094
132950
133775
136693
134567
330868
142898
706403
154625
1583219
128077
155202
179566
164338
134670
152717
326042
218161
181825
137632
144651
145255
211002
137442
135603
203067
129716
151112
140633
140674
178777
132086
117174
157779
138079
134230
156985
216431
124852
147579
724585
182056
153881
129076
164939
139604
236740
161107
119935
181566
161939
130108
177087
182939
166090
154807
150818
158064
183495
148277
171470
277594
151395
183262
124051
134089
186597
147702
188007
127516
132064
135921
176751
165506
154460
1123369
144232
124268
178130
172116
271256
170023
131590
143999
3317959
163024
157013
129966
174657
178016
174073
155371
170155
183667
147095
153773
129367
153748
185072
126746
156705
193881
133985
149316
142958
172662
146508
141393
175642
154198
164720
131957
172746
154513
257212
192583
147474
856815
169035
144192
153152
117777
169918
152300
157780
156045
723173
131458
135574
142958
169137
138821
212203
151341
145422
148895
135849
147126
152217
136045
180752
153492
164200
136927
195185
176495
293828
191166
151954
167456
144424
131392
194652
160063
140385
135845
139151
161365
141022
140874
152865
249343
386484
154080
143981
122329
160779
134539
134925
638267
168452
160816
154766
180848
143847
139041
150592
136519
147334
286151
141885
169950
157609
155232
137465
146765
170754
151017
167745
156334
131618
167462
135911
144373
173220
143851
149490
141710
144658
137507
126320
133819
139147
180175
126969
155280
136628
148898
183504
177015
134291
153683
158595
570382
151088
153113
135117
132931
136890
126411
163888
150927
183203
136402
164317
141502
133868
164389
137885
177317
165364
177267
152317
162689
145770
160864
139580
262750
194650
152955
126890
185512
118897
193335
137146
130134
154149
153497
154529
143380
142438
169525
170379
124982
148321
158687
124674
173706
140079
126753
141942
188717
129382
131470
168623
184391
143501
132367
148737
173455
163225
144543
141830
152798
168663
149916
154102
157798
275257
144636
136590
151658
142334
127620
177732
146609
152465
130271
132973
121896
135286
164464
191299
125182
172399
130963
124619
170442
133839
163752
126365
149744
193170
190053
127242
138122
151232
162361
267200
134499
127078
128301
143426
131817
163638
154482
144157
190475
168185
146676
143719
183037
185656
156034
430932
139173
159875
140767
157138
397729
142322
152226
127501
116530
202063
125116
142846
146680
134652
160173
199487
212715
154381
186816
182205
159731
160542
139132
145896
121988
130065
192684
126837
139610
139614
179137
150309
150185
164534
173172
151718
247344
137072
215101
160770
139279
141298
166198
142371
204606
142428
156176
170954
170571
150612
149831
139939
180913
127825
153812
175574
144042
147573
143868
187016
146551
179958
141432
148068
138097
188464
152092
150928
166361
155867
158842
141629
193244
161548
176992
159286
180996
171278
148199
149435
142568
129666
125555
190221
146110
196816
154879
191680
115696
127213
155042
153171
194149
167337
153696
687485
133060
225233
125408
117020
140920
139468
148506
177965
139763
137880
166302
144148
160143
133697
169147
144279
177992
134469
651634
185291
130348
1190969
126688
127217
182886
146501
129165
164313
148735
148072
126883
193237
145319
127369
198893
124277
155257
140165
137362
121364
177951
129097
153765
151693
540965
145596
157448
138425
151771
181108
153778
172812
137563
181054
185762
125250
189832
140142
124203
131049
137740
146149
111935
140940
127078
128938
150806
128576
164003
178672
139416
157918
160370
156472
181097
150477
167626
137189
154616
136815
176068
137239
159530
2055006
183391
148137
128977
155445
130733
153548
132170
177490
129708
145052
145237
145641
129334
164175
132944
272693
129552
169964
166584
156110
127651
129104
148652
217685
166459
133704
170418
149789
205299
159221
164422
176231
150513
163674
124614
134985
150016
142730
143356
160113
156043
127024
165402
140680
190954
133707
159032
124510
256485
155479
163734
138095
176884
136336
137476
137488
168323
162552
166303
156449
147056
143982
137798
176166
173939
179160
152739
176639
155958
174834
154654
128257
145312
161698
192804
147990
151461
192086
166458
125208
150917
160555
171255
134936
191238
123419
138141
157092
174733
169095
146389
140339
138907
170584
138904
123620
155634
158183
149588
132900
136822
149284
144594
122559
132184
181082
142853
184518
160584
178464
156841
193592
128520
162365
183998
174573
156665
136600
152112
158854
128545
134205
167630
163433
141409
164968
129882
263171
135052
161919
188682
156619
164381
209334
135427
128006
156680
144008
135356
189679
149675
135311
150176
121969
152904
171367
141694
173801
145544
162183
135132
164953
182823
181493
131030
167194
127735
142416
167585
486760
139789
145818
144739
140185
162110
129697
134871
147579
167308
145801
127612
133734
154698
185754
150965
157064
130946
141705
149278
142242
145882
163243
162187
180534
133095
142823
135679
150668
263104
183953
129770
183768
188358
182857
195878
154565
154641
142003
204582
133903
160452
144481
197591
162519
122788
153313
158513
147950
162637
145460
139067
139488
141648
164262
162821
137658
119355
182508
140571
181999
173868
146788
177408
138010
127441
159410
130360
130579
166153
139252
184016
158698
179140
132240
138349
128240
173876
155237
172731
186676
139644
152472
164432
181613
195357
175022
160954
141255
224761
152011
121037
135200
133698
150409
160565
179139
154536
142293
155866
151061
139657
162210
136566
141640
154170
192080
189281
125241
148147
164323
173447
161421
134805
133569
127622
127299
184833
144968
141429
248220
133422
146692
145820
107167
138644
123555
134105
144428
127761
178625
141620
138725
176915
171843
150967
162095
148465
143170
203355
185939
271326
135537
131418
140173
139256
165039
141360
161587
160595
182306
171949
155639
136525
160234
194193
157485
186119
159665
125625
184219
156876
166222
143749
166951
180936
142128
128364
194497
141386
125579
128457
137525
129184
144918
144564
186551
195150
139226
137168
175230
170361
158484
142134
142653
205065
156271
129667
156167
147476
156115
126068
148409
168551
155352
120937
142275
154227
156551
170792
144364
131304
168834
143473
161680
141389
164798
171368
156031
172512
131217
144997
157544
126154
149619
127608
128153
128339
162045
143012
180632
168565
144914
134170
130700
162201
167562
137107
185257
183704
142200
138775
156269
150459
121987
151873
129711
203782
158905
126440
161144
152285
135810
156338
143567
180330
150780
127000
130316
185590
173895
140117
120271
183562
138577
195016
154573
147148
155022
136192
154069
138813
137644
148033
141117
138132
136186
139257
137370
152924
121881
155997
150237
165048
148663
156422
156977
193098
135760
146311
162845
187726
141802
130780
146265
157942
152829
149634
126308
134661
133590
171900
157408
133980
192119
163669
146338
202875
133900
143361
127977
153482
190997
132208
137381
195222
155273
220657
144143
162757
161427
169010
125605
154975
144422
130877
156651
148576
141113
259505
152852
161643
157478
139603
175309
147044
178545
134800
139057
136807
150361
132930
259564
152656
206091
146421
139918
172887
149473
143194
147430
143674
135091
133936
143515
133079
128552
134294
163642
155511
165393
147026
155742
130012
128943
127759
184368
179762
142198
138211
169215
120981
172851
185209
117757
144789
159676
128219
140833
136458
142226
233106
170792
137017
214102
175793
184363
158430
155399
168016
131497
150104
154836
168771
137890
188747
136153
166658
273459
168521
173179
174393
129992
182289
122717
131757
152040
171748
136688
173334
139273
112725
127913
129171
130342
170659
140217
152980
156663
152510
147284
129855
164650
128944
133678
206078
140252
137441
138991
242068
172189
159735
166667
152866
145897
136563
144094
179502
143871
146496
157969
163129
135905
133875
135114
140336
156091
142312
187250
224881
159085
117879
129863
144836
165746
141513
132302
157630
119135
195439
196607
134243
145525
188962
141706
157359
162041
191422
136332
179695
188391
131253
149904
129941
133554
258108
198734
135177
129211
149299
154841
191303
165080
145328
163018
136761
140170
164488
137086
131846
133249
142937
143369
159346
174380
132369
155782
155131
151901
257619
176096
148206
171295
184585
173537
157366
184748
141418
176552
195442
138416
175268
139641
195056
199360
148456
120047
213074
151494
153439
189656
268774
150496
142978
149905
161143
175024
132755
126037
163669
120165
141767
164927
146732
180508
139035
150176
158525
153105
140607
148128
156774
124822
219074
136029
180986
157464
140990
157035
143392
151133
144324
159160
137619
175112
160365
190745
151655
154418
147789
147793
146304
127072
221155
202710
156923
187047
136797
130332
125656
178899
183788
140224
150802
167881
125797
172050
212068
166899
150141
179876
172302
143958
122662
152964
147510
132965
179680
147276
126015
136924
137725
131060
142987
185277
126652
172282
178898
170465
142910
149651
124657
121978
135376
143766
116598
178055
141180
159489
150611
137857
196026
156563
178204
167058
138755
314937
360367
158499
129871
172851
156163
136967
158029
137189
165879
213694
139152
133485
137694
141721
155793
168623
161031
139598
166232
149809
190901
205663
147516
137020
183269
185944
148352
119423
136300
133882
137594
161514
140836
171255
133907
151918
124524
187898
183532
779799
159517
153999
150401
177312
134865
148503
143166
176362
123582
190814
138185
143884
118819
153171
246971
157495
132446
145117
174323
175677
1632357
159384
143461
162172
142364
157414
133811
168475
129821
129862
157778
146439
148563
178736
138814
133852
129183
142430
141935
135010
147738
189152
159711
131382
167556
167864
142720
157049
143754
154568
136495
186683
169673
140871
712332
155509
134704
135722
186959
200378
168124
140504
138587
128370
131847
138561
134875
146060
179549
159791
160622
150143
136251
134382
138920
149584
137613
140465
129125
166208
138103
164143
129180
141723
167106
195479
139245
147047
118121
152217
134490
156783
174415
179128
162666
185843
157091
146863
154171
175438
140093
138824
138810
141459
142794
150683
162849
150341
131285
138227
142816
134671
236744
128132
144938
135545
208086
131984
132451
137934
140798
139386
139526
170626
131640
151625
135661
169335
123815
154322
156775
123805
136393
130738
134094
137608
150245
197665
140191
150108
160773
138310
176919
161823
136234
176707
167687
141966
173140
150457
184676
134961
124283
155434
132354
172876
256661
179686
155536
126990
133658
134824
150781
127897
127270
183068
169031
160686
272534
165321
129945
135208
167237
142504
123196
134256
178768
153561
135553
268420
170394
152969
131023
171612
132828
186532
160263
131936
138593
156483
126633
147282
135776
130276
137223
145368
138252
137938
137638
135951
127170
141097
184385
131206
155173
165368
141011
144558
143298
126773
163311
148825
153507
146253
163734
142383
120573
162207
145272
203185
149869
173760
168344
124732
159246
188140
277534
144221
124568
146667
141691
122467
128048
156002
147235
134485
148983
212995
191696
172769
161535
154155
131346
157058
165590
141207
162131
119355
136350
144439
169951
149309
125908
165891
227600
179000
142611
198661
124473
168201
163668
125177
162697
149064
149321
144298
150009
153728
153083
151800
166150
160235
174857
183430
147653
147617
152210
161579
137644
130993
166817
149423
156774
199136
204431
142058
149972
123674
152968
124727
128561
121680
145517
182806
179551
143665
130159
142718
172507
141078
144548
145697
145848
133585
129867
134093
150784
161961
139759
160157
161468
192186
157402
148417
131135
171062
153054
126862
136978
145602
132766
158474
149823
151880
138443
134790
164550
136645
149996
146377
172633
139442
132891
177074
155889
149447
146910
133451
140971
135070
180494
155045
145512
136215
161908
148156
156591
133676
143177
130826
198362
149641
170249
208831
139659
150209
133850
124924
128499
140336
166754
177626
123278
134096
150776
134491
162701
175702
156960
166852
203831
132902
159690
158196
135395
137458
136824
135892
160883
158770
147210
133163
147425
216815
148982
195412
149494
149282
144374
153917
133934
196510
135567
138654
186656
168512
146044
140772
144945
191639
172427
138994
147898
165019
132236
174191
141679
137698
177892
157504
158474
133896
168421
149979
138959
139037
132496
153909
153197
152326
155545
146483
151449
146100
164117
548954
161182
138589
138698
157671
160645
169567
134158
164087
172546
153897
149761
135133
147031
148778
180322
139194
173814
146793
192286
146113
176889
175736
162075
141505
148537
132593
141828
125846
140626
136555
155200
129157
184843
152813
168708
136668
247987
182849
166328
154571
177243
189165
165026
174365
119080
183876
149438
124475
128938
151504
183874
163910
157675
250172
139417
154102
149146
134423
155105
155544
143486
146599
145592
130573
154512
160974
159610
118919
142710
167194
142884
175832
149679
152950
142091
119281
159590
166435
170674
165068
731597
145686
162120
137578
139682
122095
124143
133445
166712
160016
159713
145800
129913
158055
156627
189441
126888
162053
130200
138575
149095
142684
138629
100637
145976
126967
119953
146664
153151
134040
133990
136569
186388
192799
151283
156641
189472
149483
190140
177673
163412
164570
420231
158446
195192
211276
131806
163099
193781
158485
155820
154366
138056
175411
148311
140964
178841
137708
165782
139238
146623
221373
164209
153037
165505
153594
171831
149015
152171
133637
144686
122534
146942
125260
168921
150820
148637
140339
150700
184691
181274
156619
134852
158773
152986
137525
138912
140715
167056
149579
187079
206589
160811
154217
130240
141339
169895
512663
138360
141198
158069
194455
139713
161291
171344
140605
140515
170259
147542
117912
260102
191894
144748
161676
133766
149800
163089
168528
148132
188351
169664
128130
130330
132822
131021
134668
145839
194972
132081
170476
158581
176498
139542
179902
145955
141463
152931
164141
138865
197175
142321
137446
149421
161578
166629
119474
152993
149105
125831
127055
143589
187524
134886
157561
129445
190796
138963
158953
156712
135960
139036
186853
144596
155299
119745
166989
174997
181490
141556
143337
152752
148232
140301
133797
130924
125079
130262
154833
190246
152004
149363
146771
172020
130196
140374
163496
153992
134228
159122
171572
122511
183821
170667
148448
145893
135570
159692
143395
143456
149862
151824
124743
147493
127417
181824
136564
164847
141983
142209
151680
110759
149943
142698
156135
136512
143741
159136
140409
144536
141964
144779
142753
132157
168012
138169
133491
154070
151687
133346
145479
172761
164207
120531
179851
188881
151875
144562
161177
162779
125206
130752
132482
151018
130226
138967
154476
149042
128639
168580
148914
138394
165712
145244
141935
127245
129404
116063
136901
128492
143606
148727
177578
181170
151497
155398
121458
171451
140705
138080
138751
146873
145000
155718
120171
115834
131492
145449
145207
176127
134707
187495
158920
140937
165589
134313
168664
129244
154647
169965
131959
157694
153685
140384
169098
162119
133909
129502
121024
144243
196569
160629
124903
131980
152156
130273
143462
162542
148612
131120
134473
140108
175350
131141
175045
151830
163959
288820
161607
138965
146077
166578
159466
175314
157906
144479
186938
141113
120809
160558
138632
131627
201474
198006
150510
262030
147843
184232
139588
188054
166652
118775
157476
154474
175153
147100
211430
153563
143106
139573
174905
161827
177539
168380
145568
195559
132901
160333
126879
166502
134539
148505
141572
174127
144173
184711
125251
180196
192482
140836
149580
141072
129157
168406
194734
157480
162424
167875
232323
146436
151569
575943
151139
144987
181398
123866
161513
148862
138937
190138
209504
115649
153714
156716
132088
151685
148061
157956
136386
185968
142116
162846
138420
173898
192567
136080
157489
567164
125176
206074
127323
113427
123499
151560
178199
191386
174300
198179
126624
159497
142851
151522
161856
144513
137752
145067
139476
146780
164815
167049
168672
138455
133907
148166
156922
164410
142494
158618
188892
128889
140849
133923
152017
134806
154513
127360
141471
150881
150160
166546
135609
169854
116100
143116
153457
166339
139633
157194
139322
137853
140364
174396
146949
182549
200511
116157
261861
160381
131524
169015
148017
126149
138359
170042
140861
146456
186065
125868
154934
135974
131153
133132
195219
146136
283876
193527
144974
168083
174577
183944
141953
140815
144284
167468
177469
152675
119097
121599
136617
162539
134353
158400
157245
156177
183705
169716
145902
150539
156602
153237
171992
148326
142029
185776
144865
131155
137110
184042
151685
158912
140231
179776
135084
165629
133478
162140
136594
148045
172723
180859
136865
163722
200577
179192
125134
145555
132641
128193
139747
134404
146342
132694
197960
141603
539596
118079
161638
127485
155932
186656
126864
143643
150566
160935
137652
337301
162984
144383
133374
142941
154742
182436
478050
150805
149149
141901
155122
124421
155947
134317
209345
154982
149330
140615
139688
141128
150874
172711
142974
153215
146232
158814
142021
159232
160444
180096
133763
140351
131436
168514
140514
172306
142407
144084
166532
135789
158908
195041
157244
155453
152334
163756
212807
128063
157847
136277
189448
140586
133140
126936
153062
170982
172389
162431
175634
128843
170158
139893
146490
157196
125862
179979
190802
206518
146421
148580
153427
215317
155286
178511
150903
148075
137987
156770
164284
170338
178325
173862
166753
160785
144440
122944
124952
147945
157961
134159
151539
192544
137564
155649
138564
262228
130056
143275
133565
195781
131577
138005
141208
154513
147489
152756
191428
146618
133680
191356
150385
160925
149997
145258
156813
174892
148445
152105
136941
126177
140674
203976
204040
149100
119293
144857
172999
141072
213098
135848
183618
122796
172087
137520
154775
171166
127462
177217
159704
117176
138817
141919
148946
145077
145639
198304
134059
165164
183300
170597
152644
131746
181501
147712
145670
194549
141240
179991
135514
168730
142250
165034
174444
193190
145933
169802
152689
151504
148800
149326
154298
147303
184548
125770
156153
140491
180761
165660
158813
163734
162977
136252
177099
122872
188456
155791
130654
136449
139376
150380
145973
175953
165665
144245
171634
149924
134001
126767
131509
133240
167764
163730
139317
139495
166671
161440
181326
153927
184153
169559
120929
195344
141113
171929
181516
148851
154140
179767
202150
171759
143588
166155
141969
129618
151109
175217
150809
160057
144721
145805
157432
166475
141923
142313
185013
160830
140671
157519
134966
127039
145531
143121
174938
126646
164687
184878
151310
151687
171737
132964
136055
175344
163094
149777
170245
137912
148965
192497
156988
152454
264385
127473
129943
139464
151373
270720
141022
145244
142218
137403
146690
173020
181215
144050
191237
131741
145678
147842
144246
145606
126370
165216
141913
165032
170592
177646
162963
149036
144991
141052
130042
148487
171666
117307
143441
142402
194283
150805
139429
182287
139685
123382
133714
177432
134179
190302
160760
154790
165255
187634
140566
139428
152782
145364
158614
191593
176182
594243
151723
160832
162484
136587
141206
154417
281416
137014
146460
164513
160413
162152
188917
144135
149222
170060
149826
186749
914278
179456
138869
148120
139882
140197
166496
168126
133132
152731
143928
139650
123759
122061
143702
134235
155275
138260
146410
142883
129727
143691
149885
174625
134736
132893
144302
179545
190782
143060
144345
156604
189140
157452
132569
124856
156464
180573
180308
153013
162405
140196
141631
132962
159580
147591
195452
148238
170987
146733
179366
126763
144437
149219
130019
133862
125461
167220
122961
141178
153931
141606
148025
136858
178935
214801
129438
128131
160826
153610
151915
147875
160467
154250
166046
192155
137822
210186
199821
146182
161283
143278
129348
133810
183776
133576
130021
126479
225512
127014
209584
158036
191619
149438
156967
146811
132721
139328
179846
136356
153455
131391
198994
148321
136722
135921
158778
126378
143149
153403
140138
198349
144319
145968
139275
140404
180048
131957
136523
277158
165987
167667
116968
154850
134411
153280
152821
130315
140394
137821
183791
199457
128575
158927
179060
159817
262037
131049
175229
153622
172223
128218
166118
150356
176085
177917
141238
172550
203897
131327
193180
159310
160347
176673
125320
133626
174720
158539
287403
174065
126055
149165
179345
175043
148859
169182
154057
200748
208676
262979
276655
196760
146817
260068
137969
152162
175594
195895
164914
144615
149649
156337
146141
172363
148948
143768
116225
128560
181410
136723
193003
134009
163735
135229
135878
144094
276326
185640
146349
297881
122629
137523
185710
145218
151794
187407
139537
121783
141764
141478
147788
168315
135820
129296
403700
149160
169689
195250
150783
160104
154437
155659
185374
130168
130144
156848
134670
174260
175443
157887
156801
136924
285894
145836
145721
135441
185822
164527
141434
151037
191941
178321
167383
146654
137709
259142
174297
152401
147980
161311
148204
153804
193983
270086
146496
155268
165722
131792
136819
142456
166504
209899
168970
178048
159767
126753
158737
170803
152416
143381
210527
140185
138639
159628
132148
191568
159391
169745
134165
168012
141696
202030
173731
166343
142041
162563
199989
166976
140860
152099
197595
126792
184413
158902
140335
145997
169120
168424
179037
134438
139840
170083
172881
136069
187919
153765
170397
148725
185615
166662
147694
170602
152012
184735
162996
121182
138383
126284
133165
189584
119460
134185
202263
194870
161366
177502
147799
158881
171975
152130
203810
136732
163703
204072
150008
148449
159083
290499
156691
141997
186742
154212
138464
139726
153813
140581
189051
149847
164317
139713
133522
143650
131107
156649
175334
163741
177281
136223
165711
198120
143404
145285
206952
139514
171497
190024
141532
121420
147054
252439
169822
142746
196073
161578
123395
145211
181683
127275
201404
134156
121459
161533
162225
128953
155760
131729
177691
202713
178247
132946
210721
746492
158462
131857
145625
187284
143092
186815
126954
211224
133478
151255
293500
141635
114169
131452
152302
161200
178720
145991
126909
160872
160219
121716
162676
128633
188451
157652
208646
180755
130869
134674
115022
204651
180938
124999
195612
138976
145279
168030
157124
189873
162462
156149
144723
185033
163452
135628
172669
162333
156912
144805
135237
156230
138642
185938
166361
201604
139131
143709
187172
202856
143904
189939
176427
267166
157519
146739
133646
142993
146072
122504
173573
162634
176437
153508
187019
163249
174441
149868
151653
176063
148052
147479
159718
148702
180170
171046
189387
155540
130171
155183
145153
152346
125232
190491
156190
162468
169134
189590
132018
157103
161897
124965
131767
154310
138327
159086
155434
166029
161930
157974
146227
129227
162811
143587
141000
160678
164451
131798
162372
153461
137027
169494
140342
145657
201472
133471
124295
157340
165886
141666
170261
137279
153526
125311
157730
170977
135998
172203
160111
150699
133186
152329
135336
150144
190983
149734
155298
179454
162934
135659
157480
144530
132935
183525
197933
148701
140159
181448
164965
156438
152058
160230
122873
140946
158279
195559
143482
139650
132871
130561
144683
145573
170293
185109
181456
137439
120836
144319
158821
145674
125892
154044
171745
155396
129920
172242
176570
151680
135912
162581
137718
114467
151261
131219
161493
156140
150982
188232
149675
160926
138066
164332
146487
503757
120215
134565
270612
153698
150680
174998
197190
146249
270697
140524
172934
165381
133144
156579
176184
143758
152713
146615
160331
120870
163919
130011
191784
177485
141821
118046
115738
142755
160480
148579
157780
137383
167974
138409
153593
165290
164983
158184
141336
147489
160185
126655
157404
183042
146056
176055
141718
177600
150591
141330
144842
162355
136413
167892
137955
132577
136159
165959
142346
160659
178206
154679
142094
174994
190125
141080
144802
129726
157483
131414
138949
161549
174146
144109
141705
173518
164234
156620
149167
141433
131514
135311
152993
170668
130134
181255
135441
147226
172913
169034
184476
139056
145778
133604
155035
197257
124170
151603
165265
164405
174443
161727
180388
179489
152019
150083
135035
167782
165943
141566
155840
155017
173957
188192
159125
156069
292615
167842
166323
158815
153737
217149
137771
147032
154269
158217
203221
145161
173343
130982
129846
169222
153975
164992
138195
142032
163481
137374
126980
151515
147125
134916
120079
171202
132074
149118
151327
131453
141494
211541
132928
135678
144134
895431
160324
159975
129644
141406
176768
127037
134564
140322
141473
151429
144516
155829
130068
221361
135463
171904
170539
125643
209162
137073
173173
144292
150012
155974
143086
156749
204270
117032
124812
254415
180893
206032
130903
165401
134307
122522
162389
131677
210015
153137
147883
146809
167104
162159
130093
117552
143693
156860
184364
136920
142724
183656
124144
159194
134214
168404
181427
182187
139085
145941
166658
127698
142613
151431
123717
168615
129227
329618
151421
140403
125497
186487
143554
130533
139497
151409
132531
197194
210152
178753
144571
155398
188255
158439
173500
134850
189418
155694
167908
172668
208392
192246
157213
117955
152498
127389
161405
150256
224363
143036
165446
176122
152738
251973
155733
143950
166331
149118
201442
217800
180852
194369
122191
174366
174869
187790
164679
134190
135017
194426
180457
148362
123296
160135
151823
131576
145618
143229
193756
190732
177371
225438
124665
171710
160432
154914
150316
159327
204263
144702
209288
136130
196564
189182
168988
224243
130648
186025
144325
145920
143322
164164
187194
179492
130705
214316
179929
173951
167617
143875
152408
134835
163652
159492
216305
228355
211393
169928
162200
160641
192496
215444
140483
151770
148757
137715
162618
163311
150976
188351
176327
143186
185569
155719
177186
140598
198036
159189
163907
164074
157240
181161
164863
175081
166649
204599
145343
143958
200084
165064
145378
181795
218360
144675
139467
141775
145755
192911
140026
177334
193856
137502
169251
135183
214492
172279
182415
224492
136434
161113
138053
164189
156348
130519
138059
177543
176114
139278
140143
135148
175954
172258
160311
136322
146294
134352
175079
158151
199058
156695
133974
150628
137701
195744
136179
136226
134970
154691
137881
161925
158493
155150
133695
163951
193101
146406
247809
187761
144079
155107
171085
177791
195472
245147
166499
202889
135526
152425
160322
173864
148190
144635
164549
128047
123153
144722
166154
145770
139356
139592
171453
169092
153168
157923
160789
176662
150195
151285
156945
151131
105153
138629
173590
165060
130687
133278
164811
129148
156959
163668
128930
126339
160138
184556
216011
198750
271579
145828
145057
681773
174492
138586
198906
153652
221347
188696
165425
201017
171896
181408
157046
200833
154955
139102
156770
162267
170662
169803
165729
132494
178231
141390
147718
130876
144510
168361
156588
177531
147078
132202
167468
175074
156221
197187
883463
139238
153515
140552
186998
211915
170281
156743
167376
283813
204207
156796
138934
168116
160671
132479
155045
166183
172663
158113
156769
179406
161321
130660
133576
138352
266104
202272
146519
141454
139618
171753
158830
173581
158640
343791
157257
566294
150613
172309
181641
168875
177457
145766
138585
144262
161498
127713
176428
177690
149502
638258
141464
179054
137549
164563
145594
218954
212881
146663
129857
157995
272905
288554
138881
219594
145369
128253
130356
141033
207782
167887
148482
166593
171017
148896
128568
136821
121868
160450
187754
154487
142418
159020
177280
181814
152857
150474
144549
162217
146130
151777
165946
201940
142283
155302
151171
147246
143165
124494
166216
290122
157760
166052
421235
147018
138666
133363
215540
150441
154250
165006
133377
151495
185689
138939
160019
179948
147807
175791
149320
155434
181121
166638
161036
146675
163969
155065
178916
186825
193374
153454
189881
156554
157863
179673
197818
154157
174344
169940
149584
173870
173013
134133
159650
253378
155675
151527
161299
185885
678060
147362
134546
176845
155856
180664
132634
177582
141165
134008
210997
177588
164410
139436
165910
146734
193218
148775
137211
173190
182202
148117
154492
155439
152859
159986
137658
188997
155909
191552
145673
143839
140128
134760
173663
143396
138611
164627
179514
153045
143271
187142
176217
164688
156492
154883
157880
166694
152422
136842
142676
159543
138284
148764
172960
887252
140981
166835
145932
148214
178796
161431
139504
203320
140706
153722
160391
170593
204941
171803
176183
151107
161803
155723
158800
166276
138920
158910
200181
144420
141533
159756
139326
149307
141409
154393
193428
151501
157016
258880
148921
157001
145208
146623
131752
174569
148979
151392
210290
166963
115061
136605
145311
136156
181092
170406
138592
149014
147574
156772
146794
176191
158876
238900
175834
145882
141742
128937
195886
165286
150739
141679
164103
128632
157303
150445
142265
132933
180078
155567
152369
221266
199157
171444
174998
143227
149565
158176
119283
143122
144671
142034
175811
174820
171620
157801
173195
139349
193079
152482
135674
177711
160898
138112
157260
181832
138951
164058
170582
181652
139751
168340
165013
143476
145009
154635
172862
157068
269219
163155
165075
151365
149336
163030
202024
137530
242299
168636
138570
175878
134328
160715
134399
177848
129423
180484
146802
161424
198759
193436
135889
121277
173950
153819
144577
154581
573226
149102
202106
210120
162338
143387
384032
153665
147051
187405
163814
131845
128608
144531
143901
178786
173411
148770
150400
248323
154130
143217
136240
198617
153153
137589
140181
164227
166200
187723
161415
125208
161469
189239
136245
185060
170871
117367
181021
140386
137084
157316
140246
179046
130381
146702
153166
152806
134016
179388
170231
592667
169158
160561
142210
188668
140928
138696
174998
153068
281255
175820
168906
192132
165336
145540
189870
144596
176572
146317
180405
197461
203694
165542
532102
147635
153226
200227
180517
146325
171559
162828
135411
153773
204206
148769
181328
158324
133516
175196
122908
153611
158244
167861
276070
132065
152460
150443
158810
204651
145394
178494
153216
177010
156311
164879
132769
166168
146577
196487
134845
138096
172333
167968
128222
141148
147924
137062
154571
181435
162840
202664
145755
155552
178352
161244
165028
143734
178562
128197
168685
164604
190791
124676
230484
140086
147926
164761
183595
181574
189821
163591
151795
160820
139611
215155
127471
178298
165493
159290
184815
184276
187459
183761
135343
146491
152017
174153
190073
185744
165116
180583
125763
187876
142647
138117
222130
258542
189102
161077
277830
155819
199330
203311
166725
167929
152611
132880
151744
153736
155992
142623
186307
166327
135076
198706
146005
122098
139862
265252
124587
165925
171314
152659
153850
167135
180100
159556
160620
139809
185222
168478
160676
161261
178191
207644
134396
156505
170930
153073
145009
156212
163752
139719
151008
142913
147024
193007
228067
197868
150178
189551
152416
181915
156964
131188
186675
155792
186315
197826
163184
149674
180288
153883
133937
137069
141474
159724
139013
134481
151604
174069
147045
150042
139909
184306
225021
154095
162788
154849
160408
192260
132537
142313
162857
171913
137472
142336
274686
149572
163500
253492
127606
186147
157269
148571
140536
169198
166169
182105
155606
123276
163409
159778
164858
148800
155289
158409
172867
160123
172816
176866
142958
164512
146829
235161
247846
153257
166062
172654
141197
153126
173935
143290
140434
339195
156861
181673
149975
134676
143251
154675
173531
179552
179706
168058
206281
157593
137842
127742
164221
129688
143626
196656
172442
154193
145463
139159
175723
194953
140599
127917
134825
212112
141775
131575
146091
157481
150634
188550
170474
173131
184985
259058
170671
171814
163618
152253
144796
164888
193612
145673
126107
150131
215373
139671
151630
124021
156772
163304
182077
170492
183977
144531
202630
172462
172031
151778
161427
148345
140166
152926
178867
158237
155473
299161
150688
171379
193817
161342
196990
133920
155878
180815
190217
182745
149314
178653
165755
148662
137700
163023
141285
150511
203657
158571
161595
126550
233522
161414
159049
153148
156616
143977
183634
160285
133425
158974
159175
134724
150137
176149
162505
150502
158236
158157
167413
171664
155138
168540
152964
160279
271662
210679
150182
136391
184462
149066
161597
172053
152660
203490
136377
177035
269127
150587
151552
190840
141139
165837
143361
185582
200425
148878
289921
190618
154007
169977
166405
162215
172280
211553
131246
142214
149524
235971
177658
183444
188054
146653
160221
206467
187227
148147
163230
167396
195251
152937
149004
186379
185777
146794
162681
187279
186219
175654
199225
135844
182141
175627
151536
168686
150896
179050
175853
140587
167780
183834
172390
177456
141416
160412
150296
168162
183611
170760
129468
152571
129882
136109
295483
143046
140694
129549
167494
146359
128024
182860
161726
168193
147364
152357
131128
177739
183392
420384
143608
160605
152678
177623
160627
153727
203017
170619
161809
132397
169963
172908
131950
210064
167150
148015
168666
189471
160058
200879
177357
151647
143198
217563
225864
124183
221962
158596
175801
167557
185778
162750
187924
134497
120980
132474
125952
161007
164251
157712
149640
179770
166800
183651
140728
199069
174487
193331
155663
169117
180606
207124
161732
180718
207257
148043
134291
154082
145402
149336
191757
202566
157761
174281
136479
164377
170997
145778
213250
192100
226830
218512
160082
149781
151132
160460
158555
143628
153246
206195
199546
132631
126104
143155
150165
138634
158136
149212
190397
163606
168369
150186
129081
184829
271488
137715
183127
154636
174045
165941
153278
150085
151190
153463
153871
137007
510865
162183
126548
197166
145302
153732
175204
144063
192612
146212
164980
148041
148025
192405
170593
405644
155300
186084
179673
180557
119388
204542
165222
150959
153982
171389
148701
194367
158056
145927
141986
220315
164532
186646
193949
224105
179742
228189
127503
180969
150556
138663
159987
165188
146522
136388
167596
178194
186455
159297
166866
145592
155928
177317
162866
175415
172209
135540
137759
180959
204369
168746
168302
195708
123533
128070
137846
159668
162271
179933
151562
198086
181830
174845
135589
173692
152337
142471
198808
137123
125831
138782
154796
156458
152583
150534
194682
200523
153654
266809
191194
165188
164262
215169
224818
149657
173729
146827
227448
167565
144607
181908
122499
132940
165416
223653
151366
165073
148100
172470
146123
184069
153565
141904
168633
140451
178909
139773
204661
185468
167660
132447
161955
130961
173479
173045
449260
188506
150792
182027
137468
280193
142795
210277
147647
178510
147197
187173
150440
201357
172727
145250
171233
153690
161675
177084
171025
148458
212342
148466
173794
182541
348494
186538
162706
174385
172925
150205
177827
150156
142045
171008
166284
149104
177477
155468
168145
3146636
157875
159865
162885
155123
186297
213840
236831
154916
160870
178837
129392
131325
157761
173003
163488
202773
171570
152773
173834
148185
145059
159328
192170
146753
160844
145283
149788
174805
168161
160882
201292
150001
138311
147261
150163
181537
184487
153100
172158
149120
170768
172879
165910
147590
207978
191686
187990
188709
212735
139449
158605
143322
137722
174696
140876
140579
196407
161440
130473
178544
140765
152255
134164
179060
203024
180629
131537
139548
154887
177447
186208
159870
202651
166166
185370
177315
195703
132539
190240
174041
133151
156887
193824
202003
131067
152285
182423
193793
166679
144336
159462
209150
140276
185349
145871
205070
220189
169184
189779
191483
146956
151231
146205
171331
142446
174058
167437
182582
193092
211489
159312
155066
172213
146577
150797
133207
164862
183005
149272
170052
144910
178527
142562
129364
218774
189533
266032
157811
173640
157748
164181
172794
176346
163944
132682
177151
162910
176784
158678
171363
173157
159424
143235
139645
156489
242023
184834
167802
174988
205020
178598
176696
155836
202858
176875
139304
121301
207749
135400
236938
226727
178985
152930
140545
159567
152119
187197
148641
118780
220176
154928
161616
154628
198282
195597
176907
156169
168387
179262
133881
154177
154027
162948
153650
189494
219073
166657
158769
167505
142771
175237
178946
137739
207855
158977
135124
181739
155555
160068
213055
163932
157163
172648
161157
165761
156428
127029
145235
168969
161089
133709
139898
143429
167342
160142
168600
165300
183249
255716
214732
170382
148512
169507
314998
165312
129624
174396
159199
198893
190892
158403
171629
184175
149656
157591
147840
132118
156860
169499
147370
173662
157619
188583
182644
156403
187590
176250
207570
304875
166113
213483
147351
165207
183084
170471
138719
170425
160385
159509
139550
161732
200475
185724
164628
155016
173686
176160
431768
131527
244678
239792
172559
151210
166486
166241
196048
164955
146604
197903
186861
161553
281636
187113
178422
189249
186407
196413
195442
268447
159242
152060
190036
167520
163506
151666
361510
156008
142866
160078
179861
153834
155743
162275
222687
124682
157126
179150
161467
158509
147684
159303
159099
163015
143179
196431
203801
160710
153712
159392
174468
199047
191433
188663
183829
135050
168430
211609
177226
167951
154010
148394
196560
156159
191054
198947
196398
175107
203867
163156
155721
159877
153261
137734
143134
145874
176948
153434
159743
151200
150592
155165
129607
126573
159503
166894
163410
174601
136602
164995
195497
167010
155143
153016
154545
153240
195932
178929
153683
204972
177490
164381
212311
208533
176126
175268
160168
154592
143774
135217
301387
176645
135315
148268
228840
166129
165999
134664
157285
166185
167283
230143
203603
160597
152471
161303
139369
155716
162054
155930
162756
172731
187513
140195
139523
213335
148799
164413
171246
140098
194288
189152
173285
149628
145146
160948
142856
162286
169970
145818
145632
163885
157100
202761
190382
174568
156061
194979
217295
155643
162478
179231
149333
155406
181333
175198
154584
186331
202718
147632
171899
144641
133902
176549
152412
149187
194297
171504
138300
134901
173421
144663
1189466
201031
170292
169635
172497
187505
155543
189822
147791
178067
187789
174893
198262
146463
149019
157989
136907
157589
379619
199092
154769
140947
138368
131961
151859
129293
167280
156116
151778
167334
164732
136260
178153
171288
181158
127391
158448
154686
188231
165279
114761
182615
158474
171822
123732
159213
172597
189065
148887
195691
172222
154415
139948
150818
182884
204675
129411
148788
152842
149396
131261
147548
150309
161193
150085
199287
138824
160552
150282
124261
163899
172870
138204
163231
133046
139490
178536
163018
216816
160003
153808
147263
202133
149952
142831
198251
145705
192667
195074
163908
199376
153087
137643
170763
198591
210352
163748
163052
202672
220889
135693
159276
148095
159485
139670
168966
179059
171802
209373
150295
130740
127491
176024
173181
189859
152745
164957
177852
146385
199748
170072
158695
201462
195720
157326
172017
150787
157494
140410
141878
164728
138006
166613
166392
145834
157858
134500
115734
136178
152085
162112
129000
176576
133024
136456
175877
160054
136314
146020
202482
183900
164314
151266
145175
171163
153294
155332
177247
165500
161053
170045
150006
136752
142347
129356
196780
158265
193601
210582
158519
178903
175418
194039
878311
332657
148721
177845
151960
164195
140266
135281
144409
169852
201236
169463
153916
154926
189708
169547
165651
162868
143376
187989
130563
128973
174588
172386
145242
158675
134790
191148
194049
146966
140336
150144
160526
146531
149850
149921
141472
161911
176769
144128
161088
181615
150951
192429
158882
142413
172632
160739
140368
172827
289923
152665
198807
159402
144711
145638
144895
159108
165826
687078
166185
181143
168917
141615
179824
196751
143535
154785
169829
196155
143252
155168
195770
223083
164065
165931
146185
151232
196358
159444
175595
175183
172914
156573
197919
189195
208507
180556
158678
156837
135913
162865
140231
182671
175903
195958
141778
116228
215020
202592
183317
182307
176464
168118
156278
154559
163960
171868
149512
123957
146632
186828
163077
172258
215607
156543
200180
152370
173408
209504
176368
194048
179722
172492
521838
210540
301165
158748
279940
224059
206717
147127
175782
140647
159818
1042395
149364
223496
133368
133072
157228
208072
193461
169994
131393
192767
154360
156854
189123
136831
189275
146530
201003
158490
139562
138258
170823
161312
149053
164617
154848
124624
131973
165145
142150
191480
222992
141566
224323
162974
173504
146469
135128
181272
163696
168434
175651
143338
139516
155917
169320
191345
152526
131715
189480
140896
158265
149036
154105
201649
148079
147212
165498
198363
151708
183729
135976
170155
123258
163630
140166
155779
198332
155231
163422
209629
158751
153200
139248
145313
152797
132616
143367
153310
185717
153062
151732
153548
160193
148414
151008
147606
198785
159217
155930
158964
140789
172872
145146
163230
145833
132710
148201
163384
172221
158315
182915
157877
137547
184814
212035
224763
212575
184423
148696
163065
154415
183331
154479
143650
161688
160375
160319
149165
148460
136768
173754
151798
206734
129155
186655
158754
281424
179870
150703
267301
173136
155638
207430
143419
141672
123544
151274
209858
186429
172789
151967
150013
171028
146128
174024
172005
142215
142405
158721
176338
201632
219704
182915
140479
151594
143613
163263
143019
175987
176827
201191
154363
168657
157711
183300
183875
178761
161618
164786
157595
204516
139224
194933
176588
142780
183011
156182
197458
219604
189465
167928
180034
125390
181970
174425
195331
187584
166566
134084
147470
150023
163633
166857
121378
176643
137297
163775
168927
177636
173870
159245
156630
174361
146727
150244
132806
130755
164617
164455
150670
155893
123219
145527
135291
132308
177048
152855
203815
157441
119318
142450
131465
192677
149992
149781
150458
130689
153106
138868
189644
154924
130271
167048
185991
130636
140126
138962
106005
136199
165370
178437
175378
162073
154623
152679
157366
172336
140497
138152
207949
168201
171450
152552
140740
173500
151853
155822
146621
188493
139628
161767
158939
157847
266631
151389
139616
139021
149029
143328
193099
172573
216631
176912
199390
192202
148714
139958
138344
245879
169599
167484
157979
153945
140427
165979
177755
203236
139049
267974
153577
207828
156235
167106
198980
160928
162420
164956
169302
152574
151785
153754
148531
172557
147102
162545
295708
143656
173264
146993
148164
153287
214851
161643
171202
164400
157047
163141
506720
154480
122902
175508
189097
161318
170654
153035
170836
188409
162716
159697
159118
137491
158923
181364
174714
143837
154724
163274
150320
139243
169150
134735
152230
159183
154474
155651
174046
181877
149830
285060
169289
128332
174810
168375
161878
285499
148855
129280
201590
185471
269887
195632
188906
164125
144114
149585
164608
185908
171780
163838
141022
157846
140540
140278
163207
149781
170900
202826
148581
152495
142680
165810
153686
151400
190728
144894
177100
200466
223492
217628
178776
160825
207520
164343
183364
154448
164367
157402
157039
162912
198816
181268
154756
128996
138843
157894
179985
164977
160973
173588
141416
180977
172986
162399
179040
144594
134481
194490
204199
143128
172354
165217
200331
162050
194068
170449
158081
179950
217114
178182
153696
152128
175348
180360
163497
177631
165120
150944
214629
210585
170390
192410
177420
149283
185523
177022
156692
216457
171732
169371
169646
167174
165237
136001
131878
138080
166782
159947
149536
133041
141880
184745
183611
159316
159726
145377
165687
182325
152954
193828
193024
199538
192803
149269
145656
137003
184159
156186
169982
214473
163179
276402
172100
139545
198674
130746
145764
143370
176710
194894
155018
179959
151995
148815
157913
146005
147646
148788
165343
165225
190949
175379
155647
171370
167477
147664
165957
157265
156835
166838
187377
204265
169004
158477
141684
178791
161511
186663
165489
204601
162322
151217
146985
168451
149834
191609
153134
526221
148753
201216
181235
149963
160665
200799
205572
179545
156656
148645
173504
171079
195705
135030
177300
150328
136071
175343
158767
148669
216393
190454
176600
151317
182217
142898
145571
137186
147335
150394
179669
284586
148604
159899
140888
192174
144649
168178
192033
143308
181833
158371
147736
157125
138460
156884
202363
167508
201797
152308
190151
133069
198377
142655
141221
137876
199956
166043
181927
146371
149467
153344
195154
284576
174935
145033
162917
140401
199119
133547
163183
174798
164629
188540
159192
181163
155070
201909
162970
149908
174178
185277
184014
172935
168651
156535
184801
144072
174328
158536
141937
177775
186746
195213
163961
198362
137087
181252
166575
158547
148934
205279
199172
172424
164755
162520
161773
168043
143042
190965
155446
217866
175422
184859
154986
168543
138731
162947
139860
146901
146006
152976
178030
157657
150708
166918
155727
153724
150954
158292
155623
126169
147066
179844
133723
182054
184739
152751
180831
127132
181209
321042
165623
152625
381394
154668
150335
179343
207605
149436
148043
157104
163566
130085
161687
184596
173216
165862
198434
169690
154405
144108
148276
151748
144224
169155
128924
187058
211070
166486
137445
156550
166882
130331
176067
162616
207449
130126
181284
170318
186417
185599
181831
164557
167598
145213
265491
154740
158818
150775
117866
179534
169249
220383
209748
139517
162149
148578
144210
201316
168985
151178
133305
178135
138843
193610
218491
197871
174279
182583
180350
137246
149632
146040
160421
201754
146201
218418
158705
161215
148805
146761
205071
145809
175607
182266
153313
191202
183188
181882
174354
190406
190015
184450
166990
151914
164477
204630
152885
187732
144392
188125
150444
139659
208944
168839
264610
151343
153869
136375
130541
139335
203199
142473
158766
146456
482965
188089
146084
181742
165018
140098
129066
185202
192945
204863
162844
216924
187721
138636
142175
200684
153888
171543
159756
166208
188780
178395
179315
201332
152367
134115
188628
155012
137237
129513
170066
157569
169269
159420
172385
145467
141585
140740
160574
170451
185575
148848
163726
184447
145060
152944
147902
143529
209940
147402
157587
176104
203363
168591
176533
159369
189236
177499
149146
138260
197720
169259
186834
199445
159252
196921
170441
163547
143717
137400
158279
246008
146929
137003
167664
157749
199374
152065
182424
156521
152704
160440
139722
172552
165546
152263
190514
176853
146449
199644
176818
153852
163565
153397
164094
146261
117759
159840
210760
140384
157575
153428
205351
143736
199745
198755
141080
150556
126303
179795
170155
149670
189942
161179
152567
194389
177545
286377
180880
185011
186250
201274
158874
183183
153709
138389
248016
134896
195440
159452
155340
148928
147254
193563
153500
148858
144877
186976
183334
153426
171165
154582
188021
161233
155857
166417
180662
171643
167180
165458
164251
180034
165717
208819
168020
187436
138395
585136
178343
166575
173937
190434
138833
179479
185296
154788
194527
150695
143050
145902
151370
149724
219376
175063
154449
141202
150570
124029
168275
152068
148991
150904
174538
160406
172321
150011
169381
147147
151313
277632
161040
207214
176031
207761
197712
212843
150791
156193
173702
148258
152439
169152
151054
152181
193213
249874
159138
175678
148603
177964
195319
177084
155498
191799
121108
199390
228568
193150
142247
156692
161021
194841
159879
190322
189388
158399
161253
147746
161930
146850
189132
162136
317547
190807
181575
193399
146695
126695
148006
140676
225744
182290
145531
175785
177966
186827
178819
155508
167391
173492
150468
167368
135598
225697
146693
180904
154405
162168
151469
162546
200105
152358
145635
160905
171577
147231
199829
174191
174698
164566
140790
206712
195086
166414
140068
181678
167018
169901
206163
176477
179987
171749
265517
163839
158894
193295
206488
165939
147493
176434
168817
150263
148481
148333
192329
155995
207804
197132
196289
151656
167289
140103
583565
211314
207070
155129
179331
164266
182345
172650
168222
169244
211077
157558
155996
165726
156649
198304
160111
173744
180142
158416
141982
183337
174188
163446
220170
186346
153777
162808
177012
153871
156550
231662
155668
131926
188064
137323
158947
188830
149028
133137
150936
162165
149279
158705
146124
158192
181213
168196
165007
140375
156041
155364
135888
176311
157811
154044
131588
173891
133755
129616
143443
227969
151811
143945
163488
146888
194890
165780
142279
158169
164488
142699
151990
209670
279611
119711
200358
185779
171658
161130
169807
151419
180779
127354
144544
204426
151491
162347
162810
147736
156980
150713
139867
139946
164230
186319
147396
131665
146484
174995
151850
159281
191673
155194
125768
136856
160376
144303
136554
172096
191164
160330
180691
150549
193836
171273
164494
139025
143754
142158
193908
164680
154948
144735
147202
145686
152566
193930
155275
170948
158951
143608
163176
155270
182168
164132
133283
178092
181389
163347
202725
171853
152437
182096
149895
147435
137460
214305
184796
164638
185792
155546
164126
163020
184744
160070
186548
265690
139738
163321
158622
149331
182052
156652
148959
168927
154636
164475
155392
149069
183828
171338
170606
164115
157165
152486
142383
176250
149699
194805
170360
188702
193820
150492
154338
154048
165985
194403
196440
230482
168398
230604
211919
188956
199117
180065
167330
168615
151268
144176
197733
295962
194846
206528
129685
145121
138941
203305
155731
145418
225948
201932
149696
148081
148553
136691
148955
144131
192235
185389
177180
204529
188403
158068
162347
138699
198259
180739
184747
147121
170418
167137
163674
158518
157054
169784
182929
146227
150682
149284
156653
193115
157977
186488
185593
140776
215177
143492
313095
155221
179144
188455
186267
197888
182518
173541
174242
165958
171004
176900
166000
198738
430359
147655
209578
155407
176931
160191
188609
157208
179865
188498
156667
180065
161729
163658
170398
205352
141419
174520
131900
200494
152994
185649
194494
188447
152655
166993
148350
174497
230762
149268
197521
224543
207212
165102
170535
172553
195742
184929
178647
167813
140355
182484
198440
215039
174293
166188
143443
141738
170145
144025
139767
202145
160911
171601
149455
185846
171674
193822
167160
192673
170768
145458
143055
162910
170033
152271
183228
162283
156675
207968
162145
148632
184158
262616
147477
166052
188872
156950
157011
210716
157121
181687
174398
289445
174803
169984
719872
185689
208377
180057
129054
146742
170207
171066
173630
169648
152004
129860
152977
145397
153665
190249
150141
198497
152445
158625
161748
170539
140656
143006
185686
169724
196733
250770
202108
170421
162058
185964
167813
150715
151128
200300
162638
159249
182541
164319
160762
196604
477344
173083
153477
196686
157476
178219
181445
142876
145911
139130
172161
140176
211523
167101
160682
137403
187061
216184
185049
152293
153561
196281
178231
167206
229973
179060
164939
180596
173143
161762
215876
164390
158793
139120
160887
187362
150612
132048
608207
185590
137223
142822
163326
169806
159155
172497
168286
172036
145885
216198
172140
134880
173349
187470
155637
191327
131647
238285
152436
285166
157866
179177
149078
148700
186626
222543
176114
196664
150651
138204
169845
200080
177860
180728
164501
174304
140814
159417
148553
143030
179736
197973
156365
159834
494038
167489
740433
186976
261231
294836
149834
202314
178469
183148
160872
138093
179130
167042
164153
176251
160662
166756
139260
140438
136335
133316
149484
161248
177885
152225
219633
165685
170470
209937
158494
155841
167913
207023
139067
148927
145008
167206
219543
189539
142818
163340
224833
153049
145745
164224
204175
148723
152109
191807
186405
143957
137110
157847
136541
140839
143645
163550
189343
143552
195176
135119
156801
156874
198965
143900
189745
154268
154918
181505
143411
168428
181033
186037
163256
179030
168144
194850
152736
202813
148331
191355
144331
168523
129682
127479
155456
177374
152699
144607
155870
171138
139501
152121
211234
189543
154242
180429
134919
185906
153053
198612
218834
277449
161732
152318
146602
165690
169143
151983
157193
157001
160085
178494
166292
184765
180414
164923
170816
295029
148068
143846
158486
156007
193950
154054
189362
191628
175532
153645
2060843
156432
148408
193926
196060
201292
151378
150041
147222
155970
211286
172685
164213
202910
194806
156527
146809
200949
174640
163748
167670
155825
152155
151602
166502
149023
206504
203961
159810
164303
157615
175182
163451
152670
161511
192493
