58201
42674
56281
46728
34187
46560
48885
67558
42966
64686
45040
42894
53043
73479
106040
66945
99865
102155
92933
44886
42877
33925
58985
38970
63029
39758
39114
51076
41318
39480
43318
73968
31253
46108
36767
30850
49401
36847
48884
52681
60693
23820
81493
51051
38503
25570
30646
26390
37636
67920
29161
32748
29971
36156
91672
35266
54218
52852
29576
28207
48654
31606
63752
34854
63887
56401
28514
53879
50055
27807
26882
35517
108441
29804
84080
129088
54420
58496
84216
58338
27769
58847
48434
62679
42838
47969
38095
46800
61441
59807
59810
37786
61150
58894
48720
29826
58698
70998
37670
26482
35509
36395
26692
55113
31114
31453
30978
36955
46246
40578
38495
38432
62860
41677
40807
44688
48326
67245
42727
39049
53967
53728
46678
51377
48947
83054
48896
48067
46798
50404
62060
44387
46088
49561
81183
85326
46791
46949
44757
47661
80508
46027
63561
63068
80756
103506
53480
99908
93528
55740
78401
47181
43886
66405
92225
47187
68515
116133
47136
44824
47295
73021
63584
40821
42369
42908
45755
44132
50378
60767
98007
54150
46156
70933
74954
57716
50967
55014
46046
40976
55287
51027
93483
69873
40548
54616
53467
55740
107350
55310
48525
44589
53990
52557
61052
48626
56796
45303
52042
74709
51863
45445
62532
53820
90448
44780
41635
75588
42075
71513
75672
58912
111432
48188
48382
36812
41923
100250
42307
59056
42555
75544
41440
94375
29957
58477
46139
66546
53477
47969
62053
100473
59520
54963
52630
45602
38712
37640
44803
56540
26104
90984
63900
43976
33340
40281
24362
36990
75273
35994
61612
52165
54742
83280
89884
103132
95963
32533
91286
61602
45006
40689
31436
102278
98224
77064
74123
76350
93802
103477
66017
73224
105146
53680
53307
66214
51046
47240
48928
69834
54911
71594
43045
97858
95020
103547
42071
100325
50816
60637
90746
45764
61354
65737
53113
61240
85183
82640
57007
72976
91162
46376
49213
68790
51820
65473
102400
50207
55667
65974
51173
42088
63879
54700
57223
48661
65826
93136
90165
91301
38014
52917
42476
76457
74810
40876
47345
81918
46051
42845
81360
66636
45624
104069
104575
62868
94041
50105
71558
53582
51348
49165
57052
63333
58234
58586
77460
58006
48755
73769
56886
50720
93029
64549
44742
43400
45007
87174
42679
66567
53610
72564
75901
58390
85399
53069
45865
67627
96769
43697
52950
96435
84707
35623
60927
56937
41765
42449
32606
51878
76694
73240
64724
92789
61014
30682
51213
59668
57932
32868
44231
31911
46415
43862
73852
29276
41674
37910
65484
52631
42408
30650
64887
33799
48167
73451
36492
49800
53093
121347
47929
50267
48306
48336
82937
57162
58421
40902
40594
52216
55721
53550
68966
49209
47623
43979
47600
72704
38693
67984
68909
55104
59637
45102
70852
44485
77275
64080
85986
44709
89546
45343
56398
69271
49957
52947
55775
49660
72283
96788
67909
85584
48297
55306
40153
72068
39853
68797
53498
103157
51023
50831
44041
49794
49956
40935
75388
77937
45345
51842
60823
72093
87432
49270
68341
103849
57313
48341
96467
43118
70601
42003
63485
33887
47800
73579
113089
45933
51745
54556
45655
74093
40996
67415
99659
57993
49693
50269
78907
76664
71825
66890
59393
71122
72738
82109
83361
69743
87010
56965
38426
49470
61904
44978
52079
67937
41946
46913
43640
40980
53716
43286
65061
93452
68473
43960
65900
86743
53813
54350
51300
51550
48906
62157
49833
57127
56283
45598
40643
35976
53028
59947
62141
62769
47381
58786
92395
122837
87546
75608
70655
96964
78084
92660
79063
95182
79946
94182
35595
44010
67697
71402
64520
75685
80443
66836
64632
50618
89601
28137
71623
32569
28710
64459
62746
62528
46827
62255
52018
34027
38295
84019
40404
37180
124864
113120
60957
57694
51671
58218
89164
93818
87546
67966
57016
43511
87377
46436
74205
63213
83762
86785
84283
81302
111704
67406
100130
72420
76100
96450
92527
96989
33961
79680
40870
100356
65667
33704
49330
78503
93317
96878
74550
57450
101672
68556
79466
45820
49006
95787
83479
78736
93006
84422
101825
41695
94733
77203
106490
68067
91983
39636
90100
98463
39919
123408
63573
53583
73424
90507
111950
95200
81980
92170
97786
90834
79435
91108
99580
92023
66586
87164
45404
75351
72808
85801
89301
83174
86941
91763
83433
94709
83226
97651
113458
95117
102613
79757
80678
80962
74466
67645
80814
70159
77658
90934
68882
72414
113917
73951
60687
42970
52117
71976
43593
107570
72841
69772
68500
45602
51166
48505
61150
65763
35412
60765
30694
31994
60035
65890
32549
124993
56843
42673
73076
83873
71127
35781
110944
87664
100175
47290
69928
69907
90785
79597
91347
87980
76088
43477
50106
89764
52213
83130
74936
69950
83167
34255
62845
91130
35919
85790
85624
120655
76300
85033
42833
86956
91167
79746
93144
94103
81467
37077
85500
68213
40496
39344
101841
105187
68657
61257
96295
81297
106927
106220
78300
65746
39404
124147
106783
106724
117477
90621
38609
94591
55930
48167
88899
114914
77397
93768
85737
83427
57744
42252
112988
105009
69740
90724
95573
91099
81707
111265
95538
100008
95822
90952
74987
72877
76820
93521
76204
72799
78242
39148
84528
89746
32540
70790
100224
59369
55367
67276
61374
43542
90268
71947
96936
59458
60378
99051
47505
77193
85906
91396
68223
56862
38626
75275
49348
76517
32102
59999
62714
62890
73304
29554
86897
80346
47590
87782
81715
40474
87012
81642
39822
76707
66049
90071
93937
68750
111973
42233
59162
81126
32335
78015
82342
74681
112054
56696
73993
62004
68082
46976
38838
64991
57450
61631
54577
60832
62718
54735
50427
65558
51828
83838
76188
59015
56675
53212
57756
57948
100839
92160
51804
96072
57705
119129
90154
88703
90950
71939
97663
89587
87989
113027
103167
51315
77574
76116
93104
40412
90113
79187
71154
83716
106409
85697
92330
81984
85283
64845
88386
67299
85893
70888
77858
53979
100611
103099
98184
58035
78041
111002
83750
78428
76206
88847
104980
104755
47494
37600
87837
77346
51992
98955
106548
89415
57400
86237
93712
60194
68880
84266
64762
52742
81343
73711
79733
80211
40175
75947
90450
64324
79448
74689
57041
59672
99389
63635
80998
57351
81691
49595
90813
57796
54310
77710
65172
53562
56112
58894
58367
59854
90164
78001
114158
92207
80500
85268
91617
103508
84584
80750
100025
90213
107535
92426
115086
77237
68696
77369
94550
91858
66772
68072
82971
83208
101200
57028
66695
65467
74992
55402
51051
48334
93292
59101
84057
84169
55268
66181
98048
96563
87798
69233
73043
65738
62855
70388
58436
98087
76163
86241
92367
69736
80849
96774
81090
64122
100380
88938
91852
97502
96269
103555
83337
75374
74488
86257
81126
108769
79013
86844
109073
105298
93268
91744
121197
68421
94631
110916
75890
85611
72693
105761
77029
89328
84700
92842
102333
74330
81478
93230
82854
116242
93876
93917
87029
99750
96408
84921
88504
108838
95014
74482
88910
95077
98699
92317
73817
90260
98750
82897
100634
79180
81654
65573
103599
83014
72061
95286
76166
48527
85547
84175
102463
92797
97184
78273
83940
83541
77633
85265
99298
72658
72995
100623
71096
98963
100127
101936
90513
77113
90774
101353
80919
99056
106028
133319
107328
74843
93260
73990
88627
79481
113660
104664
92183
92302
97918
68556
63997
76668
75420
75643
68514
83223
87669
67488
39245
113263
77706
32928
80118
36063
101604
74003
29680
81391
82738
110017
65931
63402
37687
59816
62190
81421
68005
117961
71586
58290
80905
74904
60528
38669
50614
34183
52971
56133
76989
50833
43946
24037
46771
39211
52790
47981
64797
82824
29916
74717
53927
69637
76149
69621
56432
65182
88967
45904
55478
84723
68552
73493
102522
86543
99283
17205
108194
48163
83994
70637
63403
77806
32503
55698
36650
83702
68880
90867
78275
94782
56935
88212
104025
52433
85032
68038
57417
49094
81963
69204
108689
70613
69250
77336
59886
67599
26962
32692
37653
57570
62800
40844
57229
53262
72156
35074
49316
21439
61238
56661
77067
81587
70820
88297
86210
82233
80931
87353
82775
53364
52922
93880
45816
84505
62144
38550
92966
98665
75648
76532
97496
48526
88141
54056
87423
87218
44417
81360
68195
76994
35280
61995
65774
23882
30814
66610
72112
64237
62288
31439
72307
66269
62870
48838
50343
49308
79918
69053
93503
59121
88497
74071
75673
78027
65166
46268
84926
31985
68461
80826
75846
59334
88584
24818
50457
81005
64513
100885
55020
47708
93357
65040
91087
39116
72583
42710
51777
83383
63885
68741
46225
66907
71531
27393
37823
52028
107148
69892
60701
103313
93353
68466
62724
63926
92905
61351
65397
43650
96815
87255
100807
38367
65078
93534
45373
59413
62768
89547
95823
98733
82687
88963
35767
55892
61778
88253
99154
83333
83359
42836
55784
85230
85673
68844
113332
92950
84430
42410
94930
91818
97881
102307
72739
99545
81247
102743
80754
101782
48101
55273
96767
73369
38533
37931
91552
90035
83476
75706
97832
98183
80188
72919
73278
50507
42905
36306
97560
66646
83967
88893
88986
80530
57745
42130
98924
60848
89829
36020
86157
89975
48794
80500
43135
87033
48983
64091
33504
59793
34898
34323
38940
50112
33583
48630
36485
63237
43724
50567
37340
35510
37867
78235
37816
45787
76882
38912
46048
78341
46650
51988
84426
43372
38363
42404
34531
67975
46008
66715
81006
39962
50691
61222
40680
48530
40291
40520
67321
38655
39647
66781
41897
80157
41148
44303
50840
50608
57504
74747
70432
49935
43747
63696
57760
83598
39624
36714
50750
36619
193469
46710
55707
92956
97586
73051
75265
91858
76272
81343
97587
95314
87060
101511
93028
91014
74793
91407
86857
92615
91655
103233
90084
94411
80698
94547
113823
77816
75175
85829
97271
89034
85250
69669
91737
86270
92574
62597
76110
86576
77309
95550
90687
94752
83154
81713
74216
75171
89890
66568
86121
66010
68078
62497
93171
89678
105923
127151
85235
101178
96158
79043
94841
80987
83256
93878
85694
99438
99897
80351
100007
49144
63047
44967
53720
101900
59833
62610
62640
62503
46096
56344
57763
95977
56307
65304
56597
65744
57249
43536
66990
89628
56094
60771
52960
41518
60268
88723
40327
95160
45813
49880
102778
68732
61425
54742
76056
39267
82609
60113
50919
48256
56270
48791
83726
72990
101268
84219
78203
50707
45307
50257
86220
46143
43223
55580
47294
48330
44940
42173
71419
46832
57310
86694
70787
49611
103801
48831
68069
67377
51498
45192
43816
46500
60145
62517
42643
43668
47440
43600
59122
65210
43040
31920
61029
93199
63553
90447
71064
94980
92085
58837
34023
69115
67640
29476
34620
58802
73218
75960
75244
100646
57743
108378
99628
70166
69628
42481
34214
91939
69149
37150
74128
39427
69022
82471
62928
85308
29874
81199
91018
105697
88314
49559
50400
90593
77221
27225
72873
28453
29766
63608
36174
63405
78903
60954
46700
37851
58269
90632
68225
78883
38502
85007
59724
21319
117433
80140
35985
65930
29482
84330
53174
93194
54030
65364
61715
95651
60590
71394
58485
103643
50550
91907
108259
77803
64160
84336
101344
59268
90737
104980
71110
80286
83127
81885
73531
50756
53480
81558
79201
83038
81803
73585
75300
35548
50405
88798
95445
83528
51050
92853
55993
84075
63600
83799
107467
84787
93992
97564
72851
78003
80558
62756
39880
68740
65151
45220
85227
78021
65036
41846
53608
68277
84461
92723
59376
56204
46070
59097
101979
73306
46632
49111
34478
83545
66214
57371
67015
55835
102197
56895
91677
95061
86797
90681
58729
51213
97289
46536
83489
44087
88137
85060
55482
76550
66568
62191
73810
94804
88122
84292
61985
77210
92156
95137
78188
78609
48449
100289
35405
87818
76240
80546
86069
73027
90929
47800
82117
47270
34065
36065
43478
86932
90732
88073
55381
52431
94817
92545
91100
106633
54661
68185
67038
73247
55556
91585
77317
94863
85866
73264
108466
79202
85477
79716
84739
50010
85011
49786
45813
79161
50526
50117
39055
30008
31796
63385
49530
79136
39586
42146
67553
45966
49341
44594
40300
48927
47771
57682
44352
45328
63557
84401
50988
52596
68501
38547
81539
61179
41926
39717
69373
52986
48266
45858
59020
71836
105751
40777
45960
43372
37113
35071
41092
60866
53242
88691
45794
35169
33668
76044
45429
30398
27824
34065
69027
30738
31241
38574
57490
31809
29949
52867
32809
59517
32666
48613
28160
52493
28004
23022
44332
58569
34763
22882
22709
47443
48358
31470
45925
40888
30322
29435
59336
32800
44310
28969
32431
41873
39026
31346
33809
35301
62004
50516
31118
31323
27615
42996
25014
23744
32784
27710
33152
35228
26584
26674
54384
49433
73506
30446
25164
28494
31088
79191
24914
25765
60037
23563
25698
28430
31413
50752
71177
42603
25577
30991
33702
84953
47460
68864
39630
62734
53820
75968
54244
72051
56988
65606
78174
117322
110663
50287
44580
22260
55753
56013
47494
79912
53165
43117
55197
54415
115308
44746
72994
49634
138024
39149
35024
76024
110499
65991
108914
92154
87277
64892
58215
78490
44222
65477
76872
56053
53996
68346
49610
73780
29464
129386
67531
37175
29319
24800
24586
66754
33552
50093
101609
35162
24483
81566
26013
60390
64214
24444
48913
93269
47717
57870
47930
42815
38070
35033
62310
42341
36440
67242
73707
60104
61343
63388
66583
92277
56122
65190
71943
78491
63206
84668
64482
64023
27924
101257
65077
69306
61207
96086
57648
88034
81407
86693
110037
108192
87857
99683
89571
70271
73651
84788
91509
83775
113222
87017
105757
26375
23928
23111
39718
26800
23047
24350
25332
25216
21595
19941
25773
16818
26231
19230
15098
40553
15223
18707
26748
18908
20363
13172
19790
18648
40337
20380
20875
17821
22414
26917
19750
12272
21758
17839
24502
13969
16297
32870
20298
19755
45110
29155
42636
31334
30368
25702
34973
36024
28332
39351
42977
36760
37395
35572
35721
22015
25879
19370
25132
24766
51831
35424
26079
48170
49911
28941
36767
62274
52244
34972
37690
35690
25896
35891
96408
101128
77137
90457
79989
81989
49603
34909
98504
22855
20514
25403
28124
57152
27504
32033
26158
27848
35336
22848
20090
20210
25868
29013
22410
30416
19707
19080
107425
76359
71901
91712
94738
89500
79657
65385
103571
84509
31570
30993
21853
32677
34557
37843
22812
27664
22135
20752
57547
18113
25928
30151
31413
17363
14051
51657
92607
70795
74139
57398
65248
62370
73600
54690
53426
59354
63741
94500
88974
60668
67643
66886
66990
82381
67422
70187
76699
62125
57422
71353
69045
73390
55282
69305
71236
55654
66880
62042
60361
55557
55419
70542
59410
56629
73253
49706
45276
80757
51959
59694
83091
69456
62752
104815
112799
52854
58518
54617
51520
60081
58504
60861
82484
72151
71278
49559
65792
57679
56954
60092
26859
12519
31748
55985
18887
16989
25437
17475
17530
16120
17514
26214
17094
28267
19815
27839
33424
17410
19020
32577
17025
55210
115364
98890
48511
59411
61732
99577
94027
80746
88174
85330
63281
50334
55121
104111
75743
88404
82837
82960
29560
30539
20617
33896
27557
26738
22723
29190
26972
29490
44018
43511
35584
28008
28844
39687
30124
48223
35364
29893
24840
55094
37121
35074
18760
36078
25981
17207
27045
26680
23057
18535
16842
19466
18731
26506
14221
34617
25769
14229
23405
44247
32593
14725
23715
33417
13257
28389
25831
35303
16231
29389
27993
16287
19547
20270
16250
21681
13629
32905
12114
29083
39617
30420
25257
35046
26953
14402
29860
40178
27280
25986
28103
16841
65790
97804
107736
90387
73847
88261
80604
82839
87803
72037
89243
77110
52400
82877
74740
97681
79554
93118
79765
97969
19924
19682
37332
22508
20553
15600
15570
17090
22898
18088
14948
20635
22320
25346
92807
96447
57580
85043
82137
84160
40712
27549
38163
34860
23634
33517
66650
42333
42967
27506
54475
44191
25614
24886
39203
28986
23260
35050
46260
26654
30468
29358
33149
82442
76287
99197
78963
103080
100669
99890
98037
95587
87744
96672
95734
117344
83804
116482
95826
87043
87290
45850
86346
99232
74796
86709
57066
39032
22796
28140
21138
28021
76532
69830
64054
69831
61815
62860
94148
96159
89485
60515
85767
102660
103979
72649
37544
44417
85434
58004
68970
87303
85322
82429
58332
98668
91204
99730
103395
67570
81816
61931
104858
104932
78182
113554
32926
109164
74488
99127
33074
48441
92198
105186
101983
56512
111267
96293
60674
87045
85678
107916
58917
96825
69310
68730
93530
85441
86492
98047
102924
94900
101770
71203
208517
60767
81656
86263
91870
122524
82690
92150
97977
94168
113724
121890
91088
107194
89744
93593
83234
114318
79980
81862
91657
105204
106063
101692
98707
89931
92785
90320
75226
66149
90180
93511
83808
101673
100978
93904
84326
102984
108272
102987
116218
94641
61728
102164
105017
95901
127736
94545
121959
92660
104547
98331
87464
110183
111176
116911
112735
99365
109342
107809
85267
85796
78624
108558
94672
99035
98786
87218
83938
83450
77955
86597
75543
104381
92614
87725
79698
101845
120604
92039
91183
99454
91439
84213
99036
114381
95912
93424
91689
96103
92919
72013
79984
85900
68399
80965
60232
55432
101660
74238
67985
61953
79391
69351
71813
60605
85910
78850
91957
90997
97730
91014
103987
95992
82352
105929
102422
97134
111613
109982
105007
88603
94753
87070
92370
96380
136167
94904
111873
93385
101987
117072
157280
105258
92925
92873
113766
95312
27572
25658
25786
35759
32873
32446
37154
25861
25333
24076
33444
21899
23724
24843
21347
20630
21191
33314
44354
36033
59591
29456
17936
24103
23780
23700
32015
40156
29308
29689
31427
25751
22978
18604
38012
36042
17469
27897
75697
101957
80953
96555
96848
66478
56583
55597
84809
58920
53503
56396
107154
89977
99124
71066
98917
105863
101632
102358
85227
73424
71332
66950
86276
78944
107689
73402
93681
72957
84915
72822
71387
79815
56526
87827
67408
93653
96061
80895
72063
83028
83774
68239
93671
72802
69359
57603
78401
56166
81360
79092
78390
101174
81247
71034
84762
90683
71258
54393
96726
90852
59387
93785
93824
232023
80770
80680
83187
89357
111120
82020
115632
106430
94507
77383
118677
79691
112404
77246
97255
87976
87942
89772
99873
72387
95677
56843
78171
76057
51000
118230
91549
97463
81500
101851
89544
120306
79780
107696
100990
107670
100238
104983
87111
84313
75122
75197
98778
66125
83221
86376
85631
113161
95845
110500
86901
77730
74856
106443
69473
93230
69806
103793
72314
74680
79903
73765
90953
105498
88107
80403
71336
110139
89106
100242
84088
78516
75079
78201
76591
88425
84736
66578
80241
97864
78473
95703
65816
21043
34055
29044
34241
28036
25240
25208
38789
38610
37746
21196
21045
23874
23256
17695
27091
25342
22014
17415
18842
17516
16032
16575
25912
28846
48438
18906
30478
23812
22700
39234
39024
24102
22497
23037
28312
30704
34130
29847
30170
29464
41852
34497
57293
29890
34720
48174
30397
36218
25853
39476
44874
31538
30010
31393
41646
27069
45852
32538
35162
23699
25753
34036
82376
41893
54061
63421
56857
53026
56881
56051
69080
50155
52267
56272
51220
91219
90476
115225
91068
87481
74734
75922
50866
89966
59917
77318
95599
75594
110107
82240
91807
94204
99667
62905
82943
92674
104782
92189
87255
89936
83495
87533
80863
78667
56784
96114
76005
92468
77551
73772
60739
64260
60741
64430
84118
60270
65107
52841
54306
86199
60251
79247
53158
77864
83933
84787
58681
96479
85803
59583
54669
49807
90377
62640
64388
74729
85002
93285
78854
63313
75380
63947
70633
32900
82110
91394
64701
65535
59031
65405
71695
80225
69057
74738
73834
92403
92610
89090
96607
114514
67580
48746
98058
73567
112036
74890
61506
88599
61413
93457
70030
74363
71568
82135
71817
99346
75772
29423
112293
86623
63817
113056
67120
67935
76647
92020
105458
82148
101414
50665
67282
64515
20112
67258
97930
64470
96125
63680
67343
58576
73402
47180
63654
52550
60233
95520
34249
27358
35636
57364
54866
66527
60611
73095
53180
56300
60290
33527
71425
52335
46338
42668
76676
41652
121902
40631
40677
46464
48938
87999
58689
46920
44258
58964
48587
52743
65278
103898
96814
75733
53373
34647
56890
106051
54420
50378
56593
42377
81508
50060
105039
54654
35727
80347
81252
51399
52791
39738
48340
92344
36458
89939
42230
61879
41873
56119
73189
47240
43871
42802
36123
61644
53651
31563
49548
55480
51613
91137
80127
36982
90884
40320
43188
92477
78014
68235
61439
56257
58933
63129
67440
70542
72056
97821
90732
91851
82333
92000
70190
80649
83834
72501
80003
79869
86144
72022
74493
93728
77470
99523
87772
66115
80139
88793
86258
72528
66025
69408
69860
100074
95134
59593
87034
83146
82370
67126
79905
105060
72833
95668
81580
72388
69944
87103
74518
67200
84412
70656
86646
71885
62360
56183
75788
80248
62467
90719
57972
68307
66195
75328
56426
60212
58730
58898
56335
56217
51620
85220
52034
34654
113900
86873
50074
51950
55412
52849
53106
54863
52332
61779
65634
27195
94481
54110
48135
70375
68621
56374
54959
55838
62188
60109
55145
84232
62130
57922
68077
53564
80493
54756
52185
51257
96433
84238
55904
56677
82703
68267
94717
121253
70454
97397
92837
92729
93332
91430
78973
93599
87876
100233
77370
91454
113164
85852
103836
94597
73010
87412
97354
48129
90311
81733
70436
35403
45590
70740
51380
60960
89548
60905
72634
89515
83732
118129
49590
97894
83244
79495
92576
112960
74711
66822
63140
94523
85763
126414
94633
59240
82666
91055
85233
41630
100580
96934
71200
153646
54264
41112
78097
44382
71270
113540
100391
94426
97469
77316
92720
107400
35187
68112
40255
42320
81830
34698
48250
84506
81320
83058
74409
76223
69172
66218
63426
32661
70590
75035
51441
69244
44658
33590
59140
54692
47809
57764
58618
59140
25200
23632
68238
51569
62110
57492
55719
45120
67097
59615
44776
122906
111822
79601
73204
100290
67084
60606
58544
63516
88277
82303
73967
83243
91505
103733
47146
96242
107412
100026
115025
104007
113287
86317
101325
67124
69543
82930
80520
78266
72036
67732
75585
67242
77863
63137
63183
67531
81413
55857
65109
83019
63056
84101
91329
94381
96031
105162
98878
102038
71375
62520
78415
89530
93397
74193
100831
81368
73924
67258
59567
58135
75065
70103
57527
65393
62896
62779
72871
82093
56050
79091
59070
53443
75699
52254
82161
115932
101741
109008
75524
99615
100025
84916
65627
69467
75493
77464
72479
60349
56430
47320
58647
43526
57008
54786
57737
46979
44314
48292
48125
52183
45142
42636
45611
42564
52908
66330
62212
83293
54878
81852
95504
86809
76103
99063
97920
116415
74050
83974
78167
97138
90436
101500
78184
114026
88600
107167
105757
71620
74481
80356
81821
103950
81570
76653
94627
89909
101770
107087
102574
88144
82085
74763
77835
95266
100902
88303
82583
72686
110928
100428
76620
97059
100887
79456
90653
103698
95337
98236
77147
85743
84218
105311
62365
79045
77342
68367
67324
69599
103370
63648
68693
60105
65145
99874
62124
81436
71892
66733
78196
86007
69922
104423
67777
115970
76920
70669
69223
74884
60683
65389
69849
69236
70760
67739
77627
99890
73225
67977
71096
70637
66900
74555
64137
86771
67463
69916
85348
83739
78187
71220
98912
79888
91524
82960
103406
78636
58341
60840
72676
63890
57682
59375
61543
71892
64881
60970
61043
56700
59021
53587
65026
71390
54613
65885
51564
72384
90389
58523
49462
52837
49567
49811
53216
52537
87041
58345
62197
80003
81990
61757
77156
76851
55708
54239
59952
61838
58543
75454
61285
66395
62599
82767
67367
66720
63192
63438
67254
50173
57832
49073
51221
58509
52158
52439
61465
48629
64737
57976
62391
64953
90258
86062
67112
54272
65581
65256
52679
49730
60221
57148
69354
48164
66484
63915
60324
51316
54570
56296
65371
40059
71746
68134
50400
59975
53493
90294
21020
46018
83843
99188
77168
87453
84363
88971
76699
43166
53245
55718
42367
47598
48048
52358
51065
62620
74832
48350
49772
45928
51314
77289
117861
75330
57411
89623
77800
63030
48776
46495
92225
103020
49390
48811
70040
82021
73805
49700
68203
47551
72057
56453
52743
47904
52394
59711
85113
112572
91697
48360
128205
90342
51794
68774
70679
69595
110463
78349
66625
89037
80503
80873
76816
100660
82126
85947
89282
74994
67083
74514
84640
83416
104167
80186
95925
88107
75127
89860
82624
95133
72010
87697
102643
88093
101503
100724
108481
79544
89707
79810
81430
70491
81454
72747
87222
99088
65884
95220
88955
94792
88916
94721
99234
96700
70672
82548
88929
83071
114903
75034
68872
70435
67058
75365
78503
85457
65489
91338
69252
98967
65848
60696
49755
53874
84119
57773
53799
48665
48317
53271
47076
47675
46630
61175
50118
63033
67323
58070
44909
56751
51263
51069
49135
52647
55594
45896
48152
55883
46421
50331
46248
53145
52403
49698
54807
57458
59043
63674
56812
46619
63543
88253
83880
66843
55742
121880
89224
83161
54356
110496
84098
45962
103392
135780
113594
59082
109028
111193
79400
82843
91100
80443
96784
85874
98261
92719
97885
88700
81028
97107
89186
84511
77858
103348
90754
93323
88994
77352
93382
73110
119236
90281
96979
92448
96904
93510
80587
64367
85375
64579
64433
73570
90722
86112
108657
88474
86624
91289
83900
84970
83965
91021
73842
91548
70835
80425
83642
85918
99043
91130
76276
91512
137235
80158
93707
70188
106885
109974
92654
98910
88332
93032
73491
102711
68184
75983
71657
94268
83657
63813
94297
78881
92676
103038
91168
86602
82163
96462
83207
95924
97291
78341
73950
94894
64959
70916
78852
102441
99412
96297
90874
101404
88187
109409
107729
97685
97057
99920
98034
62006
87930
74677
69690
69505
65867
58309
58074
83254
88934
92518
96392
85914
83430
54709
78775
63229
54901
68497
84846
90147
87034
96993
81313
99615
98786
91599
87159
91807
96985
85565
75376
92520
81663
105052
87711
77181
54230
93420
85270
88721
106988
118018
77745
86264
76156
106193
90066
95932
77669
85144
71079
93077
67457
95981
110375
78928
99372
96689
61465
56572
60520
75910
69798
44487
37433
72346
65425
51246
46196
47217
61013
66664
76246
72024
55938
59100
56659
88892
49011
102484
70690
77543
93721
45646
86091
76837
69391
36814
52755
90078
47058
37631
33773
59008
34350
93978
57129
37652
100710
37111
42629
34557
37728
35051
65937
37744
34697
39353
35758
49393
35380
35496
76704
39628
44703
62240
41069
96312
42075
40338
46178
72079
31843
68847
68306
80103
33036
36910
50147
71569
58454
35676
38611
41489
74547
31050
30483
64553
75617
61924
57690
114512
90151
114515
42721
49861
52347
58854
41483
44074
69198
37552
82597
46250
37945
63680
37594
45987
36100
36162
37520
60058
28487
70523
35691
60453
44344
77042
70564
37700
43198
39047
111488
92093
64903
60666
98620
79937
60091
39047
54358
60995
61593
36156
35138
63531
50353
41000
54559
47633
39309
51187
63557
79484
104144
49482
39749
39203
52963
46556
45159
43263
73186
33153
59438
38567
43745
73029
66731
76840
57359
88004
36231
65703
37275
54083
46390
40263
95266
74513
75606
44716
69600
43108
62504
117377
56391
42375
97106
82787
40024
55040
58911
88308
63281
86587
81598
78283
92689
102703
91716
90592
86023
75253
100974
92271
95123
59397
81492
63169
106240
66579
69117
49117
76018
41153
39098
83540
47373
53257
76130
74490
49057
53393
71455
84235
47024
59846
68613
72471
46408
46609
56864
85067
84994
79470
95659
78217
147518
43642
95483
72483
63492
75977
97682
72936
74982
72546
65965
75936
75895
56717
57212
89678
84712
68770
73760
107049
91543
87988
89023
86454
66313
89518
94890
99090
76886
79620
77585
73869
107490
94862
105536
69575
83103
83454
67810
92014
87978
96108
91495
81350
89010
64034
64810
69450
74554
75686
62238
62431
62572
56209
93599
58138
61383
66728
77920
58980
66129
57840
79652
74936
84567
83547
89150
57654
80696
74326
85116
73676
63846
58318
65804
72914
58471
89551
96439
69040
69652
90983
83510
69233
85445
66394
83032
61998
70784
81520
98704
72137
58804
64410
72701
67669
86169
88967
70547
78824
84010
87353
66722
68164
86437
80612
75657
81146
81574
77356
75929
100573
63172
98594
81296
73162
71032
81292
60763
63927
78000
102470
94320
88333
63839
86914
63942
97557
82145
79633
121186
80456
69124
67420
104223
75000
60593
84620
85367
88402
96275
70902
69661
92040
56784
95077
80408
85456
71687
65079
78974
85282
65131
63618
67104
65326
64893
64600
60977
62890
62190
82863
67336
62438
83760
77073
96456
86083
89291
60644
88984
64353
67168
56045
67924
58897
53767
78044
68317
61946
60610
63493
59516
63253
73102
108687
61030
63077
57903
88945
60333
86597
88476
86694
64008
88722
81914
85842
72496
76461
85704
58413
108320
88909
99293
61230
63139
69594
66307
73865
102499
99730
62353
94640
61540
90539
75217
91390
85817
90353
76616
92660
89860
78246
81524
86551
45465
73005
76438
104759
88895
118839
90627
119083
102848
97432
88400
85197
101068
100683
80177
111641
87229
96581
105224
98772
74805
77796
81278
77713
88556
71840
93015
90531
82074
77380
67477
98933
74191
72275
80145
87229
89531
118741
106094
94457
103964
106576
100298
93752
73969
114447
85830
87188
76912
107610
103247
107721
111087
101163
74470
100423
109281
66651
74555
84325
84479
101547
93500
83789
65395
65006
71320
72805
68397
67888
93749
71763
80889
75521
80975
81065
112482
97768
101432
90318
63397
70708
89154
85473
99264
106204
86878
92443
110615
88524
76679
78161
92092
88227
82302
78398
82969
98089
95231
86973
80835
87522
77284
89067
86803
93533
102170
82467
79907
75118
91229
84650
89157
100426
101630
86956
81855
100017
111471
112168
90240
97362
119042
72930
100556
102291
77262
109701
88935
68833
96737
109525
113799
88601
79179
94360
95237
82034
66262
70860
76577
103987
93582
83743
78170
99581
97560
82020
89660
89590
96392
76840
91569
95732
100265
85459
77323
75854
71260
73890
104822
100844
65404
98125
86396
78550
63085
74595
81195
56915
66713
62948
63731
100390
56903
40405
61264
66043
60362
79696
59975
82658
84813
72138
55435
75688
65965
83360
89918
57103
98427
48664
59083
58507
54776
48986
73556
47782
48754
45693
48742
46939
85369
74874
111916
118871
69392
78952
131918
59088
53695
109158
52764
101140
49498
70041
82373
77895
100622
78994
81283
78255
103489
96649
86508
86147
99419
89881
76033
84943
80406
89173
82020
101476
93741
92403
109522
98826
77823
95940
106653
103695
99728
94394
105350
90394
108662
76077
84633
78818
93846
106965
85836
86737
82707
109661
128397
82387
107595
116513
104123
111138
108144
118907
90596
113536
95457
103964
63125
92283
67101
79468
110034
71235
110592
97470
104737
88363
93327
123758
112378
108817
83610
99182
110828
118813
104246
93792
84042
108470
107354
129440
97622
99844
91283
99856
89367
128213
93521
97577
80707
92800
106597
78954
83145
83361
89877
96449
84651
88550
116785
81967
95670
93510
113141
75350
97881
104483
93228
108147
109541
115664
78997
125451
97354
112497
94732
97703
90890
104813
96006
109854
114905
114347
110537
98945
89633
85532
101318
97281
88534
108902
98566
108233
103910
99969
115374
116896
117244
106680
111924
87270
88536
104404
91460
91100
94651
111194
91253
100515
105692
108650
93500
96192
116205
96801
101929
84363
92298
82109
88980
106976
109512
78973
81001
108817
104759
123317
89666
98099
103665
87136
108456
93367
87704
106447
87647
89099
103511
117102
107362
89247
98202
91107
103908
99663
93026
86065
86896
116071
119246
85599
105743
93193
86232
109966
93811
104663
77911
95976
81575
103032
101060
90079
103346
105911
109923
101604
107578
92919
97007
105318
110473
89033
82707
103250
109330
115267
87625
101320
79277
84037
94688
94132
77294
76947
81128
76573
86465
73996
94726
95932
74300
102081
62001
86999
70012
84991
88993
115937
87940
81338
77928
66775
69303
65575
82833
95245
71661
59360
74312
71138
80032
79518
59977
93213
95074
77650
58923
61717
50704
54973
37500
89137
70640
77757
88483
76347
70654
68606
93278
118494
101179
69040
77949
83979
71981
90763
88307
107898
106774
69635
70413
83265
78653
72009
106056
76295
64086
74625
68730
102261
98290
85976
74630
62575
105383
103290
68814
72286
77155
81560
87698
71750
78645
87928
88573
80534
94963
86657
64210
75070
90613
96455
98524
71757
74141
112489
78941
60848
115923
72905
73187
97443
112751
74240
81192
82787
80971
67743
79530
72659
33772
69037
82503
72182
126607
84427
82931
104552
90065
83357
62357
92227
82496
72105
68333
80486
72901
103718
76297
87672
102151
64735
73637
78658
85721
67120
65467
75733
60770
78582
80911
86423
95678
111325
99524
76962
69120
78413
73180
97612
91891
86001
72853
109768
59767
73156
77910
81027
119437
57467
75023
66534
72124
72970
89420
35238
69647
90667
86091
69402
66985
77057
61126
73205
87805
71693
65623
75787
83996
64927
59348
108001
80520
74452
84274
96449
81757
92534
77084
70088
66307
47215
39245
45430
73276
111874
89490
85567
106414
42389
32962
55530
63062
50306
46647
52763
59433
55047
51175
61216
59314
62721
84480
46341
89169
49500
55135
38381
49222
39606
68545
44500
40003
46363
55465
79279
73393
63917
65764
52454
49628
38164
27657
56252
55270
57286
65100
55477
62023
78471
60119
65617
45916
40050
41829
50602
43678
45462
36007
63395
44895
56450
39424
46483
68092
51566
39274
54742
56075
66791
48493
52983
42990
45350
44457
58297
46650
50753
52674
49404
70890
53236
50487
87961
37853
41313
48564
46550
43147
43316
62089
40105
42086
46082
43297
41380
48250
47486
56434
51039
53867
43018
49636
50880
80841
34365
62570
60392
45018
62370
48600
52234
39715
74428
52916
47567
53700
54447
68275
49474
58340
18288
33758
35609
29049
34232
38011
42154
69966
82187
56424
84206
96926
47413
39825
64117
105443
40507
111781
39528
71478
29432
118038
34075
45171
35787
29526
38650
29349
32419
101463
18703
41195
46563
40772
39640
43912
49069
43038
35237
34911
15256
54180
48740
36036
33609
38100
39767
36039
34957
31957
29612
33854
105582
93934
37445
62436
71035
51887
13102
49217
54700
67336
54861
78430
57923
57526
49630
51323
55893
53623
45894
20110
62938
53507
51371
54851
60627
38967
37339
58004
38001
68615
37194
40026
46287
47570
58157
61800
49200
35167
44447
42957
46273
48303
58227
27835
77617
63494
60767
103526
101045
27254
96762
66172
107560
82862
70330
31537
83372
34295
93652
49307
70446
89796
60196
70180
45945
75717
63343
89786
87067
77509
79701
91473
94696
86426
72663
74498
80191
64820
74374
107001
92520
81368
89518
89767
78430
78771
76905
73727
100534
88127
98386
82056
82173
98860
98087
68964
81821
38862
95772
77761
71684
101093
75847
73220
99901
94467
82680
81373
62831
74774
104137
61732
87917
79058
70494
73012
73057
69587
76174
89135
72592
86381
101239
59624
56652
69248
93591
86464
102151
106510
63381
72809
78374
68305
66990
64249
60928
62980
61971
60114
87914
73044
60656
86152
83723
113810
72077
88682
69447
66190
91543
66360
87267
83644
81405
89459
65242
82223
85297
79520
85220
102945
84713
107079
92268
106279
118616
93605
74001
107137
66548
62937
53821
65643
69040
71130
51546
74660
83336
70659
91451
66790
95205
92220
90851
89647
87166
74911
89508
95701
75265
81981
74008
64440
90383
54252
35194
77864
26585
29490
35730
76939
65378
35782
34661
33507
37106
50090
22542
64491
23367
36794
30248
36786
22130
22327
30537
53730
18804
19704
41081
25114
47395
24535
82218
98334
84899
25727
69171
37674
48334
48140
49643
47479
42335
37200
35454
43380
40888
34354
67804
76709
33370
77365
37756
29465
74105
41084
60399
31808
81007
54066
28844
61583
33683
33075
35288
34064
40065
31709
33811
55338
29436
33832
28689
26187
43606
26211
36805
29404
25291
50087
36019
40571
31866
41869
56940
29455
76950
62743
61242
51097
33284
56959
33434
34763
41738
60198
30940
70769
40958
32291
23911
25196
28693
60183
68137
50241
57196
57926
53994
55502
56344
50538
54616
119594
97116
87781
137978
71181
88385
88748
94578
94822
93260
118028
100601
78473
87000
101874
103265
100606
112591
93919
92326
106933
95081
84585
84664
94010
106176
83578
94641
91487
120547
28760
107198
92754
94317
103118
96755
91830
86736
98442
99068
97500
112501
83206
107211
110744
109572
101391
101447
86734
102603
107815
79781
94042
102326
78724
112130
93293
69080
81232
81018
60730
94937
74113
85576
87990
87085
65360
73102
63445
90084
90897
76010
63973
51566
83448
52463
63264
84031
71919
79023
68667
70667
89603
71573
72420
57063
60603
88654
94060
76170
103457
103005
108425
89193
107199
103400
78560
81110
102056
109406
111250
108799
94094
71754
90566
95657
122926
114686
109110
89500
83474
92666
96288
91293
84010
93702
95843
87190
97533
123874
89929
112739
80446
97164
84923
78628
91145
100667
98125
98588
81400
90116
101149
70747
97710
77937
74543
95605
80855
91284
100011
79119
97291
89415
90024
84999
91078
98945
87600
81003
106101
98430
92534
111104
99366
104678
98074
96844
84280
115195
101114
92402
102826
92400
100407
116425
113638
113511
88039
86615
110407
82456
97117
67990
94014
105410
118324
91481
104910
100752
90605
81315
108402
100175
91443
79656
83565
125654
101400
104384
91797
88647
123653
104443
92302
88639
102417
95380
72928
75752
113078
76252
90311
88541
74762
107056
83280
85480
95903
73267
83533
65889
81470
84921
82936
89667
65977
68993
84957
71686
94126
71879
59598
93206
93670
62847
73844
84886
70661
61221
54555
88228
66383
50353
52190
52990
78373
53353
49512
92246
52667
118071
82992
79007
74724
58751
59565
50696
54602
73596
49859
69554
50414
53061
59125
75736
51954
45403
59079
70036
88616
67063
58773
47976
58501
67004
45004
57539
81028
54502
50943
55436
51504
47411
54356
63185
59073
46229
49706
58164
100498
77674
67625
54962
63064
50159
68059
58841
59687
52969
50544
65646
48491
49226
63071
71277
44725
69127
97751
93727
48866
50471
55866
56985
49835
82567
57429
53566
63232
53356
114526
58713
68046
65429
74492
43716
65503
55371
49803
71775
65741
53173
77061
73526
51864
55109
72510
85270
81580
81757
65715
79146
91559
71700
83983
71373
76869
94186
104573
97626
98579
104291
114750
88833
98431
102222
96696
99641
78740
99201
97921
89153
82344
92316
157976
94570
108861
96469
85943
76191
70138
82795
67558
65225
64282
72064
63790
57420
71426
86518
68473
85006
57940
87565
60145
65088
82233
84778
101301
77369
85470
83479
82336
90705
92118
91187
97969
105735
55050
77921
99300
93800
90560
89000
81807
96485
105753
93977
96628
88631
101614
93580
107578
78944
78810
93037
102616
97330
97929
82787
87557
102772
99518
103793
94057
72449
95904
99955
90371
62939
71337
98260
59047
67958
88441
76828
53945
53181
55592
62317
58654
90381
90292
59759
54749
79734
68844
64190
67213
73300
59972
58198
59061
55687
53277
46919
88213
97611
86573
91631
82457
90377
95467
75767
85213
95914
101156
93307
91373
91044
80905
87909
96599
90120
100982
92988
84798
109391
82548
99322
89792
77828
87694
81997
104106
87119
89123
105980
75084
107303
93123
121418
89316
99090
76319
69717
86717
104670
87063
82378
80229
72069
68586
91988
99583
79040
79963
81364
64661
101588
66188
88717
82151
83989
90570
83914
97784
89938
110095
101475
98083
125627
72715
96632
131963
118911
93449
100322
80262
71311
75262
81608
64549
74679
73015
71190
95287
76832
113339
81688
76175
86764
74185
94401
105092
86595
80417
96440
111509
100802
97583
107412
92996
94877
69139
78018
95149
73579
94031
61371
85936
92107
69472
64746
70483
79757
79401
89451
66047
95720
82313
64349
62450
85592
63417
68240
83637
80834
89410
76399
89351
86781
64915
77099
87919
48006
70015
75704
59567
69918
59356
73060
96851
92400
77081
60981
96768
62062
95717
73302
68541
76676
69417
79866
86531
61761
72227
86814
70828
74420
69772
83641
62413
84444
88049
60321
75990
66920
86536
100662
85749
86000
58056
78213
110731
78390
72656
71436
69357
48629
120725
110144
93465
73751
84778
97327
108176
81073
102259
86496
80070
72209
90336
98777
119981
89763
85088
76811
92176
83130
113962
89852
91024
60114
93178
87284
108048
65661
45905
54326
97545
108992
59124
101443
82412
79929
95725
67718
66156
59713
71404
61853
62403
59223
85640
61596
55302
82033
86050
83611
69651
67102
60991
62015
61219
80650
56724
87679
74620
49560
55918
74780
87545
108044
93669
79550
70430
80067
83647
86553
85980
88697
80310
75663
91377
83269
98529
74222
71807
99997
51782
95491
75467
109474
75029
87104
79742
89089
94817
83558
91413
78924
102864
105257
107441
101559
83414
85081
110189
91328
71638
96640
84157
98767
81762
72516
105354
109634
79467
109604
88077
103914
103504
103424
96505
95690
78060
83641
104589
94775
102223
77665
80294
81436
91253
75605
87095
82948
81087
84860
86370
78920
38611
74588
62249
71300
68800
71761
80744
75071
71201
68013
66028
69497
90908
65899
91840
63860
71967
74499
101117
92448
52964
48771
49203
50511
50622
69773
53431
73313
55055
42380
40684
74563
51643
83697
34220
65288
37880
56478
60337
39024
69409
26390
27067
26873
26838
29798
53841
46498
24199
26924
31003
61188
56989
51031
35258
48887
75207
47067
51430
67189
49547
53070
57000
48120
83130
79841
35489
88153
64848
49306
101417
51366
75471
32282
29522
31895
57156
38907
32632
62850
64540
54542
31906
37671
52466
50150
86940
86988
83967
79750
64844
47487
36815
71088
40008
38067
38050
35160
35735
64893
66463
51017
48783
48250
54410
61893
51867
49340
49343
47234
52780
56867
67945
61554
49460
52587
42614
80260
49500
113207
65196
78549
45146
39543
88486
37468
35484
49987
42462
62645
67564
35856
35923
44333
35430
34516
34740
64166
57851
41087
34235
32800
35852
39976
40963
36938
36874
53154
57730
46696
36708
37710
50996
80821
60750
43481
35328
47085
43256
38864
41440
34542
28704
30357
87059
26016
30989
64040
46573
42214
95668
134085
58505
57245
89344
108563
71469
59552
85647
31780
35308
45810
51461
44400
64667
31459
30691
39114
41150
69381
49279
26814
25085
51299
56154
24509
31923
27284
25560
25260
23409
52259
24342
38311
56301
79869
22452
49307
54508
81137
110419
73824
43676
24692
24080
22094
26151
30050
82983
28809
42415
24850
48599
29109
30809
57476
24341
59866
44361
61184
27556
40488
74693
47235
118876
33149
44861
26414
26656
21890
91278
82191
22741
39734
20057
93271
25498
33199
53111
67217
40179
75733
34452
31626
58514
84307
85304
62428
35515
37129
56682
53119
60397
49485
36013
75040
49788
38009
45190
37033
37357
41428
36373
71949
29916
28046
36733
29558
113259
32261
34824
61981
76590
31140
49096
27608
31315
55017
32049
26248
29956
48912
57608
34265
80850
102417
52913
109320
80660
55567
86164
66976
47747
53180
74540
78662
44847
43576
89857
83932
112860
73181
53511
69120
57013
72972
69762
63308
71208
57180
53627
69248
45558
63720
96640
67580
42474
39823
54887
84326
79219
99316
90608
81550
97181
75774
90947
110729
87562
69174
104008
102414
98724
101987
99553
91196
100047
84214
74152
98419
120600
87284
88408
89133
85418
84854
97634
96168
94459
86438
92720
75470
104718
97289
97154
102593
56994
78810
27451
25204
24703
32063
29545
82401
106925
111866
59440
54421
60517
53704
98565
64417
67906
94208
71092
99996
95426
104663
71041
84007
78557
75305
83410
89073
88357
85936
96098
100371
82774
82087
107589
119556
61067
94859
100064
79051
68507
60507
70030
61964
70290
88734
67913
34883
96990
77603
85346
83153
81137
102247
67450
99207
103684
90023
84927
89940
113927
109034
100038
76320
116810
85010
77171
68583
82640
90474
84737
82613
86044
99795
103370
86838
79960
96425
119577
111136
93338
104346
81961
86877
84776
85350
84501
86910
81729
99275
87403
110887
101022
88870
85105
127231
92391
115502
83523
72696
88616
75236
91069
109384
108772
112722
75908
117022
82869
95320
77087
81512
72252
74887
85285
82943
70465
74417
58398
77243
77714
82423
96745
91701
82779
72814
84740
102280
76437
73570
102058
64878
67211
93430
103922
76288
67428
92005
93369
77981
61227
59171
62278
58071
93925
78651
85417
77708
80445
71861
77200
85701
77764
83738
92757
113740
85531
87799
70358
81548
62302
82548
75798
81986
93478
87878
79580
96721
64760
89544
79083
111153
76380
118950
72324
113638
80740
86334
112406
118088
102425
74258
74166
79575
77876
77194
65328
82475
68857
68931
83868
75763
104815
96195
104177
83930
74494
86603
82286
77828
89598
80622
80438
105287
90623
83116
87383
118861
75394
77586
97104
96798
79145
110839
65280
86293
68373
85925
77205
102831
75287
74794
103672
92915
63748
94736
69280
104855
66210
90515
94357
98891
92788
83483
92677
87471
84466
104574
90484
91422
89639
77578
77623
86758
111553
88441
86293
92483
103362
82046
106093
102619
87197
94173
69682
81726
104940
99890
114234
70200
95759
84578
76844
85309
77548
79437
78500
102915
105505
73513
74289
72536
70979
71968
91319
88190
68052
103678
86141
69838
80670
70565
70286
98517
67031
98365
87870
101914
69854
91184
69930
69976
67867
81440
91043
87813
66029
99190
91110
116712
79151
86863
80827
103936
90586
80018
77267
82954
99621
105943
84401
77237
79134
90272
87850
80203
66954
78327
73085
114884
85377
66146
87775
71290
63113
94706
83909
75004
92321
94994
77793
71944
98706
98316
109373
118210
89395
71906
77294
87416
92316
46042
102545
70393
100069
94861
92835
97271
96254
69373
84072
107952
79032
92261
100483
78371
83215
101688
61241
92725
92853
92423
103353
70133
91093
91042
73238
81289
110235
75616
101635
107354
110556
101275
121671
70736
83785
92034
90005
90633
97031
65289
82178
55795
48027
75610
66068
48084
65972
69796
64673
76615
71388
59734
65302
84668
68246
78843
90308
88820
69370
60774
76831
66579
74750
75398
78154
59682
117733
50467
84964
87670
99086
80697
77745
88076
88430
84080
80419
83766
76692
76675
89347
49990
73939
89243
98108
82169
52744
46808
102642
68150
86509
97413
78242
81844
95763
93247
43699
83127
83265
82235
79059
83074
81116
84446
85452
55563
84494
90560
108108
82448
108001
84451
42042
42053
59643
101440
85967
71401
95802
74143
86873
87530
92072
80290
92780
96780
49372
78865
60043
81352
70723
73479
75683
84001
78938
72114
89978
37854
90889
78095
57846
68291
59746
84797
83363
64178
59722
58071
47384
59628
87872
70175
64577
59576
60710
41104
60184
77482
67193
32084
44687
51613
79053
61960
78271
62587
98069
69810
86157
84564
114146
62100
73806
63351
70607
64449
62693
81841
64510
64719
63142
59219
72885
76268
81436
96346
77273
65856
86560
90274
96801
45843
70835
95242
89983
60017
90237
62753
60661
95966
67607
69729
90850
84377
82073
103796
79998
56204
83098
47435
62582
78276
62701
91973
62776
78302
36479
59028
68380
59221
70523
50560
28281
68941
75379
67513
61584
87507
94906
80754
55062
109109
57896
108729
82286
29000
89167
75977
75422
87626
85047
65605
67176
88686
104842
78318
72850
71285
71710
63055
74765
77474
65133
91730
76674
83878
104636
71698
64750
83672
50867
72210
84366
78970
63166
49287
91256
90055
58708
83244
64340
74486
34472
61902
91402
70879
89411
87477
67111
59895
56382
75715
80335
60334
50633
59539
72225
35927
60569
61026
127240
104111
57790
82980
105647
116310
70520
80107
59096
57922
48257
58766
62536
56296
87380
87109
91724
88493
86353
81270
101804
87086
106734
93530
78324
109443
57397
61170
67087
73901
79177
75248
47947
73439
109808
68891
79958
76037
88721
95847
73179
98670
84879
85165
49873
97870
72914
71281
68662
63529
97201
102525
71436
92002
106115
88390
62828
67163
86694
85865
87486
77164
111601
73685
91860
63267
85488
90167
84446
128365
71946
63552
71504
81317
70995
100794
71670
96688
54164
66400
82396
118138
76487
59866
51165
74959
61703
71013
75639
77086
101383
63851
84537
58597
66546
85473
107821
63096
59608
57946
87385
68799
31982
74769
62255
65731
64767
64773
70414
56776
50145
65230
66486
66964
63788
87292
63700
73726
60875
92395
54237
90444
67429
87313
63205
67322
68988
76793
67953
55785
45022
84852
65790
63031
61037
69387
55777
86790
103664
93587
82277
111611
90145
102400
91413
80426
87634
99183
93357
94791
110468
83971
91060
76156
67388
89580
56014
63850
73420
81424
68430
67672
77639
104440
80237
59297
82847
72877
113801
107281
67075
102300
69805
106988
82193
80744
87985
102903
81888
77236
54974
59010
68697
79662
70145
61191
60370
61340
54112
67495
70832
61546
56122
21899
29366
60421
21440
33786
51630
58882
60716
26884
26636
53759
35004
33683
22354
33901
53325
62996
54550
55845
54086
57706
57180
56703
67466
60793
58916
78747
60881
28794
34723
60894
56355
53483
29406
56816
52430
74522
59039
56615
73261
27903
51914
27346
28415
46423
27892
58787
28304
45653
47243
29267
75463
71724
27407
67057
59387
24137
78914
49837
27816
27969
91018
62331
72755
50500
48754
95815
82810
97969
96483
63429
67634
43563
70132
54677
44223
54821
65598
42789
42816
69371
40837
39296
37694
55705
65595
43470
47916
61062
93402
41350
44603
44390
46059
67750
51113
64693
107213
66078
44744
80833
74427
81909
42627
92730
69401
102192
74632
114674
91452
38934
59482
80876
41878
39469
38893
49246
64619
58595
65748
63659
31670
79100
76700
36197
41378
35320
62823
33736
54305
29279
46186
35121
49584
40087
69033
28228
105391
42320
56664
64035
68067
36702
35323
59065
33022
63889
33716
70734
63392
41633
77682
60491
58271
73067
62228
41545
64603
56973
29147
33593
61995
47292
53263
31929
38903
31614
28990
36060
66520
34741
85520
93332
35858
31919
55254
33670
51069
32081
31920
41732
56303
46489
49437
46490
44287
45853
53434
50586
43193
50689
41228
42686
67357
59138
64333
70796
65168
37702
40795
64296
41378
85079
41253
29876
91049
61306
59261
59970
59986
34702
35599
43340
29696
56184
35859
41328
33136
61340
36207
47222
71858
86016
29772
36840
60620
34871
55747
38270
58933
73478
68829
59610
68912
77475
87462
62095
101717
98847
65870
80206
65601
85729
99774
93571
76260
101338
91488
82477
64250
97806
97506
70764
81729
78482
88057
73668
70759
80471
80563
76363
78782
83604
101551
79285
103134
74892
81270
92959
79222
73396
80533
72830
111325
78515
95617
86708
79736
101476
76810
89762
75219
77287
79645
81126
67494
83280
72087
70612
75341
78381
99616
86776
83681
97781
64678
106166
81061
109431
69423
114278
81826
83940
72987
82294
86139
126853
85203
80886
85003
82074
95018
93195
99208
103102
95306
104964
102222
90491
112977
109093
105230
83010
112966
116684
84748
113832
89409
93968
85388
77434
116724
101807
111691
117656
91252
81853
86050
106639
84213
79173
111375
82767
96420
112032
75194
109886
79672
89857
82488
72893
79374
96799
75552
88283
110497
113778
86914
89971
103299
117566
95489
128864
79944
102843
87117
107276
105190
98355
104085
110579
107583
105428
102731
92397
98528
84860
89780
125361
104911
101550
84465
110041
73434
84404
81691
94006
94277
100720
94577
76617
94256
103807
82909
89834
110990
92989
83682
88227
91804
106449
88700
96878
115537
140960
69181
94251
72014
97326
89235
115070
94486
100741
87800
118162
107943
90674
97073
105670
127956
72735
90470
85977
83427
117107
91626
104476
123358
108634
101967
77572
83219
89403
77143
78237
90160
85496
80460
81468
95076
108635
66703
113874
95485
107191
104804
121815
96895
88175
65311
49597
46127
67639
96103
88489
72162
111043
90156
69739
92301
106530
54090
48174
57730
59903
60726
58033
79012
56280
70936
99157
60976
55072
87534
46991
60477
41906
74712
37600
56720
59960
48927
53409
42314
42203
87965
91927
47420
106224
56736
50981
45087
40607
59204
57357
60217
51710
78157
47624
59596
62306
81001
52750
89670
42119
55346
56170
43904
58436
112363
83039
68782
62570
47905
45615
93933
48074
66337
46599
43007
58180
69195
39623
64462
71889
63234
99488
104179
67966
47100
76958
73617
95727
83037
66838
48631
56678
57745
52724
59915
50970
48457
47470
80896
51687
50950
71933
80033
56653
52469
63687
68350
108600
49927
68766
51727
65946
48898
80660
50684
44426
62463
68549
87750
68068
69615
87427
40398
51083
44568
47136
47095
72865
53131
33366
75607
45033
87458
52632
66722
44649
43767
36948
55705
65752
52781
39327
47357
41718
36104
57424
92831
80772
43562
74514
80903
40258
49224
46358
33526
57841
70524
57470
39460
72771
61922
84291
69877
70120
94574
96610
50330
71170
32525
72173
77486
46745
97951
66966
85127
51138
65264
56235
59989
49088
70250
58267
73558
50793
33449
62609
100496
57249
78845
37481
41367
65538
62196
57058
59331
37859
55626
32583
40371
31590
90107
63530
39526
53041
31882
44413
37875
37128
60931
66846
37998
62158
54082
50000
27627
31676
46294
63950
53601
38488
50642
40569
41400
27528
61964
64421
73343
61616
63631
57390
79403
67386
58052
56189
58685
74660
45557
43357
34837
27438
29575
19288
58126
43741
47176
53199
59360
70369
68991
51398
50692
86596
53520
55292
17283
59959
56992
58210
51336
43590
25313
57389
53451
61431
92286
74205
92580
90503
86615
83167
74895
60442
78110
64025
79357
68216
72306
33046
46371
75838
56145
64144
24188
60448
53923
72718
64943
76880
83102
84684
47007
67766
112282
101242
67543
60394
51604
51300
29085
63939
51675
94086
58215
91777
60844
31671
30332
55152
85135
57608
69162
39198
39074
69880
35241
113211
56493
66020
58853
66005
83810
29638
91118
84761
92480
39940
67277
102049
88172
96173
91043
86669
37317
102987
41674
88730
39763
80930
70519
92620
94183
84034
32318
92706
83639
88106
58419
97229
82029
77523
87592
76240
87264
51236
39592
90987
71338
62017
94380
59697
67439
63322
52100
86935
63952
83014
81773
70950
84593
54980
67702
52003
113840
60736
84888
57694
97066
83803
78601
73962
61956
65601
92743
65563
72956
95166
109395
76772
106829
78094
94000
73677
87473
88842
94161
57836
73839
62845
79873
94540
65580
45161
90883
46221
55230
65887
85416
64275
96025
56438
35440
85003
68993
59884
47450
41107
57073
38736
61166
52798
47423
35336
31768
34197
33490
33868
30828
47022
47350
49202
86156
68825
45690
41725
35760
39825
41808
51213
36040
82222
61435
75112
82435
51117
112599
51240
60144
58257
85226
48251
92943
88824
56997
50888
107133
59438
38009
63583
90947
51287
61257
83616
67327
69441
72618
54189
46295
69544
66322
49494
64833
48880
52775
48036
59335
64364
43894
48362
48243
84119
50535
51242
63372
107271
46048
43603
58689
56875
64157
42446
57638
48963
84013
63086
54112
94484
76704
38169
60989
56510
52127
102462
37158
38206
54709
47828
41074
76042
54564
46543
42920
91896
51446
54310
98805
99227
77438
70334
34125
80010
35908
66424
86510
85328
37470
86713
76446
77866
72397
77585
58025
66936
59862
74818
45415
38184
38632
83864
60288
55739
61267
77507
36767
32036
74653
33691
36164
42580
37689
49174
46748
41070
32524
79479
37641
71541
38447
59381
37918
87544
83358
83457
55935
59942
48390
76478
93160
36694
57856
72194
95508
108917
93622
67154
88917
91354
51107
80237
83660
85790
81463
83014
69601
77127
39187
37452
49552
33428
72890
47805
73590
30473
28587
31263
50598
61050
69446
50800
70245
38395
45666
44480
30599
33950
40634
26519
34452
30150
39383
32133
48932
78918
65223
97753
78648
66287
81784
65066
64880
88955
103256
66868
59628
50378
65677
62480
85763
68003
60836
57495
70642
53248
70654
77317
68987
60271
55036
71165
41530
75763
42458
68417
54496
29285
66399
40588
30470
62703
44497
24772
33793
27956
37594
27881
30427
35272
27160
28871
26053
32533
29658
29563
22201
77164
27624
89668
47289
20637
49366
55636
85451
84974
53267
52837
101925
78356
68953
79910
60543
58432
59928
70596
91616
54805
81262
53247
93741
86580
85433
66876
66953
60610
93825
72015
66170
64070
78977
117612
89463
105540
71389
74583
93146
63650
64469
62846
65250
68835
57997
66067
60374
75092
65824
83104
71387
72767
85248
86715
69987
99031
71667
68928
64114
66247
60544
82066
95511
56476
88302
91206
83434
57072
83051
58425
60267
56165
55701
66080
55008
59925
51787
61463
48299
73376
68040
53845
52621
73239
55119
54786
91167
58597
31346
29148
22312
59434
67168
54324
38917
58963
50634
77921
61486
54498
61540
70661
54386
74348
56373
29352
58481
98996
49629
50562
42609
54614
72974
110096
48948
77582
87025
79579
71368
77321
45158
48103
67609
68262
55143
58250
49033
20823
69003
32127
30027
19960
62490
119493
45632
123060
90822
37717
93350
111981
46926
74056
53209
41446
26604
51482
37898
70079
44550
45194
21566
25487
41611
75746
45007
82114
55050
51930
54933
65224
62455
52982
59387
41880
45833
68521
75845
47356
56040
59917
57640
50147
82907
92013
94996
39596
69400
105265
38855
32978
63552
66288
55340
68685
64563
84553
49099
48991
52759
45104
47747
45797
79031
76002
64363
64120
39243
63479
37570
38998
34191
53021
40251
28077
38155
31362
28431
29078
20390
14841
44426
51005
18042
15319
23685
29623
20592
24998
31966
23085
25978
57822
17094
33192
27012
17738
19499
39563
40093
18309
38924
13470
16524
19072
17595
27298
32098
47478
28240
30848
23802
81326
22649
48680
42918
49280
46636
51463
80388
73909
43510
48657
67277
43087
46850
85464
63508
45361
59589
56990
48468
39507
47533
76272
60594
57130
77498
87184
49070
57613
48797
56724
82763
45051
71130
51713
56630
78447
91603
84490
58254
74258
46924
47787
53173
51140
40253
90143
81802
44612
38597
46199
85534
37752
37632
44413
53377
70901
74720
58001
83756
63787
54599
53751
46891
41985
78210
53598
39209
35487
77848
49775
37504
36646
43260
35548
42966
22053
34237
29031
66193
56121
31858
30718
26443
61434
65491
24639
56053
39730
42084
53254
41251
63022
51777
34312
13774
86841
93166
90047
83677
47652
57877
55053
59633
43129
45253
50030
29514
59328
33281
25558
79263
107593
39152
114346
70921
78398
65299
67168
63198
58831
47998
65481
72439
57459
39964
25880
48945
47840
79874
52731
61011
53237
24644
25974
22508
39947
54869
47136
57086
48752
62349
19477
42495
21924
23557
16931
68020
48310
46777
50625
29232
21297
32282
54280
54700
61703
61777
53760
32726
54443
62535
63064
37834
80286
53755
45543
52792
46260
44475
46395
26954
76046
99256
36165
60073
40639
45291
76947
19294
54657
71928
48494
56363
38807
55643
46205
64787
37532
74843
43688
37312
38642
43545
34039
43971
22699
29308
54426
13309
30996
50121
41523
53749
35090
54979
46278
54194
59484
64934
52323
48397
52653
60604
52199
44693
61514
53242
56250
55943
62987
40670
49531
47947
41913
30469
47628
43984
27458
32080
64893
48595
43480
51478
84293
99820
126401
104326
84998
101094
79932
85563
112647
97166
87756
80855
23682
73386
87965
91066
89950
82430
117660
116290
87443
98389
101166
89148
108777
135773
79857
84346
81271
88994
93513
82428
123811
87295
121919
103483
107887
107318
107887
79890
80260
105610
97834
61400
90046
103690
94820
85980
92863
81793
81707
102936
47531
92385
94814
134717
98484
97131
89120
96223
71051
85793
83047
78461
108253
79477
107098
131295
105889
132145
90824
133850
91053
77835
123630
91709
86614
93264
85756
88756
99434
93120
82603
87413
64610
67830
50661
89932
104301
109731
58550
100731
89775
94250
50609
98998
47268
76441
92880
45737
57820
77204
95230
91394
59266
42271
51262
108441
114773
88722
63257
46886
96366
93033
87400
102679
92603
68776
51313
95140
64380
45754
67938
94335
91428
84637
92113
84090
92500
99907
52571
43312
40920
124837
62037
106127
96215
55679
90940
78386
105784
121160
77281
115800
103234
120099
90634
108264
88367
112398
108944
94638
76995
76080
115020
120714
80411
91033
90046
84294
77337
76289
90034
108920
77062
84370
74950
81403
83164
137182
85127
101126
85930
93196
84656
126234
103988
99265
36810
29963
39282
110473
22744
34647
87998
63582
70618
62663
67892
59557
32812
59701
77700
55328
56099
61713
80096
75330
66920
51730
62011
75648
63943
61461
80986
63045
66415
65821
59164
47621
85947
59689
52238
52682
64440
63436
50255
64152
63394
54891
57780
93466
86920
88989
95488
66636
62910
64528
57943
55838
90866
52713
55112
80577
61813
56278
65416
67536
54343
36140
35157
66490
74116
62660
48495
80156
66115
80976
62449
65467
63353
69694
82841
84545
44544
56163
37721
42295
37906
94540
63367
60309
67529
29055
57586
68325
37449
61189
63824
62513
61923
56676
63278
54526
57370
57524
66630
77187
59954
42016
43249
95435
47810
58157
64712
69884
68383
52461
59826
36290
87320
28702
46486
44562
30432
43285
30887
52094
105190
81420
81924
96377
65310
71413
35683
45287
96837
97235
89119
62933
17362
98534
89817
84020
98654
71710
59112
71968
70335
86621
21805
61031
71620
63171
61719
87750
56080
58844
63414
70466
49107
66146
71803
35935
55198
49584
55244
37163
48618
32613
71041
60457
59866
71449
57585
65845
22355
69557
24608
61329
71776
80169
67173
43188
31035
28386
89860
59249
20628
31849
81322
55532
39217
35650
30868
75397
71940
67397
49607
43284
73963
55733
101730
131666
56708
63688
74074
52015
61039
63277
29952
39807
40325
52796
39046
67228
32955
25540
38434
103474
93249
84881
66628
76363
95740
103003
45864
66064
65753
68578
75632
79249
38876
46990
98227
81410
86494
62321
47021
101486
85977
82889
87824
65136
107519
81461
53215
68820
90064
43491
43479
107807
35856
113596
80790
82599
80813
101126
92654
74211
63929
133311
78653
83887
87459
84112
111773
88717
68576
102604
41302
89368
77386
77889
82465
46710
77059
37253
52335
43405
83530
93697
72407
87790
76770
121130
87744
43977
72921
92321
61465
88797
76345
80886
94992
109604
63962
62907
88226
53966
43339
82584
113043
96776
74710
108022
86415
41563
96710
52856
53854
54625
81371
83861
43988
103886
104666
36079
102119
89384
91635
78728
94728
74600
100131
79733
92631
44381
83325
88395
93864
39157
39657
123876
75079
77534
82065
83640
97767
102359
52434
80529
109217
84145
87023
92801
97559
97020
107041
90423
92134
73150
51297
57973
58540
40175
71428
34706
77116
122109
75462
102011
63936
49630
82947
41689
74348
62154
82054
112509
39343
49989
36748
65237
70531
52455
31222
50537
53031
28830
36300
65428
64225
46307
63145
59163
56168
42488
36629
45770
64859
56702
94839
65491
75868
59614
40614
66559
73475
64321
69642
43076
87084
81609
88712
74387
93596
88440
79449
45719
88830
76778
69910
74870
99440
61236
47494
91718
57778
70799
59330
61035
58831
55756
83486
49327
50614
65530
34181
107603
86730
76647
86777
42119
104085
63360
66809
55135
64201
72296
34113
64749
62030
61152
61174
47238
24730
35832
64500
58889
65943
41409
18161
55255
47198
69882
67119
78899
67775
66206
60741
38610
64328
60497
68653
37860
80553
51343
95257
91215
81233
86427
86399
24930
83167
68984
90694
114291
22914
64615
64875
57927
65911
67674
54673
53915
65727
55601
57417
77241
67780
76713
61892
123496
25372
89120
100271
79200
117843
16318
92507
75758
93320
72054
65891
84448
77278
61893
66649
47461
78528
86967
15586
67653
66152
52118
55949
85629
91492
75312
96265
68292
61949
98606
81816
97568
56611
58050
109012
73352
73407
72694
70487
64133
82517
64483
69617
60334
96057
65080
100338
81251
122388
96371
52033
58466
84169
134376
59125
66760
59039
73029
71749
84016
59849
93239
68479
72399
66423
115340
63060
90050
81606
106220
42629
64253
114207
121786
78897
50458
77677
53729
81104
46207
64485
56360
51803
70382
58109
57086
58163
62170
68110
16669
54632
56557
54768
115855
15068
62896
54019
90254
82566
95044
92710
80831
104013
102706
116970
31020
68185
71682
93742
67540
68346
84241
62817
65198
56617
31703
45467
44940
29718
48944
82712
67963
69398
74955
61194
36736
42724
67386
85035
51460
88083
71089
66539
109003
64723
37223
23641
34148
67275
75037
73681
97013
73088
31849
77052
49429
71544
89192
82324
82681
34656
77961
62901
93074
59154
35944
71567
34544
67769
26022
103230
61143
80338
98952
78100
38300
43148
88271
77860
72720
30230
23743
42627
51444
96642
21288
35303
73150
77599
105063
95842
102630
90436
99474
96515
57010
82716
94794
109923
74416
68833
71003
104783
106864
71709
60437
79470
83866
41277
66189
64024
72089
60746
52612
73729
73391
83028
56701
25258
67548
54028
99478
88916
85311
73526
51768
60668
78258
109273
59583
52893
58591
56477
72199
