3827539
60239189
55942259
51719598
47458855
43202225
38991786
34754048
30548485
26406913
22103511
17828034
13582873
9326343
5056690
59276532
55057501
50873128
46749791
42552919
38408831
34258640
30051688
25878562
21698940
17489087
13316234
9139204
4909279
59381570
55152495
50980664
46812341
42588637
38444120
34256954
30037904
25860964
21693407
17471201
13302950
9123406
4902266
27489885
23296623
19124575
14921829
10712606
6517386
2313485
59360834
55130806
50941690
46723332
42469294
38308696
34145807
29930948
25770676
21689369
17500168
13339376
9140768
4906382
59535920
55329106
51124705
46917706
42688505
38492010
34279680
30067961
25857293
21641574
17459775
13199744
9027037
4799098
59524452
55307649
51110626
46894236
42620980
38444099
34244729
30008671
25801749
21603624
17360829
13181562
8995415
4783751
59344721
55131140
50954133
46773416
42549912
38374768
34213581
30001891
25823820
21625095
17403977
13200554
9022376
4803393
11255979
7042703
2858672
59560601
55362005
51176014
47011414
42805412
38579175
34371005
30156960
25947825
21740364
17516754
13333642
9118106
4863596
59417717
55216333
51045663
46847896
42615266
38398991
34202757
29972347
25748343
21574952
17360271
13201870
9024859
4798052
59290545
55082728
50912124
46723481
42501551
38309598
34102539
29904781
25740141
21574933
17375579
13206591
9010965
4798436
59567355
55356048
51172161
46965481
42707809
38471887
34299301
30076964
25880673
21690097
17481858
13300575
9102580
4879930
11745500
7518583
3320853
59688558
55469431
51223051
48579341
44366124
41192140
36963838
32765692
28541900
24301100
20072242
15869059
11635748
7421669
59737879
55497162
51253734
47071029
42815924
38600034
34416540
30198040
25990819
21810450
17590470
13365536
9187675
4931863
59764567
55488345
51270377
47036826
42769136
38537041
34320928
30110064
25878982
21661820
17423443
13208728
8982255
4754074
59654451
55432705
51229142
46985674
42724850
38482701
34249492
30026579
25807042
21590738
17370610
13138392
8994713
4790088
11490337
7229766
3011820
60063514
55799583
51569592
47345231
43097624
38853874
34619399
30362680
26173874
21963750
17706676
13460028
9232428
4976118
59483974
55238768
51034649
46814912
42589129
38379788
34191485
29973767
25773842
21534480
17329668
13130723
8933595
4687447
59670776
55450853
51251484
47050973
42809479
38589972
34376666
30135711
25951312
21740104
17485626
13302757
9075340
4813173
59866347
55570942
51349408
47130297
42891165
38662174
34435810
30182405
25971762
21714318
17456530
13224385
8980177
4730168
10804734
6545270
2338132
59814097
55593460
51390319
47152426
42932559
38716264
34475322
30248984
26012420
21811567
17573423
13367803
9151417
4906788
59899746
55668795
51419467
47180379
42906288
38690656
34474712
30217588
25983937
21773592
17543367
13334350
9094546
4778556
59690073
55457327
51223101
46979690
42749770
38531575
34330208
30109720
25933014
21739241
17525018
13329033
9105093
4862300
59707316
55386816
51196559
46969637
42731644
38534779
34315047
30086292
25870222
21675075
17438951
13223708
9021108
4779850
10171922
5935611
1761458
59893514
55654372
51438291
47255417
42991620
38770682
34586196
30271538
26093859
21833930
17619323
13349351
9119501
4841612
59519604
55295098
51089351
46866935
42635490
38414487
34204499
29987239
25778744
21591740
17380534
13212585
9028753
4804587
59562517
55326777
51139182
46933396
42668029
38464492
34267651
30045864
25836840
21648523
17431873
13237426
9053797
4839420
59571411
55327336
51102641
46877668
42632828
38447533
34254380
30033410
25827393
21622310
17381262
13167669
8974738
4738602
10074405
5851890
1627245
59900287
55640067
51438821
47243308
42984586
38795115
34615090
30375792
26182270
21939829
17679754
13435605
9185634
4919382
59876878
55633113
51413517
47180543
42901999
38695804
34501898
30256404
26050847
21855828
17627080
13398331
9203630
4944872
59670564
55419238
51212210
47011380
42754701
38546572
34330573
30093266
25880950
21702727
17485873
13287940
9078560
4827489
59534967
55296617
51116810
46912096
42685251
38499089
34288521
30059658
25874861
21693373
17471327
13284572
9091952
4862295
9570893
5345389
1141714
59917523
55692616
51486659
47284591
43042405
38850544
34636211
30447271
26166998
21957366
17713650
13485807
9277380
4956551
59694734
55458444
51267001
47055344
42771129
38565183
34355804
30123930
25931825
21743983
17512965
13318464
9106290
4871540
59620591
55389630
51187611
46970941
42713988
38497110
34285338
30065567
25848638
21619458
17405415
13207811
8981960
4731805
59671871
55400058
51210815
46980861
42727321
38498380
34268083
30011588
25779162
21561022
17332294
13142525
8942135
4700598
9241359
5014335
818475
59884930
55663428
51391613
47205726
42864314
38675138
34467801
30226274
25983454
21778025
17524398
13309980
9105275
4871238
59514340
55308166
51100765
46894698
42654445
38453804
34250371
30025230
25835593
21662938
17424399
13249796
9055927
4828078
59596037
55376770
51177526
46971167
42731934
38560603
34357850
30145563
25949063
21753144
17516450
13306329
9085826
4859550
59720205
55490496
51290485
47105727
42848545
38636695
34420750
30167002
25970366
21744276
17504934
13283073
9058779
4818839
8949441
4732039
524493
59879115
55633465
51423956
47232820
43000464
38790724
34608297
30308032
26099921
21880295
17605390
13356004
9099531
4884531
59436364
55219841
51014185
46830392
42607284
38413616
34212744
29983149
25803877
21622528
17400891
13211114
9013090
4791893
59552319
55348478
51165026
46976607
42760645
38573791
34367163
30148087
25940915
21744899
17492542
13303228
9092266
4829474
59490486
55235999
51032377
46822548
42577809
38409981
34247140
30037360
25868658
21678996
17460201
13276222
9094046
4874029
9205530
5000936
818606
59484189
55204843
51011907
46835099
42613123
38432028
34265110
30046542
25862629
21658041
17440056
13259583
9073432
4859467
59895631
55529297
51353311
47136544
42874590
38667738
34461893
30214084
26041984
21834126
17598797
13401525
9175116
4932005
59604244
55362931
51179725
46965885
42709551
38520352
34343902
30139502
25925804
21750409
17519100
13290685
9100674
4913061
59390245
55167770
50979503
46784512
42525970
38317897
34136753
29919876
25731348
21547475
17336054
13152981
8956508
4739018
9242086
5025396
835341
59676731
55433644
51259063
47053785
42792291
38575225
34383879
30161392
25997577
21798282
17525216
13307121
9075514
4832750
59443183
55233390
51078840
46896615
42681228
38490712
34268396
30020045
25789610
21615844
17374228
13213715
9014639
4790660
59382438
55180669
50982756
46801940
42559540
38363222
34181735
29962566
25762753
21553026
17337418
13132302
8945007
4729093
59536872
55326394
51139264
46918304
42643952
38437685
34228616
30007643
25779342
21618632
17414890
13230729
9058672
4852827
9655008
5449486
1288718
59715839
55477361
51307939
47072407
42858897
38637732
34453575
30209630
26018413
21793275
17570708
13317462
9070750
4822305
59697574
55448240
51255021
46999713
42739320
38495372
34286979
30064303
25877840
21671371
17438970
13245221
9013554
4770538
59585218
55355475
51125330
46905352
42674484
38449311
34239727
30022650
25796542
21607635
17394186
13207406
9022398
4809724
59501164
55278507
51111123
46932942
42703531
38526938
34353589
30116207
25919995
21719895
17498874
13321838
9090017
4853990
9619412
5404595
1220101
59884306
55667610
51479197
47284147
43064400
38836045
34620287
30396689
26165121
21956791
17694095
13436790
9181516
4902684
59725673
55500687
51306432
47089427
42841794
38585200
34367949
30152238
25963134
21759487
17536701
13336467
9144806
4877545
59633709
55408869
51207425
47031421
42779556
38569088
34372286
30118336
25895353
21676032
17463460
13257109
9037781
4800403
59547159
55318093
51126720
46923290
42657984
38436355
34251425
30025354
25853469
21672930
17437558
13250055
9051437
4831009
9356646
5134131
962547
59739411
55500864
51267012
47068267
42862682
38675344
34494933
30235061
26045983
21859892
17592469
13368385
9129866
4882042
59863135
55477671
51275077
47046176
42779711
38573449
34360612
30127178
25919883
21702727
17473487
13270984
9052141
4831785
59647680
55411975
51229947
47034496
42784600
38551608
34367661
30146331
25884692
21662079
17419520
13220366
9034566
4809798
59858173
55594977
51382485
47139039
42832914
38609310
34414379
30209117
26015737
21805747
17571972
13331102
9112722
4906787
8800384
4554787
311402
59813591
55576999
51379136
47192601
42976148
38809844
34605184
30404881
26182632
21984838
17763113
13522786
9320422
5086650
59597793
55344763
51141960
46922252
42665896
38514585
34320597
30076881
25899890
21726659
17486266
13253361
9032155
4803188
59516257
55290513
51135006
46899614
42676157
38480971
34283915
30052783
25824007
21595660
17373438
13185706
9002967
4759815
59666139
55422192
51215599
47010829
42783915
38593802
34406491
30180691
25969048
21767578
17520696
13321467
9122997
4882802
8545763
4306251
59620106
55378130
51182028
46980848
42753681
38549856
34339855
30106160
25895074
21699972
17464656
13272799
9073422
4808164
59776135
55543944
51297047
47042757
42787059
38544021
34311850
30083665
25864377
21663669
17422311
13223025
9019464
4790975
59374704
55127840
50936217
46738888
42532311
38356988
34170990
29947843
25756316
21553645
17331856
13141798
8935962
4692963
59633359
55406992
51213678
47016942
42789482
38561310
34367496
30135707
25917551
21683543
17438813
13262609
9036476
4783897
12735572
8495605
4281923
59841640
55632596
51350340
47147592
42909823
38703807
34474922
30228701
25996487
21758754
17495911
13275098
9065156
4834151
59591136
55352945
51149349
46941198
42700443
38476102
34253314
29993152
25781718
21539801
17305151
13102058
8911072
4698690
59670574
55429651
51238491
47039253
42815237
38611217
34378546
30150917
25922881
21688462
17438446
13222903
8981826
4731949
59796760
55525890
51322220
47128655
42883527
38673946
34434600
30208507
25987063
21786985
17540745
13289228
9083469
4837381
12249445
7982181
3783065
59871420
55580313
51321098
47105148
42850039
38646282
34426552
30195162
25983911
21761802
17517828
13282695
9037483
4770299
59707953
55471098
51275817
47012737
42772277
38593124
34370021
30127696
25939300
21718183
17489592
13284451
9074728
4828614
59739661
55503118
51285642
47052824
42811965
38587175
34404705
30173750
25978087
21755158
17484913
13237570
9018046
4747521
59857023
55603362
51410369
47160529
42908791
38712864
34502514
30258223
26037675
21815056
17579364
13366102
9149366
4911972
11437486
7170632
2947125
59795072
55532827
51319074
47090559
42834759
38625804
34409362
30177274
25961696
21763580
17529812
13304920
9079041
4844538
59660712
55427632
51216363
46986393
42756707
38559725
34357971
30116521
25924035
21720335
17476387
13267089
9070861
4832246
59778112
55540489
51348061
47130784
42886239
38683277
34444238
30201138
26001002
21774024
17515696
13273501
9048501
4802010
59692895
55446142
51235258
47030947
42780206
38581978
34381150
30146004
25884637
21683420
17441666
13219831
9019657
4780806
10740183
6488099
2293863
59447135
55213661
51009640
46795520
42570042
38376949
34167478
29935720
25752176
21568689
17352879
13145966
8932631
4706755
59694696
55468897
51264328
47071830
42832149
38616006
34425466
30180281
25964535
21758646
17513418
13284507
9081550
4838893
59719617
55490046
51262480
47039751
42818978
38598933
34359791
30130002
25903003
21699768
17399603
13198351
8993284
4767355
59611932
55388120
51202491
46991295
42760443
38559781
34356254
30126960
25920202
21713803
17451335
13256003
9041015
4806306
10567200
6333508
2137481
59832123
55599585
51394361
47166538
42916447
38677082
34480499
30233476
26019796
21743923
17515399
13307446
9128413
4878465
59735245
55461895
51280069
47044181
42800048
38575077
34388936
30135463
25951427
21739298
17510615
13306326
9078745
4847638
59779800
55517666
51307894
47080946
42810751
38614292
34410868
30173673
25969016
21760212
17492520
13267502
9050002
4796127
59719948
55462366
51261251
47051481
42788900
38603815
34371148
30141770
25918840
21700687
17499208
13251659
9045988
4811745
9987254
5780360
1584175
59658065
55406716
51203443
47000616
42776265
38587775
34382450
30086405
25888083
21671895
17380899
13166087
8965053
4740683
59699044
55460420
51241623
47031097
42799512
38581633
34357894
30113858
25903581
21684487
17426336
13206587
9006020
4770049
59710631
55473474
51279110
47081701
42846308
38656824
34399891
30153660
25960943
21727860
17495649
13270925
9048851
4770968
59799571
55575377
51336993
47101670
42871179
38654633
34447777
30199779
25993782
21769990
17525658
13316894
9110056
4869540
9494674
5233443
1036856
59470546
55256394
51081700
46898032
42676446
38498662
34284802
30065489
25897764
21721802
17504837
13298055
9089731
4845480
59569760
55290251
51104556
46891374
42632874
38446163
34227766
30008184
25824259
21628787
17369884
13182013
8961016
4746575
59512036
55283524
51107024
46887518
42641675
38455143
34243715
30032337
25827203
21637472
17418361
13208020
9017764
4782423
59635318
55394319
51222084
47011425
42767611
38545791
34340964
30097086
25874170
21671498
17440374
13272277
9074654
4847310
9615609
5386807
1193378
59697361
55467253
51263233
47063760
42817085
38584216
34379146
30125033
25935823
21712951
17474622
13271521
9049635
4813742
59817978
55546606
51321702
47084764
42825725
38630220
34408341
30176836
25964883
21742074
17500857
13282584
9047427
4752718
59697454
55447154
51237828
47034447
42790940
38565624
34342011
30122556
25866024
21666405
17450383
13223937
9019816
4826005
59534822
55302667
51103511
46897398
42651796
38443026
34260435
30033280
25864080
21661022
17419936
13214927
8991760
4756910
9187809
4956046
767951
59518822
55292393
51089574
46884842
42658098
38426265
34229610
30003014
25863483
21675318
17436920
13242635
9082351
4868136
59313964
55101840
50908672
46737341
42522585
38334447
34168251
29943018
25745597
21591257
17370697
13185655
8985990
4759053
59651219
55436102
51244618
47011203
42745817
38531416
34275699
30026051
25837199
21639957
17414310
13208882
9004056
4779863
59538477
55287894
51101414
46890925
42622732
38393883
34165261
29935145
25739049
21552409
17328171
13135966
8943725
4714400
9641577
5413081
1183520
59558246
55284166
51077774
46890846
42672775
38485274
34284631
30062329
25893727
21707010
17464481
13278043
9056263
4767914
59543658
55328540
51111826
46894826
42632432
38403299
34215992
29990673
25796474
21603995
17384631
13206674
9015131
4783418
59366521
55137010
50953681
46763454
42574368
38397084
34198588
29975687
25785684
21629123
17370654
13182224
9207784
5008286
59351200
55116532
50948579
46754932
42536540
38350297
34182617
29963010
25808191
21595645
17352565
13146699
8924727
4728161
9930258
5694389
1493479
59790729
55565691
51369734
47142131
42871661
38637334
34463896
30240554
26060466
21834449
17592218
13368751
9144730
4919116
59537977
55301870
51096339
46874162
42631335
38470481
34266620
30017695
25842422
21631982
17407757
13190434
8982771
4740108
59498891
55285428
51084540
46896958
42663675
38488943
34287081
30056572
25859294
21657182
17427346
13239073
9055050
4831385
59576715
55342413
51145383
46933251
42710989
38477143
34307125
30046690
25865169
21646672
17385050
13162328
8956114
4769990
9913989
5675055
1453844
59448515
55199136
50953953
46744882
42505816
38305313
34130466
29910873
25705928
21504566
17285277
13134491
8975004
4760232
59542325
55325622
51153831
46944407
42733781
38552933
34288747
30049214
25872344
21680975
17444770
13255092
9055711
4806209
59561336
55295464
51090313
46865820
42636212
38387269
34166293
29942063
25728192
21475721
17248479
13050947
8844615
4654788
59518638
55286970
51084058
46881244
42639646
38455827
34266765
30032799
25838555
21626781
17391880
13208972
8999506
4771038
10131970
5898563
1726867
59481311
55228855
51052013
46849900
42633483
38405913
34192137
29975817
25782016
21601901
17397573
13187038
8987151
4765263
59530074
55305827
51117998
46928888
42706904
38504958
34306939
30064923
25861927
21692098
17465872
13252697
9036232
4789650
59704692
55436641
51230245
47024898
42759720
38560716
34337554
30095608
25871348
21668357
17429083
13182160
8966489
4719669
59548462
55313598
51112289
46917205
42684967
38483485
34281776
30046936
25850414
21643562
17392038
13191050
8985057
4743899
10115390
5876728
1653587
59622037
55397281
51173585
46953546
42764218
38582482
34407951
30119073
25919220
21717266
17473549
13283718
9131850
4902926
59851378
55617101
51397359
47182235
42896164
38684671
34495857
30243576
26014618
21790443
17541221
13302332
9074170
4800488
59722216
55439578
51272838
47080368
42827142
38622840
34387318
30142362
25955749
21752344
17484600
13274948
9026719
4779781
59648307
55395566
51159458
46893602
42701950
38474418
34234060
30006221
25827537
21639003
17418388
13222945
9005084
4757920
9639688
5420535
1258113
59793859
55567873
51323680
47090849
42828051
38622176
34379691
30161586
25996190
21800896
17556978
13344169
9110119
4861527
59679587
55461717
51245770
46991173
42725087
38525699
34321225
30078559
25866227
21640247
17435345
13229754
9033872
4797555
59330549
55105358
50890994
46656336
42437047
38199433
34041518
29838730
25641999
21458795
17254582
13069459
8879707
4674287
59473744
55271936
51103298
46946690
42712948
38486541
34272029
30069151
25878135
21666064
17493110
13275167
9047727
4845108
9783158
5551739
1351984
59695833
55449604
51210182
46951180
42779830
38564372
34355934
30112504
25897526
21715468
17478998
13279089
9078595
4841431
59541234
55361616
51157462
46917725
42673527
38477368
34263918
30035451
25851866
21640362
17436638
13202301
9004087
4782717
59559664
55344574
51170445
46985729
42760953
38574638
34397498
30170899
25943216
21739732
17563524
13319233
9052557
4809953
59571336
55311832
51144431
46965803
42684549
38504650
34318300
30138266
25926896
21681058
17443490
13264510
9084544
4843667
9850283
5614389
1411370
59952830
55706490
51460968
47262719
43028005
38813348
34604305
30381491
26167572
21997862
17755987
13523354
9244297
4969692
59707828
55468977
51239660
47036548
42799474
38574914
34349952
30094826
25881191
21683286
17437435
13196186
8957059
4696755
59645432
55411035
51209846
46997552
42774398
38566126
34356602
30117200
25921893
21713823
17487090
13280997
9065813
4818946
59496458
55271321
51093279
46896964
42693439
38480626
34224257
30028039
25834915
21616280
17377917
13160767
8954325
4719911
9472502
5238270
1089025
59535888
55269212
51082981
46911295
42693256
38476021
34257871
30026395
25828635
21663956
17394332
13186634
8959808
4771387
59527139
55293046
51090649
46866152
42638027
38451855
34285814
30092644
25868374
21676425
17415182
13227627
9022935
4779531
59454274
55236409
51033675
46822823
42601588
38461379
34268752
30031634
25798847
21596522
17352567
13135070
8929793
4690724
59376202
55162657
50968060
46790453
42558469
38375299
34182463
29963033
25789147
21603322
17397795
13202007
9016332
4792553
9865588
5642789
1455478
59694777
55468518
51284750
47085355
42848418
38632999
34449058
30223888
26022539
21817043
17583030
13375939
9152107
4904709
59641018
55417021
51230666
47038124
42704398
38484861
34292242
30053750
25839347
21661373
17445720
13253020
9051670
4823305
59443352
55215347
51001946
46800619
42568062
38357170
34122350
29899959
25682649
21484013
17269566
13073201
8889120
4707714
59345717
55146163
50948987
46780794
42569658
38427377
34259091
30037151
25854686
21664309
17485454
13296421
9108376
4895092
10303552
6076731
1865328
59939745
55664290
51453068
47253411
43012802
38758891
34545817
30292071
26076511
21843646
17585383
13358297
9083298
4810892
59569932
55325849
51106927
46905202
42646597
38439708
34246350
30011623
25813358
21628514
17400043
13205457
9059179
4839606
59452175
55237163
51040236
46875110
42656512
38482336
34288987
30071006
25854235
21675688
17442865
13240145
9039916
4805181
59588201
55374214
51150113
46923608
42679179
38473006
34296531
30032102
25818709
21595436
17382085
13181063
8988023
4767975
10007654
5786986
1596301
59655652
55406957
51200870
47003145
42750158
38558655
34376340
30111888
25882710
21651288
17448296
13241040
9025403
4785186
59633232
55407256
51261479
47032801
42775534
38555402
34394815
30176895
25972263
21769344
17534291
13331842
9122877
4880580
59631068
55360561
51138260
46911586
42657567
38491870
34274778
30032119
25856315
21649624
17400941
13166239
8938574
4710905
59613946
55387871
51187810
47010171
42771130
38593102
34381383
30116245
25901252
21676242
17431581
13195593
9005417
4753005
10006312
5775096
1567898
59778850
55515432
51333696
47103139
42847941
38629732
34428027
30183037
25931790
21734218
17506996
13276577
9048376
4809998
59725138
55505440
51302785
47064566
42792503
38574522
34394775
30146838
25957563
21756450
17518613
13311212
9084168
4837279
59660917
55408669
51228133
46993030
42819703
38628717
34429484
30205158
26011251
21809182
17576640
13375971
9165995
4934338
59592225
55344524
51134306
46879827
42608204
38422874
34249948
30017063
25845669
21665376
17450471
13260500
9061937
4811355
9832036
5602364
1641831
59821845
55555489
51356544
47146434
42925646
38716057
34509548
30250501
26044591
21836683
17609920
13437450
9238184
4991336
59630876
55408013
51199905
47011221
42777339
38551101
34374878
30146440
25945210
21751153
17492783
13303854
9117267
4875505
59757563
55471773
51240412
47008706
42755916
38564221
34343136
30129760
25923564
21701907
17470985
13261754
9054513
4807032
59786973
55532042
51315103
47029320
42762239
38544340
34317858
30080803
25867267
21657991
17447443
13258770
9056075
4807289
9313159
5086338
879242
60027826
55766038
51569086
47368173
43120459
38926702
34706887
30464685
26239578
22010461
17766025
13486754
9243551
4988421
59564747
55317431
51151989
46907655
42661807
38504116
34298544
30064189
25861062
21651703
17428269
13225605
8998904
4777729
59455713
55244600
51021275
46797668
42582606
38432924
34234885
30016750
25830242
21633952
17413400
13204294
9009884
4758288
59450487
55226831
51030152
46836189
42598550
38371076
34145484
29923419
25699590
21516175
17264845
13123720
8915323
4692090
9224544
5011902
798589
59679350
55439149
51252501
47068527
42832990
38639693
34461305
30207213
26008406
21790015
17533598
13293854
9055354
4814766
59393054
55145211
50931843
46740107
42504080
38298438
34092228
29894745
25720214
21544554
17342168
13164170
8960621
4740675
59125409
54916947
50739477
46553350
42348318
38198299
34034468
29837959
25667848
21529315
17314382
13124267
8937419
4717445
59167980
54961331
50775316
46600260
42384213
38195815
33995685
29786882
25603194
21421030
17224390
13032228
8842777
4626595
9888601
5681951
1503382
59326992
55123032
50941079
46775383
42578983
38385799
34194259
29953464
25768168
21564922
17360372
13150635
8941866
4699370
59557814
55354691
51152305
46938320
42693025
38508500
34305729
30046564
25807719
21628088
17397301
13193317
9008270
4760578
59599992
55344933
51201362
47029540
42777205
38554986
34389464
30167438
25964316
21767808
17541530
13327669
9108581
4850827
59545146
55285709
51089158
46832534
42602975
38374312
34158814
29897349
25686510
21499181
17283272
13084586
8885556
4670278
10119024
5905217
1709845
59773591
55562843
51302896
47117880
42883743
38642910
34425682
30233383
26028871
21821051
17547181
13315086
9064751
4823605
59507118
55274962
51068798
46834598
42600130
38379247
34212788
29994307
25795748
21584988
17339591
13155573
8960113
4770040
59728820
55517993
51342789
47137003
42883029
38688315
34480726
30202903
26002143
21779863
17523141
13306345
9075776
4789645
59906227
55629159
51411924
47200363
42933233
38709387
34481057
30261258
25999026
21717665
17458908
13280306
9073344
4795769
9506385
5246661
1033860
59924779
55687532
51449470
47197963
42919393
38758372
34544303
30281265
26056324
21822408
17566168
13339210
9098783
4840024
59546351
55363804
51118681
46888833
42626813
38381472
34183679
29939412
25722584
21541677
17336533
13172279
9007836
4725169
59691049
55495289
51342137
47100612
42866137
38648933
34465976
30253487
26091141
21819941
17591326
13340107
9156672
4918280
59715202
55440955
51277490
46995942
42771121
38552170
34335994
30079897
25857471
21622830
17367388
13170937
8962487
4734319
9042278
4814728
620464
59773964
55543904
51357985
47131265
42879850
38674132
34471306
30233969
26028549
21815886
17578116
13336212
9085409
4797896
59657292
55408801
51209503
46967162
42728514
38555090
34362479
30131820
25937494
21714759
17491032
13293197
9100474
4867726
59502053
55264231
51092503
46914219
42687312
38506488
34319158
30107448
25928037
21730536
17496906
13306005
9095966
4847996
59627383
55383423
51151001
46946359
42701216
38497001
34285920
30031811
25834090
21620769
17377810
13182163
8957842
4710692
8894994
4648840
435876
59721590
55461174
51264783
47067708
42804368
38611605
34408946
30177753
25997123
21806121
17580042
13395737
9173857
4952547
59779800
55524588
51287608
47040979
42815264
38626996
34461412
30176626
25923584
21703077
17492475
13258603
9068578
4826905
59830392
55545872
51348784
47149010
42914682
38661500
34461167
30217992
25990639
21797085
17551112
13373028
9181674
4927618
59557801
55320393
51070470
46839195
42578612
38393889
34224755
29991999
25799638
21607783
17386582
13181307
8990414
4760180
8537406
4308055
59423210
55188578
50979780
46808117
42598503
38360136
34156400
29921390
25693946
21484272
17247799
13077544
8884681
4646029
59600868
55419992
51231115
47028032
42748633
38459576
34276590
30042948
25821714
21615796
17383282
13176303
8963787
4735869
59742906
55488350
51306711
47107626
42873941
38639874
34390520
30170893
25944106
21722811
17412441
13160042
8961508
4739559
59629771
55360912
51143893
46934966
42672917
38410227
34216370
29987971
25786639
21593079
17373283
13169104
8927105
4700116
12533115
8321079
4146009
59305635
55060384
50844286
46605256
42361713
38212397
34012198
29765583
25547193
21375447
17157189
12948327
8780681
4603351
59551103
55346204
51143905
46957194
42713236
38507407
34299385
30073851
25863670
21696099
17493496
13244697
9031207
4785130
59440523
55230411
51059143
46859320
42634840
38436319
34222906
29994772
25838225
21608691
17345072
13154313
8932698
4681550
59366049
55143100
50921497
46703283
42460984
38274642
34112601
29915903
25763970
21618728
17399581
13216092
9050076
4833612
13210570
8969759
4778952
565109
59683763
55448259
51310364
47121478
42879375
38696541
34507443
30267209
26083157
21869559
17621828
13411148
9184420
4911326
59793736
55569331
51371941
47173208
42889387
38693756
34488739
30215623
26002212
21807641
17581178
13398663
9202247
4939090
60089477
55839870
51599562
47359051
43082979
38837679
34614804
30382366
26177729
21942723
17706331
13470687
9213014
4907441
59783189
55542008
51338827
47092261
42819106
38613040
34416093
30122309
25924594
21701816
17460141
13215007
8975029
4742307
8256327
4016671
59773937
55508818
51257251
47040781
42828728
38619857
34398312
30167028
25904280
21659206
17430684
13194390
8959788
4710210
59628183
55402392
51155115
46938141
42667011
38474780
34224085
29956394
25730960
21505237
17259734
13042389
8816793
4610302
59766957
55522922
51257241
47044616
42799203
38613281
34421490
30183843
26018840
21733827
17496261
13263353
9040015
4844924
59396337
55152145
50954745
46766407
42539917
38361174
34163028
29955729
25788975
21578469
17371854
13202438
9001890
4760744
12124275
7880084
3680548
59400180
55169555
50962956
46745810
42517683
38347773
34133058
29921748
25697741
21518783
17340339
13140064
8986395
4754180
59496249
55273158
51105751
46916465
42684995
38491285
34277176
30040183
25824494
21615362
17363381
13144636
8952882
4715701
59656273
55441568
51223215
47024123
42776045
38559169
34381045
30166636
26001403
21780634
17522334
13260370
9038645
4809417
59463084
55249434
51026176
46865214
42656554
38444526
34213104
30001777
25785485
21586864
17327924
13124713
8916991
4687446
12299955
8072901
3862753
59360134
55133769
50959332
46747587
42548067
38363066
34190433
29963578
25768004
21570941
17350910
13166955
9030464
4803011
59760075
55524264
51279910
47037120
42767450
38536184
34308349
30046275
25830899
21620785
17391319
13198181
8985053
4771642
59284647
55070311
50884726
46678932
42475812
38287315
34103670
29892444
25708724
21483577
17259587
13071252
8869960
4674327
59403575
55176816
50985308
46811651
42572064
38390586
34204249
29960390
25756953
21544349
17302342
13127809
8973372
4766248
12806848
8580307
4381926
59611157
55356760
51153060
46961191
42742057
38545742
34392055
30177138
25976743
21794309
17530568
13299043
9039203
4759046
59498918
55242581
51069206
46863758
42602209
38369354
34187836
29974558
25756126
21536953
17318892
13091089
8912467
4689696
59213706
54994569
50805517
46591230
42349414
38206021
34051287
29874224
25705755
21518348
17311214
13121090
8912269
4693050
59424267
55199741
51003550
46792729
42528434
38319994
34155787
29935838
25712609
21522892
17331807
13125541
8943272
4764238
13204340
8983929
4794442
574838
59928044
55623887
51432873
47256258
43014449
38799269
34558217
30308327
26093822
21871478
17631336
13453402
9214109
4972412
59808111
55533635
51322942
47065439
42763539
38551407
34332969
30113117
25892871
21686117
17453972
13219946
9034934
4778610
59535555
55288825
51059167
46852814
42616313
38400652
34176458
29946368
25772616
21579802
17368367
13180478
8991918
4755101
59755304
55521777
51336842
47147350
42913359
38717986
34578830
30358420
26136971
21950611
17738242
13579381
9458149
5238955
8612115
4401183
59566187
55371145
51181258
46995371
42756623
38558314
34347267
30086633
25899904
21713589
17496784
13301735
9097853
4848178
59334463
55058658
50880402
46686103
42474640
38284183
34086580
29850258
25661660
21479510
17257418
13074636
8868097
4686739
59510401
55248979
51066339
46852517
42595142
38397533
34180515
29937781
25734803
21531951
17302268
13096267
8883920
4655479
59591897
55356345
51171568
46976154
42733097
38534079
34295190
30061841
25843966
21647635
17426582
13248617
9030706
4810694
13094810
8846566
4637543
403460
59627199
55400683
51226935
47027029
42788388
38579559
34370892
30165129
25948561
21732879
17512626
13252415
9076495
4932506
59812386
55560381
51368883
47144486
42905586
38693942
34463985
30217586
26012924
21815892
17564991
13348572
9167628
4912888
59611234
55355477
51127784
46901615
42647538
38438920
34273238
30054964
25857811
21668495
17393551
13182884
9010334
4773111
59620739
55380067
51184924
46986120
42752495
38541538
34340601
30079659
25902096
21697580
17461090
13247314
9049333
4829242
8491230
4301816
59549193
55288560
51038965
46814209
42623959
38424227
34244984
30025808
25848745
21655010
17433028
13219030
9047662
4829007
59506682
55287995
51130417
46948250
42711182
38510198
34311696
30078573
25878903
21672739
17449977
13262607
9060522
4842845
59556578
55311666
51112784
46910711
42673030
38511416
34318710
30062664
25864564
21705621
17465631
13266135
9038141
4791547
59585789
55334002
51128935
46975505
42716508
38485270
34315194
30076229
25845138
21705024
17488911
13289194
9128402
4889854
12811301
8534497
4317056
59773859
55514673
51308094
47070966
42819862
38594658
34407134
30150208
25960969
21757354
17513557
13300925
9102363
4865328
59508864
55262785
51007024
46814101
42581204
38392475
34191036
29965104
25760240
21582207
17367090
13194847
8989483
4775193
59550195
55333148
51153960
46965772
42741293
38534308
34332244
30138907
25902592
21672219
17446019
13258908
8953204
4726239
59352395
55127970
50934564
46761120
42537465
38339913
34128068
29954689
25775755
21575898
17361136
13198176
9033893
4806375
12971313
8752952
4566930
366428
59576227
55324410
51128610
46930368
42749427
38551051
34362928
30137143
25925078
21740395
17518379
13297998
9072424
4831730
59543166
55298963
51094696
46918622
42668296
38484253
34298331
30098295
25901564
21709629
17478381
13258219
9067103
4835129
59473316
55261042
51056834
46881565
42693428
38540546
34345794
30129907
25962909
21735963
17528030
13312151
9122881
4867754
59472441
55285105
51080840
46876634
42641472
38444128
34246503
30024661
25827557
21618739
17414673
13213262
9030682
4794944
9034092
4780562
609186
59557918
55302337
51140413
46978419
42721415
38551332
34339580
30127611
25931678
21743628
17468336
13277817
9096185
4878798
59639600
55364341
51203647
46992267
42720381
38529184
34351330
30121482
25907657
21694388
17459355
13318081
9137522
4912592
59238277
55036375
50849230
46664613
42425990
38219081
34029045
29818268
25629428
21445108
17241954
13058201
8887211
4711356
59289902
55114093
50973847
46854078
42634059
38447691
34260620
30025957
25859481
21718465
17486198
13295930
9095277
4874482
9507627
5331143
1194635
59247062
55106086
50974462
46858301
42665020
38499627
34309793
30091495
25883537
21643727
17446700
13260905
9057201
4813145
59430807
55181396
50989988
46797315
42559814
38363359
34188298
29977208
25791504
21621998
17405094
13219250
9003083
4768467
59181757
54942992
50757078
46559570
42345492
38154542
33960788
29752911
25568027
21403983
17216608
13088520
8944792
4725145
59037294
54854758
50671627
46522983
42313129
38131043
33925507
29730525
25578022
21418876
17247862
13089674
8960004
4792063
11036737
6814042
2603329
59453130
55251276
51051163
46861621
42627532
38447509
34298470
30112369
25948398
21704396
17467362
13224120
8972245
4723569
59677148
55449957
51208669
47010911
42756518
38556377
34330868
30106654
25896289
21686750
17445556
13228401
9003556
4757220
59734320
55497390
51263294
47040303
42805973
38577508
34354574
30112122
25881936
21686248
17422232
13195525
8958467
4708370
59655782
55410303
51199791
46992929
42762264
38569830
34408258
30181228
26013343
21828294
17575644
13356074
9125350
4889156
10669568
6428375
2234341
59711125
55473506
51261250
47066064
42835210
38609168
34412125
30198731
26005118
21801360
17565474
13332054
9129725
4875549
59687678
55471339
51273646
47079536
42834646
38642092
34461780
30233613
26008778
21831043
17607759
13388332
9172914
4935762
59548749
55303996
51063682
46872460
42645283
38418970
34220309
30026512
25792992
21608473
17443207
13221611
9018293
4820523
59392561
55176669
51004812
46761567
42492959
38322784
34131582
29926352
25728356
22061265
17914139
13799228
9699409
5472308
10694293
6479664
2293136
59553074
55349690
51171353
46990044
42774947
38549409
34344073
30127217
25898084
21688775
17466302
13269428
8977459
4739505
59547180
55317835
51159742
46883893
42621340
38411731
34244428
30023171
25831181
21633350
17407231
13194587
9001204
4756205
59718069
55483850
51292588
47095443
42864266
38666309
34411959
30194921
25959625
21761788
17511448
13310544
9070222
4840713
59609607
55371925
51160165
46943228
42750480
38551830
34323424
30081359
25874738
21717476
17506592
13290788
9052750
4772606
10604044
6363169
2139144
59668477
55400474
51227532
47055602
42843068
38617891
34405195
30175848
25945660
21737175
17499919
13300978
9107477
4867918
59837960
55566917
51302419
47085002
42844359
38636130
34432707
30168186
25970755
21726987
17451108
13248812
8999045
4750589
59677050
55427340
51212348
47023807
42735650
38560267
34367569
30133832
25909714
21718552
17451329
13234718
9073262
4830462
59732589
55489874
51267104
47059760
42812533
38630456
34420038
30176959
25935732
21732960
17503394
13276101
9043147
4791045
9991704
5738240
1529335
59617163
55369465
51153289
46951954
42727957
38529405
34337236
30120917
25898997
21675629
17429812
13245092
8980841
4753069
59904828
55665808
51432438
47199857
42970400
38812610
34586626
30312730
26103349
21902078
17698201
13439982
9217528
4956327
59471570
55233017
51033985
46825650
42606253
38405168
34207207
29991497
25804368
21583804
17352365
13136379
8932848
4691671
59555897
55309851
51086698
46833027
42580142
38408411
34230412
29998599
25768881
21592898
17382704
13181013
8980075
4749797
9809781
5568787
1339409
59888381
55659663
51467529
47284835
43044829
38815952
34593677
30335528
26100248
21894465
17630936
13405636
9141158
4893962
59781514
55525907
51329931
47101231
42848689
38670231
34438775
30206376
26001830
21789388
17542668
13304569
9062735
4834068
59547001
55317702
51120909
46844797
42586270
38366676
34171831
29956143
25746559
21543514
17328945
13133896
8902687
4654608
59621926
55375628
51183069
46966110
42733745
38524851
34311211
30091357
25874295
21666411
17438835
13232000
9031363
4791799
9299688
5069768
873857
59645434
55403885
51192688
46988799
42750238
38557279
34339773
30100637
25915648
21714555
17463030
13265991
9048415
4768332
59635605
55373351
51156220
46948355
42685516
38465854
34244212
30026765
25833606
21626938
17392307
13185497
8989751
4759643
59788176
55546587
51334142
47134486
42900823
38668590
34453987
30181581
25973216
21733499
17455245
13237291
9013974
4788901
59762674
55516027
51291073
47058796
42770259
38555155
34341925
30116553
25913831
21704836
17478236
13292565
9080003
4823080
8656992
4446909
255129
59511697
55306810
51059152
46847264
42646779
38438839
34229654
30025120
25823151
21621349
17380938
13213042
9054357
4820587
59523014
55276565
51079819
46913999
42710257
38550324
34355099
30101889
25897005
21677556
17436836
13224001
9000704
4754122
59669245
55456499
51218189
47012599
42795097
38618023
34395110
30176214
25970847
21739555
17519933
13331636
9118790
4900110
59205833
55009971
50857898
46642915
42401189
38233530
34044107
29828191
25662104
21477320
17305335
13094648
8869324
4650246
9141741
4935594
748008
59641177
55426337
51233317
47065366
42850269
38652193
34448560
30229617
26056907
21871118
17590842
13376636
9173990
4968961
59542348
55268977
51069828
46870950
42652879
38456834
34295203
30084580
25871359
21661530
17475705
13272956
9069605
4821819
59573121
55311008
51127063
46917545
42633998
38433170
34217507
29986738
25792052
21585480
17388902
13214854
9030884
4812026
59647754
55414512
51200788
47005702
42807156
38559297
34333167
30070478
25846069
21640226
17437358
13231608
9050293
4829059
9363475
5151818
952001
59400066
55224430
51068524
46823842
42571969
38394518
34204109
29995595
25813157
21617240
17408762
13177915
8956364
4743643
59312969
55102114
50916348
46732003
42506302
38328400
34139102
29917783
25722602
21538300
17315255
13111945
8954727
4718954
59466767
55246194
51070940
46878654
42695077
38508295
34254638
30026271
25836410
21644243
17482491
13244281
9028302
4793429
59452399
55268988
51069070
46837585
42652394
38502001
34299530
30038230
25822852
21604273
17374537
13140212
8916414
4711225
10026824
5760670
1547184
59696149
55444953
51237124
47036633
42779514
38580027
34406015
30194537
26019875
21805004
17565573
13313553
9075170
4816736
59750670
55511347
51289397
47030027
42775838
38547312
34334719
30061633
25893414
21680674
17430359
13207324
9011134
4778028
59774566
55565226
51376768
47175294
42914704
38716342
34499539
30256760
26060280
21825518
17598714
13391771
9162835
4927144
59436394
55220819
50997750
46792176
42554965
38360351
34165911
29930721
25738225
21550194
17312285
13136572
8949252
4733886
9593679
5375315
1199494
59457519
55252612
51077405
46882683
42668046
38473542
34269639
30046689
25859162
21679392
17435416
13244649
9031826
4823079
59361364
55153933
50985660
46853720
42618498
38422527
34230449
30014452
25825294
21635694
17419398
13235939
9028754
4800809
59649554
55420706
51219387
47008730
42765603
38577952
34359633
30146343
25913545
21714059
17520313
13264625
9068882
4862333
59746104
55492517
51268902
47051382
42765497
38515611
34308473
30055728
25837136
21647843
17406406
13240967
9022557
4827221
9824379
5596527
1406763
59761043
55488787
51282033
47115568
42881256
38656400
34457704
30209123
26053560
21844379
17574204
13352360
9108251
4863903
59619467
55378814
51153610
46926512
42711915
38471898
34247480
30014642
25802932
21606307
17413375
13214420
8995796
4750975
59395495
55163311
50983792
46811345
42591018
38413032
34229026
30000279
25796069
21585819
17334622
13140670
8968741
4750608
59545200
55328325
51144488
46962049
42735635
38552517
34358600
30115689
25928601
21727251
17483455
13299461
9085871
4842772
9723155
5496689
1315101
59862583
55621190
51395439
47192428
42963201
38761017
34573827
30348060
26132961
21906565
17638165
13410067
9213227
4912768
59697373
55444146
51224176
47019421
42773420
38543813
34370824
30125151
25921362
21708877
17463595
13291157
9046819
4804546
59625102
55385078
51184391
47002344
42768218
38584905
34377596
30140137
25943281
21747595
17519065
13327308
9128953
4872502
59433115
55215967
51035931
46816449
42575550
38407619
34210323
29981978
25783651
21596337
17373519
13192350
9009887
4762740
9452312
5225295
1040211
59851401
55614993
51434425
47229507
42970898
38780145
34584202
30359230
26152422
21928321
17653208
13380782
9134732
4877126
59848009
56380604
53056729
48798315
44633214
40401832
36110728
31902884
27702192
23479200
19291060
15098069
10883410
6694226
59366891
55146339
50959148
46799277
42591383
38389139
34214091
29998301
25850171
21633562
17381934
13160651
8964780
4732609
59339321
55131318
50945800
46825364
42586880
38364887
34172899
29965295
25801586
21610429
17396353
13214153
9033874
4820539
9517633
5308582
1133143
59156538
54944818
50767676
46596229
42366480
38177473
34019871
29786329
25636912
21458257
17248379
13068911
8882377
4706280
59367102
55146106
50957826
46744792
42542017
38366310
34185493
29952106
25753360
21581336
17375751
13148516
8936935
4737682
59785582
55566719
51372451
47138451
42886926
38686883
34463708
30228914
26008418
21790960
17621811
13378670
9194450
4996584
59454573
55211049
50993151
46801876
42553311
38392766
34195244
29939733
25760835
21530270
17320637
13137928
8951727
4727410
10145057
5921684
1741270
59815808
55581949
51396817
47194397
42969257
38795146
34503227
30238152
26011749
21783495
17549411
13313558
9086200
4802912
59762098
55548839
51335722
47091233
42871483
38611021
34413762
30171063
25963672
21755047
17492251
13301404
9061226
4785255
59262490
55014296
50822856
46632378
42408710
38267680
34098733
29896411
25751240
21563622
17332785
13157206
8954560
4735409
59412967
55193493
51014836
46839218
42608872
38454557
34273466
30068528
25888276
21683749
17456883
13220362
9021566
4726522
10122563
5873750
1654215
59838959
55569027
51358208
47151416
42876386
38664575
34441247
30211936
26050575
21875348
17637152
13416633
9216296
4922753
59607640
55339390
51138198
46941246
42701624
38531077
34380570
30125527
25898578
21691164
17457344
13236768
8995332
4736538
59472400
55201129
51008773
46817847
42597536
38364401
34203586
29958466
25759524
21555706
17320770
13108395
8914065
4684166
59525084
55306166
51136167
46951985
42716582
38514462
34320556
30079944
25858369
21645632
17415338
13204287
8974969
4743375
9942718
5713822
1505005
59984473
55761919
51557088
47331794
43103985
38868284
34667390
30441652
26244614
21998002
17725172
13514218
9273227
5016120
59677278
55451933
51222323
47000706
42742599
38534185
34309577
30079571
25859279
21635080
17360714
13138980
8966694
4740869
59579576
55356229
51154106
46961751
42708409
38478547
34270485
30051772
25832768
21669814
17451862
13256398
9047369
4821459
59776238
55549024
51367155
47149726
42920385
38702134
34492651
30205945
25963856
21757268
17509588
13246065
9048491
4819941
9466754
5194093
987226
59546948
55304250
51102628
46897776
42654427
38413819
34222023
30006116
25808879
21609436
17402793
13225980
9075235
4849609
59386788
55118090
50952800
46744156
42499801
38326955
34156555
29930491
25731198
21555584
17372435
13137028
8943489
4728627
59334891
55119795
50941207
46760211
42543153
38366385
34179651
29941841
25749180
21558822
17336180
13130664
8933620
4715599
59295498
55086516
50905125
46708047
42439152
38255667
34063559
29855470
25650023
21502523
17299788
13115128
8922886
4687073
10102709
5889424
1717007
59293178
55088877
50913077
46715245
42490647
38322991
34142795
29915628
25744559
21546295
17331493
13164453
8972355
4757471
59632972
55426673
51204568
47024119
42753951
38523529
34291407
30061589
25856890
21670494
17437203
13238661
9037135
4786489
59536584
55306303
51114019
46914177
42679159
38464301
34250827
30012334
25817404
21603306
17358975
13130373
8916509
4705597
59441711
55207188
51018589
46817128
42598762
38416500
34220957
29983071
25803136
21596351
17375622
13164939
8950804
4777849
10429748
6235481
2052210
59675484
55449986
51225531
47027074
42787017
38570203
34386537
30134735
25919759
21733502
17508888
13288654
9071798
4860708
59597492
55357107
51154680
46917583
42656932
38420655
34224093
30001188
25804363
21615025
17392263
13193341
8969912
4735343
59609050
55396714
51194837
46985765
42751351
38556986
34357776
30102611
25857871
21663754
17427874
13241295
9031896
4786416
59788718
55550771
51359389
47114540
42871059
38646496
34421241
30157468
25913144
21678965
17410886
13187562
8991983
4744494
10229076
5994301
1790671
59669828
55412714
51211977
47010071
42777087
38567173
34364377
30116033
25902878
21693722
17448281
13254052
9036728
4809050
59580870
55336852
51123409
46898709
42638136
38415551
34207295
29973898
25747266
21556461
17337835
13125430
8920691
4712961
59509677
55324191
51138918
46952611
42726002
38521165
34347437
30106132
25891804
21700180
17481403
13296697
9073695
4828832
59524633
55254679
51049907
46832350
42603490
38376694
34185343
29948056
25743248
21508551
17328677
13137044
8917620
4685864
10293841
6066190
1854900
59845083
55573219
51364730
47132712
42889136
38634929
34438323
30163907
25938094
21685899
17468876
13237906
9013806
4766514
59790654
55536739
51338962
47078913
42816779
38584194
34365851
30107179
25886766
21707667
17461812
13264623
9019158
4802954
59459094
55233414
51029510
46871531
42622755
38435032
34223281
30038197
25821236
21625272
17436233
13210935
9021681
4837015
59642092
55419918
51245700
47053530
42843439
38616302
34411597
30181045
25985611
21793930
17569268
13374541
9137392
4887697
9919535
5709198
1508503
59662879
55413281
51219522
46999713
42761948
38493180
34298180
30070570
25861552
21640249
17372515
13167100
8931438
4709789
59540308
55279288
51033168
46786986
42582610
38316783
34142242
29915837
25720632
21513866
17315201
13117716
8950484
4741622
59180417
54955809
50797363
46613196
42404462
38263960
34088946
29887621
25704361
21517370
17301461
13107695
8918477
4702257
59283670
55045530
50874079
46738049
42504155
38308303
34132667
29922080
25736275
21501406
17308601
13116907
8937499
4728756
10395230
6212471
2033648
59753662
55521233
51370292
47154952
42923816
38719838
34515961
30300015
26083430
21847699
17617953
13450812
9210914
4951081
59773174
55499767
51266724
47093187
42830095
38598733
34389209
30150375
25936996
21724352
17491361
13262743
9090645
4826215
59523172
55283033
51114371
46893127
42661889
38488016
34299295
30075483
25881667
21656487
17435825
13228302
9020597
4790848
59550526
55331711
51126185
46910053
42681699
38469386
34309145
30125513
25946693
21757312
17538521
13333821
9083359
4822574
10405895
6164790
1990888
59892717
55606178
51408230
47191759
42933119
38687761
34509087
30193500
25977763
21721927
17505641
13267650
9042805
4831142
59490082
55199097
51001937
46787524
42540753
38321423
34104763
29901838
25697672
21620614
17689210
13542608
9387392
5176983
59875810
55678353
51510586
47275217
43009844
38780977
34548484
30300189
26066966
21851446
17594852
13353475
9119962
4855703
59717998
55498998
51280671
47065367
42810343
38587157
34370991
30116199
25892142
21673482
17427796
13208186
9003014
4765107
9864485
5620890
1411787
59717768
55484195
51271802
47100645
42826088
38631695
34425897
30201644
25994860
21791502
17510248
13299723
9054659
4790683
59409649
55154185
50975880
46774941
42533919
38318679
34135703
29924073
25679782
21506639
17284853
13105593
8916709
4709701
59205661
54984964
50819932
46631215
42427186
38247548
34053591
29847083
25657559
21473532
17281067
13081929
8908756
4701154
59408191
55187093
51005005
46801856
42578710
38368496
34173697
29954017
25761298
21571032
17359015
13179465
8966570
4732203
10291936
6079708
1913726
59373481
55173793
51000973
46808060
42605671
38437680
34281258
30078035
25890888
21724072
17507365
13297835
9071684
4823656
59541338
55294284
51088025
46881984
42558531
38302278
34123049
29943852
25751209
21556651
17299421
13152540
8953743
4725555
59428989
55251174
51086368
46878943
42654399
38491427
34313260
30076227
25862304
21631613
17373880
13170279
8945389
4691821
59659815
55419111
51207076
46952699
42721413
38514437
34317252
30093957
25908066
21700482
17470849
13275177
9069330
4838097
10736162
6498138
2299168
59605459
55414850
51209634
46997664
42759419
38546087
34340120
30118378
25917434
21737122
17474960
13280951
9081931
4819342
59397138
55167274
50988389
46783794
42564773
38355341
34163819
29940006
25729095
21547181
17318269
13144543
8960999
4738622
59363232
55135296
50963776
46761681
42552500
38369825
34166856
29914485
25711028
21522128
17297973
13125528
8921393
4740415
59518365
55295703
51102484
46899416
42670625
38475065
34258662
30032186
25812945
21619716
17367816
13173074
8973446
4735446
11078523
6841426
2612161
59741842
55485651
51266702
47033927
42807159
38624003
34423050
30206846
25989412
21758275
17483647
13293331
9049788
4823479
59549213
55320118
51096532
46849082
42584487
38368600
34189386
30011652
25809879
21614092
17390937
13200380
9050303
4842443
59554764
55326376
51144346
46933114
42709011
38516321
34338124
30107122
25945535
21770478
17556598
13348549
9171897
4952444
59658144
55448456
51243856
47036770
42805236
38621598
34386787
30149405
25917957
21713890
17493322
13277745
9067416
4839613
11052327
6819305
2610438
59601155
55410552
51216006
47083359
42868280
38623977
34411171
30193091
25992208
21809700
17572030
13358355
9159088
4934020
59432792
55211454
51015474
46807800
42566469
38375717
34165871
29924331
25740596
21573167
17358712
13172274
8971437
4748794
59421514
55198149
50998876
46796252
42573992
38386048
34186959
29964543
25749709
21554917
17346341
13177709
8996526
4782717
59486706
55199981
51049090
46868196
42654895
38473774
34317498
30080551
25858660
21678820
17484478
13282874
9042704
4789336
11495515
7314716
3127607
59657596
55428414
51225290
47003807
42768272
38581804
34381687
30149204
25942517
21738179
17501933
13275758
9063367
4828257
59588503
55395492
51258959
47018834
42758750
38556853
34333481
30078196
25901101
21717067
17489013
13298638
9073615
4839697
59317274
55051676
50828781
46642022
42421022
38248708
34064794
29852286
25725191
21571214
17364648
13191372
9008471
4784444
59285256
55056914
50885848
46757631
42554846
38384502
34168051
29947995
25786817
21581270
17366883
13197950
9032685
4816418
11917023
7701390
3530295
59376187
55155933
50965688
46757286
42577224
38364390
34165045
29937722
25745444
21577539
17333056
13167154
8921515
4680864
59898034
55646247
51437002
47234705
42989292
38765607
34543968
30286310
26049138
21800353
17536591
13321733
9085990
4823950
59872387
55630495
51392776
47183927
42923166
38702562
34461440
30200524
25982455
21749897
17510004
13315920
9062112
4830384
59126919
54870927
50681519
46522412
42357953
38180299
34012419
29787824
25605327
21430277
17231347
13069520
8879637
4680207
11765451
7561828
3395450
59163669
54966151
50806407
46648160
42469674
38353509
34177723
29981472
25815288
21631824
17421479
13228684
9032087
4807430
59660596
55453918
51236830
47005587
42723808
38479960
34278084
30042293
25845763
21645767
17421777
13240362
9045272
4797167
59473384
55249339
51052482
46850955
42640616
38459087
34245838
30003809
25806374
21588955
17342824
13107733
8902087
4710296
59307029
55080139
50890187
46701345
42463579
38283580
34119170
29904998
25723078
21527249
17304592
13117847
8935999
4745026
12461896
8242063
4069167
59360689
55093063
50907328
46716371
42502521
38311567
34151139
29929495
25738124
21589448
17385054
13194999
9021733
4798451
59559482
55337445
51176778
46969417
42665974
38429665
34213508
30003364
25805390
21603569
17370329
13173428
8982134
4743071
59409461
55156639
50951297
46763121
42546897
38366113
34179069
29964637
25769455
21571436
17342797
13167666
8990927
4792928
59080786
54867670
50691853
46503270
42300815
38130842
33949013
29752893
25592794
21410448
17211034
13038805
8849662
4651409
13204878
9003530
4821056
631489
59396210
55224606
51053166
46886819
42651558
38481955
34321195
30105837
25920904
21742770
17530587
13325285
9111394
4883034
59563958
55320717
51095117
46867709
42628726
38376937
34206169
29968220
25783951
21583663
17345274
13169791
8981849
4749280
59329033
55117067
50924621
46728285
42488916
38317335
34144784
29947244
25736075
21530843
17317884
13160236
8972863
4759804
59362578
55126058
50947764
46781618
42575215
38392469
34208623
29995930
25798886
21619667
17413495
13239159
9048747
4803364
9711185
5473214
1278329
59755272
55497001
51263990
47067162
42810987
38621938
34443018
30218968
26006345
21807962
17558099
13353041
9093067
4880190
59556078
55307362
51117236
46938128
42675135
38505184
34351094
30145120
25951732
21769335
17503823
13296896
9089521
4848980
59674486
55434163
51234777
47063864
42796905
38581944
34370450
30117559
25925346
21695336
17454310
13272296
9044950
4819585
59771457
55542371
51332555
47101514
42861419
38631029
34403337
30165049
25949234
21722745
17474402
13251540
9068964
4828735
9222174
4992258
791727
59652459
55405327
51225305
47029434
42766438
38614097
34410944
30137488
25939605
21742814
17493980
13315877
9133539
4877346
59556976
55322952
51127950
46939871
42707688
38555149
34332687
30076180
25827172
21612967
17370213
13154426
8974870
4740198
59473834
55215756
50981564
46840573
42667587
38451857
34208280
29944108
25719520
21522567
17324791
13132495
8973097
4753611
59484740
55264639
52148517
48085052
43863016
39684189
35514819
31290869
28426514
24551625
20366037
16146153
11988296
7832192
9464076
5243333
1065680
59643272
55439228
51215682
47048482
42825187
38619484
34414207
30185715
26015855
21812743
17613173
13406497
9217300
4975410
59506072
55270296
51074480
46856681
42615201
38377367
34151267
29949546
25745749
21558571
17318727
13118254
8937430
4727135
59540937
55322840
51134099
46946584
42729084
38526691
34325096
30099765
25893396
21717545
17508073
13323062
9133636
4904849
59489101
55294309
51121344
46937562
42712403
38514473
34311651
30070057
25844589
21642791
17417114
13191266
8980936
4733223
9964768
5707009
1506866
59503475
55293946
51086037
46923787
42678753
38410637
34232221
30042685
25865952
21679641
17471446
13287777
9166889
4919370
59625297
55409837
51213408
47048010
42790586
38543226
34330086
30128325
25854984
21620328
17419152
13233377
9037112
4814832
59553635
55333878
51184329
47043056
42769833
38566186
34396041
30173289
25973129
21763760
17541142
13315401
9105667
4878192
59562996
55320005
51139252
46943512
42685083
38536090
34301074
30037556
25809058
21584169
17382392
13188797
9003316
4785282
10172907
5932590
1788348
59682032
55423177
51219360
47055310
42832634
38617975
34454869
30256582
26011062
21797292
17578919
13378818
9145251
4963181
59773144
55519854
51361558
47175638
42913916
38762802
34501397
30224104
25986372
21769187
17491522
13292529
9092634
4878327
59611526
55354910
51126052
46905848
42646972
38416266
34175919
29918409
25729358
21573451
17263125
13113948
8957197
4731037
59327707
55093906
50896563
46691742
42497148
38293401
34122251
29908009
25709222
21515210
17301026
13113334
8926176
4709656
10216696
6013070
1839661
59310571
55139242
50948319
46728257
42476001
38314797
34124900
29894035
25711972
21543856
17338510
13184722
9048793
4802051
59499196
55281351
51088416
46917628
42739575
38562031
34380256
30143618
25947111
21737333
17476089
13299095
9097085
4867935
59721079
55484904
51296641
47095899
42861107
38699098
34491781
30241166
26051063
21852724
17595506
13382113
9161499
4916310
59522517
55276172
51054331
46847744
42597558
38430487
34221392
29984686
25799727
21591220
17367904
13167154
8976649
4785491
10520747
6296716
2104019
59704276
55517319
51327315
47119537
42861638
38620648
34414042
30164863
25996648
21783164
17552058
13323357
9084747
4799291
59552127
55261088
51025694
46796937
42533384
38355257
34182486
29929663
25742052
21583628
17355046
13164316
8979230
4756566
59516439
55296263
51118780
46927096
42711557
38547668
34314600
30079901
25834190
21606253
17335107
13086688
8903382
4640042
59398746
55205371
51021929
46832445
42604276
38426218
34245578
30072897
25853394
21688665
17468592
13268732
9100529
4825865
10752758
6511303
2303922
59864790
55610982
51375584
47159347
42932825
38723487
34495377
30290561
26137425
21933575
17668728
13477734
9227010
4885423
59695619
55450708
51263407
47035837
42774065
38535994
34316894
30053295
25841939
21639442
17384963
13201582
9024344
4782579
59652594
55421449
51197775
46980042
42746796
38562104
34351778
30100606
25874969
21644489
17409887
13184288
8971788
4745388
59623178
55395724
51175466
46956747
42687409
38463604
34260182
30055583
25858807
21638906
17381627
13169063
8948860
4712831
10386912
6151473
1941076
59651026
55434592
51229837
47035108
42809079
38591306
34361354
30120215
25919289
21718834
17496507
13301427
9074024
4851630
59489848
55237324
51014278
46826447
42590654
38381834
34215393
29990773
25793691
21594925
17380365
13175421
8992060
4776198
59271658
55055929
50866672
46665238
42435062
38233846
34021395
29780035
25606012
21448363
17242970
13029391
8847438
4628145
59508538
55291269
51107039
46938089
42721858
38525160
34309011
30109469
25867319
21671992
17482294
13261848
9068402
4843311
10736822
6506911
2296466
59966072
55697958
51478193
47246075
42990292
38769547
34541821
30257144
26052071
21845113
17615118
13390288
9172815
4933686
59810332
55551465
51326597
47102103
42892194
38627792
34420583
30180185
25971444
21788182
17557632
13349499
9145161
4905500
59275924
55046455
50859075
46676690
42428334
38231635
34004646
29757376
25569562
21411121
17233152
13096139
8911524
4731986
59492165
55230004
51063831
46850653
42594710
38399603
34205446
29965592
25770419
21560040
17341597
13135735
8943434
4712894
10730796
6508870
2310398
59739736
55558498
51382748
47188680
42947137
38736058
34546402
30321380
26102535
21908761
17690767
13463046
9254273
4983550
59448155
55216541
51022110
46830645
42593731
38398035
34202020
29970991
25840281
21650224
17421504
13226759
9028074
4801676
59410332
55194954
51039285
46868001
42642873
38442906
34235928
30000197
25769011
21538081
17311573
13134450
8934874
4718663
59553254
55343764
51161116
46961125
42719497
38498866
34297780
30062759
25870069
21667489
17434815
13227351
9039627
4806816
10946006
6712616
2509001
59547579
55296174
51077497
46883976
42635147
38392288
34207116
29967556
25782371
21576792
17370825
13195681
9014376
4801835
59580924
55371040
51163171
46972663
42703420
38514281
34356243
30112595
25932678
21738387
17516282
13345493
9141379
4898654
59546208
55358135
51175639
46985622
42765691
38563575
34349187
30087960
25891037
21697489
17476656
13295904
9118083
4863451
59611091
55378488
51194212
46963918
42696039
38472067
34252059
30009005
25784440
21571016
17352209
13140231
8938031
4716483
10941514
6713832
2521029
59629782
55363763
51179057
46891727
42649713
38474454
34261115
30057804
25862089
21656616
17414100
13235015
9020463
4770366
59712698
55503762
51260413
47066747
42821028
38595903
34367543
30116006
25865125
21629811
17427606
13213615
8997669
4742959
59415315
55224321
51078513
46857823
42596063
38400453
34216045
30012879
25809504
21598517
17348880
13147340
8977589
4728992
59480751
55244490
51040590
46824818
42600125
38409380
34265140
30049444
25857982
21635585
17412615
13205084
9013260
4796762
10849821
6635353
2438740
59580162
55346296
51131029
46944271
42729923
38523587
34366438
30135243
25974096
21748954
17522835
13330481
9122218
4898676
59724638
55478319
51229369
47021531
42786929
38600694
34403238
30179933
25965163
21759299
17543482
13347158
9133065
4824226
59601492
55363652
51155937
46942733
42675616
38465713
34250216
29992049
25787729
21572441
17384195
13168236
8949229
4712174
59677355
55438257
51245202
47000336
42744436
38537054
34324171
30069192
25846826
21666409
17413020
13178708
9117183
5174675
10517659
6229548
2029669
59673702
55409150
51147722
46994597
42761267
38535587
34299954
30076559
25857238
21668759
17465930
13253538
9018883
4789779
59695459
55459404
51255502
47051712
42803961
38597756
34386896
30156759
25946086
21754426
17513733
13297662
9074473
4833536
59644901
55407046
51214385
46994890
42748229
38543645
34339800
30103879
25908078
21709176
17474134
13243986
9039103
4807665
59569797
55346540
51165954
46961024
42704418
38516381
34308239
30073745
25874947
21666997
17435909
13209536
9000001
4763029
10163620
5961010
1772332
60051092
55757856
51579809
47360147
43153471
38896316
34679681
30425321
26223057
21932273
17673333
13365675
9112059
4843329
59515535
55314616
51129595
46944611
42698826
38496070
34278816
30058037
25863969
21663249
17427615
13181698
9008811
4771083
59669332
55443605
51213662
46980913
42726251
38503465
34272555
30015098
25789473
21539002
17314926
13123465
8954856
4708308
59606172
55363106
51143887
46914215
42703035
38498487
34287244
30032855
25772178
21596781
17364024
13159665
8948739
4713698
9720331
5487709
1271400
59440970
55216951
51004921
46781949
42600378
38421415
34232494
30003442
25825105
21620701
17393353
13220983
9038413
4822218
59581195
55361177
51179866
46981028
42758015
38555038
34324657
30086898
25899353
21662891
17419662
13195712
8967694
4753298
59495613
55252348
51072536
46840707
42608079
38415659
34220281
29994263
25822666
21617070
17386549
13179043
8967781
4751863
59643757
55417692
51209105
46988367
42740389
38563758
34378648
30152547
25928034
21725172
17501602
13295553
9061625
4781118
9739908
5501743
1280101
59447699
55222702
51033683
46836536
42603987
38395232
34203165
29981223
25792877
21597115
17374730
13196991
8989963
4753430
59620612
55418245
51208706
47038390
42805753
38566621
34349452
30134371
25915672
21703042
17484041
13262970
9031684
4822002
59598666
55353548
51160320
46998196
42774348
38570468
34366226
30137825
25930254
21704176
17473348
13286602
9051027
4798656
59486477
55240948
51023421
46804901
42577301
38378542
34174470
29945964
25719530
21522874
17303939
13105534
8924925
4732074
9867343
5626874
1415253
59496844
55249183
51033970
46805211
42578008
38353311
34174561
29968113
25800599
21626780
17405224
13221372
9032801
4783261
59377719
55190324
51010305
46813371
42591621
38386107
34205088
29987986
25825412
21613494
17373334
13148044
8928297
4721088
59470342
55240363
51043552
46847516
42603609
38417143
34222578
30003830
25807985
21620460
17394091
13193600
9008988
4791851
59664940
55446170
51244257
46997852
42770345
38531028
34302204
30085011
25891231
21676503
17435448
13226006
9025936
4755087
10185788
5936674
1745214
59494601
55268304
51081742
46878294
42652248
38483492
34285869
30070026
25869239
21652783
17431059
13246087
9047172
4826561
59461513
55231900
51025616
46870340
42642500
38445903
34247256
30026386
25822620
21597712
17388204
13211056
9002392
4774764
59673124
55439909
51254960
47060775
42822289
38663596
34495140
30260842
26029008
21832622
17586370
13365674
9120728
4866244
59587412
55333233
51140052
46905115
42680403
38465721
34269872
30030792
25855679
21655724
17432107
13225535
9040318
4787194
10301696
6047274
1843542
59673025
55421084
51182020
46968304
42723416
38500180
34249097
30009741
25783096
21611641
17394362
13185902
8947433
4711723
59703944
55469152
51275722
47062959
42783131
38576652
34386371
30146444
25949916
21735060
17489338
13271590
9076553
4854154
59545856
55321038
51110689
46912761
42689441
38497529
34340139
30098092
25887127
21700458
17465914
13277169
9074934
4832905
59428970
55217447
51021722
46813578
42567649
38386782
34162793
29990893
25796473
21600136
17379512
13202657
9023486
4810429
10146141
5920968
1702387
59361965
55136465
50959851
46771538
42565119
38362900
34178357
29971457
25792928
21612603
17409788
13196426
8968974
4755314
59574687
55360623
51167744
46986372
42747499
38558250
34375370
30133412
25932818
21725636
17483177
13280165
9041220
4801489
59573688
55377809
51186515
46988653
42738125
38530885
34377731
30144420
25969411
21707507
17474131
13257676
9022893
4831808
59644735
55406709
51200960
46981251
42736818
38598256
34436086
30195336
25997792
21771347
17510676
13301042
9064933
4819702
10330351
6093685
1901801
59790149
55559092
51365626
47172024
42943184
38689556
34498246
30268096
26084523
21883948
17660834
13439554
9175155
4889755
59499142
55266547
51083954
46869530
42634693
38451089
34261907
30038618
25860235
21655992
17399247
13224585
9006042
4773639
59623033
55377532
51140348
46946402
42706181
38497056
34281186
30043747
25842671
21655194
17412118
13201157
8992109
4757576
59731850
55495723
51263432
47026986
42802420
38599731
34415609
30177352
25963579
21753916
17474953
13237171
9031447
4765727
10056119
5826321
1604698
59926835
55692642
51469569
47277838
43034315
38791066
34554637
30314829
26107254
21929327
17633342
13388379
9118787
4897737
59686955
55412198
51166374
46931640
42670409
38477087
34265582
30015605
25819237
21590191
17366079
13193881
8992948
4747853
59559237
55306171
51135018
46943238
42714689
38520394
34343291
30106760
25891081
21669106
17439597
13240997
9042192
4802646
59698636
55480169
51268432
47062128
42830440
38627651
34433504
30150876
25910346
21681564
17436826
13219147
8986662
4743640
9480397
5230594
1013371
59745592
55515411
51298032
47075036
42790499
38582429
34395166
30124307
25951488
21778700
17544877
13361395
9155326
4924971
59697336
55420486
51228030
46954855
42653529
38419235
34230686
29991425
25842778
21634081
17386588
13186518
8977781
4723235
59797094
55548643
51347679
47112770
42839188
38654582
34420627
30189246
25937930
21714531
17462665
13240965
9044802
4797559
59592782
55354313
51145235
46893991
42695765
38523965
34297390
30077312
25883524
21661495
17406479
13189364
8983885
4746228
8808073
4530845
334396
59440256
55193560
51030841
46845173
42620223
38439285
34258305
30036387
25824841
21622320
17401188
13219039
9061200
4818427
59694396
55457489
51254351
47036694
42784287
38600822
34383281
30137444
25952724
21739755
17505126
13333498
9134062
4891415
59776748
55507212
51293904
47090958
42835696
38636297
34439441
30174103
25993336
21752882
17497458
13300750
9099209
4818760
59440664
55185423
50982095
46744601
42484295
38292306
34103964
29922283
25744005
21541816
17308627
13132013
8939924
4765583
8684982
4478070
289099
59432109
55216313
51036505
47135715
43015991
38935271
34739230
31022524
27298221
23076172
18839499
14657818
10403565
6109831
59413113
55176138
50974913
46787229
42551895
38337509
34141701
29907996
25723021
21562555
17338238
13158819
8974854
4755928
59275326
55062241
50875186
46695204
42463333
38306813
34125836
29903872
25710019
21499961
17288419
13071494
8898489
4672329
59474303
55181720
51013824
46758677
42522336
38346233
34167716
29931188
25743816
21529705
17315074
13148820
8963190
4762735
9370396
5154161
997009
59226417
55022270
50885116
46764921
42545574
38390325
34236437
30039506
25858305
21687788
17464415
13269724
9058278
4846754
59510514
55312932
51129507
46909118
42682579
38484533
34267904
30039141
25887525
21694606
17455798
13231584
9019635
4794785
59603617
55378968
51160583
46947394
42744829
38481264
34290867
30093429
25907066
21695967
17465192
13242157
9031946
4789497
59726572
55487413
51285204
47091921
42807197
38559231
34329893
30085365
25873032
21619262
17395864
13216744
9032842
4807939
9906360
5688570
1512157
59431341
55210176
51033695
46846693
42628103
38406289
34191722
29985749
25793905
21616205
17364291
13186032
8999979
4771778
59498600
55292226
51108947
46916903
42694843
38456128
34256533
30014604
25768429
21558934
17346174
13144899
8937422
4717358
59443671
55216187
51041209
46866606
42627983
38441264
34239997
30021491
25834331
21679121
17458335
13270176
9067591
4841810
59543953
55310557
51113789
46903778
42614087
38412749
34196068
29979575
25796744
21618319
17385704
13195578
9007350
4772687
10303607
6100766
1897245
59956069
55723804
51520601
47284414
43063490
38792289
34578352
30362976
26167914
21909145
17686459
13478845
9236517
4970378
59598650
55387056
51165220
46933187
42679467
38443861
34246931
30030890
25767891
21563141
17341563
13146730
8942928
4729696
59500286
55274816
51097053
46901577
42670153
38471915
34280333
30064481
25872971
21663755
17435951
13261234
9033057
4792252
59580693
55362948
51186365
46983305
42751919
38554336
34334901
30092028
25865729
21655858
17425993
13209673
9012191
4768033
10221546
5990767
1790694
59496637
55239758
51047701
46799867
42558161
38375339
34152872
29948375
25773025
21602922
17381004
13208256
9020029
4799092
59443158
55227517
51035404
46844031
42591739
38407856
34217380
30008363
25840338
21654605
17430588
13263833
9087391
4881939
59528306
55312399
51135952
46939275
42691030
38464269
34261383
30044682
25854039
21627047
17415475
13199319
8994361
4752676
59435682
55195684
50991422
46823775
42574175
38383007
34190342
29972266
25827895
21652771
17431990
13234880
9041416
4819281
10665878
6436802
2244199
59700326
55472749
51274231
47094000
42867229
38645499
34441350
30223207
26021106
21814173
17546670
13322759
9070707
4805366
59599102
55359777
51168455
46962285
42715826
38507122
34315868
30094138
25918607
21730323
17512748
13301128
9110278
4878602
59601450
55366933
51183591
46989685
42715145
38506053
34293096
30062389
25875114
21674494
17435199
13180967
8953632
4726072
59546488
55317965
51093799
46867624
42658589
38455470
34259002
30037397
25805630
21614362
17383641
13192855
8997356
4778970
10664304
6439471
2257846
59695783
55439680
51236779
47047247
42813787
38585395
34383469
30161647
25946183
21743178
17526010
13324503
9122504
4903220
59274733
55043482
50872642
46658897
42448509
38271793
34094789
29904033
25688085
21500411
17322100
13109840
8942289
4761481
59603661
55392449
51207169
46990536
42781033
38641510
34434471
30198713
26003177
21800091
17574397
13357864
9159191
4936843
59518795
55283493
51086535
46865712
42600039
38383533
34167679
29960997
25771453
21560411
17341012
13144261
8938447
4707096
11057294
6833883
2649583
59622239
55383093
51156655
46953296
42722407
38512605
34327481
30103221
25921001
21720890
17493196
13295099
9052588
4780138
59791122
55498476
51275155
47007653
42737629
38506169
34301181
30073496
25873191
21667602
17399480
13188682
9001397
4787328
59576535
55356371
51141202
46944130
42691174
38492116
34328668
30087739
25889772
21641353
17395619
13196725
8988507
4736519
59738958
55523801
51328153
47120909
42871928
38659705
34453929
30198717
25928081
21686518
17441828
13226675
8980313
4751014
10636984
6400565
2224350
59624277
55403867
51192616
46965789
42746808
38507349
34319546
30067700
25860510
21668411
17451731
13248996
9057916
4816943
59523738
55292126
51105599
46917061
42651616
38464712
34253489
30037894
25844832
21654952
17435811
13221770
9050242
4842010
59615644
55398959
51201950
46981611
42684190
38479967
34332961
30129782
25925835
21724400
17479046
13284564
9077324
4860361
59465288
55233917
51078227
46870277
42648287
38481151
34274195
30040614
25836349
21643832
17404438
13201199
9002030
4765686
10896099
6678999
2463460
59691022
55465177
51248660
47025677
42784797
38554047
34327082
30070821
25886245
21729158
17504435
13292295
9066521
4810406
59655915
55415129
51209209
46967503
42706117
38499096
34303988
30043278
25852215
21636133
17401950
13201219
8974485
4736297
59633464
55397154
51158114
46935718
42688542
38483956
34315648
30067268
25866933
21702392
17468094
13253596
9039392
4803058
59467942
55244918
51071566
46871004
42631927
38433282
34229881
30006496
25776218
21553855
17323775
13109854
8902823
4680714
10718988
6498801
2296037
59698570
55508671
51324417
47149153
42909215
38693767
34493553
30254469
26080118
21874047
17621278
13397326
9186607
4923141
59833969
55594983
51377176
47096111
42856932
38651452
34443310
30195771
25979304
21768661
17457702
13243678
9024091
4778574
59604406
55361784
51143258
46943120
42702613
38487630
34292093
30041308
25825542
21638142
17407431
13200430
9040111
4802642
59716857
55492255
51257529
47016325
42766714
38555786
34333738
30100436
25898161
21670268
17388555
13204292
9005045
4768192
10284500
6020053
1799776
59742323
55457789
51274008
47066515
42810111
38611963
34369463
30100986
25881437
21647822
17424399
13195596
8963534
4651910
59479519
55222193
50997247
46755531
42547927
38304740
34106312
29915507
25711162
21529242
17324557
13158352
8978308
4801401
59272453
55033517
50873050
46677402
42440093
38264731
34067248
29851695
25683369
21498377
17293893
13124009
8964367
4770083
59207169
54996126
50834379
46637153
42421347
38248978
34085008
29919024
25741902
21532615
17371761
13187797
8965961
4787308
10671133
6430323
2237986
59638877
55456503
51296680
47077861
42877461
38703291
34488589
30278388
26080440
21868771
17633174
13374407
9134597
4860742
59381092
55148620
50961976
46792368
42579845
38386529
34201369
29979109
25803790
21614209
17410449
13217668
9027016
4795992
59441982
55238903
51052352
46856354
42654079
38460683
34255544
30023720
26247644
22087544
17869262
13673746
9527601
5315987
59424054
55205433
51027210
46828402
42616770
38470848
34293815
30056151
25869982
21662364
17435518
13219877
9013028
4795141
11180138
6949185
2761133
59429294
55217893
51020072
46818640
42589511
38407621
34225214
30008385
25823855
21640971
17456472
13270374
9083428
4822726
59482900
55261527
51075942
46881512
42663314
38462090
34254301
30011267
25805958
21609035
17390058
13162322
8957033
4713431
59788643
55545561
51354852
47151175
42913586
38710228
34564187
30304707
26046645
21811602
17547613
13297074
9044888
4777532
59843831
55612133
51430187
47202069
42939596
38706663
34476442
30256875
26062110
21826581
17565817
13326044
9100196
4832042
10997337
6751471
2527162
60000754
55775764
51555419
47320713
43053302
38816706
34619121
30331619
26101362
21898462
17678049
13435553
9222858
4957032
59980369
55712586
51488931
47269936
43001309
38743833
34487215
30219179
25960475
21718063
17473433
13257049
9019773
4751599
59848090
55581049
51339857
47112639
42857963
38613721
34342721
30089697
25819886
21606208
17354417
13158702
8990183
4695412
59731099
55437770
51278416
46991964
42755991
38560176
34381641
30137556
25939172
21774633
17496234
13287565
9066834
4833845
9794838
5582163
1382321
59878499
55637960
51433147
47221996
42952428
38720795
34503433
30296210
26038542
21827234
17588086
13369470
9165957
4924520
59871671
55613742
51392641
47154125
42900449
38664258
34445341
30219564
26002170
21775581
17527732
13324413
9133332
4867197
59818003
55551061
51305347
47079835
42826703
38589983
34359937
30112614
25869456
21603958
17359512
13146081
8953244
4721046
59702030
55472346
51258674
47020434
42787213
38580417
34387405
30216172
25998731
21796736
17547716
13355170
9172892
4882138
8907970
4645248
420115
60022532
55818508
51551058
47290102
43032274
38787236
34543607
30296077
26069446
21837485
17581163
13347382
9119912
4871140
59871765
55607220
51423639
47178383
42938892
38687266
34432691
30168512
25945379
21698559
17434324
13208381
8960571
4714610
59829561
55577014
51414140
47198734
42950830
38716859
34528195
30277114
26045031
21798178
17596411
13316081
9103903
4860595
59899057
55637108
51439400
47215027
42965359
38764055
34573914
30314549
26077467
21851857
17568529
13345364
9125354
4871958
7622039
3374653
60007704
55750619
51529181
47325056
43063334
38824685
34628640
30368874
26185875
21951129
17695709
13471143
9243894
4985693
59969373
55693385
51452681
47228954
42977715
38756828
34533975
30325012
26102799
21821958
17569036
13344995
9081954
4804752
59940332
55721671
51509365
47315782
43032669
38817808
34568620
30304442
26136072
21869053
17668681
13362656
9110542
4848687
60050804
55807220
51570070
47325347
43069452
38826737
34587081
30342924
26076563
21838331
17584211
13361819
9113132
4849133
10495605
6232142
2002264
60003400
55758920
51518234
47282085
43005251
38799908
34549240
30294197
26057407
21820034
17568748
13381884
9152253
4885568
60041009
55783155
51543683
47297743
43040687
38813689
34581086
30327883
26079145
21847012
17594318
13351742
9093267
4813755
59984778
55715565
51483255
47260014
42983929
38784728
34566714
30308948
26026335
21796095
17544744
13317333
9107206
4861962
59711101
55459910
51256738
47041236
42794050
38585943
34418947
30141129
25933830
21721422
17480248
13267634
9047276
4796828
9000559
4772531
584131
59766132
55469463
51267762
47094260
42783482
38602555
34361724
30127666
25934909
21766311
17529871
13307978
9091819
4880566
59911855
55659996
51464804
47238604
42997984
38785247
34556791
30287161
26081472
21835696
17588540
13341792
9139082
4876938
59986516
55714530
51490922
47279229
43013529
38775666
34564970
30299851
26059190
21816556
17595098
13369174
9055718
4774500
59726555
55506798
51343984
47148860
42893445
38678290
34439054
30193110
25946688
21711892
17518782
13290543
9064838
4844392
8008910
3738617
59895160
55605389
51379193
47171497
42908230
38694925
34479058
30214960
26046528
21749576
17531457
13272756
9090636
4779126
59614986
55373964
51175749
46976513
42744837
38568661
34313826
30085763
25875605
21689797
17476818
13276838
9061721
4831076
59291374
55052359
50861472
46673540
42456339
38266491
34076595
29856309
25691408
21528408
17301918
13168991
9002217
4741744
59520426
55296670
51127282
46926551
42711720
38540937
34373179
30110497
25933302
21738996
17523348
13321242
9094577
4835174
12160735
7900610
3694377
59485646
55273917
51085826
46880864
42658116
38461977
34244979
30019027
25806314
21616570
17379884
13187347
9004628
4780070
59870372
55636959
51433567
47216776
42970034
38758441
34543125
30293854
26074469
21853387
17597854
13395058
9163713
4891946
59799773
55564969
51284323
47095782
42834834
38600717
34376262
30117968
25906274
21693997
17449212
13242481
9086122
4794899
59590918
55356013
51205086
46978378
42710993
38537161
34359577
30129925
25937754
21768594
17512435
13306998
9080483
4855955
11593006
7362555
3153422
59905298
55662580
51450333
47199613
42954985
38757565
34525458
30287170
26049634
21831216
17547003
13325650
9084158
4838312
59784267
55514593
51310140
47088506
42853288
38578770
34321966
30117389
25936439
21731014
17483008
13251003
9027034
4782881
59849183
55600624
51357098
47132996
42881138
38661628
34448580
30200794
26017458
21793743
17546315
13315623
9100379
4845383
59875655
55648377
51431637
47215326
42969502
38723953
34469826
30215370
25981603
21762037
17496964
13260209
9026823
4783047
10443601
6188382
1949528
60081226
55803789
51574175
47325033
43072049
38823519
34594288
30351030
26128449
21916546
17647064
13407788
9169819
4899785
59808286
55548730
51315693
47061823
42799233
38602572
34369589
30117807
25900789
21666813
17427006
13207840
8981083
4731782
59607840
55372068
51159054
46939061
42698306
38511153
34304763
30071060
25851574
21611709
17371657
13149126
8948768
4721774
59458388
55191822
51015583
46810277
42626453
38399804
34206034
29978263
25772848
21583885
17364252
13142174
8935629
4683473
9820906
5585258
1390495
59894589
55649825
51439617
47226140
43015759
38767593
34571029
30369578
26139966
21926065
17731479
13488759
9266283
5049618
59405221
55186775
51012639
46814849
42592345
38381190
34171821
29985863
25710668
21519920
17341293
13125085
8967591
4716138
59770128
55535786
51328073
47105479
42848155
38628790
34414237
30435378
26337016
22035777
17892409
13751573
9525065
6384641
59911304
55648928
51441901
47222261
42970315
38748113
34540473
30296938
26045765
21803267
17561131
13342019
9102284
4846160
9321214
5069666
858229
60047646
55831503
51610824
47369780
43111528
38855424
34643456
30353289
26115113
21867589
17588870
13373162
9151138
4881618
59917684
55663038
51442161
47169073
42921612
38727125
34527399
30292396
26082255
21874559
17638848
13425829
9226648
4988857
59733443
55477459
51233218
46982224
42721785
38511257
34296589
30074481
25864570
21695161
17456059
13261069
9055505
4801785
59947256
55686559
51469981
47235120
42981034
38758779
34545438
30279625
26057414
21818973
17570644
13353912
9125545
4883246
8288445
4032834
60075943
55841489
51636808
47370935
43108382
38880995
34628477
30341037
26087223
21867662
17580343
13329597
9078562
4838282
59716557
55438913
51207825
46955462
42695370
38469317
34241638
29972040
25755676
21579046
17307132
13110437
8905250
4681931
59822000
55546612
51351026
47128230
42886577
38620405
34399367
30154056
25931319
21690188
17427752
13211703
8981242
4732269
59867364
55599068
51378927
47149302
42892566
38677774
34481478
30194918
25984121
21735833
17553008
13237653
9031413
4812659
11310847
7076240
2886726
59695271
55485240
51282345
47071343
42845631
38639876
34421552
30161803
25936602
21695015
17449023
13269564
8974569
4708505
59915122
55651368
51426954
47215523
42966804
38726379
34522861
30259107
26020261
21786991
17497567
13266796
9050248
4806525
59791634
55549633
51325199
47074983
42811422
38588676
34370603
30170924
25901698
21696447
17461501
13257340
9061083
4814953
59897514
55649026
51418492
47192087
42926920
38673771
34426762
30169849
25941617
21725194
17473942
13217251
8982528
4719700
10283864
5992119
1765924
60091182
55811117
51578478
47334601
43098229
38884376
34689801
30455804
26247070
22010879
17731350
13495500
9258073
5008031
59836288
55582119
51362451
47131226
42887672
38650939
34433975
30227772
25950077
21733498
17490982
13282616
9085717
4864252
59826627
55566617
51332377
47111862
42866742
38632582
34407805
30154847
25932851
21704446
17452469
13222097
8996615
4737954
59684367
55438011
51217662
47008491
42769986
38571312
34378360
30135776
25917448
21688149
17454893
13244068
9049805
4812747
9175732
4947507
740244
59454620
55227465
51014784
46788172
42553930
38365703
34162043
29969612
25739875
21581494
17322085
13126123
8937690
4715000
59904553
55655853
51405816
47173661
42917195
38708948
34493349
30235136
26010293
21782541
17528978
13309929
9077311
4822814
59903745
55638300
51414294
47186458
42939510
38715518
34470645
30208727
26003926
21753778
17522975
13301459
9045169
4814038
59803923
55570634
51373346
47157900
42899761
38675649
34486812
30242821
26029369
21792528
17537427
13335572
9069019
4804825
8554451
4288733
59926051
55661369
51439353
47164043
42912354
38686633
34507236
30194858
25989194
21778515
17539975
13359846
9099180
4862212
59348911
55123462
50918444
46720645
42495132
38303029
34162662
29942142
25749438
21558439
17349527
13167924
8989076
4773154
59620124
55399715
51178571
46967496
42721623
38519548
34309407
30128938
25886362
21665153
17466628
13185980
8997807
4770195
59242111
55010431
50841075
46659805
42445670
38267727
34075191
29846873
25668726
21488192
17272913
13089279
8870122
4677992
12912801
8689652
4507059
59517158
55303223
51143278
46947292
42739356
38564032
34402909
30194900
25999237
21699185
17497755
13259731
9021212
4807863
59842330
55604864
51380283
47150526
42895980
38685308
34458898
30201641
25995008
21750620
17488714
13250139
9031481
4778216
59868599
55643259
51427070
47198850
42936355
38723036
34480700
30227314
25958254
21717461
17461483
13262577
8996477
4742262
59651344
55394641
51170759
46979356
42731574
38469260
34248249
30018181
25825771
21621791
17390244
13182481
8950019
4723531
12257001
8030261
3822778
59814481
55533861
51336315
47114678
42845034
38611280
34414365
30174867
25959430
21748449
17484057
13288297
9091206
4852621
59598245
55377353
51136738
46928017
42681771
38511715
34333170
30131941
25890702
21695602
17448544
13256335
9040438
4817518
59863902
55639572
51431087
47219025
43014697
38703517
34475444
30229744
25987353
21751629
17485984
13246452
9011305
4755923
60018225
55767357
51533747
47278759
43034156
38810693
34560536
30290400
26117838
21889986
17623964
13384311
9155391
4888580
11498679
7227069
3010950
60026977
55789602
51552714
47311976
43059194
38824443
34574788
30310508
26067941
21833273
17578852
13332559
9088954
4822324
59902163
55652037
51423841
47190161
42941960
38695714
34473050
30216004
26007641
21771642
17520915
13297705
9081363
4837389
59740367
55490737
51298244
47076075
42823850
38597371
34377746
30142030
25932587
21702684
17471730
13280873
9113266
4828150
59803182
55543996
51333949
47125503
42869771
38679445
34460362
30194242
25971032
21742553
17467881
13255870
9026889
4769452
10385352
6136194
1909100
59707720
55471283
51252215
47040062
42804328
38600910
34382762
30164272
26000218
21794940
17536679
13324492
9099321
4862863
59846877
55588324
51356567
47145009
42879085
38685030
34493484
30236888
26022669
21784443
17535226
13293730
9096080
4866727
59502701
55258718
51055607
46855195
42633177
38433656
34213759
29956630
25821826
21620469
17398814
13208250
9018036
4799132
59409666
55198435
50998417
46818884
42601842
38427409
34292768
30040816
25864215
21669609
17448297
13264923
9070347
4846085
10341886
6110145
1909683
59533148
55348413
51121298
46902544
42719943
38528110
34328474
30145174
25912576
21708262
17477319
13322582
9100617
4878876
59816424
55597277
51368447
47137864
42884063
38646407
34445125
30221782
26027527
21782429
17529273
13313675
9084417
4802638
60061942
55798763
51561651
47318260
43058485
38819375
34560741
30246867
26025186
21815436
17511872
13255181
9026831
4761363
60176912
55956874
51707712
47455502
43183209
38955068
34726667
30453677
26189268
21970200
17737635
13484342
9213710
4960257
9241836
4957902
721802
60296361
56046596
51789074
47552176
43253527
39017234
34752438
30495970
26241855
21991500
17706651
13473680
9230993
4979530
60001831
55751137
51524331
47270546
43001008
38752077
34557439
30237600
26006333
21775573
17506941
13259976
9034108
4768763
60117219
55835449
51578201
47359848
43108577
38875697
34657669
30403493
26166626
21934057
17668786
13448714
9218973
4958792
60114558
55838754
51624242
47385124
43135087
38927329
34692862
30408013
26152534
21937972
17662596
13424770
9177706
4910427
7242621
2975757
59935665
55670338
51524743
47540121
43329527
39090156
34962515
31530619
27265464
23054312
18820769
14576662
10352251
6144821
59836427
55590130
51355523
47154849
42883082
38653503
34447499
30242908
26005144
21778834
17536275
13299011
9045386
4797098
59782688
55491283
51295995
47105370
42846832
38626653
34399470
30163974
25918829
21667845
17431009
13192717
8974037
4727186
59866435
55604191
51386254
47161222
42896486
38654042
34425884
30160346
25953272
21719124
17448026
13223706
8996100
4753818
10293470
6026288
1781179
59943374
55686146
51457804
47219066
42958749
38723122
34492708
30244233
26005212
21786346
17541177
13322193
9120183
4875508
59627462
55373814
51167242
46949100
42715441
38505964
34292826
30044105
25852345
21646219
17381123
13192571
8906831
4646791
59847649
55592522
51392140
47156350
42903165
38663533
34447034
30250825
25983267
21761808
17539135
13261331
9072646
4781591
59938869
55651449
51441369
47180812
42931356
38735490
34509127
30219900
25995846
21751847
17481355
13258515
9053916
4753023
9123378
4927494
646441
59796455
55533514
51317033
47091338
42848581
38633763
34463876
30217182
26012772
21799877
17534907
13299032
9062621
4807502
59886229
55635907
51386017
47163438
42893849
38645862
34406519
30210748
25951377
21765272
17524006
13288368
9080461
4824443
59899779
55658268
51493412
47241880
42984178
38723622
34490929
30217656
25988575
21761281
17490224
13298600
9102245
4820120
60016589
55748597
51483356
47273962
43001852
38782969
34537336
30262285
26051577
21793765
17512108
13266065
9032114
4761905
7744106
3495318
59954628
55688042
51463250
47217459
42967306
38732453
34503410
30244254
26012295
21767582
17516254
13273409
9039716
4769969
60024587
55777752
51547071
47309042
43025043
38771562
34551773
30268579
26031326
21813685
17547126
13332282
9128387
4882399
59905957
55620695
51395860
47189036
42910398
38672324
34431411
30182379
25923666
21714861
17479507
13250254
9030390
4786276
59577348
55328948
51134228
46912546
42676631
38468203
34259962
30018686
25813546
21609374
17367984
13150530
8970132
4728297
10787033
6547775
2337703
59781248
55576254
51320909
47109767
42884008
38667851
34454274
30209541
25994116
21768264
17529165
13360539
9140526
4911557
60152300
55786273
51557667
47346717
43091731
38836281
34581503
30320907
26089750
21814857
17533875
13313399
9093173
4806212
59777729
55536309
51326904
47077663
42836160
38625633
34395930
30145988
25967394
21708990
17453899
13226969
9019584
4771108
59962190
55720558
51519077
47304906
43080449
38828513
34585748
30334999
26078484
21828249
17558046
13330102
9061766
4795813
9622276
5357474
1187486
60007331
55767375
51517007
47302879
42987223
38744508
34511943
30245236
26013978
21773848
17521042
13274760
9034455
4756904
59514069
55272512
51059367
46900375
42627190
38409119
34196108
29965426
25761721
21563167
17332418
13196095
8930320
4702191
59495280
55266528
51076363
46904660
42676340
38484338
34279163
30045979
25850366
21634232
17402312
13203105
8989519
4751392
59883693
55641411
51453889
47262837
43033750
38821711
34576278
30320328
26061619
21862697
17599906
13376185
9159507
4878901
8893295
4626484
410270
59946273
55706274
51467492
47245999
42990167
38765303
34533122
30288690
26094138
21876675
17617836
13389185
9122264
4858774
59840748
55581156
51360176
47113055
42846784
38609207
34393496
30134393
25924423
21695685
17440131
13209761
8984733
4727608
59722803
55471081
51253398
47045158
42794861
38597457
34433002
30172847
25969422
21755227
17512759
13297082
9084289
4824221
67374526
63099730
