7805901
1798358
2116508
1768465
1832036
1481275
1981522
1158226
1979806
1798283
1676384
2222682
2094146
1221619
1927571
1811126
2354127
2750043
2385280
3191166
3277523
2707511
3368180
1681932
3240831
2644259
2638814
2786323
3104981
2986289
3403877
1198689
2833002
1433657
2440008
2458780
2172500
2725797
2883469
3337271
2418163
2190372
2748896
2026616
3229264
1751277
2892192
2102800
2569007
2906008
3320764
3397199
2173381
2788508
3114654
2429679
1675487
2909865
1569540
2410498
3277119
3243456
3305150
2292284
3609937
3157022
2492335
2361699
1761676
1699218
1843854
2154124
775098
2890585
1116593
1577600
2237968
3204380
3018473
2365897
2991915
1339323
1715017
1566710
1906891
2622177
2630569
2366352
3194357
3526174
2901275
2887699
2686725
2495692
3872673
2870920
2791680
2440393
2295022
2052096
1929083
2293172
3161551
1528681
2339932
1746282
1791927
1853999
1790100
3274989
3217408
2836186
1928630
3654847
3037666
3112041
3410098
2377325
3274118
2827377
1844934
3000686
3145126
2790761
2115880
1397723
2475722
2984320
3799905
2923039
2585234
2481852
1813399
3167393
2490759
2213011
1381940
3230980
2321062
2897263
2681111
1278120
2413687
2768531
3639398
3270906
2686247
1762443
2767737
1755483
1487409
2314161
1296680
2243510
2947544
2607594
888147
1880677
2224521
1345467
1878587
2541782
2576138
1485912
2303828
1834988
2561745
1583259
2614228
2195248
1803376
2164776
1077309
1415983
1714931
2249336
2865001
2513318
2480212
2033237
1841240
939656
2128736
2851961
1732771
3209111
2785716
3456113
2913473
3426138
2307939
3147565
2611739
1946580
2418629
3237387
2380607
1991150
2021813
1672946
3697057
2778933
2587755
1777892
2323574
1133393
1273844
2124065
2072953
1827684
2492869
2319571
2332691
1734156
1984970
1983176
2010678
1738154
1994337
1291425
2078744
2925291
2941730
1872042
1662956
1424738
2353739
2714403
2264966
2086273
1825449
2323420
1850568
2568507
2957377
23192664
2376362
2395304
2481595
2935142
1920809
3477365
3174065
2223905
3647641
2701347
3808505
3192147
2645255
3318414
2987858
1329557
2605323
2015573
2438895
2102912
2728898
1589124
2012998
2578494
2293748
2944117
2486310
3130026
2772050
2899458
2942572
3250414
2313842
3619937
2879073
2976314
3312004
1385196
3160802
1942170
2540711
2786505
2368807
2780319
2022416
2596923
2494936
2215983
1899781
3004146
2723530
2497959
3043868
2886324
1700878
2302387
2904818
1086564
3972134
1999343
3291616
3014963
2407864
2677381
2189705
1816937
2063234
2117105
2044980
1950233
1485268
2877946
2570269
2732914
2260766
1832555
3735662
2143693
2915395
2792326
3279396
3139939
2763397
1812043
2138862
2281479
2157453
3198623
2767051
3104865
2906633
3037676
3397865
2290653
2917833
2090356
3012432
2756614
3433883
3445264
2528869
1839627
2860181
2925296
2552994
3059813
3341833
2747287
3006687
2329195
2113667
2918768
3083703
3025593
3005041
2365196
2114992
3285074
3096212
2514174
1296756
2910581
2765124
2965311
2663222
3417420
3118424
3362401
2770150
2832420
2752961
3777521
3414567
2513472
2233477
2782053
1111616
2014725
1982432
2753294
2653790
3628997
3106028
2438653
2708638
2523553
1754220
1678685
1704180
1851942
2138196
2110762
3092644
2278637
2514418
2472274
2024138
3558461
2776269
2574784
1980864
1927835
2190396
2665882
2034110
1993265
2954255
2796965
2613461
2081131
2057173
2154878
1898135
3405471
3114960
2852601
2595530
2142056
1864504
2159411
1645213
1083978
2588455
3317616
2264904
2611856
2280316
3082335
2407524
2743286
2862717
2943777
2913970
2788505
1772018
1733141
2072164
2157872
3061608
2870819
2638776
2138402
1885901
1622944
1593368
1988689
2522896
3674139
3239432
3270793
2154080
2790067
2766256
2320475
2809412
1818548
2400937
2698508
2589194
2106650
1916182
2702095
3044417
1302749
2689790
2319075
2621673
2517937
2917497
2683520
2771504
2633350
2902804
2891187
2357800
2437690
1701997
1794952
2165529
2026019
1766499
1609301
2490701
1546928
1568974
1506725
2718698
2195468
865263
2433883
2701155
4065940
3450908
2369398
2700562
2667035
2751677
2738774
3162854
2896625
2766068
2726155
2932035
3529196
2204920
3017195
2790012
2092085
4447491
1926581
2045321
3001571
1803612
2096563
2052573
927780
1484815
2176462
1480716
1695058
5033386
2230275
1541199
3186983
2699772
2720221
2114777
1767724
2393512
2709257
2080491
1290090
2015091
1205935
1638966
2046023
1826774
745112
1351372
2316933
1947174
2362228
2719255
2556746
2034477
2682642
2610024
2939885
3085553
4992613
1882915
1757647
1836799
2610418
2323570
1735660
2390689
2336746
2141150
2371165
2298622
2309819
1888418
1163797
4466581
1995401
1527993
2053391
2070195
2198130
1168031
2324496
1898115
2488162
6051909
3257737
2674294
3595757
2749174
2302012
1813678
2236518
1721582
2028096
1461657
2077916
1322058
1648810
2679031
3285452
1589501
3519021
2816209
2779101
3740279
1629439
3184646
3827901
3263914
1834861
2714290
1971877
1984571
1785588
2999191
2514796
1870971
1338552
2008418
1853718
1025747
2056204
2271351
1603445
2209520
2518854
1906467
2432205
2801555
2214222
2205242
3271969
3409612
4691287
2584908
2878901
2347903
1295955
2888437
3503412
2723978
2785824
2404960
1891654
1657226
2956228
2919558
1381628
2539153
2363141
1471001
2733970
3136193
2725539
2028361
2793471
3059741
3785572
2806029
2347285
2740237
3065532
2642649
2310999
2292878
1540933
1593252
1800091
1747891
1969393
2862851
1877763
3805279
2657507
5071811
2022928
1884454
1820857
1908396
1719972
1812489
2153639
3535283
2731686
2139652
3700587
2818306
2394537
2669950
2970273
2669542
1683080
2409905
1324151
1859084
1625935
2832253
2960369
4373815
2826806
1822649
2750489
2618202
2958390
3268956
3659240
3266071
2997586
2510873
3051231
3214844
1890735
1922365
1422221
2625825
2100627
2608527
1457266
1456887
2267498
2772946
2542801
2282484
1686348
2441433
2357809
2133223
2519406
1929239
1944462
1860149
1650190
1595387
2046382
2343932
2887686
1945948
1655660
1773130
2542564
3174120
2518031
2546250
2138648
1654968
2057876
1973366
2316981
3164988
4001518
1334176
1858938
3135476
2525114
2093383
3605009
3595613
3088442
2529234
1796276
2425131
2103226
1507708
2084080
2581993
1574027
2393518
1381758
1455605
1827673
2023303
2515893
1001917
1309054
1738274
2727636
1942543
2786024
2612137
2404084
2099373
2219619
2813077
1987385
2471277
2548232
5286691
2344046
2524240
3025311
2011570
3452629
2400723
2233321
1972230
1873455
1712010
2013931
2233444
2168694
2092480
2157702
2182531
3171611
2627550
1643306
4405306
1495750
1821165
2438798
1843630
2492523
3261132
2177074
856282
1266940
1058972
1224823
1160431
2196439
3147775
3373689
2601471
3054483
3431402
3177099
5086765
2277457
1726913
1824766
2371886
1935046
2845492
2935069
2591814
1214614
2382850
3095472
3084598
1518796
2592700
2092801
1992932
1506153
1597611
2439417
2342850
2141827
2330407
2167505
1875900
2949339
2083702
2515806
2599458
2829953
3139954
2165936
3262774
3155332
2929382
2443344
2334915
2434464
2788389
3377955
2787525
2273928
1575785
1362562
6062650
3676129
1379188
4233865
3855080
3360549
2499050
3027925
3073548
3133472
2881790
3136424
3434232
3147101
1953153
2599950
2336954
2643660
2819158
2834593
2842095
2801318
2573897
1535947
1705075
2047152
1905773
2092526
1911089
3401969
3227842
3350210
2936525
2718801
2388729
2133083
2919095
2943782
3093571
2986946
3975748
3140896
1517418
2534797
1810506
3118403
2483039
2185922
2467885
1983612
2584003
2885857
3566973
2677761
3255592
2141204
2715366
2790743
3241801
3300518
1749529
2008310
2807188
3360256
2631456
1419502
1467226
1974786
1429068
2102095
1966018
735209
1577438
2959628
1873658
1961550
2437996
2866495
1987498
2000000
1793633
3066666
3013542
2476618
2602234
2477184
2007635
2010519
2950408
2370274
2438789
2652896
2011290
2653728
1901039
3751250
2811331
1884370
2577128
2755211
3558333
2282437
3403719
3141921
2620272
2328038
3620634
3136367
1974365
2700536
3371959
3520366
3414875
2805990
2622150
3307199
2540588
2827992
2409568
1867292
2858329
2497033
1987105
1364994
2004709
2403596
2539524
2467470
3196451
2385442
2615751
2080191
3022805
2312351
2198130
2553277
2643816
2858128
2833425
2376816
3158553
3477547
2206468
3138891
