8989578
1952601
1626306
1899150
1863805
1669465
1658071
1113363
2180792
2343575
1654939
2561604
2318866
2252875
2828973
1959616
2100574
1955370
1579610
1528443
1480365
1669010
1779076
2324061
1784193
2255450
2178942
3120770
2229284
1439006
1066795
1827723
1761865
2230234
2352682
1177754
1220881
1638412
2501163
2463918
2886721
1703751
1904995
2605282
2647414
1936176
2459622
1835044
518249
1166872
983807
2204730
2616720
1678795
1204203
2774174
1312511
1409255
2215776
1310286
1574648
1745654
1414699
2713900
1765864
2252221
1716195
2175674
1554546
1498445
2858837
2184572
1462218
2097887
2700083
1972300
1802647
2378330
2361108
1662957
1480189
1177384
1728663
2001886
1773193
2064194
1918007
1007694
800410
2388134
2579649
2566482
2904504
1650528
3109312
2211646
2073099
1385562
3474207
2736850
2455122
2259815
1556297
1220100
2056006
1850280
1542235
814035
1305226
964290
3044119
2309123
2797649
2210395
2057246
2423936
1105704
2150669
1573388
2762023
3060549
1185996
2867180
2878785
1901540
1598575
2546078
1521905
1469402
1478116
1681941
1810145
1048789
1107378
946336
2034520
2160541
3344733
2996325
2585065
2508120
2764226
2666078
1873709
3093789
2619868
2616596
2417956
2436802
1432039
1678398
2138970
866607
1066937
1617564
2236899
1367538
1589358
1739552
973786
1014909
1182349
1401926
1841521
7049491
1947681
2216521
1069442
1010669
1388520
3070440
3278893
2882972
2060302
2001125
2378739
1589280
2213221
3444685
1383285
1349156
2476232
760838
1520913
1291897
2578129
2214992
1967496
1000007
2661554
2185205
2756314
2562017
2562451
1699154
1773578
3127396
2652734
2404565
3018013
3357843
1868612
2409538
1430026
1770141
1207642
1849959
962745
1542768
1689402
2643486
1476180
1054924
1704476
1892649
1179512
797817
1424695
1942951
1961306
2382547
1970978
2763195
2503155
1359643
1715059
2393852
1249337
2089128
674871
2612577
2141826
1783579
1448469
1212914
1755742
2026288
1077016
1275257
764843
2215043
2607167
2484648
1909409
839457
2273700
2311190
1852240
2720439
2171038
836806
2588270
2386522
1483705
1231859
1172343
1994526
1780115
755896
1822660
2187796
2084012
1183137
610215
3094270
1409725
2443817
1911013
3001533
2750326
2501158
3173516
2315537
3252957
3261710
2510227
2553766
1535397
2402188
3171738
2936805
765488
876278
1302506
3123559
2565586
2127716
1595692
2503582
3853588
2514089
1684973
1608593
2762172
732497
3133645
2199835
1674503
2000350
1465801
2508349
2203559
1901913
2788139
2917805
1671188
2176352
1648153
1583015
3004179
2153638
2468421
2365904
2483233
2439201
2630546
1586565
1181595
2693957
1921440
3702581
2624650
3386359
1647979
2171051
777751
1419291
882575
2890466
2254786
2091437
2042385
2221159
1283933
2587419
2194907
1540506
2042285
2308709
2487836
1635322
2852318
2645954
3386488
1414890
1587112
2896130
2387765
1900664
2197700
1889716
1518852
2010084
1873233
2188736
1535577
864542
2556305
2719772
3259162
3033606
2561052
2537179
1969875
2922119
3009790
2230250
3134632
1781351
1280821
2507946
1821072
1673421
1000567
2290529
2992129
2357591
2799757
3359188
2588677
2356792
2088045
2255656
2637699
2432963
1903235
2419333
3088712
2472565
1534023
2081095
1087771
1867811
1835695
1365273
1315579
3348577
2183706
1990577
2813115
1478459
4994578
1672359
1947993
2364774
2473865
1934221
1045822
890752
1804427
1882419
2570766
1214641
1838517
1598978
1924895
905946
446997
1499136
1217345
1969737
1532544
1000881
1566374
2969451
1991374
2283808
1905387
1644895
1856222
1984903
1786142
1507779
1466383
2821449
2337015
1773236
2484839
2224437
3131609
2481240
2868060
2781245
2137714
2086992
2608736
3300029
2155026
2047276
2730285
2340572
1432866
3070062
1916880
2326857
1020246
1926978
1440151
1329076
2664586
1044978
1857265
1285723
1579738
4902117
1831019
2509290
1799261
1590061
1956978
1462862
1252689
2028067
2170199
1931786
2274607
1788415
2922090
1667806
2107179
1209501
1262099
1384069
1309245
1597758
1770343
1877158
715777
2002906
4296280
2029495
1813953
1452849
1968153
3004925
1575221
1558964
2128122
2165976
2349790
2488427
2509141
2645614
1517345
1287836
868870
3080620
1815709
1031141
748667
4264465
4448323
2016479
1193046
2135364
1044802
1711498
1016663
2608640
3918899
2380406
2285853
2272956
1316574
3611838
1576234
2748222
2655658
1828197
2528499
1427805
1803207
1012437
1969566
1557190
820599
2926517
1486800
2048973
1501037
2530181
2001949
1044050
2577477
3772136
1915538
2342607
3924158
1291842
1626733
2942551
3182968
1729294
2341589
1293447
1489428
1484313
2339097
2582169
2244418
2541190
4267598
1966708
2662218
1831859
2926596
1523381
2165175
4130431
3179627
2291217
2262976
2296490
1922230
4479959
2542088
3025913
2893411
1301131
1719913
1503920
1814452
1680116
821694
1052957
2087262
2603340
2380696
5498207
1192027
3672103
2029947
2128429
2951805
1025138
2909687
2494916
1754826
1659274
1667166
1652893
1156231
2402005
1987715
2252239
2035288
1206098
1558322
1731706
2204970
634000
1513875
1466973
1990127
1688651
847267
2061637
1310986
3400638
2520610
2065859
2699945
2886853
2752525
2222173
2089419
2779639
2109928
2357188
2308030
1805004
2043097
1575740
1459218
1580878
1693226
1262894
1123781
4593903
1746735
1956229
1125691
1346587
2576817
2518159
2715662
2312564
3260016
1871130
2520839
1137003
2164380
2347712
1170547
2000310
1710126
2065600
1027798
2480769
2774591
2293304
2070152
1287691
2075469
1179544
1661454
2020899
1213175
2513088
2840688
1972774
2282167
2470431
1743225
1419896
780619
1247616
1137636
2293466
1612119
1354420
1852316
1124386
1664536
956219
2102130
1034266
2579568
2923974
2572167
2173208
1766529
2397614
2743068
3921975
1879626
2499886
3012297
1583677
3654203
2686252
2052809
1341404
2168258
1563510
1235340
1728341
1695319
2350652
2777386
2051711
2084522
2387253
1737927
3002304
2047216
2006753
3063926
1734646
1558177
2645536
858130
3082330
2512233
2502002
2283853
2055366
2630819
1907678
1622959
1547522
2190039
767615
1971276
1238912
2175924
2591930
1838391
1992681
1674198
1321316
2362337
2946662
2251720
2387462
2631147
3090834
2652448
2408471
2479578
2546190
2464539
2864191
1976509
1845748
1816522
1141944
2588762
3146419
1587983
1029325
1402234
2605638
1753240
2380560
2212658
1296486
900938
2103011
5218244
3055848
2326870
1610126
1500086
3855828
2720189
3140407
2799571
2601550
1423132
834159
1162956
2801690
2222239
1812621
2530159
1669268
2008140
1891953
871891
2634249
3261819
1300183
3219860
2371698
3242585
1052444
3340968
5297148
2742895
1043922
1379952
1921614
1757353
2382691
1825316
1132666
1337636
1116373
2169559
2680383
2794009
1155599
2235551
2984563
2033481
1560266
4745924
2447928
2791407
2113714
1688018
1626505
2025593
1998669
2727061
943997
2218465
1128130
1364697
1309902
1132333
1992623
1052762
2567194
2488717
1480642
3134521
1403103
1591833
1483625
2781462
2076185
3104685
3207434
2651041
2394672
1390198
3007419
1257732
2493542
2653937
2244995
2692471
1548711
2166661
2904250
2341025
2500477
2015052
1563776
1506841
2181697
2143167
2755988
2360542
2385763
2260561
1601721
2425678
2205797
2762214
2131294
956682
2848739
1817401
1155463
1544178
1166853
1235239
1436641
778325
1404674
975575
1892882
1670549
2232715
844203
2723853
1734379
2441217
1466319
1328912
2048289
2638411
1455277
2964318
2546388
2478855
2050627
2452308
2793663
1651472
2259655
1656125
1083397
1769445
2451937
2850987
728168
1476919
1009007
2326851
1176692
1464508
1893197
1479128
2631001
2684828
3260301
2734416
2051529
2852758
2593148
2544072
1982905
4895841
3156665
3239881
1249672
1507568
1738488
1880937
999908
1937395
2581083
2239261
2674965
2112685
2606602
2665422
1423517
2024823
2722340
2123293
1564010
3017417
2435883
3522185
2822273
2232752
2245718
2456880
2043952
1758523
1392454
1782042
1927350
2092843
2677662
1561428
1911139
946635
2485282
2550481
2018579
1899554
705955
2341784
2707515
2487129
1479392
1951840
1940435
2846234
2864429
2284455
2268283
1347228
2416306
2146320
2720606
2359083
2907983
3095231
3182093
1016363
2755082
2376607
1615395
3013825
1841529
2635410
1337144
1881447
2018451
1795258
2564811
3826795
6465494
