4011033
1037520
610818
1758916
886001
1216780
2284825
2166803
924045
863361
1679447
2794408
2562878
1294657
935997
598973
2202281
690030
989328
1750100
709388
626448
1966402
831860
861881
1961934
757151
727427
835947
1101038
634886
1068263
1288353
681459
1477724
1607841
2510130
1680977
1442439
643838
565817
1179421
3882548
1556287
2097392
2586909
3226955
2699955
1569136
1492698
1089805
795567
2308979
1821175
792382
848204
1490803
1123365
881580
2029505
1137083
748752
2917879
677852
1267843
1300471
1416493
1156541
2113323
498243
980451
1877143
2133284
525167
1998255
1278414
1543306
3455731
1835506
1033678
1641919
1569653
1029752
814235
443814
2237510
1392879
752028
3427987
3128884
834159
1651880
755329
1806217
837530
484755
1505250
3328834
1032845
1465295
2616165
3266136
911299
2162821
1661310
1097678
1412167
1646251
741757
909025
2161739
828992
1201852
2214531
530581
1263531
2440985
1705373
473126
1160448
664819
1170471
1262601
2381441
1173040
1100549
585419
2347318
391653
1100097
773490
1201007
1862508
941981
2930235
995145
2337048
1326612
1971326
1513563
2398820
1200904
1554505
588117
3602356
3362565
1648107
893416
652002
1643668
1828708
1875570
996567
1673133
1390940
1876924
1225940
2271396
960163
3096478
2230022
1377106
941457
2323945
1511754
1250190
993229
2145254
1235596
2239217
1442777
961720
1261137
1972397
2963482
2462937
2776058
1866105
2459870
640016
1786574
1161911
519495
1620507
1657562
920678
1228631
754971
1159144
1521538
1275054
2245211
422868
474823
989637
846154
1604075
1458314
942767
861083
2138458
2089021
1303431
474779
1123372
582374
2416264
590767
489049
2455962
1739314
1370885
2357406
2681733
546473
1898206
2199468
2717868
1104502
1464626
692769
481030
1406463
2505009
1010672
2016093
2210042
1964175
3069949
1476155
1160285
428567
709129
599550
2557826
2254561
1658038
1327169
686246
1972627
1655050
522769
1005842
1137087
2088896
1757768
978655
1025462
2357600
486542
1079091
1625956
752024
2407405
2661798
2664923
2493857
476568
669480
450978
368515
1949200
803446
446636
1228972
2651132
1666822
611133
1839814
3210840
2502741
2566214
949423
1795195
1450594
2325729
1619940
547258
658565
413988
2127394
1054901
518521
1677844
611624
1221411
1150886
1203417
1851506
1290039
2092964
1697499
403915
1548355
3155775
1643111
77349677
37227313
1286277
3071371
2699767
2139927
1675360
676887
464341
866131
1544506
783161
798693
680579
888972
1076428
2024039
1049667
863243
2879283
339459
1129830
1649098
1129391
867937
2040840
2667494
403132
2492199
1752701
2023074
2417041
971125
1810416
1653866
442487
908147
1373494
1172155
2136914
1044285
1756174
1087619
1960632
1883671
1451907
1062540
3415011
2660781
1804739
1162691
1427114
1524827
1820069
1575565
2328050
1002537
592830
2846240
946326
1082613
1705493
777013
1181647
733589
1878192
1190260
697235
906307
1277529
1092283
1404852
523297
2998866
2683732
898773
2049575
477830
1203160
2522294
1007284
2100143
1633552
1026470
1583000
1220231
1104805
348528
2961217
756792
3031755
1269525
1979980
2119349
2703625
1040316
1151035
3143849
1352890
1462568
1758219
1615424
974960
638527
763191
666077
1211164
526344
1062595
879788
699083
1492002
991656
541880
2969346
1206865
2295458
2664700
1553293
1102185
2617048
1227607
2401813
1561582
1571534
1533541
1960137
2386614
911193
2428681
1435530
1098093
1477471
1871809
1342495
680668
1574151
1649660
1057540
505992
1468774
2803263
972744
674196
1486961
2636294
1313702
2854599
1049509
2529782
1219103
2656510
1136814
2722575
548338
2799635
1127058
3049853
2519916
1466169
547850
1052953
1272937
1034441
3456005
1123603
554698
760115
864951
451288
376435
2010842
1460696
1543869
1185543
876953
2823579
1344449
3137601
1678071
476166
603607
655867
2141623
1237351
880975
1084404
1166423
1437436
865275
4075064
1495136
2726928
922064
1530738
2401244
1842478
1337043
1901613
1954473
2156392
1690770
863364
2028932
777578
3043877
2586813
701675
881199
1177147
1262755
477010
1059164
503407
1330645
621098
3012743
1277592
1001943
2234956
3407288
2261171
1518640
2027361
2389458
2528032
2974669
2532310
660507
1421145
726978
1126295
416444
799312
905483
618525
1164651
1321636
1950174
1946506
2920063
1206593
961179
1473302
2114465
2431996
2257179
2928041
2309420
1016252
2439231
1764463
882946
579455
2559709
2916704
1273100
1167226
2321014
1705500
1458591
1304219
1834770
1291826
515630
2256551
932165
1001602
1495834
428805
1639056
1166547
3487896
1641403
1559362
2083104
2775705
2402167
445134
1293737
377080
510747
2252355
1448959
697269
1365125
1172468
2579445
1684501
2224800
827671
568749
662655
928614
2775864
2410509
1577733
1267798
2325736
476989
1120613
1395419
1065067
1832974
997982
2781119
1478600
432213
490444
1708824
2109281
1663377
2917048
3849580
863529
2026131
2543876
1307752
3345021
3102415
1718340
405725
1346109
1119390
2572010
1021273
1020135
1939110
629177
1844710
782536
1190947
1816224
2266593
2124902
1436130
772534
1191054
2167267
1138225
760892
960736
839993
967503
911109
809074
1074363
977007
1308975
1063477
359137
803055
931764
2399572
2427944
349784
1668823
2265546
1906211
1030338
426968
2516363
1036223
1886204
742884
2196360
2571394
1513298
1751498
1711698
1088262
3370528
2777450
1028589
2637293
1852930
782940
1957056
660012
2443491
685603
1051006
928194
644113
2461621
569635
553317
2790366
715922
1800178
2348479
1770878
1364216
1277504
553066
1713149
1751385
994815
1231280
595187
1057571
2131893
1000694
2613107
795956
1339298
952806
840040
1621997
539090
1246009
2594851
2475772
1666020
1505923
1764447
654774
504242
1345747
1793005
918558
679140
1118522
3057440
788199
565100
2935493
773294
330542
696466
1433367
789732
475715
1539726
1178992
351880
4487750
1962511
701492
518562
986227
459564
1048563
451132
624353
807372
562100
1219278
1890281
1660518
1154973
474105
2340226
3189701
1410007
648803
1779861
889033
2287338
2202238
1124450
1304464
974039
1738575
1907702
1849256
972311
555138
2325219
1106989
1000810
4913098
1143674
2018129
1650160
1628752
956736
1295473
1976706
1296320
2181929
2029814
2151892
537739
459755
570189
442729
742584
1720331
1862688
909418
608336
2767638
969514
2699944
966381
2244177
2495105
1893087
1696351
1268808
1405318
552253
1656999
646678
4014405
1316542
994182
1575363
1043313
1046524
768244
2078783
574653
891792
649537
1835671
682872
998629
1347721
1790309
2748664
1731840
2095387
2539188
1322473
1049538
2027251
1336125
1311013
1526190
1450030
1474564
547390
2268898
1600775
1152694
2375454
1846909
2230173
1073243
844970
2515313
942821
2029403
2875413
2419225
848919
377759
1215538
981374
922105
2743224
1746603
2622876
1853432
2173627
887662
1041519
2357317
1327554
838843
742647
768020
1324935
629414
1168526
1153786
1699653
2482983
2118001
1733688
2071476
611883
996973
1530226
1339058
1986493
2389004
856302
540224
1099897
823977
2601996
470088
837465
1318107
531718
1184968
4443559
778233
601770
731037
636465
2936726
752787
2639018
1460654
1183326
1403771
2007782
1643146
1373750
498771
3033462
2848144
993809
1017887
556184
1456452
1833863
3286600
2550257
687095
768743
2996350
741547
950762
1903209
801311
785543
1455527
615445
1107946
1351237
2301700
1519507
2162461
998900
1497150
3177741
1443193
1068468
997551
919378
344870
1454376
1325642
2191762
2258407
523814
1542953
1323270
1671142
1177331
543937
941708
1804749
576661
1239794
2633218
1991635
1627306
569633
462316
1877263
3293168
2002306
4597684
1362328
454127
617990
1218502
2561278
5502699
1955174
756900
1660988
2983661
2239272
1006166
538873
1272916
1370865
784726
2247020
1106100
1591879
973139
2627113
749716
1375684
2179560
844564
1326668
534606
754096
2893494
3225794
1260084
2507758
1284943
458957
1393222
506168
1862329
1213997
2188661
694208
756560
2220232
464898
530966
2017871
