70910
32802
71138
467667
21253
26419
29844
13841
15742
16493
24565
26521
24210
25186
548528
18171
11310
20882
12279
19505
20847
20384
18481
22699
18647
15608
19927
20990
39570
14978
18199
13367
15415
19356
31407
32953
28468
20093
12543
20548
19151
18123
27929
22148
25748
15861
20344
13709
26905
19899
24665
26992
15445
16916
17622
15914
16254
15963
15517
17986
15916
21182
15301
14345
18189
16532
27206
14497
13301
12571
22227
40018
14409
18580
12229
19279
16926
20220
17286
21931
21866
18773
11774
18030
11340
12322
27853
23341
26736
19097
15850
26732
28896
38046
32766
31443
19503
33674
17334
18900
17294
15861
13978
27678
18445
35771
22379
18824
14000
22045
12956
23514
22017
15978
22146
16995
17014
25568
26021
23597
19762
17589
17745
25728
31126
14717
12844
15095
18397
14928
20302
19536
26416
18426
11331
16122
23274
27693
16649
18705
16354
17698
26377
26786
13369
18667
18800
18382
19236
18853
14852
16713
18411
16472
13610
15365
16743
16089
14112
18139
15463
18520
24548
24745
20160
16684
14260
24262
17664
14742
15248
17290
13411
16192
18627
20812
21767
18600
13774
19041
16653
25916
24407
28976
18777
21666
13599
36437
32430
36811
21847
11067
19152
28533
21695
30954
22668
34780
21541
17811
15165
25342
17390
49252
46372
22640
27018
19862
36736
39420
28024
30504
379288
19016
51549
27551
39915
24883
28613
28336
37800
17504
17582
15782
17239
25977
29647
36302
19611
21398
16793
28090
19523
45954
20950
29263
15611
20089
15661
24747
16851
15524
18473
15055
23165
14205
16160
27942
26266
26305
37948
20309
13792
38430
22871
29620
28318
39144
11994
17457
16463
19340
18763
18642
25201
34373
19833
28843
22507
31614
23816
24642
16647
16856
14494
18383
15491
23472
19339
12975
20028
17790
25231
227970
13904
29322
46838
36108
30026
29469
17122
23506
144518
29657
18182
30118
18932
22821
35140
18866
17892
26949
29174
29637
14103
52393
33609
34946
26480
28434
68618
23820
18360
22363
23004
18732
12365
25919
16636
13605
23212
40953
29125
16581
18431
27132
48680
17549
192962
12210
12514
33454
21729
22891
25331
19243
27212
15379
33767
14879
21568
25383
34917
13205
15068
36275
21454
38277
21419
23823
13317
27398
24178
24315
19668
25742
35349
14580
57835
22369
15729
32738
26536
17450
14266
20530
19939
12957
10616
21256
94463
13830
12919
14389
18258
22665
22886
19041
19884
24397
10747
59777
17305
20298
11293
25645
15358
20876
21643
17164
20834
23148
24607
27390
166079
22447
17560
13466
13927
16885
12241
17467
19158
26018
25730
21345
13514
17928
15185
15903
17266
427461
15406
20940
20704
17546
16173
15568
14200
20006
18847
15468
17344
17249
14692
14311
19109
17544
18040
13367
19397
19884
14805
57916
25037
16832
20924
19803
12956
12703
17130
28258
13083
33082
12869
13656
13421
18785
12520
21346
19040
21591
27040
23268
12742
22702
74884
16163
17069
26631
29812
19535
49525
31580
24261
16691
32884
18524
17869
18372
18583
19518
18227
19928
14895
24394
12903
55250
13898
12123
33791
22551
19364
30667
30406
15230
21702
25648
43543
12507
16039
14042
27503
13865
41429
22937
25713
23215
15337
21721
38980
33349
19982
16090
34273
15583
18480
20352
26378
41635
15490
27088
25726
20526
22404
12781
34354
21566
18383
22693
18215
23433
14229
14056
14594
42225
23528
63165
18506
20944
16784
14015
15840
28661
20483
20863
25061
36954
34935
19492
30528
55952
39447
25727
22045
14269
14890
31165
17035
14327
31651
25877
17926
19730
15879
15872
24546
20902
22297
24370
20194
34568
26821
35649
26329
31117
22501
20524
18018
19806
31949
25654
16998
24244
18522
21310
19311
18597
14882
20455
20802
48475
27030
19722
20597
17120
18161
16271
15823
17061
18568
19706
16937
14801
22447
16869
16127
13492
14983
17375
15722
18469
17631
23652
16267
15596
22985
14324
18300
20703
23358
11232
21110
21616
22478
19110
21046
25973
33590
24354
12682
19643
16427
18049
19196
26712
14580
14554
20344
23975
16400
22970
30480
27594
51725
24491
23613
30953
39975
22665
21019
12428
23294
24048
23006
26957
17623
14787
19391
20627
131238
15033
10087
14126
12541
32345
30556
35116
14310
26716
22575
21957
10479
15165
21161
47039
12145
16097
27941
22289
19986
19940
16337
14844
18494
21488
17040
17663
15794
14208
23657
23459
15751
24832
24550
22511
16384
17793
18764
22680
21939
24027
26951
32214
26299
35465
23884
22823
10813
48056
16932
176650
14466
21346
20640
29150
34345
26483
32501
29228
11235
31617
17078
21108
70076
40072
13309
20121
12652
12885
12216
48231
12688
21133
159123
36880
14195
9544
14862
15091
16951
18709
24258
14472
30605
32250
37035
16020
15029
30900
18452
64609
17923
29499
33254
30886
14159
22005
16352
26576
16570
20406
14128
21766
20111
17270
24897
32445
28133
16673
10986
27455
21144
25603
14801
17809
389047
23015
17117
20992
17423
19055
16861
21006
17955
25349
28180
23459
24402
23668
19086
15047
21871
16550
13971
24493
15972
19318
23879
22905
16060
19515
17754
17077
15674
16549
22237
20822
12835
21370
20511
16491
10070
24861
23486
17913
18521
23488
21762
17927
21285
12932
13207
12099
18303
16276
14766
22039
35611
33798
20208
20526
20466
16081
17343
14189
9266
17786
30553
15078
40812
34009
43970
83080
26116
24137
20617
17515
21248
16428
35820
15323
20931
19923
25264
16474
15589
37123
27963
37149
13189
21773
22656
19121
21047
13454
21915
31098
17510
36151
19565
33930
24892
37306
18643
20071
20057
21528
33105
41626
26038
21055
16628
15930
14854
11220
25042
23339
24359
32125
32640
13895
16658
22279
15813
18858
16030
16657
15550
17789
26957
14314
16067
19019
17128
26799
35874
18201
20301
20163
19212
16586
29664
17731
16713
16973
25246
18411
17017
33058
19702
13783
20402
28517
27474
57413
30749
25290
49440
57556
22288
16424
16945
18294
14823
35131
21363
18091
13211
14354
12490
33360
16921
28414
16188
23826
14908
16757
20436
27967
16315
19811
17946
20534
13725
27177
15310
12898
16980
17213
11657
13904
31652
27750
15549
19518
17291
27382
19676
27219
25532
15655
20619
23990
17915
16811
18906
18939
21109
14970
30830
19743
25361
14065
25009
23073
15859
18180
22287
19340
76649
15951
13992
12627
10978
13057
19866
22991
13590
12064
22020
16912
23724
20735
14550
34169
24152
19035
9023
22085
20471
36642
19086
18705
16147
13266
14467
12715
12042
17817
54046
30965
40599
29931
28293
22010
23481
25395
57024
27065
28576
16648
27563
31466
34225
11695
17387
14733
19417
13637
34347
24990
32441
34860
20984
47539
33175
28871
18864
20926
42369
27247
68857
46558
33803
35113
26809
32454
21680
20140
26715
43592
39128
33872
29908
85843
34825
24796
34322
12371
10456
21624
16971
20991
12310
21443
30992
23180
22179
24217
18571
28597
33765
29949
23158
22984
19373
19892
63559
15429
10138
16753
17298
22042
14384
31367
18394
17746
16894
41557
15758
17957
14449
22007
16443
14367
13711
14539
14018
20499
29026
18709
12890
12937
14522
17152
35462
47757
25961
15290
14334
19238
15000
33087
17731
10782
23271
21979
11042
14262
21216
14423
18563
13701
22282
23743
30421
18224
20125
31774
19146
19826
9965
17760
21269
52030
14013
16119
21070
21727
20535
55266
24586
14094
18077
32527
20544
13003
20195
16081
13726
12825
13611
28256
20702
25608
20105
23866
31277
24391
16830
29807
29378
25143
43186
21189
11613
24353
14365
18231
31900
15858
19546
16589
14334
15428
15130
16171
16664
11862
15353
17578
12140
12536
12300
14870
13681
12130
16379
21617
42723
10468
13859
11258
11710
12847
10232
12533
11326
81513
20200
17328
20679
24865
33701
18829
16161
19406
15751
14413
15228
15156
15432
13897
15353
15273
25457
19001
16937
18127
17631
18164
15656
18604
16205
13419
16100
13511
16595
25892
25879
22075
25678
24641
16292
16902
15130
155857
18937
29389
14343
13119
26645
17618
13970
19736
16578
66959
16129
13514
12998
13633
13631
14108
16083
13117
12779
19150
13038
22886
12993
20749
12977
15143
13542
32659
21920
12289
18109
23350
14248
25761
20874
47027
13283
23447
16538
15769
20155
19548
15354
18454
27571
25122
13076
15299
48626
12333
15513
22151
17401
23284
13462
16271
10387
17535
227529
16185
14984
17413
18322
17575
15635
17883
22921
20809
19329
13773
12063
12733
9603
11076
14273
16088
16759
45044
18498
18495
14369
16061
16616
17034
15729
16542
34296
14864
15303
15531
11561
17541
12635
14760
21816
19600
21115
20029
17267
15704
14782
12629
11639
13393
15617
22682
104297
13391
14222
14049
17732
18992
25135
18609
19187
19117
22272
21202
17921
13217
14232
17785
13808
15168
108970
31358
11461
13901
13124
12068
36086
27655
28231
29132
30959
21247
340202
22958
17707
22616
15200
14103
14586
20973
18241
31050
25292
16296
18433
17231
12325
14361
23792
15813
12715
12391
15977
29880
21722
19828
24035
17805
18810
22399
20292
18230
14385
19791
18524
23940
268880
30934
33340
13585
12168
17712
27231
25445
18677
22480
12216
29181
25326
25375
17988
25450
25745
43180
36234
15309
14744
20873
173464
17656
18722
19454
19816
21115
19776
11996
16641
13316
17640
199696
24497
17725
13512
13502
15617
16430
14950
16896
29699
235885
13011
18347
19252
19931
14391
17841
16377
34541
15683
23540
17048
21353
21938
16242
17862
25814
32730
22799
14663
80440
17335
12640
14922
23239
15086
27465
30479
9427
17743
17153
16600
90000
12293
14955
13284
18862
16209
12968
13482
21263
13812
19069
14062
23488
12334
13253
10132
25435
18838
16524
21876
18966
21619
27997
19382
53812
12620
25761
15570
18034
22598
15810
17356
25237
15761
27315
12180
12539
22817
24761
32588
29347
15497
28239
28760
18062
19473
29551
23851
14080
100588
12633
14147
21766
16337
21561
19122
18660
24650
24876
17374
19432
17329
12828
14028
16356
30257
19095
15170
17325
14437
18373
22550
25983
39096
24102
18455
20162
27138
27357
17713
21001
21719
20853
25010
23246
54622
31623
22547
20725
17114
19360
32183
15782
14005
13184
26776
24342
27586
35699
16932
15700
13539
15269
15828
18733
15916
12054
17158
22291
28536
12746
14574
12501
14576
24402
13644
18790
11957
20973
15002
19202
17421
32279
19294
25777
20755
14218
10884
20847
15198
26056
23279
16408
15647
18192
16219
15119
15385
19216
19268
16670
13342
13614
21919
15671
14717
14294
15538
17304
14585
14119
14745
15610
11792
16432
15546
16844
15318
32779
15479
14463
14995
22878
22384
13742
11758
12922
12831
18780
25880
663368
21207
25427
15283
21455
10325
15268
13533
15860
18503
15104
22895
33703
22564
20871
10512
21112
38369
11980
17694
27593
19496
50336
12745
18020
38183
19594
15624
20416
12477
16201
27089
24119
14912
25127
17650
20879
16206
31887
12721
23168
24369
26767
36711
29682
24932
15703
14817
24181
38068
13356
17454
23038
15397
17139
17092
11500
24183
21965
10953
15852
90090
30992
23492
19675
22263
21014
31884
21804
16854
32232
21618
44503
23611
44502
45650
34640
18414
15348
23761
28091
27261
21201
22169
25111
19079
44920
20709
37481
29043
26299
22905
31900
18295
33399
21770
12916
21914
30744
21971
26292
27375
28599
23069
34613
23911
26070
13586
21626
18728
14385
29087
15855
19926
19301
27401
22269
14163
16774
23075
19040
19003
31255
20332
11210
15750
25639
9520
24785
17861
25133
30111
17283
22982
20836
26920
18311
21346
25915
32861
11038
10480
16187
8880
19965
20087
29303
11790
30844
16349
39725
9852
14285
21897
23842
19990
264277
24749
22067
24905
19654
15199
14952
15697
13354
25467
43438
25805
14526
23266
54804
22946
17312
12294
17655
13340
33607
22809
25977
19475
20887
14442
17621
14476
17612
12417
22769
21045
16895
19304
10333
21289
17767
19876
22058
14502
18139
14971
16925
12945
18096
11466
10899
28921
11386
65614
16683
12360
13244
13084
12141
16298
20309
25819
16300
16423
12380
16855
12442
14858
26340
10794
12256
20517
16893
14496
16822
17867
103133
31496
15005
12315
46700
44566
13147
36744
18888
22699
24676
39540
14340
17551
28129
793845
30504
14934
16860
26504
12271
28619
24102
30336
36523
21194
26885
36564
11472
19967
13844
18183
60666
21350
30715
21071
34069
95031
29111
15290
14373
16632
23625
16648
30891
24422
17086
19606
23123
18006
43264
30324
25027
23855
16863
15913
19694
31422
26859
34422
22832
23872
14391
12013
12800
21479
17197
13850
21539
15033
24376
51119
675256
21521
15682
29615
16794
13769
21554
15103
17982
14759
26681
19001
11572
21539
16049
16222
12135
17510
16207
29993
14670
27411
47577
17183
26456
20141
15711
14836
22339
16697
25520
16787
26475
13981
23736
15179
19643
22984
11716
22753
18050
14313
46710
33234
26467
22404
31093
11519
18644
26434
33816
14237
13276
26750
40259
30410
16370
28625
39713
12980
21835
26018
28531
20977
22837
23239
24662
30227
21198
142562
50111
22678
18492
29764
23723
21783
25378
22990
32896
28363
29132
31851
19488
79573
25982
16581
24580
19423
25404
19442
40215
22034
25803
24335
22883
30566
63270
60838
36420
28927
32674
16045
14013
18490
19272
15863
30719
118473
28298
46085
27931
22048
20727
21272
31149
17073
23862
18826
19980
29865
21656
22736
20501
39245
31257
22112
26006
40242
15142
18196
13526
42707
44028
22610
16312
18137
14801
14884
16814
19731
12254
30030
14257
11367
27888
19035
19491
14497
19114
21054
20904
27677
21920
20016
28136
12273
16820
22572
26675
37072
15952
16699
21150
21583
28485
34568
81077
24823
23435
34290
27113
21589
79389
16992
35004
22754
19421
34419
20218
16030
23643
34371
30069
21007
19231
19041
26810
16235
13979
23374
17483
20520
12439
11359
15280
58864
20683
26407
19433
20212
12923
24885
43098
22851
23467
13542
22114
10019
13959
16281
19157
26884
22479
28700
18982
13817
37824
20634
19863
35211
22231
55902
25773
38300
21354
19162
16489
15777
16605
30365
48104
25117
14590
30720
27918
15325
24685
23060
16342
25661
28630
20050
23813
19149
28757
43480
25287
36648
51887
14037
20817
38254
30632
37533
27449
24659
14784
25022
27426
17880
16076
34202
35233
26697
23261
22805
21676
18799
29423
16358
15525
64519
23439
18090
24752
19503
590531
15102
16347
15581
14427
30429
33467
21449
15179
27577
32758
19735
14464
25694
10565
22593
25132
21386
19158
17441
17674
28136
19875
26730
18116
33730
27084
234860
17193
14860
18422
23080
25458
23613
22956
80245
45249
21157
23217
42445
20891
16077
13138
30068
44846
50090
18891
79010
28451
37772
26653
81627
35992
15522
39220
29748
55673
34772
16724
20570
20115
17151
22690
24958
19046
15505
18281
20552
23292
17528
18673
21832
18480
14654
18085
29685
21576
18188
20160
26578
33417
19026
50942
19614
49517
24696
74505
10849
25797
26300
15982
28361
23121
21674
19573
23166
21595
54255
23361
27915
26225
21815
15841
15602
17339
21617
24162
19009
20623
14345
19872
34800
23064
28218
30024
25828
18863
10851
15307
19508
20533
29854
22588
17866
15749
28275
14816
27036
23763
20630
17850
33470
20130
23353
9634
11864
18564
24589
10206
14048
15642
10536
16642
12906
15505
19658
17070
24455
29561
21328
27653
29211
19443
17560
186401
24201
19534
29358
21235
35370
27872
40609
46698
39277
23774
38662
14201
21757
23953
14592
15887
14207
16265
14737
19689
24584
13262
13015
10692
11791
27424
28258
21827
12879
12588
23447
14424
30162
29083
584838
19382
20770
17643
13085
29010
21909
33098
32527
20039
22108
27803
22887
29981
21402
21819
23855
12897
14118
19571
11502
22146
20290
20561
13094
56116
33949
13512
15755
27770
17699
9111
16770
24213
34440
21923
16151
31133
13298
31193
29213
33504
25398
19336
26070
19586
12141
16080
28437
37499
11454
22141
14910
31170
1704619
15238
14046
16346
17232
14253
12488
11839
15758
23440
19173
17743
31440
25626
20922
32606
32239
23867
17541
45709
38319
31183
30738
18173
81871
43489
20027
24919
21797
19269
21322
22850
30785
25631
11390
21784
21193
27920
18241
20893
31680
21738
21076
24504
22123
15594
21027
27224
13398
29576
24306
31144
15263
722750
17149
32146
32545
24511
18655
33003
22801
27302
36362
21012
27838
26240
14315
17825
32474
18409
24131
22094
26316
26172
17710
13570
13380
13547
24185
13451
20599
19943
13214
12689
21596
14214
28207
27333
16392
366638
15025
22468
25702
22819
14536
14888
16120
11134
21251
23772
52247
47980
16839
29879
25144
22986
19648
21951
18665
29295
12213
18913
32476
31624
33631
40071
54639
58932
15178
35439
15613
36530
23085
17918
23092
28115
30381
30476
31314
25383
24720
35817
11151
21520
16339
20459
24403
21831
31624
12817
32114
18653
668069
30299
25003
32032
19663
31407
17831
15467
13056
15787
23240
16519
44436
38609
34691
16977
25451
17281
604844
22939
25599
21968
23677
21410
23593
24158
32599
20802
12316
18932
20406
17031
15525
18624
16410
17588
20542
18009
24156
16876
23446
24219
15769
34212
11970
19350
21794
29492
25367
21975
23463
13018
18673
13473
22754
34586
27304
29663
21253
19831
19444
18741
18099
18742
14627
14916
17808
17217
19946
18466
15350
19681
918059
16359
19766
21392
22082
19388
14233
14211
10969
24378
13422
20155
20164
19997
17651
17359
11174
15835
386733
19139
14805
21919
14130
17850
18767
15600
15862
13175
14116
15359
24990
15996
13917
27644
22933
414457
11937
15686
11673
12260
10995
13000
11522
15609
15816
25976
21268
21251
29879
16439
13454
19620
16932
15417
15923
18346
17314
17888
23951
23458
20246
27079
21986
19177
25108
19259
611265
20716
14716
31041
19551
31601
24570
20684
20506
18304
12102
26717
28574
25394
13497
17186
19456
26270
17487
479163
17191
19001
14157
15373
14594
23052
13705
20047
15609
21168
15666
21892
18602
26658
12915
14240
19674
16474
721245
23996
21600
17999
23763
20811
22516
24588
22296
18396
20999
16898
15897
17004
16980
22015
19724
19006
18003
330900
19758
27047
28973
17460
17045
16587
18607
19310
28976
24856
15612
18079
24670
16948
36264
22383
21336
21985
349921
19331
20534
14711
12960
12800
18071
15814
12352
18061
15736
12308
14305
16557
12884
18405
18597
22697
19037
667301
18868
18572
15748
18310
18945
15946
12755
16613
15965
19279
17767
17283
18310
16901
14436
13990
14228
13521
241520
19301
16846
15718
16750
20540
16276
19205
22278
24817
14618
25251
19454
16137
17704
16924
18084
21522
15330
594548
9168
12514
13617
20919
24797
17389
11846
18763
18338
23804
29452
30511
14842
13470
13314
20364
29716
18481
525165
22036
12944
15791
13229
15266
16586
16926
16903
23434
29368
21389
22506
16596
31776
22968
36820
25212
20989
868869
27263
27117
24873
19875
30266
26079
13125
34646
43609
53595
25819
26890
21925
18347
33425
18635
15548
20042
13418
20399
18829
32410
25382
184120
23678
20083
13895
26948
13744
18127
25106
18819
21403
20876
23818
21881
14882
26271
13642
19300
19268
17381
20806
12937
37446
14532
16110
23995
22328
26444
18520
15250
19478
17194
16617
17179
17920
26068
23803
41091
33336
31296
26560
20903
19448
21257
17644
20983
625507
19259
21174
29748
26133
29942
22487
16519
29737
29154
13399
28367
18356
22587
31823
18839
33436
29009
19375
13464
15028
14616
14260
18958
22229
24596
20713
18676
22874
21488
19001
26483
17279
31184
16481
25800
25581
23859
33317
28442
24194
17774
19699
27123
10571
17033
16894
46574
13986
20542
18880
18878
15976
16179
14064
14791
16408
13730
15242
13344
12507
14613
16242
23804
20762
19272
17194
13060
13477
22603
20060
24702
22386
20413
19797
17560
28014
26665
20840
24134
21629
22038
15256
18483
16224
17026
14250
21426
28247
20136
18083
19648
22170
31578
549921
28283
16050
19530
9182
19910
21967
12061
21114
21140
21738
19478
31282
27726
13114
13014
10374
19150
24517
12780
10826
18840
18209
20433
26619
19051
15701
20799
19469
16336
18994
14381
12792
13895
23967
13810
16870
13969
33802
31004
16927
16070
22658
19211
15290
26174
14729
935548
20690
24528
21676
16970
16600
28275
14393
18043
10109
17263
35734
12730
28422
20953
17395
18367
13748
15472
11783
31140
38244
30472
43953
34203
34372
18309
19015
16801
18284
23535
22592
31779
21780
33931
30461
46688
11626
43350
26236
25199
18708
14274
17083
15368
25345
32293
33360
33467
30870
39003
27644
33950
26780
34026
30291
24537
26573
24262
18872
17049
14993
14190
15081
27958
23389
25059
16931
19888
18653
603687
48400
32246
25959
25075
32589
27949
21070
29043
18686
21147
23622
25636
25038
19459
28352
22216
26564
13807
16758
19660
24038
17021
13921
20329
17890
26009
31703
31443
20193
33522
9598
13326
12471
15602
28965
20877
13757
19940
17424
25755
27097
17223
25533
15800
56161
25154
14810
29150
19664
21827
22216
13709
21274
34978
48416
32826
31617
23937
18587
15128
13268
15807
20629
11959
20231
21440
24401
20434
28410
14525
17786
22576
15988
12105
12101
30771
17416
13394
16281
13425
33742
16182
28662
22754
17959
31191
21423
30126
23347
36042
27913
120932
40836
14835
21529
71318
26737
14320
19412
18122
20745
23620
19783
54401
20508
20446
66626
24280
15768
21714
20342
21298
86424
32555
19692
22768
183508
134393
20908
52221
23074
15821
35840
32029
30237
128390
20977
17684
53643
104286
24898
39857
12753
16917
24698
23279
24080
31876
17228
40025
22306
23062
29596
48823
54400
16673
21353
31233
28105
14913
15933
30316
19109
22063
27253
21009
18384
15878
16400
26562
28365
30787
12420
33444
13776
163867
24174
25526
50546
23792
16646
28689
27820
31836
29211
59001
22182
37330
26821
48584
104120
31209
86036
110065
60967
71459
31637
48938
48218
582257
23230
38991
32856
43594
53720
28842
106802
38823
19114
17207
99293
89409
21323
62115
35494
43365
74280
89620
12346
24016
22697
39354
28567
21825
44987
47744
37414
11530
34073
28982
92102
112810
14553
21856
26145
15070
31334
19756
24906
32288
10605
33647
17505
32527
20060
59459
20279
39523
19923
89366
51492
40424
24619
21998
31522
26318
27870
23374
17707
25502
20250
34560
52749
21298
1081057
17513
17109
22545
20566
32274
69577
24720
18181
22505
13381
17532
14957
41302
31500
19000
17368
22676
38656
22766
13776
15338
21285
15157
14883
16351
31663
41555
33952
20929
24917
39398
23935
89187
22954
39003
54943
30690
37159
22419
25759
46325
30130
12908
29096
26227
28394
21165
22230
25884
24342
1038630
17358
22395
45604
35128
20818
42681
28809
24587
20740
35443
41433
31267
24111
24399
22683
24742
17496
28607
30262
20773
25787
25409
12283
24019
14580
14114
28489
26140
11296
17981
31404
31462
21987
19467
20112
21732
19668
23429
19643
18345
14730
33496
17572
24730
18036
18141
8929
24743
11271
18897
32320
1699619
24385
16263
26275
31691
31582
27257
22366
29097
26751
29307
24052
19023
14397
24244
26142
28923
19660
16453
26964
34784
17025
19901
13866
15112
33191
30644
16981
30585
30890
32978
32598
21829
30782
21972
14343
29892
12597
33326
12765
31653
30372
43096
32638
16738
21000
19850
14287
9687
15174
34323
22266
44307
14639
20850
18547
20465
15520
23734
12178
14162
23847
14947
25755
18685
13955
18126
16354
19765
36490
27062
29307
14570
24870
38199
18263
31321
17283
20344
11480
19816
22323
20908
18262
38699
33574
19900
27325
13069
14342
38988
24282
20749
58993
27540
23640
22875
30093
29765
21855
25159
21639
32340
23792
26725
21499
21424
15898
25142
14884
32084
59511
37650
40370
27832
13381
30240
17475
12940
14535
40108
48363
25262
27610
60715
44680
39335
66829
17011
444425
23557
18183
21425
23499
20383
10171
57733
28048
94414
21816
64525
20412
39983
60767
26905
12821
79350
27217
35559
44061
24528
59617
36009
26039
28260
32646
44534
21374
29255
22479
32027
25282
30888
16773
30745
32543
30302
19150
32241
18352
56202
40107
22949
43417
30817
51799
32721
48204
23436
34138
20306
44095
56756
22860
35411
16209
51595
44332
46362
43485
18732
15052
31186
38582
65324
20989
44089
52734
128652
31038
32257
43137
29379
43978
14498
20866
73312
368590
49116
89331
54114
28180
19901
17322
43924
13069
16281
34604
25860
19359
59838
27172
16690
23965
28992
49714
47393
24217
35740
21389
20407
21600
45863
1524879
50088
58947
18428
11733
44710
16463
56508
29543
44655
36414
64931
20834
30638
34694
37789
53368
29568
26668
53781
76619
21580
19249
21916
29429
24846
28652
17911
23419
29782
21155
26937
21912
54706
24155
13812
14195
20432
26130
14888
16158
15546
21116
21573
14479
19240
19301
23275
44080
28668
34594
23825
99687
71323
30741
25781
25129
17968
20956
25175
34290
34893
32032
50532
70120
33305
32702
31550
16048
31340
22163
22595
34946
40243
31204
30538
32355
20107
26773
12485
17582
23127
34525
27229
20069
33119
47651
48596
25937
126261
30944
15044
24447
40468
17433
20467
21845
21565
22688
26656
41067
29138
39070
24453
34260
23882
14523
25735
20234
12166
42477
22099
57035
22626
33231
33119
10551
19902
19840
76114
59616
115953
78517
20849
25480
28447
19879
42672
18796
284818
34904
23907
19950
45370
44244
45822
21494
17271
30929
30024
20035
45687
29571
30666
33388
26345
23997
24814
12355
45518
21717
25454
86906
50476
14816
41379
15679
28769
20499
36888
29684
42265
19409
23934
16106
19304
28973
20796
16781
35810
30289
32314
28884
29815
13816
15247
21805
50536
29374
19065
40189
54176
42022
30885
27953
34178
21009
47337
27634
26871
28506
12244
19810
20908
57317
20530
21485
67960
24060
26659
27948
23522
23695
31265
19624
20167
77556
35119
22472
25249
27801
17750
28784
19652
15860
19121
17311
35112
23241
28466
68437
17760
21516
17724
35766
28574
40099
38951
24655
21481
20761
26037
24735
24621
28000
14929
19703
21302
20351
18565
38800
30016
21323
24567
46129
39229
25704
29013
24987
52898
28881
61094
25913
17711
25273
23426
11703
47995
31733
36689
1418401
24503
28019
46226
25485
26579
24440
37719
24659
28651
32716
22746
34574
38354
19778
32306
25229
19501
26262
18180
30319
45580
22920
17407
32067
98020
19053
20051
23320
40398
39201
19687
28207
26997
18571
22153
16380
27480
31760
20140
26216
34681
21325
32025
30550
15467
40313
49662
45919
57775
24224
19993
21701
25042
33404
27436
14251
27001
18624
23802
13782
23670
30617
25090
17179
14216
24236
20341
26037
23118
39276
43372
15178
35334
10595
36219
16485
22348
42328
31341
70866
32456
37771
20889
39164
23114
31763
23530
15879
15526
14513
23729
29703
42949
18706
31959
24614
23013
42791
17325
42038
26591
24900
58410
17323
20144
21617
236507
14219
27385
18130
32298
18078
38516
18126
37842
21705
25798
26584
17149
20292
22544
27627
20831
35435
14538
14840
27608
15703
23844
21842
14736
22653
14751
20823
22717
21901
20011
28441
15741
20565
19527
15856
23417
29137
25329
25343
35269
22371
100940
47763
93683
15829
520468
46551
16318
46463
39700
31980
38971
23344
16091
21493
52680
19804
42643
30250
32694
29333
43040
29977
11627
47019
30410
17288
42679
28205
28129
46586
30523
28000
59649
72527
26143
455591
30686
27390
33521
42911
30044
19927
29803
28016
25105
29407
40400
30991
27219
25074
30586
15086
14336
27573
17272
27415
23893
22145
15266
17796
31389
31204
38733
21431
17231
18179
189474
59423
20033
41804
26107
20852
23465
15470
26084
45099
27719
21653
22440
47570
50871
35640
45597
28492
77844
18105
50396
30456
36060
20652
34674
19627
21747
35643
17012
42214
31097
46603
27661
30871
26647
19302
27998
12453
37390
15915
22560
16791
16343
23296
21362
96735
38074
57880
49086
58950
40353
62971
24760
16495
28975
17623
20712
46459
36530
27999
28735
26361
30384
35096
39412
25453
33266
33725
44292
120675
58686
174140
17817
12842
46907
22813
16571
18142
27164
28597
19283
18843
93124
13532
32335
18865
33231
68534
33306
30650
29300
110198
27419
84731
531268
40609
19475
34189
20736
17129
49211
69030
22572
26727
95908
36277
20075
36564
44629
19954
25293
31500
31429
27181
109488
24381
25564
22723
19387
61007
38563
50413
43951
17867
25677
24467
68582
14431
17440
12199
27960
28368
27468
13198
22215
27783
52888
72844
16167
38824
43973
20599
35374
31880
28104
17647
50324
42936
39812
38379
29945
23769
31002
13513
19732
26192
40449
16333
26535
22588
29025
14789
23075
34965
71165
36357
57917
191017
42654
14636
39333
36192
49719
41386
22911
35562
26227
63577
34472
49978
20697
41732
22049
30300
27330
30998
40972
22585
336926
32306
17446
27628
31305
26216
51174
18625
24004
27728
33416
38881
24919
47579
47334
27528
36388
27631
66774
27258
35165
12415
42830
16960
41915
24333
25539
28896
74673
56938
23523
22824
100993
98478
48421
21047
35383
25802
16892
16403
29094
20190
36416
28706
47063
21255
148593
265400
50196
42342
20989
17306
26179
26852
21765
59720
25193
22404
21971
24413
29997
26562
45980
37534
24069
110584
87086
69100
23985
67383
27164
21992
102037
19352
14373
25861
56573
33020
16253
30977
26075
18188
19366
34160
30790
29910
18343
35546
30572
21137
29352
36892
13349
44855
67876
33208
61192
23791
33653
15188
25292
61085
23084
17035
32483
107682
30331
44372
35226
24162
51813
83112
38246
26598
59606
31131
67187
76852
25513
82613
56580
15367
29949
58965
34554
84960
65918
58884
56926
55919
54226
29886
18554
18422
61255
35749
41216
42634
29438
41335
21887
30893
16920
58141
75949
26132
47109
29200
41478
34930
30970
31968
16873
36322
25863
34254
25808
231709
63453
21300
93627
24939
29654
16641
18559
47004
18311
36199
42324
27647
26381
41204
61569
69973
23148
55983
43776
32883
47238
20649
18454
21447
14609
18206
69898
27299
104480
79280
123118
18737
54515
24912
94176
26675
337726
35780
22697
42486
12678
22870
19128
59867
23078
15862
23896
31656
18239
20563
25235
24659
15937
31742
20803
15192
67607
114953
340580
34242
17702
17686
17661
33528
18953
13160
22422
35797
23372
20851
93892
29114
22938
21321
29680
35896
68952
103862
27208
27050
41747
28700
21830
20041
53218
14168
20762
19740
62194
26502
140630
14191
25326
41844
22801
17571
45098
29442
18637
28495
15052
14730
17498
28154
14482
23077
28347
16771
26765
40267
20579
51485
82435
22498
107000
29209
25426
17941
23283
20645
20868
26961
30620
13388
17760
17140
17423
16936
29160
17768
31140
83929
30682
21774
28016
27882
26846
77944
25044
32417
53541
53586
69181
197275
36686
22361
21186
11286
96443
55434
23192
15601
21825
16133
30371
31511
80450
25483
37094
25169
40446
69694
31149
22534
25622
24275
105028
114203
56088
21341
37169
21620
41360
26861
15645
37110
28417
294151
35649
23862
25364
38172
37176
21483
76769
64779
28438
82631
20861
24019
33190
21235
22232
30503
16125
20579
24793
20666
19321
18233
46484
25319
20161
23157
22599
36917
33266
35314
27436
22769
42232
17353
133398
18773
20620
15691
14900
13571
28607
15777
16857
29936
17845
28538
24824
26642
26663
23712
35306
24655
23576
41769
69968
35952
112144
56558
52645
47000
33543
37528
42357
26841
24942
14784
61720
52734
356825
26722
17299
49261
22018
19991
84430
26229
23514
26378
22279
16426
32148
17520
43127
20359
55034
15017
22087
53134
27395
389250
20556
41456
41550
45463
76262
20217
44777
26601
43188
18103
39119
18299
63808
455033
25717
24964
24242
30726
78580
30233
50267
15438
14602
22829
42886
14986
43125
30125
12406
27369
48180
26338
21635
17077
21573
14888
23049
22736
15869
20979
25169
23968
17456
31352
33324
22277
22883
161939
35111
20112
35340
31046
29997
22774
66583
20555
21530
13795
31830
122820
38870
22927
39438
82625
28111
43433
30270
31636
20744
19969
31841
44788
35194
27010
23657
25529
58643
31984
62689
60840
41959
24553
33056
23052
18381
25478
37341
29022
31296
21741
13658
21529
34806
13075
19751
21750
28372
21517
25778
36358
27553
22862
46640
18592
24142
53071
25719
16788
25001
22096
19007
29240
37070
232014
66756
24228
17009
455666
27940
19258
30273
17685
21580
30054
73421
11746
26134
12902
78352
20990
24160
133283
24194
30001
30743
23973
348700
23275
18700
19258
22366
19988
22410
37768
28955
23719
19167
19337
22221
14701
27934
51905
51480
18456
22642
38654
22575
14376
61881
23106
23674
25456
29904
20168
30002
27154
32649
21975
30869
46236
69145
26878
27921
31515
18694
17214
15898
18964
22711
33620
28832
22987
23660
19098
26937
41279
34470
38912
24484
22230
22164
39018
25641
30876
23356
55883
60061
18733
15587
29063
35920
62733
38506
22666
41543
20329
29649
23724
17903
47825
28934
23221
23328
91247
57320
26113
52175
14370
26920
18272
44000
156259
133767
27924
23724
22886
54268
21484
18469
33082
62067
19465
46248
30629
32666
13414
19833
20453
17703
23104
20102
17566
34834
31945
29573
29544
66694
21015
14497
20535
34884
15041
32638
16027
20827
21837
293297
26580
21889
20756
17499
21204
30688
24880
39043
23504
30371
25664
14794
23225
33079
31751
28407
19027
22720
20110
18278
50441
31792
15169
22425
32498
22231
21489
25585
29370
51479
27197
28599
18081
43185
12972
81659
13005
16837
47345
93108
16379
25587
56436
34481
24569
16128
20578
21392
35512
31057
21978
12976
23991
23789
28963
14053
23416
20240
33410
22584
26335
26813
13991
68100
18845
44482
33767
15299
195227
28514
22764
29955
16673
22328
49914
78021
26801
28890
23810
28011
49981
26109
16866
26830
13951
32380
36509
18458
19549
41496
22803
14917
24865
55273
42276
23299
26323
31163
24063
25776
41461
24948
29118
543315
16923
19172
20243
17683
21205
50181
15148
61959
33183
43084
27646
28853
24210
22414
21259
25571
11950
30982
28836
58627
377064
22612
22051
16530
95823
15519
51707
32569
29434
26488
25511
15770
36695
27382
5324690
2699915
13817
25880
18607
24651
23032
35864
29963
22629
21392
29688
22769
24854
28968
33688
37058
22019
24061
26587
24311
24257
22756
33477
21784
24900
17961
33980
27267
20976
19112
41739
31570
22226
279658
22939
14372
28505
19870
104953
16832
17512
13455
13991
36697
72211
28962
43780
26405
20136
21502
23297
21801
31010
12770
20421
35686
29723
36933
18001
16804
14910
25087
19847
15394
43324
27528
23478
51146
22046
134525
27981
23208
67260
31983
18142
13527
22330
32183
26673
18422
22120
30752
21568
23122
35953
47405
52636
35297
18810
29178
41741
32144
22171
22066
17414
22290
16179
16783
38409
32490
23997
66396
25719
22508
18975
19348
53091
16385
30930
99725
77199
21435
20793
52895
88355
23354
25138
42243
32424
14632
51106
20746
27709
91953
29926
19483
20480
87573
39630
22588
41239
56127
22302
40385
32955
27370
16363
19563
29247
22889
39068
41048
22454
24332
34689
50960
29836
35148
45005
18950
29304
29518
26833
37123
30375
17064
53565
42331
127973
15392
30241
19213
44267
48348
20585
23942
64981
44548
56178
54748
32937
40595
32180
52356
19148
24305
18826
24103
26111
103570
21781
20192
42599
70042
37362
18236
34317
17177
38951
23520
27604
38038
34174
23800
16922
49443
124573
29648
38155
21720
36349
35684
15835
25605
48614
38264
26519
110591
29879
71252
18244
52540
24462
24800
26175
29203
19910
37922
42513
20303
29114
12661
69542
507458
36362
22600
39221
23550
31058
17323
24879
127061
32203
61576
19305
16323
28556
24503
31667
22107
25637
23818
12796
15892
23830
31831
19134
29845
14381
14196
57225
31513
32341
37694
31861
22523
39706
26991
23368
32348
22184
18562
23207
20085
31698
41961
19363
27383
38610
38420
33424
49083
40961
42997
25346
16990
21796
17253
19132
18491
33873
31852
22692
41535
36149
30448
25641
21277
30187
15523
29198
20528
62689
25833
39600
36935
46012
31949
23761
27188
47097
24893
22277
40304
28769
26775
22349
24129
50146
26214
13461
51796
28251
39645
21397
33712
96554
15723
60421
42630
25643
28126
23411
27978
17050
19032
34779
30720
19167
23288
94324
16752
24360
20140
39511
40159
20369
23884
32025
45360
51281
28613
28405
18893
20950
19919
22769
31753
25882
18374
21810
17892
24136
13535
18275
12171
16656
14992
18769
18761
21071
73416
19670
24761
15534
21838
26260
24203
19976
49457
25392
23443
22686
10367
27392
11315
42610
8679
19019
22495
18842
14757
33715
68989
31459
34284
74964
20137
30915
15512
31945
17820
33418
54340
25086
21039
56911
16888
83403
28010
48471
21654
24773
28511
29332
25075
29339
33856
86561
31370
58019
30561
47849
18837
22422
40951
19244
16691
31652
23091
30028
29366
36382
116878
33723
31485
20829
34616
20135
39806
55981
27718
14250
49189
123249
19921
37613
33189
51703
11918
21611
39155
31052
27575
26639
29879
25882
32545
33185
15670
33919
18770
21453
14797
42310
23435
20260
21017
31144
27878
21726
40726
24935
67416
27681
27305
17719
23832
25810
31716
31874
26120
27773
41246
45989
24329
16346
21530
22112
16013
17613
20786
44275
23246
45564
29482
20922
59946
22703
21468
17406
20072
26486
18132
32949
23366
28634
20449
29297
24393
46481
32320
23114
275708
22903
87790
59214
39169
50716
50441
23021
26445
49339
54437
120112
23964
20255
25598
37074
13553
54371
33677
17932
23978
26162
112692
24639
30376
33225
14050
33273
34368
28739
16549
22927
13843
32301
39604
21586
26797
70035
23630
26902
19275
1055762
19624
18212
75875
33316
34950
31314
20668
23631
20091
29933
24697
23850
18750
24885
26942
30397
25381
23718
54126
23278
40824
25210
18353
22811
18863
19240
26183
21491
35503
16447
42725
21293
42576
22587
19318
33083
21932
23398
27591
52155
21153
42389
50978
52838
40509
82831
14804
33998
53003
41169
90643
35021
14751
31421
112300
26611
94298
20341
27440
24463
42836
20279
37222
39459
17993
27726
22197
53800
22377
49337
48849
43722
58784
20026
23517
30618
18940
28189
26255
20390
28246
16577
18085
30041
35375
12537
25394
16479
87013
16979
34767
27229
40269
43997
39440
43643
35187
20608
50286
22380
16998
26329
49808
14915
10744
41084
21989
23451
38988
27454
29601
18483
31542
28599
32293
19433
21040
18946
36129
27183
40932
18073
19132
22517
17074
32918
19364
24416
47712
20761
29977
52193
35960
44874
48733
32566
59540
22412
27126
22357
28746
24941
13970
47991
14842
16761
90399
20027
18849
22086
26637
24339
27534
58666
34691
18839
34213
15362
17397
442817
29036
57824
46650
21071
23161
18749
20550
170768
16270
23014
23718
23390
60838
132991
36839
20881
28225
21547
73626
47863
65724
23512
42178
23643
13447
15872
12590
49984
15823
22830
19091
37081
16787
20828
24655
31239
18403
31620
14440
20925
32352
27206
28493
34446
30050
28620
24206
21148
21694
15509
13674
19031
45601
32867
40463
27944
21392
27983
18999
22195
17864
21619
27032
44302
44730
29476
33502
26039
25771
26867
18793
37824
32995
17011
19874
16818
44053
35260
27600
476839
22440
46276
17614
63897
22799
21490
23723
17523
49711
24119
20766
21495
24123
37047
23761
39226
54330
60327
31638
16260
15665
26569
19522
19245
31014
23808
31026
14315
20373
38310
32960
22801
19452
23239
24033
22408
13820
18779
15110
25278
1251885
15494
19171
80560
23320
37579
14405
14281
19301
24298
20430
44094
21272
26793
29436
14179
22410
20554
25057
185143
22691
40249
33442
21328
80746
64105
79477
14651
22287
23033
16214
31247
27467
35791
19079
23111
23876
21301
14599
27973
26806
20655
40961
16649
36980
72391
23740
26894
22229
15406
20503
17970
25663
33237
15211
20470
24169
18605
18082
33000
18475
23321
25446
22052
11831
19436
24645
24150
12505
24326
15432
13912
18363
17960
22624
29272
24889
36316
20320
17646
24052
22682
36956
52365
16173
27486
11326
18102
14901
20978
16449
14473
25233
31951
17188
16963
16773
28365
15556
13847
21890
12294
21351
21587
12533
12195
13961
14647
19841
21405
17244
21723
16046
39775
14664
22729
25051
53325
64410
22742
19132
28825
12995
23558
18102
45811
26495
32369
26433
60127
19332
37060
15062
21382
30771
19474
17754
21629
19664
22993
30640
20375
61787
31906
59678
22443
38435
33226
30403
15876
19326
17663
11655
25850
22397
27517
16482
22221
15853
26889
40104
23381
33994
19684
31843
24409
14093
13892
54447
27106
18865
17837
24006
16837
25674
31260
35499
20845
22933
22821
36255
28136
18399
21426
20423
27757
19753
17763
17115
27147
12863
29469
10756
29640
15069
20677
17064
19433
11614
15829
561759
22477
19397
12534
84735
21030
70566
95380
17650
18742
65361
60834
30313
20693
35709
26743
25394
19674
32269
25104
29413
14791
29346
33791
36991
27764
14067
21708
38338
24675
41967
21612
17302
32753
22342
22762
14953
46023
34417
31460
62202
29228
28379
28117
17701
30156
32686
25829
18501
29980
18776
18247
106736
25069
20151
50829
35681
68288
20133
23528
31746
16941
20593
29177
13293
132903
18735
49314
37374
52695
37620
46611
42035
23102
21264
22291
12334
22572
21534
55238
26825
17560
12150
23774
18887
29235
16246
63610
19656
20450
28411
54811
44800
38685
38567
30116
53164
58553
177830
28342
69439
22716
53102
19392
52116
18542
46630
77485
45923
53838
15828
34209
38739
33520
20373
19933
53086
29189
14051
31976
13769
54556
17642
24947
18498
43882
17545
35950
22298
35599
26774
111903
27590
14974
32812
25300
22253
15257
13507
20501
23273
20952
25309
24294
28979
22526
18387
129552
18975
22642
20168
28398
12586
30475
26997
29947
30928
15766
31789
29484
42927
29231
78671
25610
23904
52045
18496
20510
27394
26281
15748
29449
46875
37898
54586
49183
33457
36115
24651
77962
30300
46945
31931
23260
75709
28537
41759
96303
93758
160079
20448
21723
19529
23620
19146
20629
16693
20789
20969
137063
16184
17927
18084
17999
17789
17560
15807
15860
18236
16921
17041
17204
15323
14190
15952
29934
20844
23174
16070
22513
31182
25571
19638
21898
14555
22244
14203
17693
14066
13939
24713
15724
16718
16061
14828
17328
15693
13836
13136
160668
13293
17584
18295
17990
15876
15182
11026
12975
15438
17428
17186
25837
18195
18917
28706
33238
34710
54426
25107
52803
26723
27564
33677
20841
25712
19733
44193
26775
26607
30084
32331
41603
55878
24497
30025
22799
16186
16356
29441
541289
21423
25191
24575
22630
19837
19075
17518
18214
21752
18511
22964
48631
28231
21018
28160
22662
46714
30682
29021
34233
23917
24111
27536
27873
26622
20309
21306
25626
54258
59437
26013
28649
28094
26748
20878
19795
15914
18576
22188
15871
7847813
3773964
30183
31904
21579
21217
18116
23192
20310
30860
19326
29980
27932
30929
22311
27309
21068
25668
23959
28383
30163
25392
26905
26102
23002
31634
20642
18496
21439
21868
22576
19744
19073
21883
26011
26953
27595
50833
27530
30573
220136
31658
24223
23207
27428
29921
23328
24760
28157
27257
20453
29244
30300
30217
26399
28052
27485
24650
22617
26765
28794
22943
23287
24770
22469
20965
23033
21341
18799
25354
29286
25820
23547
21939
29431
24230
22676
21135
25107
25273
26410
25136
27602
23805
18613
20223
17086
24513
21741
25227
24461
24903
27621
27126
26292
30152
17594
21249
21810
26465
19900
26484
24781
22580
21567
28035
19138
28947
22818
23020
32177
26088
47930
29865
24094
32228
25886
25232
27860
24460
26765
36381
29315
28409
30049
33632
28598
25898
27435
34372
25472
26701
23448
25220
28539
25227
18976
24273
30971
28008
32080
33119
29797
27574
31538
22657
25622
21923
28137
23488
21198
19002
28123
22361
27307
28622
27670
26390
20706
28478
32863
24442
32843
27740
33401
30246
30061
27680
23153
26043
25049
19644
15937
18575
22742
24499
18414
23015
23247
30820
29166
33297
24790
29105
22624
26531
24970
22953
22383
28096
29963
28429
27429
26935
31916
29790
28215
26348
24720
27424
27840
22844
29819
26680
25886
26401
23828
26568
23006
23158
22514
21300
24475
20531
25945
18519
25511
28021
23007
22744
26541
26210
27676
22315
26807
20940
21329
27508
20308
28216
28176
25100
27432
29257
20690
22895
23593
30689
26296
25536
24064
27269
25273
31563
30430
31872
938448
16342
15895
19537
17136
18197
17781
11880
19891
18913
15508
25410
16193
20626
27301
30823
24253
26793
35294
28917
30194
37229
23774
28058
28338
29575
20667
25812
21472
22710
20476
22710
23113
22730
21245
23584
20129
20041
29787
18333
18004
20962
24256
22461
19080
24878
26588
19181
20789
20059
18714
19447
22993
23963
25198
18865
537792
18095
27574
27296
23589
20016
22727
24317
26559
23214
21921
26009
25355
23056
23955
21670
23305
23386
23160
26345
17333
26908
20887
24142
21413
22785
20271
24988
24431
24257
31340
26381
20391
19528
21580
23240
21300
16053
22055
17674
24634
23558
21770
22425
21184
28019
36395
20504
24501
30415
28063
20033
31688
31701
28389
1178905
23592
26920
17272
20479
16303
28524
24391
28780
22573
26774
22381
27244
23524
27573
26732
34195
29464
28022
27070
28559
21994
26686
23086
30330
31633
24962
20560
24813
25691
39771
28722
28830
25398
23854
28488
30655
21987
31058
31090
32353
37231
32152
31425
29355
24555
26300
29695
25342
27816
32409
29146
23142
18684
28399
15640
34594
25514
31414
25449
32819
30103
25966
19057
18963
25561
20459
36380
26116
25298
28140
24186
27516
21880
29447
29484
29246
27527
29003
20197
28817
19373
27400
19850
29517
24114
20926
30048
26996
21169
30570
27867
35458
24501
33172
27409
27110
22489
24313
34540
23980
26057
31615
25637
29257
23000
27605
23516
33667
658645
27531
22050
25735
25193
29323
26350
22152
21127
22191
17748
23741
24148
24300
58080
22084
15899
20342
29752
26834
18510
23032
20052
18189
15023
14225
13956
17155
18304
26871
25410
27868
21259
29695
20325
22049
19848
31361
32359
26620
31674
25205
26379
27601
24767
20087
28382
30020
22808
28652
27921
25163
21738
26292
29521
412050
25472
21513
21613
29970
22344
30121
19517
27977
21462
23111
19576
26981
33021
34907
24778
27314
24745
21639
25114
28659
27127
27109
32003
20416
35744
30164
26769
24090
25751
30521
26516
30330
19658
25802
25867
26860
23068
31020
22281
32660
26609
30276
28703
24017
23418
23108
27511
36452
28808
27361
23179
23435
28283
678968
37715
30046
31159
28584
26952
28559
25009
28817
26413
29911
30557
22169
23661
26193
24944
27068
24571
26167
31356
25293
26682
21783
25184
21912
28010
29493
24717
25898
26065
29997
21659
23788
24541
36574
24913
20902
24721
22866
24005
23669
25104
24238
18398
31700
21750
28537
27181
26205
26617
37150
29098
29613
25766
24473
321627
23540
24784
23096
36327
29286
28552
29142
23531
29229
25470
25808
28092
28320
22746
27204
36529
32112
27969
21660
37911
27294
25006
21283
25875
22172
20553
22000
21419
17871
16832
17879
19123
29834
31092
26584
23265
29659
24430
31158
32614
33123
30890
26203
29872
23269
29040
22221
24497
34159
24591
33566
23528
26963
31142
1456052
23942
19378
25656
18834
19550
20366
31342
23974
24698
30343
26370
30183
22751
24779
25687
31273
20331
21171
25931
21666
30218
29130
19467
21197
23245
22567
18942
24197
21952
27177
23974
31055
26747
30062
25686
23742
23948
22299
22323
58540
19021
29811
24545
29170
23260
21996
30383
23200
25619
22907
27776
24034
18454
27904
23348
426725
20685
20093
26272
56873
21107
28620
22380
28007
17344
21562
24997
26260
13526
22102
21783
25915
20731
35888
23886
21439
18680
26572
19854
26472
25218
24581
20353
22807
30063
21002
26866
26834
21862
27423
22777
24044
22883
29583
26622
26440
25371
28713
22297
20687
16719
24783
24278
24180
24662
22190
17246
24252
26963
27384
25714
368064
28531
53530
20163
18854
18076
20181
34487
20251
16923
26017
22904
23447
17540
19723
19247
19351
19156
23126
19483
19658
18100
18734
18860
21229
22822
23664
20198
23271
19889
36971
18086
21866
16899
21070
19899
17490
30509
20920
21282
25139
24523
26220
22666
22344
43455
23219
18735
23175
37014
18821
46986
19905
23128
23378
655682
17072
13292
18649
13008
15122
34548
15112
14626
23308
27662
19301
13220
16575
11878
14629
19131
13685
13924
16770
14578
18221
15984
18063
17108
16831
17241
18646
16559
19072
17744
16689
16511
17528
17427
17864
15793
17675
16622
17310
15709
19158
17647
18828
18000
17163
15650
18088
15059
22036
18366
18777
17969
20306
17931
26691
420300
16161
18107
19124
18317
20414
24887
21650
17912
21899
17470
19094
18000
21193
18578
19159
19594
20536
18866
24928
18712
20150
18494
17205
17873
18402
18702
21074
18779
20315
18780
20798
20031
28138
18736
19485
18690
19880
18252
19832
17906
18980
17875
19367
17808
19712
18538
20200
17905
19219
17671
19314
18343
20159
18548
18853
27348
19000
17989
18184
20633
20109
20050
33451
17137
17550
17945
17219
16662
20209
17907
21027
19623
18929
17246
19445
18450
18913
17414
18144
17910
20723
15676
21094
18378
20115
26924
21433
20025
20541
18074
20202
18887
20339
18503
18817
16903
18307
17262
19351
18527
18801
17393
17729
16376
18514
16817
16225
18411
18200
17085
18415
21573
18747
18564
26713
17094
20283
25094
20390
18350
25491
24931
19094
19107
20506
18457
27072
23328
21544
17680
19697
19803
19453
18745
20572
16607
21748
19607
26632
19923
17003
19747
20165
19555
20273
20712
18875
21277
20900
22503
21587
18258
21119
19057
19673
19339
20720
17181
18883
17831
18015
19766
20031
19100
20551
256370
22104
15320
20736
17644
16905
26843
21777
19522
21389
19216
23619
20119
20612
19706
18738
26098
20757
20295
42783
17903
18717
16944
17711
25357
22735
29159
16910
28633
29852
22091
36741
17094
14923
16448
14926
22235
15585
11411
10700
18211
18442
23306
33637
26624
23609
28596
26987
32040
19682
13984
35402
20522
26963
27691
20464
27447
18794
17839
30596
18804
22670
19214
37869
19007
16654
15208
19111
27413
12903
10499
20791
16723
21533
17671
15227
18821
25337
25731
15917
16031
38064
15240
28246
21184
21133
17310
34554
21230
21060
18350
13565
25564
23148
22776
18812
10403
17671
15765
22460
28984
17511
40249
28140
33607
32766
50168
17408
24476
20852
16552
58696
28039
21637
15161
20729
20040
39100
20409
12721
13915
46626
21156
19636
11942
14044
17005
13610
27216
26591
29064
18594
28551
31855
37965
17751
14279
17594
12220
13830
22790
18750
171860
18593
19997
17735
17340
22422
35296
21577
13635
21568
12345
24358
23995
25090
19261
14123
21872
21608
33420
32223
15236
22844
36928
37086
18508
25093
25085
31284
25783
18636
37088
51483
32610
18238
32122
38830
22200
27881
21127
41086
14474
29180
89107
26753
37247
34535
23110
44190
20819
19340
54546
37211
26578
39083
31035
36213
22285
33658
44236
21509
16571
15988
15989
26611
19975
21874
14952
14492
13661
13588
41565
22218
34075
19400
25159
18012
38486
12710
15189
18096
28184
21140
41503
96266
87529
39359
71272
69670
47931
60016
45332
36064
51130
55798
56141
40032
82704
26480
34808
39680
28312
54603
40545
31042
45735
42997
24406
34008
34636
19411
20421
25990
17297
16657
23954
134292
23529
26524
20453
20637
31571
27562
56405
78576
23947
52268
126487
14835
17576
11639
30343
19770
20990
21612
1293193
31536
40470
29010
30263
29692
22988
16662
21250
26950
23064
27815
21466
22671
16897
21488
12745
22971
21010
20333
31073
71552
56418
25001
18995
10485
13799
23220
17690
36669
20609
19972
14780
31920
24013
39758
50896
45505
41445
28573
41686
23447
15564
28084
39502
51824
25243
32539
20070
85704
21355
24037
13116
35597
12336
19092
20587
33369
37517
26548
37899
37189
20014
14999
21575
21133
16513
32021
16946
16466
23895
17117
27379
12151
22787
29859
23930
14672
28150
30795
36485
32817
26455
35697
36901
75324
40976
25790
22279
55010
34404
35302
26372
30015
14781
15373
21652
34626
28380
71702
37350
23479
39770
52359
28555
25639
20118
26599
25256
20913
29874
27074
36808
17381
22218
35100
41020
23345
22371
17804
24897
16006
26136
15064
22363
19214
22702
25764
24029
31166
19024
26630
19309
20192
19519
17468
36939
19718
23745
20925
29962
14952
17176
12896
16247
20455
16898
30546
16017
26486
36737
95261
31243
32688
19249
28914
27805
16104
12474
18003
16145
21865
21783
26312
34919
22840
16824
31797
21459
21858
15375
11443
25326
37105
32065
87941
15932
38219
49770
24601
33841
51182
15910
72690
39755
25800
36654
41360
20667
31560
15036
32899
35274
57404
22567
36411
32660
23654
36048
34857
12968
27225
18818
23004
20364
21168
21044
27972
38850
33599
49127
47861
29852
17901
21640
57839
22014
40361
27836
29325
17850
24251
17213
19728
20241
22851
33368
32788
34866
12207
32452
62790
32381
19688
179420
26221
41626
23026
19045
18847
18868
21687
33884
17206
21374
15360
26326
26067
47512
33482
17230
29619
22815
22352
24211
51494
32190
22606
21835
18062
39540
18969
20533
39757
27504
25130
20960
26618
16594
18654
20794
21677
16993
15122
23547
29985
18106
49610
19022
21515
24021
21856
16632
36481
20261
66484
43304
36897
20509
36371
21610
30910
27327
39926
21114
12530
22923
24595
15798
15062
16634
11802
17748
55050
32658
26356
44295
19746
31124
44474
13329
22948
23514
16754
18406
22771
25876
18223
11151
56058
27802
20812
18957
28194
26434
23948
56443
23862
28966
29929
24386
167782
15340
21960
25783
22088
126119
42911
30706
15079
140252
24028
19509
22927
20209
128243
25084
61930
37078
67982
30111
42760
16677
53701
24676
63353
32120
494938
28421
41981
13269
57274
31341
31389
79122
24356
25075
33037
32887
16066
24163
34944
23240
19929
16714
18362
38185
80533
17069
35562
20189
27586
32954
25911
16353
46140
19871
29910
18531
41359
24583
33897
37879
18177
31115
26175
23506
24810
23469
14240
33254
27436
32512
89915
22188
20657
117200
22524
19388
25409
47203
22860
22178
35737
25302
18531
55732
27512
68191
56758
35471
40633
21339
49045
42130
20752
21787
31142
38237
20049
29923
35052
49652
39188
25512
67105
35723
45239
73781
80745
76589
34354
25034
49665
21800
56748
52616
32262
51304
48733
32174
24237
23265
44802
26576
32296
22108
23493
54113
28267
24465
27762
21469
66800
47397
25726
43216
20910
67295
48079
14607
27227
25586
20848
35351
33469
25549
33744
53781
17616
69010
18016
22226
73856
53766
54732
59262
14686
22929
22392
13636
48946
33647
39670
15879
121950
16971
23588
70790
316677
50786
30557
23543
23110
60146
105351
29393
25498
35990
17670
28400
24837
28576
25526
32544
67454
19695
32368
22191
119797
31486
36346
13357
26143
76332
17044
13434
58554
14996
30776
18230
17418
51389
36330
28377
33035
22786
30173
19624
37597
31443
23096
49615
47145
32506
84559
23173
46136
18742
37206
24345
25202
14759
18040
23190
33267
13374
18272
26767
30045
33142
20641
20761
14147
21012
18873
31073
86449
38598
16575
56614
17643
60044
29036
19655
22113
16522
29540
35656
23593
19463
35093
24619
27069
62131
27653
19853
24821
51631
91800
22182
35013
32712
43590
23972
23369
25601
72660
25027
37723
95770
55012
54754
28614
18568
46665
29160
38247
25926
21929
28150
48117
81325
21293
54956
30202
19648
46185
17183
68381
21608
24019
38828
20093
21020
42415
35533
43110
21686
41118
26008
23150
31751
23755
32865
18798
27015
23546
47947
18554
21797
32338
20106
19355
71457
28510
14697
53380
21317
21574
24707
17111
20500
19665
24003
18642
41682
42123
19017
46914
25150
32862
22283
21982
292319
21337
29693
31654
16414
29817
17398
31702
27226
27534
25043
17349
46809
109821
28027
17784
46037
24444
40969
32667
20296
33318
27883
26649
72300
30096
34668
66197
20224
31571
43000
18170
15089
40523
20571
35577
21681
22420
99293
13277
32583
20746
22528
46608
44660
49189
41234
23790
17997
26920
16488
23031
110046
73484
19021
499282
63749
30600
69818
83732
42369
174107
29614
17829
19917
49663
17249
13955
23719
24259
19394
85683
26663
16556
20858
26877
26185
70024
23690
23962
37152
16929
17443
34384
14400
32546
31969
20702
27244
61869
74837
15273
26350
22786
31735
37164
22710
29924
19168
72758
16315
14869
30950
30044
15442
20192
14944
22995
52176
33680
15726
423161
24898
28374
20023
106519
27690
23766
32141
28724
16753
38599
44746
20793
10922
25349
23387
19394
27453
17938
34066
37548
46361
51673
35493
47323
40302
28327
14158
36994
15518
36391
50059
32220
28621
25166
39734
16161
55272
48539
16026
106921
25686
36832
18185
35019
30651
72893
73790
22192
26638
25969
30928
33156
15987
27418
29710
13383
56146
23649
19417
15510
24125
28106
16591
26570
31754
27331
21557
17169
20074
25802
27907
40359
25722
22393
72620
41465
18463
27406
32807
29940
29161
29637
20306
23254
14806
19812
12712
38238
21303
26610
38704
25062
40812
76044
25301
19532
17301
30167
26873
35639
39938
68731
30349
59289
67497
26420
31255
47858
17516
79695
26260
59450
20747
29412
27589
28228
39474
60956
21470
30464
56080
22791
15899
28490
52587
27437
62234
21123
33112
18720
26082
24133
17704
42151
22919
122446
26720
16742
40750
28511
17865
54999
28587
31878
20525
44980
50972
25408
19507
24389
58374
30806
18796
27222
25060
21835
22774
15703
12699
19565
30779
116595
19471
19018
25142
13867
38951
26429
19752
18756
12749
31051
26663
41953
23430
43381
16638
15194
27858
52271
18562
17976
30123
34702
18607
15219
27909
19664
25171
16014
40297
16554
107685
19190
140529
99955
33004
19976
20934
145186
12237
43813
19468
23983
31154
24647
43278
29916
62821
19879
27157
23159
16567
26194
15773
29088
67319
25228
61259
20657
46222
16903
19132
20625
25695
17211
24165
38297
19809
21380
17543
48582
40257
20041
16681
33045
25468
22583
29404
26359
26959
64785
16313
26920
24957
17513
15939
26428
18767
63610
61286
35831
29379
24984
26023
22788
22326
59300
42008
45081
20243
18148
100857
27951
48994
23282
18310
15620
18324
19171
23032
17339
45098
20046
32773
31655
50516
22863
33353
25713
18390
22953
20506
30105
62984
27062
19489
21597
16545
13967
17995
47821
38178
25573
31868
18691
50499
69359
30716
22547
46415
18693
29360
12982
22483
12927
16599
26328
26421
37117
45706
30526
21706
32980
30290
20821
29693
18803
133138
31485
62019
27604
79150
31490
21981
32221
20240
45987
73422
138541
67176
42397
42479
20077
106595
44777
29790
34864
11861
53214
29345
12940
46954
32989
12389
28910
20090
16833
11517
27814
18814
20936
28062
17349
39337
43509
28850
48323
39128
35730
28360
22346
38241
16376
11711
32117
16153
22804
11241
36363
28741
15871
36702
16457
58181
24251
27460
31349
22157
19683
87904
24092
11394
28652
32411
21112
16926
31426
42838
62864
13282
38005
26286
50825
28620
17579
37791
23203
29441
14758
19531
48086
108927
21277
59844
16723
24870
21630
27761
30014
40974
30283
39998
54696
13732
17676
24942
52297
25791
29140
26234
78315
28396
32445
20684
25245
44749
34468
25953
39042
23218
20462
14417
51716
19832
26974
29520
18632
27780
115467
23815
39613
34881
24498
13086
18775
27133
16823
30969
34416
29890
25304
23662
18744
18083
31773
75990
37637
31015
29992
27382
17795
20900
17573
32636
22211
27160
23822
27315
24633
31147
22592
14383
13670
14093
14175
15983
22364
31410
37923
32288
15356
19897
19079
17878
21175
16943
22809
18468
43136
17114
15860
32654
317260
40094
23497
15111
27774
20617
45381
19237
25953
14048
29011
30844
43037
30781
20122
15782
93687
50568
38957
21719
27801
18120
33590
21620
35839
30565
28365
34719
23880
29054
33556
25720
26399
23835
42746
26361
52653
21205
25866
30813
29545
31894
39595
18528
23646
34634
23620
23165
16616
21691
20492
19749
25115
15815
16690
16489
50731
28878
12972
13801
14911
62918
29986
15463
17200
25540
29897
20782
13104
23405
16680
17966
32019
19896
16023
15771
66796
22291
34782
16247
29238
29346
27200
88225
33081
21706
27000
27158
17916
30642
30274
27258
64105
20817
30052
24408
17900
39785
24932
27920
19279
16865
60733
21368
21644
25736
39965
25044
33456
17869
17063
187328
23801
28041
27104
33435
23150
40095
37356
34216
13976
16783
24597
15961
21347
31449
37108
75818
31669
31103
21671
30138
19274
15810
27267
94930
26373
26000
17849
93959
38876
55557
36906
29658
25734
30510
37855
21166
17353
20498
50532
15689
74176
68861
31667
47218
57250
22297
49667
22859
22959
20933
45292
27169
44701
34438
21964
160771
55893
30633
27378
27379
27667
25934
29422
22189
22539
22291
30195
18624
14944
28299
273529
35285
35232
22460
35396
26109
50060
16229
46262
36462
127321
150106
30449
23260
43803
27540
31574
26998
47967
21770
38211
16685
83592
27588
19774
25689
22585
16616
19515
33340
29951
22141
17598
27308
19705
41983
29216
55892
20883
35941
45199
23389
20550
48664
16745
19067
105250
18577
16908
17686
26444
16148
21220
20676
26015
24356
22437
15875
14920
40301
25545
49739
21057
14142
17387
12830
17457
23757
19376
19766
32571
26757
27418
29126
38703
23190
20997
15327
17244
27069
25070
12988
19782
22006
69279
23856
21896
51683
31894
15056
41830
38087
25790
30212
45454
12199
6089161
2138743
33992
37656
29006
31551
33036
29880
33469
13696
23280
22260
17746
21677
20661
18624
14673
26811
33496
27458
48948
43195
31851
18364
23327
19848
19008
26640
70849
21858
64174
14270
22719
26355
19825
14574
215590
19005
48336
53819
18100
17585
26398
32178
28785
17168
49699
43342
20345
20195
38749
14316
33308
17990
31956
13570
17483
19153
16884
21094
17804
12746
41368
28039
29969
30711
18795
17407
41662
30758
18905
23190
22677
19865
18213
16269
17498
36303
27201
21555
23171
24751
15513
17365
19374
28511
21698
23135
16559
26927
14286
11713
29227
16024
18730
24933
21606
62494
25923
17943
16787
16349
19545
22429
21079
17920
23512
29070
21338
15675
21012
18115
22414
18202
22563
21156
23985
21244
19349
15681
18156
1275044
21905
12797
24123
26775
31742
12296
19341
16080
18316
24693
22679
13530
11612
29760
11932
14637
16588
16773
22811
10409
21633
15581
19523
16264
24539
15718
23203
20246
17069
19111
19921
20369
22098
13883
16359
23246
16322
19171
17671
20390
18883
19301
20083
15451
28596
24785
29183
35484
16705
24619
26023
15711
20909
21784
21891
34320
20279
20432
12934
10861
15839
22104
19223
13153
13455
12606
12682
16709
17742
33389
25366
17670
20094
21503
12806
12992
16131
12335
17116
16643
18439
24300
16546
30253
37585
19057
16481
11999
15183
16925
18159
23526
17806
24391
14023
12892
12531
15602
18538
23979
17061
16862
14796
23413
39351
33363
29247
21936
22235
22251
39330
42413
30995
44211
25238
77614
22006
26844
20488
13971
26429
20760
28983
29052
25332
15079
15677
29371
23952
28794
41397
73946
28161
25162
19486
17858
14709
23474
12196
11044
25336
11182
17803
11419
18957
13160
19307
14191
22244
11941
18251
20707
16881
28036
19696
16273
17106
18338
21593
40634
20165
30054
14464
28021
22160
25544
28085
20876
14198
13899
24242
19119
20032
37702
26224
27442
15002
26087
21242
20862
26589
23849
22537
16581
19877
18176
22101
34313
24329
16640
24044
15740
15970
15616
15495
36936
19357
58947
21874
19196
86545
25127
22632
40716
23720
17509
23355
29302
19534
15707
21483
83532
22312
11876
23249
43540
25779
23360
32414
18198
23522
35048
14499
18553
25378
20643
18138
28976
27636
22194
30223
18876
35194
18695
28285
23767
18129
29385
19842
18595
19094
17017
37110
23373
27607
36173
21953
25462
26680
16224
31571
22192
16071
14870
30414
28618
13573
15025
14504
17922
22547
14526
19327
43890
19919
31443
13611
24708
18277
27016
19274
14370
22931
17156
13738
16968
29337
25870
18337
15377
24670
34960
227977
50610
31043
14719
13686
31886
35530
19020
35839
34961
23607
49996
16616
41983
33360
50053
26352
18599
31645
29881
23870
17202
28298
20160
35491
22865
32625
16695
17496
19025
14168
26538
23714
17568
19463
33502
36931
16665
33689
20998
28447
31692
80902
24767
30132
14322
20134
26068
20581
31605
24998
18960
33707
26640
26282
23603
28389
55790
20081
18148
24305
25278
21973
25944
27992
21630
18005
33124
21358
38429
32866
348057
22303
45559
33817
19462
