345518
20397
28987
19096
16296
20596
34053
24095
33055
19700
129630
29917
25987
42870
25245
24628
20666
18964
24368
105647
562468
12724
21186
195562
1368355
20240
31676
29000
18155
106882
20474
26743
5187839
1116135
36611
30642
26773
29014
36663
206673
15369
21203
22481
537565
30476
16410
22855
16486
24257
18147
22079
18332
36185
56871
33579
17006
49186
30078
17607
40580
21437
20757
27364
16963
19765
21940
19917
21972
34185
32145
23947
23833
188019
28771
27681
19311
560396
21545
19945
15312
306100
25228
20306
39930
376585
22388
32189
25380
167898
20507
14604
29754
391236
24487
26564
19520
150430
16298
28239
19643
22069
33546
21634
108124
19158
24220
16123
372082
22160
22811
19224
31340
18450
27297
21191
71573
18592
27790
665041
16294
18988
22523
109721
14846
21727
18073
26484
15475
17240
26711
27858
14741
16620
1170093
15294
16673
16891
22393
20745
24850
905993
20179
37413
29481
14300
26868
40382
18110
31882
21076
16090
25950
17872
21273
36129
410780
17453
16907
25676
15648
24044
35820
14679
20531
13059
19233
622793
23705
10789
25720
25260
25048
21136
40820
17369
20355
14213
40886
36284
172490
16661
71891
89909
19470
29906
22545
27990
73481
23210
29246
22710
23966
44076
38108
32080
17904
16965
25096
12890
17372
20069
16399
44734
21819
24283
25112
23959
20247
20078
53222
26903
19048
40994
54894
17473
32873
40457
29440
38070
453049
33208
26472
23717
16930
26183
28258
26596
18936
24055
13072
21563
23354
67935
331617
19111
21706
20592
18601
23953
29871
19947
33980
16090
15562
384708
21193
16665
24896
81538
39317
28426
25737
14090
33572
37282
244478
32714
43965
26841
19533
20018
27938
12994
17688
16769
23132
22163
13621
25200
28115
321761
15891
17644
27398
23750
25154
12535
1042698
19007
20187
307414
23096
11761
17865
31782
28499
20088
39019
70703
29808
30961
21571
13793
28851
801697
19269
21031
22659
197104
22708
18915
27501
19230
24001
12015
19298
55062
16408
31443
20418
129613
29532
35129
18393
36721
34521
52285
46185
5664722
2648331
200340
28554
415269
12658
17067
21533
201323
27070
34028
28882
28145
22680
40656
24212
20405
19810
12978
38112
22542
15265
20562
14255
11196
14640
108748
23664
21157
23505
27820
31599
16789
20389
16194
14370
17774
109639
28451
17501
20626
118161
32894
28780
19944
20995
26854
37390
31940
28489
24880
15021
24397
14247
14865
27293
17244
22334
792111
39615
31560
39095
22212
21114
26087
35833
25513
36095
18704
20890
19484
14642
20046
15939
23065
22589
14115
21139
25910
18411
57006
21047
23040
24164
18977
22180
698594
13210
15763
14213
22337
29428
15845
20555
24959
263573
36468
44113
40792
1127508
23752
21632
23522
32402
24269
22735
116929
26360
24488
23477
69348
31589
21944
15818
32904
19915
23985
34108
153969
26828
13987
13155
22032
43508
19549
19323
22421
16083
26973
14549
16492
67583
33343
35546
23733
22439
85841
25580
44035
23610
34594
26137
34422
21805
23770
27579
73242
19472
30684
31120
28334
816893
18233
24649
64267
33327
17072
28143
16143
26167
634859
39779
13638
18712
18972
30342
23349
74468
68411
16440
13229
148742
21209
12395
20308
51884
18050
19990
14489
24532
14237
57320
21387
148550
18905
20683
96380
37925
29571
38185
10930
20855
18848
35641
21926
106736
24263
47624
16513
37422
204872
38682
35478
30150
13538
25463
21001
18309
19831
25072
43542
25212
17646
23874
21330
22600
14820
25772
25109
17617
18121
15980
21588
18117
21200
20170
13607
27017
26374
23824
36138
14935
30928
26670
18003
13714
15704
46559
28987
81794
31920
27004
21250
14692
23775
21081
23057
22054
74753
25131
22931
21856
44241
20515
796909
28120
23907
26155
30982
17710
92200
25002
16644
19238
14782
18139
13152
39002
16694
29439
23694
28580
27262
29430
28035
55069
17359
23033
16810
22267
17706
31865
39798
26378
19250
90409
25880
48911
23233
26312
20249
29710
21357
26708
17438
22418
22173
29016
35509
16377
23527
28227
26864
53236
24649
20138
21288
11840
26970
26538
20158
27426
26037
19924
17584
26571
21376
31187
23874
25832
23790
32717
14493
31591
31536
24703
23258
40809
18712
17990
17859
18033
26188
24108
32457
18596
27253
38510
17994
17482
18179
21196
28023
18640
21136
22865
17314
34783
22612
39560
23557
16562
13288
21360
20806
27373
32470
14282
66051
27586
27206
73832
22332
28548
44519
11014
28690
259657
31711
61839
25181
29744
25451
29401
38065
51219
21124
22811
37217
294286
21161
36622
34793
35519
24983
18302
57822
14156
17783
13144
15114
17919
47083
21137
51079
25650
18850
32709
19439
20457
47385
16776
27898
16102
24607
54996
26894
30071
17663
28255
20646
22959
29477
50175
20423
17678
13228
16011
706739
37064
16471
21877
28636
30922
742952
19230
23854
26632
32214
40502
23890
27153
79536
30396
28461
22436
20171
20966
26073
29513
18759
21870
451015
21660
50596
33995
39127
27627
382618
37192
15639
82797
25328
18599
17127
80157
21387
36093
16850
14626
39219
47383
21628
20516
31710
654773
53642
94081
27634
30478
21959
15646
405581
26516
25581
23996
18026
23818
30794
37659
531659
119779
78039
21743
30397
27952
27755
74883
27440
43651
36146
23286
23872
68764
30416
158776
21947
21300
59122
19295
21247
28819
86490
29452
26699
21677
19082
25949
25901
21718
29430
35097
19655
34680
39895
15202
17669
48255
23423
35161
14843
29307
18923
66330
21649
18379
21519
23023
36187
15172
27642
36289
23016
24743
25821
18151
28078
22267
30103
17200
21816
37930
19076
20868
25183
18256
28214
221034
26413
30092
18292
53480
30370
24122
42006
37057
19919
22643
23800
18892
20541
14300
676452
13543
30024
15366
23024
18105
18424
21435
18795
22664
23289
40152
27722
42988
20603
31607
89808
22810
22271
109019
19941
14826
15729
24380
16830
34881
232322
23423
17066
14620
14184
23536
37376
24855
33327
19250
20228
21378
31141
22258
23911
20287
20742
15797
18893
34732
21839
40118
23241
15842
39539
34847
31092
46534
22126
25850
25867
17894
13094
15186
14492
30856
21456
24725
28875
21733
20614
22372
15516
28808
15336
22350
28274
250548
66391
24589
14789
23970
35289
18524
18881
63086
16354
90655
25467
25489
19039
15261
29107
175083
14508
16553
18838
15765
11897
32462
23111
63448
20400
40688
26151
39562
15690
25026
19486
20048
29104
32231
21273
21117
29240
39882
21739
20274
19613
23623
21373
47636
30240
23338
19804
44328
26767
24791
25814
14536
22654
44403
27486
124520
18219
30540
27973
30729
25725
14875
32773
86140
27250
30715
42712
19536
20764
20417
57363
28995
29151
54343
41312
29202
20634
30921
29119
25601
18795
28990
25653
16155
19761
18902
18516
18594
29237
18383
26100
60130
22597
380333
31142
15879
18508
17468
24504
26060
32353
28793
1258763
13264
31481
17946
23224
19787
31874
13836
22646
28551
22199
29169
30135
14376
16707
49721
16966
37170
30760
24908
40703
15815
23537
16773
21305
17083
19616
31672
507169
27145
20520
21846
21241
35329
14460
19686
49903
1204060
24474
19913
23879
17186
14277
39247
17410
16955
37098
41258
23743
82333
26449
48958
46405
48114
34970
6679038
4263587
191222
36859
25484
18284
18511
19689
22513
417572
21700
19821
19747
28740
23373
19242
17448
18952
24393
20217
76730
18613
18997
23138
18345
24318
21756
283175
43280
29651
24268
21927
35901
77444
54147
27266
26799
30059
33558
25456
30584
26482
72117
18525
37188
31092
45244
20151
23121
30245
39412
26052
39706
27513
28120
24887
29384
36506
28912
23032
174369
29195
19213
33088
26926
18307
45032
41484
22053
27124
58814
33987
33340
23373
33460
13373
25570
22790
18577
40702
120686
24815
27485
27915
21670
27111
14951
34674
35671
22353
34970
33797
37154
50366
28992
15876
17501
19689
22842
18619
15552
28710
29141
23597
34090
20099
25299
21565
90045
457429
21408
17115
20914
25884
39372
28284
24916
26617
19478
24613
21020
40891
29588
24892
30301
55228
44397
35199
279978
24693
24362
14351
19725
19180
60073
18516
80138
79122
904821
21979
18958
20298
25761
17281
23727
32732
65010
28663
28275
22052
27907
20429
27953
30317
26718
19942
24128
21374
17904
27769
32927
27676
31228
33391
21164
23851
23475
940278
36501
18500
42582
19550
36174
29626
19786
34398
18331
20732
26084
19483
27856
17501
15827
16270
25078
16042
816683
21318
22777
19073
18998
19847
29351
27762
23189
23595
32219
24351
87698
16915
36463
32251
32796
19080
43777
17136
31453
18194
58508
73891
24350
45559
64484
22556
28856
484894
24851
15013
25594
21804
13026
15740
25139
16298
31626
1351581
19840
16081
27204
19581
12623
31871
17483
17672
28781
20601
9165625
5080133
997417
25259
33789
23035
27993
21311
24565
23216
14735
24583
36659
119612
40025
20352
74561
22532
35668
27832
31144
104807
38849
23762
42519
19342
16395
30424
23608
17529
36206
466700
61128
26912
19901
22410
20025
32296
17595
22176
17042
23376
888054
28832
28582
24567
28118
14051
42007
16235
41108
32151
28131
130920
28456
21671
19261
18095
26430
30549
13874
24329
23287
18305
20528
21721
42967
23377
12839
24371
34482
25089
27941
21187
28691
15063
15384
18207
46124
18364
23170
14446
44613
19401
25224
27329
22914
32806
21377
13382
16446
12802
22526
20574
27881
15148
25130
21815
22923
13346
13694
24079
31452
25514
16848
16251
27602
18619
24267
13421
53951
32593
37177
21530
17254
47111
15269
33623
23775
38430
42282
14573
28502
20307
25964
18410
35307
26318
32783
23728
17301
299072
22826
17662
15469
23175
17435
14901
25063
31317
13320
24088
22261
24228
18205
26445
21640
21422
29771
40298
23978
11772
16029
23924
27558
35154
23400
22248
21033
25303
17232
22668
18082
19725
14522
14733
24527
25831
24123
18843
17533
18119
35427
13618
18989
49377
17884
15198
33251
19201
38723
18046
26286
17967
25975
20218
30091
22702
22910
24849
47225
43523
34144
24751
28949
23066
22936
25259
19742
13142
16629
17884
29619
21837
28469
34318
21609
26622
35770
35680
33276
26720
23574
21427
16450
238589
21195
11314
12243
16584
13886
12434
15406
14112
23598
23423
18191
259001
26499
15529
15571
25785
25633
36444
24053
27366
31670
22570
30258
433578
18859
12881
16225
29238
26410
27941
27315
25561
17771
25257
17675
72051
22030
17529
26085
26223
18025
14773
77346
26800
21416
16060
19698
511695
27638
19033
14062
22867
22041
20678
26356
19517
32881
17975
26881
453542
23067
24087
21891
27948
21176
24149
32272
35294
23299
23484
20653
62483
17404
13120
26427
12215
28739
21737
27061
22960
23433
28206
25473
35337
23914
45487
40542
47176
27049
24120
40687
20326
23282
19281
16736
16328
73906
25929
18315
23717
36521
29847
14141
16973
19666
19126
25448
15761
608326
17736
20182
20908
24466
40639
20871
15420
15693
14690
19473
18787
682794
26056
25830
25254
29932
18065
18069
15411
18797
28999
15478
19730
1220964
15389
27864
23873
20700
53750
19778
19279
17227
27782
30280
24518
122750
17724
17052
14510
20977
26076
19999
26503
22829
17481
25905
12600
46441
24359
33847
22950
30247
27399
31891
31511
16225
31240
22844
709223
17920
22223
21402
27563
13954
17588
25523
38442
15717
19759
15797
25948
27127
27970
48943
28770
145404
25420
13407
15078
28734
45263
14447
32955
30000
25903
29313
35990
27342
18060
17450
18276
23689
14563
26386
22544
17390
15678
28440
15296
28363
22620
22506
22280
19381
23983
19982
22215
13639
18401
15274
25895
21039
15741
15541
23291
17691
1192060
22335
25904
15457
17886
31404
26241
27670
22395
15150
20758
27270
27240
24460
988095
20980
22147
29447
17559
25246
14969
15514
24038
25879
17464
18374
25183
17050
1089112
30756
24898
24258
36667
32652
25466
35499
11563
14804
20615
14596
19894
38711
1541887
29096
23577
32364
31696
36999
21918
25882
24691
29518
16843
20089
24022
17041
435312
19950
21078
33799
28163
16772
18006
32077
60351
29341
16007
14856
24126
18378
1599256
34425
13247
26065
15697
21454
26199
17729
22376
22505
20552
20560
23684
27408
45886
17814
22393
21844
16649
21021
20360
30176
22246
16608
15188
18540
14623
36398
20650
29721
51198
20510
22670
32184
21925
22405
21499
24421
51094
24916
16982
29884
33729
45211
27548
18009
13687
18348
20944
23248
29272
32484
22476
19599
11953
39761
19946
983878
15291
20277
27258
62848
16603
20066
25478
53730
18033
19653
28428
20954
12142
20922
16536
19160
17397
16408
33792
20619
17540
19519
12744
37843
27429
41616
25742
202745
40453
19981
15561
22308
20560
24650
19359
13512
28557
22781
14626
28803
21799
43963
24570
20834
37690
23092
27004
26051
33338
39058
23255
19621
35920
21535
24570
44404
24912
34340
14325
31679
13953
30712
22288
25157
28714
26327
20354
22516
20581
16808
22195
8386360
4316770
227870
12745
17435
26486
26627
22741
20166
17999
20017
15409
20600
23014
49818
69622
42238
13020
26352
26044
19682
36624
17298
29398
24785
25860
21477
18264
346367
20282
65760
27828
43062
36585
19855
21471
28033
16450
34837
36020
37003
60177
21919
1635920
18990
40374
19293
37007
23288
27304
39394
19627
65067
276810
25635
19986
29545
13985
15371
19887
29662
38776
39700
24833
22982
17098
15826
14536
37100
23402
21033
33683
39403
18537
15768
13550
17591
47989
19125
13328
18684
25698
1257498
15842
17286
31287
23786
21677
29590
19362
22407
23709
19415
15395
13433
15568
13937
82970
31055
18368
28852
17387
19453
14531
13990
27928
32421
16174
17141
91720
44047
16339
19069
21372
19269
28184
26592
37584
41171
29554
28240
56671
23478
25238
25722
45887
19913
29900
418519
27053
37640
14076
16246
22314
27773
27803
26755
22084
23560
18588
24363
14248
21944
1127859
24013
18472
42884
18081
36852
20863
17799
19766
24105
24293
16454
15256
23722
33374
19934
14963
18282
16349
25694
22368
14379
18030
27450
17863
26081
16186
18643
23349
22385
22076
28877
61771
22084
29147
25708
16003
17817
18219
24126
17127
30292
22260
19805
23991
25426
1034556
28233
36035
21484
20449
28324
61444
18515
18946
21172
21298
21164
25612
16811
21803
895492
21387
17056
18350
24574
13639
21701
18926
31567
23918
17621
23884
34117
22266
26649
131926
16610
46584
49560
20025
64518
18193
22139
30801
83744
38102
20675
18156
13601
10600
17238
19516
17729
13834
15896
31850
21055
20196
17473
31643
19143
20468
28002
26047
31280
675095
24160
25153
25047
13600
16742
22315
32515
21961
13138
362878
121995
19480
23971
12869
23260
18108
27359
20035
18631
26802
25121
27666
19380
27648
28697
12377
16612
17029
19705
31533
22099
23281
20082
40640
478148
24895
27570
27585
29867
19189
35880
18801
22062
36397
26029
25647
26060
32581
28506
23457
24618
24243
1059694
15546
31051
27226
29471
27568
52210
24449
20497
25817
22324
17520
21800
23966
45228
17263
23434
18201
18140
38830
19988
23452
18470
23520
23676
14040
14307
32371
12683
15959
33486
12884
27057
26237
26759
54193
29499
29017
36036
18004
21404
22337
34616
16404
19605
31567
18230
26370
17822
22452
14304
28315
21466
24674
17917
21539
19562
24356
16620
26685
23503
22185
25367
11109
24741
30054
27583
16013
18288
25918
17836
18644
851562
22836
21990
18740
19306
16784
25351
23607
32925
17118
21467
28760
31841
27503
16027
20395
24129
26360
326522
20700
31543
22100
22965
14089
29881
12508
17619
18851
13797
29629
20007
15076
18519
13453
29710
23376
1566421
13928
33088
23435
18870
26147
30838
21472
28867
20445
20981
22506
20138
31142
20149
16738
13201
29981
1948517
21907
15686
21126
54653
18793
16850
35001
32446
23544
103931
39333
21089
30750
38587
31709
46031
56126
2844013
88940
26178
67818
31159
38388
73348
23479
25030
23538
19656
23983
21906
19476
38456
27427
28024
28548
856192
45425
19618
18537
32185
28230
22328
33578
33830
14633
25757
30429
19079
24650
50273
25123
25726
19500
899351
22123
19732
13312
24836
35569
33421
24166
18020
15328
20899
13344
16690
21150
26806
66208
23068
47997
1472764
23698
19007
17813
26014
118741
26572
32509
20005
23682
32262
29125
27491
27156
36390
62035
264674
23321
46682
27236
57046
16077
33692
25268
47853
65392
17252
13438
18441
16819
18994
12501
13349
52200
19489
17678
24541
19711
29050
31504
47538
21662
23446
35567
53271
24926
23008
22112
22492
15956
16910
36282
24185
13967
18124
27043
27822
21109
13206
17444
13739
12884
22032
16561
23927
17301
15640
14916
23894
53766
27896
14466
15665
25869
25304
17579
34560
17136
13919
46659
30731
38241
37123
24805
30051
22009
15795
23138
23257
28352
29958
34072
23884
17063
18966
22932
20473
27085
12545
297576
26484
31696
24437
14894
28061
38170
29877
22961
27434
69476
18633
23833
20166
19284
40111
18048
34958
21120
64114
32835
23385
31046
27761
28324
17245
22926
20625
241486
38860
28556
32017
19062
20742
16829
22975
15246
16760
15973
16825
15866
22230
28114
13056
25408
11933
305036
26357
27153
32159
24452
20072
22596
15639
28019
20270
17900
30730
19115
21424
34786
26086
24144
13563
226210
37924
29735
24642
14429
22600
31509
34109
22005
26469
26372
32581
21264
23400
16716
14680
18673
19159
322676
32642
20163
39469
33013
16341
21876
23139
12654
29690
21952
20661
14054
19368
26976
45642
20942
19587
116626
23918
17199
23951
19366
22838
15987
16151
14297
19512
20006
28076
16627
18546
19010
20390
17304
24945
23968
13200
39377
12378
25472
20856
19953
36211
17470
17803
16257
25690
32479
1141521
15696
21551
24110
21125
19326
23830
18238
26330
20570
19731
20905
20018
16096
19719
17468
19090
734411
18347
11729
24297
16434
13524
11956
22723
22693
28959
25192
27071
22010
27848
49755
23282
25798
20324
29397
1019137
32142
19480
17672
19152
27824
16958
23357
17688
23965
16601
29045
26525
35488
37294
26480
33833
19436
22279
4216828
181054
21281
17165
22436
19886
15424
35069
13858
15240
19491
25681
20224
22532
24553
21698
51603
26134
19076
120927
25085
32162
27365
17793
16904
15299
39290
20342
26806
30924
22578
25367
21854
35953
23486
16814
11928
12948
420568
60143
34406
43564
31989
31172
21533
19079
21704
44658
28760
26801
17681
24628
18955
21089
21258
14524
19053
23365
241321
20649
19266
21448
13769
20174
20252
16541
17858
12574
18684
17514
17456
32720
32269
24901
27650
24282
13486
404104
24250
33501
21838
23443
24085
28960
18851
18649
26425
15244
18286
18014
15631
18721
12926
14946
15281
18313
606385
16273
17210
16299
18308
18001
18606
16895
17841
18918
18688
17122
21010
20811
29812
16942
17369
20506
17414
1320422
14369
14328
18008
14415
13904
14601
13032
22950
11214
21467
17117
16523
23107
20918
15952
13040
20717
14230
286273
22048
13753
11712
22859
32073
12001
14125
16302
26740
33581
17630
21030
55705
1271832
19435
24818
22998
19740
45973
21385
35356
33952
43442
19655
26264
23983
17340
22300
18127
19903
17189
14526
19141
13864
14089
27548
23967
29982
21654
24681
30589
29033
32298
28204
19227
12247085
8174280
4105116
77158
16567
23457
25774
27186
14108
26164
35060
13969
29109
25147
18647
46425
14844
27681
19733
22804
16430
15462
12452
1854382
40133
37124
24875
25389
18200
17468
42535
24418
25520
22301
26914
29085
29919
24523
17772
27072
20303
13223
17531
22988
13062
28576
13240
669540
26869
24754
17968
16546
21363
17323
30159
21744
24096
32044
25252
21375
25084
19941
36968
20817
13220
24390
14625
30615
26151
17367
29622
59970
18218
21251
16640
22642
23495
39886
24842
18609
20935
22544
24917
19264
22668
12640
16278
24871
16388
22126
12170
20742
20903
18689
1629233
30191
15683
16682
22999
15330
13312
16875
17753
27574
13744
20020
25263
13886
24380
16364
17598
17718
35333
28552
15686
24070
11588
21196
68290
27882
31153
17100
27633
17968
37466
221340
26940
33570
81484
52242
16554
40038
25086
14675
45348
22562
19765
52782
12656
31913
48602
634619
75242
36691
30612
35723
42081
23200
31763
28057
17580
32127
17906
24577
25191
18565
14709
18342
22334
35410
83069
23670
33101
32667
18652
952503
19654
18803
25537
39642
22642
37376
25334
24285
25769
24203
26461
32462
17527
26536
32749
24230
23181
31670
30587
22613
13928
21998
39104
160775
40403
30436
26938
35486
45628
14019
28751
21817
29762
22287
23989
33851
31877
45579
17096
32752
19568
21232
30954
33852
70115
19706
58373
21577
27608
12943
48424
20345
28691
20753
14207
21212
34223
27019
24453
30659
29749
19655
23471
37826
22455
37527
16192
19271
28864
17045
839669
26223
30677
27195
19426
35108
19160
16878
12696
27700
18346
23950
14672
34669
21757
27269
19627
16906
19138
22135
35067
15546
16827
18527
268294
73092
14682
16152
33208
26734
27376
33133
16808
36396
72025
17754
37191
40507
25326
26294
35930
25352
20350
23303
24970
36174
14568
489586
44354
21272
64300
15882
13027
21646
17034
20699
17211
11771
14112
16895
16878
20482
16536
13433
12933
27848
13405
36125
15783
22810
18482
978066
17522
14075
15045
16085
21041
35938
25287
25816
24636
15100
13069
17073
26169
15425
26323
16608
12491
23259
19162
22931
13840
23752
20139
22384
15130
20171
27789
30116
22642
18936
21045
27787
16109
17943
16798
19728
16153
21252
22115
23380
20074
21714
18508
34245
15611
18793
400245
45272
55908
45812
44991
23757
39826
40738
25924
25524
29401
21434
52380
30752
21553
19035
28839
28157
36939
21239
39206
33252
19105
33943
689245
37055
49023
24429
34298
20236
13247
17246
27864
18347
45547
40674
16430
12929
21471
19244
27506
24090
18464
16488
34673
27914
25127
29477
10946334
9962080
5893203
1809999
24166
24482
12907
18752
11910
18410
23607
19620
23851
13208
20146
19818
18408
20582
15372
16878
22839
31050
26685
711021
13484
29984
16078
27783
18380
34278
25859
33253
30980
17957
21981
30489
14044
24426
19592
13808
387592
19838
18559
15368
19991
22041
13599
18017
28772
20644
13140
26950
17212
13705
36242
18990
17562
21802
20372
18587
12321
16884
18943
22957
17611
24359
22181
28282
28715
21009
20880
44094
15440
25912
29396
45437
20947
36841
32821
32276
26754
28612
49047
38389
26991
29430
21066
57398
29222
447981
19594
13598
24894
19039
16054
22176
16870
19933
17313
21236
20305
24020
14869
15924
20202
18280
18088
12887
13714
19286
19088
21224
18471
15860
15955
11442968
11417521
7348544
3268876
15817
27284
20336
18067
30782
20014
28710
30361
24640
31184
20455
18571
29273
34228
31775
24144
21221
30753
22766
24981
48598
19341
868346
26806
62533
47393
34151
18967
20522
17810
27744
20026
22875
23335
22174
20560
25105
59301
56741
15544
26946
16038
14016
23227
34586
20843
23385
35384
56969
10538
16395
25971
19079
13390
18321
17854
25200
15657
18139
18743
15648
72863
36230
17540
22665
16942
17228
20502
26940
24279
17751
16320
26469
2073075
15086
20794
22623
17468
23651
16179
13505
26531
32758
28728
23662
18215
21132
15276
28405
19036
26289
15866
16999
21801
14904
13414
20922
21267
21156
1116239
39066
26847
27552
21627
37836
24004
19991
26169
27006
21232
25072
19920
25541
22049
26818
33867
72780
13739
36019
19494
24338
21500
21903
17862
22228
916242
16821
20284
18158
24999
23690
24228
19743
16221
42994
28528
15455
23191
35893
22711
13473
25779
20774
27599
23286
20960
23568
23902
22305
22022
62247
20086
19474
25923
17168
16852
15170
31447
23535
26961
30840
29200
35147
41442
24129
18650
25834
17466
21229
21143
21734
21813
22035
16216
32531
20333
276665
27783
24087
15288
20486
25384
37527
21980
23520
13015
28039
14840
40406
40181
22655
22327
21716
27081
47526
19904
24308
31252
14853
19249
19616
19836
1305321
18280
18345
16507
17528
20158
33231
17618
37619
25785
24076
17109
21567
19827
19397
14800
25961
14971
16273
20079
15531
18381
14213
19040
15981
25853
205604
20213
20673
15227
16251
22708
23567
27053
35469
15564
24626
23459
25876
17381
24472
34358
43159
33953
18749
23531
37355
36891
31637
34920
18113
15370
58942
27444
35716
20954
29422
44456
16760
21095
12316
22932
71729
55431
37170
21176
16678
28887
29278
43485
15020
25239
13925
17376
72400
32176
29728
149749
13736
20391
15411
26281
24411
18087
19097
21449
18399
18348
27641
23413
18466
14366
22506
23025
21177
25225
29013
23498
13762
21112
20367
39387
17564
22547
33921
24806
45141
16053
59932
18074
43320
15902
26158
27070
27336
23719
32006
39247
47971
40773
31846
25244
21955
25506
35586
31432
120963
19590
15815
1665239
39100
27910
13353
15624
18550
19129
24822
24373
20129
20626
21856
15185
48961
23206
32331
31609
22108
12680
14897
17747
15289
24012
27744
31680
19925
739490
27789
27241
16433
26901
34020
16895
24884
16624
18287
26452
22248
27296
19497
23046
26366
54592
24502
13894
28363
34493
25387
29135
24847
14731
693248
15435
23605
20198
21227
15985
22821
13859
26979
14062
17855
22178
21698
46210
17212
12157
23963
13022
24135
26829
21888
31294
17839
23670
12571
17088
1186701
38399
26090
14021
23961
18201
13222
30404
24762
16368
20726
34975
23133
30012
24401
14785
17454
32980
22234
16533
12207
18793
24075
29477
29570
33785
1240267
24124
30224
19843
18341
16638
22590
27614
21219
15474
23148
19563
14093
13257
32669
17260
33351
19184
29938
18337
23452
14222
28665
28922
27462
33515
803834
20807
30619
24034
24667
21611
28321
19964
28444
18345
23501
27764
37916
24007
18187
16946
20659
17304
19877
33152
18290
23861
23352
26595
21337
742963
33679
26333
19668
27207
20807
70665
20574
20659
20718
20044
15831
28635
28133
19383
30305
28860
14972
23403
21578
49899
60527
27022
24212
23630
16212
1255671
19783
28853
21020
19183
14816
15628
15275
11725
20459
23815
23336
17612
30215
11863
25964
16409
19698
18720
36717
21844
34445
35047
44135
29065
35253
1231728
55517
19466
13499
19412
28080
22759
29965
14516
27690
18762
25838
12399
21938
13923
16566
23020
17248
22067
18636
16737
14788
12297
25230
23967
68232
27869
17029
24610
24126
19381
28548
21971
16980
14129
19938
26223
16094
22920
14452
16219
16973
26297
20911
17952
38654
43214
1625137
37602
118904
17851
33029
13097
22060
29360
31593
25650
14150
23107
31715
29995
29871
40289
28515
24349
28866
13743
14494
13781
14234
14154
16555
18731
19727
18641
22912
23450
30975
30408
21128
22136
35863
29818
84645
17351
44601
23721
93164
38229
29733
38081
14155
33719
28197
88626
21349
21451
26995
19417
25319
20681
25348
23475
17012
28967
11645
14342
15525
28800
22678
48714
56907
18123
24511
13043
36096
29009
1068112
31749
18022
20065
16864
17069
22024
16928
17590
15773
27663
23076
18349
26036
17331
26561
16251
18839
33784
28761
22140
21730
31049
17248
15677
23339
16989
18785
39028
19629
28887
1697858
25196
22516
27109
14380
22098
14515
15600
21689
23328
16621
19240
15972
28209
20633
25064
16759
16389
12632
19826
18410
20365
18751
29098
21794
36487
25472
31456
12331
16896
31324
2776508
29125
33468
21514
39106
16468
45807
19639
23982
17128
26870
20251
21047
18033
26750
12342
21815
43295
19404
28972
21269
39503
28078
21885
39428
21286
24016
22682
21012
18888
17313
334239
34800
24532
26821
30550
69500
15725
21818
27043
13035
13897
16135
30903
20564
24768
26899
42384
19870
13690
24400
19241
22582
20744
25071
19355
16690
22557
17334
21239
21962
18026
50561
1284170
22658
27698
33156
46496
23520
19971
53679
40015
26395
20815
27450
24900
18893
20683
15234
32402
47090
19066
29064
20990
41372
22995
34781
32353
30674
21010
29367
15447
34360
38783
2361860
41956
37106
16982
16332
27463
34482
33132
20541
35756
21026
37607
24792
16995
28189
18202
34841
26042
13778
22425
23067
41264
68445
40072
21683
19371
22906
30325
33364
13255
35107
2586592
70534
69741
43954
30184
15850
19084
39947
16118
25662
19680
20313
18855
38307
40004
24546
21129
24799
31701
26455
43537
18771
25132
23289
24869
45712
14382
20006
17377
19906
11830
25160
28383
29505
21484
22717
13997
21101
28715
26550
24499
48057
14330
24913
17990
39785
18540
21125
22184
26613
16024
60855
42634
40668
23353
30080
30236
20767
17166
16477
23623
30512
23745
896026
30411
43177
22468
25316
16153
32366
13927
23539
18168
12842
21170
23481
17154
20440
23200
15183
25150
25091
17982
22526
23799
21813
18381
23977
31484
66006
14384
23737
38163
28060
1526036
25215
26218
20520
17595
18601
13228
15931
12819
14569
15254
18384
16566
38313
45522
22090
25893
54196
30717
25859
11775
23078
28295
29234
18220
28403
22472
21280
12351
19935
33490
2186278
31826
19756
31343
36865
28754
30175
10755
17036
28215
17723
22883
16503
18459
26203
20920
46330
26678
36165
35535
26497
25966
23172
15857
10640
16595
24192
19829
19387
25696
30118
18490
22943
25300
23268
27559
27086
36575
20327
27941
24617
13828
31586
15286
22680
15243
21413
27324
34624
24829
41056
16376
26279
18422
32004
14982
54380
26667
65147
29059
52296
15639
36950
996058
25517
23376
23916
13919
20068
20458
44658
54005
22685
25791
22864
26201
22084
14182
26295
14876
32845
23710
22361
18512
45244
22222
18723
12405
18770
18966
31495
33640
19520
30799
1500855
50113
32624
20511
25666
19533
26318
19010
23442
17669
14490
18706
17261
15175
18165
18721
17617
13685
19180
18603
32118
17380
24834
32797
27366
22211
22813
33577
26963
23387
22847
2411564
20439
18856
20115
15561
24284
16572
17117
20197
26878
28212
23579
36648
39706
21536
24335
29631
12929
18632
39676
15065
19278
13917
16071
20894
47004
25084
22888
16817
15983
14515
597172
22034
31182
14458
20122
15012
22295
27452
32556
26111
43188
39108
18871
20938
17721
46453
18074
13935
30672
85563
24728
17177
40582
18376
13050
36453
19102
15233
21507
40080
27745
33114
186819
25278
26131
45980
27585
14117
19891
26472
68576
16368
17656
19832
22973
25122
31377
31020
37121
19910
23316
27973
18157
29826
24675
18195
17722
15053
14382
26027
35137
21581
47241
1466853
36346
37564
14088
19275
30526
22011
33210
29220
22072
20991
20299
35178
21183
14727
28484
18207
24849
20735
21390
18234
17294
27812
22677
14709
17797
20735
40772
13080
35359
65365
502149
21485
25172
25367
17886
32693
22232
13589
25703
26103
20544
12474
41409
14850
27122
62497
12060
15712
16151
14825
25810
29133
16853
24040
26936
47500
16224
16914
22178
27629
25731
41060
35924
14271
19260
21092
20964
16184
20641
19840
14573
18423
11524
13623
55251
20479
20548
24833
20369
17250
15738
32189
24568
25237
32690
21035
13188207
9115195
5045757
997473
20079
14275
18832
11556
21720
52272
21693
25199
23295
19602
34152
23255
18196
21267
21043
18731
14394
18633
18580
18113
38663
22379
26398
17306
28235
17908
17435
13139
20044
18791
1269758
20374
21736
14081
27559
20989
20598
20658
17999
12975
20621
21571
15568
16266
15480
15113
17483
28912
43231
19882
22091
17364
13180
16770
28866
24286
24438
31272
26439
18492
18910
26173
27669
17183
20019
15798
20953
27005
34009
16755
22333
16282
18193
17114
15375
17714
35326
25078
21474
16846
18234
14046
21198
31536
23502
16443
30811
37678
31745
34552
53497
16352
27463
39603
15458
65312
30450
23201
66139
186281
12652
17900
18683
20191
31767
23205
20924
30004
35530
17837
20643
18452
16353
20210
21982
21808
19411
17084
13320
21901
17014
15541
23832
20749
20522
16964
13900
20781
21674
25153
15903
15670
21938
2349018
24182
56476
21577
14565
12640
16224
19200
14998
21088
17396
21846
22343
13596
16985
16008
15344
31212
14661
17486
19124
18999
30768
17055
34004
25047
25081
24210
35491
50109
36105
33808
19141
21004
93828
125170
32614
21283
17934
14260
20536
14059
21098
15189
17160
20379
23492
17110
15695
14420
14754
23433
49804
37158
25260
51823
36330
15434
18407
20406
14187
26644
16647
32219
24187
11343
20559
24239
15379
1997839
12236
25542
13840
29712
23047
24174
20507
15387
27119
18934
26050
31511
26226
44328
31230
67900
67188
44222
39015
55997
25787
26580
14938
19037
35116
39048
24677
18474
33473
63244
35522
34440
17368
170927
525429
25463
28008
14382
13916
30006
40090
38065
54918
21738
50376
20304
51635
21714
30467
27978
17918
20591
11802
20503
17937
25900
69380
36729
19936
37508
28025
24249
20054
20048
31732
26634
16080
24298
2606162
28087
24278
19690
11532
21215
17145
27377
35589
18516
19734
36436
25575
80077
16831
17841
16841
14861
13312
20812
22157
122842
16974
14416
22325
14846
47338
66195
15721
15581
28251
33387
14731
22702
20896
822209
17099
32945
22623
26667
21094
20541
24598
30732
38321
14901
15578
30432
12265
12637
18156
28151
20028
23620
35213
27297
36780
25124
14317
36416
14796
32294
27458
25864
29023
25300
20442
15497
77303
3135016
28137
38031
20619
23831
23255
25462
18006
24642
17647
22172
20280
28079
17809
34508
20191
33769
32116
50063
27999
20517
40473
21977
38040
24030
16278
21386
12913
14622
13310
14684
19973
18471
33769
19590
27614
22313
34264
25282
24821
18741
14081
13117
11091
12839
14416
27987
19867
31856
25416
26829
15609
21605
12821
16513
24796
19449
23667
22128
26540
18996
16157
30412
15118
16357
12816
12588
14864
19005
1547362
24955
20043
28447
27356
16771
34819
32589
23107
35593
25551
25730
40749
19928
17642
25832
52192
23629
26485
24210
35673
23745
15588
20098
17012
20866
22534
28498
28704
24885
25111
22104
23199
33655
28476
27550
23697
18445
13717
18982
31146
19163
21070
19366
28632
31649
28674
24515
13022
26038
18681
21487
11819
18170
13002
10990
21702
15398
17157
21153
23383
26550
27938
40505
18216
12888
30625
19711
27666
1681677
21425
30175
26169
30343
22527
16428
24599
20875
92452
32337
17113
29366
21515
19199
11424
14915
16606
22706
20507
20800
18683
13377
14445
22102
28203
18164
25864
20236
18690
33941
13900
29539
27460
35666
36140
30138
37201
32899
13899
34435
42028
19896
27208
44258
52767
32090
26610
32720
11784
29250
49456
43946
31511
26341
21162
16448
39881
24233
16407
22193
27760
15234
21446
20549
24658
29444
11066
24083
1250733
44100
26925
41631
21958
20598
26441
18418
11990
30589
27439
15635
19458
12422
17610
27014
20252
26658
17226
60428
17512
52579
20415
39466
37513
32711
21976
20385
21509
32955
36663
23296
26310
14442
3058514
27485
35259
24800
19850
26706
18544
28786
39852
20144
36326
23500
15871
26380
34092
36023
14507
26395
39596
17288
29227
28151
18349
15472
20439
25085
46757
18261
36143
25513
25401
23720
38335
17413
16777
1261183
19210
19458
21419
26453
13370
21248
30972
35686
34351
31415
17432
26425
20134
17142
16499
19304
25420
28396
44376
33595
26246
23495
14934
27633
25653
21557
19427
20182
35226
14898
16927
48660
22393
186153
357511
15785
40270
27881
15947
35149
22161
39336
26490
19875
65398
49814
36024
22272
34907
45045
24666
16523
16900
409365
25349
29741
25727
38573
20149
19404
13673
30152
17141
18106
28373
25480
22962
31457
15464
20139
18744
23723
30294
19014
28501
29339
38572
15187
554888
16744
20290
24468
15185
22715
22604
18426
46189
57669
71284
24373
26640
42781
40181
32448
28337
34344
54172
13433
22353
38086
16084
11642
18700
21051
26863
28492
28817
24669
18766
38180
17396
19866
19153
42646
28292
20557
71164
255328
1233627
34121
12786
22902
54717
25793
19831
36914
15948
20540
16532
17765
22029
23563
28232
29263
16263
31387
15909
14429
18303
33193
30274
38277
27759
34637
34040
27059
26645
31893
42017
29270
16881
23838
17181
13784
33333
29207
30863
72826
467233
24388
15107
24608
14823
13605
21520
17135
50535
27584
21158
40807
15983
17127
15767
33531
37299
52804
45658
33635
27776
24991
48964
23644
35345
19039
19160
16955
30917
27187
25753
21474
31786
32949
19540
16382
34829
35769
15542
41396
85501
14751
11524
16598
12725
19030
23050
28856
23288
15134
22844
21216
20431
23614
14466
31235
30575
37839
14854
15555
23193
25843
35014
17752
19096
19448
18614
14701
15793
27590
13572
29907
30034
19137
31294
24909
20939
18254
26626
3122590
21067
17195
27494
39610
26969
20950
39731
19866
16367
21920
13302
27861
36243
19609
22689
18772
15210
17710
14786
11912
14613
20182
18429
28545
23299
15471
28561
16810
16049
17592
24914
27973
23052
18729
30809
28190
19534
21238
25959
3433567
23320
37503
27049
27747
15691
22677
23096
24631
18889
37142
16686
14558
24362
26566
24372
21608
22072
18670
14674
20451
20004
32369
31830
20541
29432
31596
24817
34680
12461
35500
30679
39883
20670
38101
42994
30281
25037
28256
13923
2431289
18819
48298
24046
35672
18809
18996
25510
28174
13655
27384
31873
27136
24365
47627
21492
24250
18774
13604
14112
48493
30728
33226
26321
75425
25539
25837
20886
19375
27940
35624
36435
32310
28786
24465
18349
49003
29814
24205
31785
19363
17080967
13012796
8943103
4875095
814597
42207
16190
38714
25086
25167
26001
26840
30376
43871
23968
33598
21455
27042
14725
23076
21520
24911
34224
13528
57980
22517
30528
19882
28306
30606
25017
24470
33084
22318
23602
22319
18169
43955
16589
3469094
18996
25698
31650
13003
11203
20517
15194
18166
13697
17568
14000
30993
14730
12864
22751
20987
32189
35934
28083
40314
24558
16429
12818
30025
44316
18521
19599
33359
18143
23364
34279
37023
35421
38838
30118
16969
25517
16564
15317
2138749
20378
22077
23313
41982
41124
21839
23450
15899
25607
15587
38073
26773
25049
32210
15014
26414
13863
28891
19944
17076
35370
19022
19199
22109
23850
33524
27046
27220
14518
32957
14140
34238
20180
38034
30438
32584
24244
25481
17797
3059143
31137
18609
20095
34357
22360
24417
47714
29457
15009
24633
20860
29120
29027
14658
16920
17724
14107
24407
31355
17469
26051
20433
24735
19398
21645
12891
29444
23775
20911
21300
22506
30801
21251
42752
16464
15581
13602
26096
21837
2411067
11483
23650
26998
39785
19866
16010
20060
35506
18751
12300
20782
14819
16954
18235
19703
32843
15547
22095
21873
21066
21870
15765
19393
13553
13918
23816
19499
17977
14795
18312
17543
23480
18598
17361
21982
23546
19992
21921
21016
2591630
20800
23871
16846
15515
25413
17370
33164
22119
25399
13580
16934
22314
15265
14492
16755
21663
16376
14760
28328
13643
24419
15898
14414
35550
19178
15016
18315
27235
23813
21312
20339
20977
34436
20301
16004
42095
25024
20331
28448
2191868
29340
21346
21330
13900
23972
24346
19004
24728
19837
23534
12527
20006
14903
27256
19263
25914
17368
29820
18285
13548
16962
19851
25788
25433
18912
17575
23937
22536
27033
22316
22171
18246
24245
38476
14388
20869
23600
17225
21901
3662148
25393
25644
20644
24252
105471
20677
38804
69190
24660
89929
40682
32406
16988
28967
23027
29258
17369
21561
15594
55683
15892
27470
44195
22824
19834
14510
12085
17238
10583
18772
13344
16820
15997
14963
16123
21577
21116
23604
57272
551109
16613
6767429
2694885
21523
17627
16442
30092
26811
18768
19229
26525
16088
19105
13010
19975
18950
107568
28110
45681
36599
17958
17527
28731
41970
20122
24646
20665
18454
25173
45794
32647
19176
20412
28680
18934
31604
21323
49581
130934
1079301
23318
14783
22418
24687
24046
31040
24260
21234
19881
33535
14118
12270
13077
19593
16784
24062
19401
36424
19107
15649
21953
18096
18254
14820
18193
17644
26413
17557
15815
27665
19341
34721
26537
21078
23471
12638
33777
33441
39790
366160
22131
23375
18315
34597
19127
24797
24272
33769
28198
40355
23103
26102
26199
37803
21427
18687
17781
28221
21255
28150
27532
16900
26703
17093
14459
16026
18298
23714
22300
20109
21858
22946
28767
22990
24448
17488
14676
19260
14247
20732
17203
23266
17210
20388
25288
15929
29476
31113
18098
18786
15829
26522
14950
23380
18087
20388
18884
18973
15714
16852
23297
24397
15855
19829
16027
16939
21270
17339
22020
35126
37248
23603
23513
28830
25165
14724
34027
34709
3737031
28839
19613
25057
31749
22540
18610
30669
19933
23951
27004
29569
24230
30950
19254
18814
13095
13563
23174
20928
20609
18880
20486
18568
24128
25549
26726
17551
23679
17097
32777
16262
44324
44989
25240
20746
14617
20375
14237
26884
2038361
22240
20736
19115
29305
37643
12608
28261
33976
26971
40348
23825
23729
68144
20567
22463
25341
24543
29214
24914
23595
32797
25458
53393
17107
17417
28271
15489
13005
32074
18679
25575
15708
14949
19254
27403
15658
22203
34597
35619
1607003
29556
23793
33823
28505
37308
27403
30054
22669
13906
21209
22808
16073
13925
19270
17878
19566
18825
15297
16500
17039
15769
15199
16603
16249
20114
18467
20289
13136
23348
14420
15977
20088
17338
20374
33718
22768
37391
20105
103746
1187702
23441
19562
24356
13581
16772
19959
18825
24543
27056
24183
37245
28424
24831
18932
40672
18032
15075
17018
31486
30082
20204
21254
28763
14010
14417
12496
23027
11541
16950
14214
31091
14747
23926
15731
14730
14806
27657
14143
41721
281557
28758
31218
30954
40069
24025
15889
25614
38968
16931
17275
15271
21954
26458
13295
20408
22163
39354
32593
17177
14479
21192
19200
28271
27339
18892
11669
16287
32063
48985
34906
32196
23431
15912
21508
11396
16142
28096
15230
3688276
21381
23918
24727
21996
17493
13760
17170
18659
27247
33658
18967
19958
14750
34839
14440
16245
12053
19449
37181
20754
19169
18125
21521
22689
28279
27937
18702
25873
19599
35551
22756
22580
33999
33341
24265
17902
17426
18377
20316
2557597
22210
31822
18211
30096
18171
33794
28702
25488
14926
18491
21043
16883
30424
25829
23356
18755
14649
15380
11851
26393
26775
39301
26530
20429
23761
17954
41850
25142
16381
29488
18941
15156
30816
25759
18015
17478
23076
24533
43650
2590096
12447
17583
28040
16632
26303
18811
16070
21565
28625
25147
13548
19350
37069
19949
18074
20706
32400
25857
19211
17414
12761
15556
16067
14724
23868
28338
31438
31493
29112
27641
25964
28804
21251
21516
14423
15204
12795
15426
17105
2598090
27707
24785
22831
16996
23301
21618
20442
16125
20265
25907
24958
12996
17472
20303
31191
26214
14165
14133
17388
15220
18461
17197
14356
15223
19044
12948
16638
15051
27911
19076
20810
35014
14344
21718
36630
30609
41543
32440
28088
1783147
35975
30189
12581
27663
23569
34244
22868
19081
16601
14834
14177
17388
33184
23743
13455
22469
33858
31599
27697
36372
17741
44564
30290
43348
45379
18584
20737
18081
25593
31381
32043
39415
29093
45056
11337
28992
34839
22626
18223
1767043
27339
21904
23060
14540
27560
18856
31371
16778
15318
17476
16083
17363
31791
28346
22755
16728
15561
25464
18640
20166
17430
17739
22491
22507
22065
14462
18916
34824
29204
16360
22841
19250
47688
19630
17996
28488
14006
16828
19535
1736344
32884
26906
20448
14715
21671
23847
21025
31654
18311
37728
35206
25080
28529
39309
45004
34875
30508
50890
34082
33169
28854
22513
20515
16642
13212
15782
34492
22634
20462
19414
22358
36925
19088
21649
31266
37119
26020
17919
21322
854186
23893
29184
18577
32990
29110
21515
27901
16220
19620
19130
19568
28598
20694
16955
20662
50217
14109
36078
32806
18272
29147
21033
22067
51848
17119
23833
27255
28461
41506
22317
22830
22766
27926
32003
18795
18480
13855
21531
29557
212982
18979
25787
37031
25939
23133
34787
24718
34373
23928
31075
16450
20225
15279
16663
15284
23038
19577
25211
41866
27653
22211
17903
28591
27739
33260
23454
20369
19201
16722
22778
20905
13997
32086
37821
30678
51047
31725
2552744
23085
35469
26613
18813
33990
49628
19644
34846
24313
37462
76835
547722
38718
18019
29352
31318
18517
23903
46807
44032
30633
27157
21688
29352
16950
25391
28402
31997
30238
16858
24624
32517
30123
32169
32150
56706
19102
13716
22916
26027
20597
17735
19721
35323
21595
26226
24549
18915
18623
23129
15894
19688
23329
31231
24488
35205
25679
20769
17670
15201
12960
24273
26786
33479
25925
23128
17923
18864
15273
16085
21346
21307
21529
22211
16150
40240
14624
17497
31050
14659
11611
27895
38328
55450
37313
20251
30218
22665
33450
12576643
8542407
4460237
344063
32202
27643
23939
24942
23323
15360
17256
41699
17118
19777
35595
25865
31724
47733
15721
33132
19283
13857
45851
33397
36917
25452
33587
27969
42529
49376
35499
40549
23668
15746
31026
23066
25785
26985
24291
26591
42487
31127
17619
17426
19301
20409
19515
31059
29947
30981
30005
24743
27967
12862
46005
2079887
23116
14389
25613
19584
41721
17980
14821
15865
20012
19781
18120
26505
36664
15518
25883
29237
20369
20111
14333
16919
18364
26177
22971
16760
24410
33459
17541
14362
23507
17411
16650
21421
15231
16970
16257
19888
18854
20027
20883
25681
34974
17794
24768
14226
27519
12410
13992
23595
16218
16195
19316
32285
16882
41128
1713017
16093
21626
14418
16505
18148
17591
17258
18475
23609
21540
25678
22076
16086
24116
20514
25240
19650
21347
23920
15983
22180
20966
17824
14687
19131
25513
25903
29651
20953
25349
18399
30547
16488
19928
21524
18547
28166
20215
15585
18198
17885
21888
16902
24049
18598
17273
15513
19913
16570
22296
18765
18552
32524
23867
1109051
22136
19716
23404
22293
19193
46094
14058
24167
16719
17992
18768
24542
20575
20696
20100
20835
25937
15594
18311
20819
41000
15060
28716
33933
25290
22931
21144
21881
29681
22576
26254
34028
35832
32136
21254
27615
37344
23137
21425
27571
24047
28905
32206
25419
47373
19929
25072
25663
19499
23868
24941
28244
23040
4813959
732567
33529
15593
16015
17360
19649
23112
27025
28840
23874
42065
22423
18000
14169
22688
21374
17934
17092
20802
19358
18549
13304
19840
16556
35468
24600
25942
25938
32129
25369
21597
16798
52420
60108
20379
18241
27044
17111
17369
20407
16521
22677
30971
28709
29405
16699
19754
31914
37509
20450
31246
13665
32598
35375
45273
1219698
22014
15508
97931
14337
33528
36997
30288
28820
20650
24072
13004
21125
19088
15068
20256
19771
21152
28143
26080
21449
20882
23023
22453
17261
16688
17846
14387
28322
29595
25000
18323
16954
19625
18082
18476
22334
20430
21533
20173
13974
17354
25991
29414
20314
16144
15786
13566
18743
18680
20885
25074
26195
16707
4452164
344859
20433
27447
22189
14322
19456
18867
16681
21210
19461
27698
31124
17620
14869
26096
25197
24965
27887
21240
18517
18490
15542
26717
15717
19925
15315
30179
26185
20720
24642
15108
12592
20301
15042
19106
18547
23955
15073
19544
21250
22667
16615
24969
14430
15212
23870
38005
35858
25615
15554
25353
16079
23896
17158
3747908
19190
25230
15262
30020
22174
23028
14076
17373
18253
22903
31512
22874
29083
22077
26272
32492
58036
27980
19468
65406
21132
35585
14933
15954
17236
45290
30342
19392
35358
25441
24768
21903
25265
32870
18581
14137
19335
15976
18540
32507
35246
45599
26925
26991
28894
35939
26551
23577
23356
16606
19172
16836
20625
30910
4119518
30286
19958
20598
24510
26920
51495
16701
40088
20829
13387
18763
21621
27078
25559
15711
22905
18001
21038
18645
36688
15404
10971
20133
18434
17096
17743
25609
18286
18027
23390
30022
16193
34873
14424
17731
20884
23730
24507
30770
11023
25401
35666
46891
26785
21436
15067
23817
16630
16552
21269
19916
23081
35295
49136
4213659
89296
28082
18702
32921
24630
33359
29138
21826
27545
26866
23229
12620
16855
25107
26343
39367
27945
32639
27379
40168
20086
33509
20507
20401
26901
25311
21338
28693
17613
28211
13671
33818
24148
27688
34815
26789
20990
28193
15024
13316
27002
18162
18652
67224
25039
30544
35693
34546
23244
15644
25300
15424
35364
33814
4155048
67771
21525
42203
38037
42567
45793
67959
32778
30048
41374
34552
32221
29364
16438
23188
24550
33683
16167
36990
40920
38839
27095
66260
47263
28419
47523
23693
25898
31815
41912
40085
22218
22791
14844
24315
14872
24130
14871
16306
29849
31357
25252
38921
48689
48621
41469
29012
23428
31538
20865
28008
31971
23664
30663
4538347
462104
55311
40595
17116
18182
29085
16505
25724
14922
15325
16009
30478
25639
25019
19125
30208
18189
16202
29649
23833
21227
26684
24525
16735
16520
13551
25604
22412
19125
35695
26823
14319
15022
19927
15109
20943
19625
17598
37372
13458
16613
70206
14904
16241
24520
28300
30843
15902
13840
14760
22129
32995
19596
20637
4327494
281368
27342
17782
19902
38564
32080
27248
29193
31071
27673
23941
26025
32403
24677
32900
14756
17115
16781
26703
27910
21711
12105
26168
25514
30784
20529
29152
17668
21043
21807
23452
16499
28849
18337
21759
20043
15906
12221
16259
13352
18368
17474
20425
27460
29722
19127
29456
17821
19826
15850
17233
25895
17653
14070
4061819
338815
21750
12272
15602
21694
25458
12296
12682
13652
30654
16254
20827
20097
28381
17608
11348
11540
21477
18697
18695
23619
17486
18502
25021
12183
17750
15867
45522
50316
21724
17841
48054
24884
31976
26991
30204
29066
23321
17644
25781
26131
16047
16604
25982
29093
25867
27437
28996
24351
13953
16565
16059
22909
36322
5051042
974885
35149
18931
26638
28639
20701
14810
20370
31376
36490
30237
26350
25680
28531
20924
30819
26541
24123
15804
14406
21210
28335
24115
20357
18908
15184
17919
19278
18617
15026
24317
15888
20551
13521
18328
18992
20699
13827
14980
15644
16827
15599
15274
21798
13036
14345
16640
13610
18610
22021
19220
17055
16563
14413
4408514
332021
33979
20653
10074431
6003755
1935885
38759
16212
18209
23003
24287
16829
17399
28722
18804
31185
41052
32729
15904
22330
15871
23109
40489
16090
25223
17336
23197
13957
15161
16539
14687
20407
18739
23677
36418
15045
18454
22059
26380
21352
14185
17447
28476
25363
27481
20986
18724
13749
19050
17210
36358
27898
15493
18557
4919118
842879
20640
21925
27771
23955
30091
20410
23429
18831
25175
27349
24724
17201
16662
26001
23176
12476
31231
40274
16605
19529
15070
22095
24550
31562
20565
20449
16849
21827
14885
30179
35503
31092
34153
37395
21873
21405
23804
44438
29839
24286
24112
18676
25191
26391
17098
31021
27199
21794
24699
21647
21669
20096
21600
4703204
575653
28637
37680
16214
20340
29265
26557
28511
29660
16968
27020
17750
17820
28484
20205
29501
17540
19004
28484
18100
16654
20739
29485
23568
21499
23910
18759
24745
25920
10819
26131
22095
30103
17250
13597
19687
19033
22872
25089
16667
19577
19963
21975
21116
18771
31937
23105
21196
31027
16985
32736
28842
16874
31685
3974699
90798
20141
26246
16588
21616
22032
17152
36974
26723
16662
28530
19487
17254
26792
15540
23515
17598
18110
25956
24799
22642
27873
18549
13630
204354
39844
31915
27600
23030
15208
35206
27196
33975
21670
12818
12506
15818
19114
15597
20887
22454
14111
23776
17454
16174
35147
40618
35520
23905
49629
28053
33462
41401
19618
3659249
18786
19827
27054
21010
16443
33512
33851
29421
17926
34635
17907
37944
17591
29056
29695
39269
17999
45461
24204
27890
26278
21890
37711
30076
20515
19068
25802
37402
28327
52334
21676
29693
16726
27640
24626
19267
17456
21096
15908
17952
18876
15090
20642
21560
15212
16147
20111
28994
39220
35037
29325
31558
27043
19958
3606263
17313
14919
15183
15066
14379
25683
18637
13705
32710
20218
26079
19588
18356
23585
34456
25741
24229
19650
22413
30447
15470
17519
12519
20680
24022
22152
22194
37830
18378
18289
23448
15632
17228
69196
45942
24865
19965
15393
19841
14952
15495
22112
21857
45442
17813
17179
30393
25060
18250
32864
23478
34540
25863
22477
3869281
21376
16679
19350
26060
20922
17885
14101
15942
17323
17744
27857
31892
28512
31127
18901
23240
16308
17521
20007
23627
16047
20419
17651
23328
31421
29049
30803
33528
19179
31988
17787
32463
21596
19634
29942
16157
23484
22970
12470
17131
21571
17882
21689
16428
16645
16451
18794
26333
31531
18679
16643
21615
19081
16409
4125365
43888
32282
48288
30809
19902
31626
21939
18883
20326
20645
47813
21538
26616
28947
22772
24990
27029
26954
15274
14198
20750
22918
25373
17169
18637
23168
20999
21055
40357
45816
43908
27169
22276
27472
41903
20109
21927
26803
45742
32442
35500
31556
41633
12475
26047
39374
73753
15744
27253
20632
25570
21564
16999
11884
4545201
462636
37272
21054
23182
26270
20427
30513
26533
15436
20742
25380
16226
28946
25255
35185
48263
20400
27185
27510
16678
18277
22374
17795
20826
21982
25730
18713
30138
21018
24815
27155
19053
26826
19664
27818
38500
43671
27099
21948
11989
16151
15910
27400
30428
26925
26848
26827
24440
33326
29642
23396
16189
33925
38988
4165230
65297
35253
23134
24799
15304
26515
22592
28464
30774
27762
29147
26923
24703
26495
22256
19924
23574
19959
21410
16939
13293
17040
16292
27111
23277
15315
16633
32896
12775
21756
15068
25896
18263
19932
20895
21029
18580
33323
14659
16170
23334
35093
35703
12785
26432
16217
30360
17920
20292
15958
14774
24492
30420
16989
3836560
136468
33411
18347
15885
28386
16058
19332
44144
24282
19063
16360
21109
18880
23633
18757
29372
26165
22088
21829
17194
28470
15563
38492
24254
34400
34541
26675
32234
33559
30584
22289
25179
33705
30944
34211
41661
47518
29480
28675
30233
30965
16861
14834
18678
31890
26885
14299
19478
27982
27870
16472
34640
20264
25107
3291200
40934
28163
32042
24349
22469
17748
21686
22634
27328
22805
19757
17896
17193
26277
50465
48856
15657
15926
87393
15918
22426
25258
20560
20309
22756
15344
20127
14906
15671
27435
29336
70410
37668
23684
19103
33720
65317
26448
35388
33428
30678
21535
26707
16831
18422
27310
24093
21465
26612
16095
16172
26781
18478
18235
4157103
74511
21958
23318
21123
27740
32282
25913
20545
28976
12183
17079
19905
15913
41467
23105
17566
18831
14890
24703
64191
28846
27316
38104
32638
15688
28745
17650
12580
30808
26977
21706
21475
21920
20583
40492
35984
13975
28566
28403
16885
25184
20785
38418
13668
12078
21148
44088
31127
27476
23114
28792
28225
59094
27858
3579694
23349
26198
37815
19474
13716
20516
22246
50197
25140
37060
27663
16493
26274
15622
29412
15441
29493
21437
30483
22816
33494
27778
16779
22244
22498
24873
28550
21041
16269
16707
21704
18461
31242
48595
12761
14864
28373
20923
44140
20033
16824
25503
21120
32788
31322
26482
17445
22892
18572
14706
33350
19273
16570
31440
3126744
36618
34050
19064
18672
16557
18738
79898
21111
37660
13570
18229
16246
26484
53944
44618
46778
42359
22836
23581
22891
29674
27739
22276
20721
22087
23479
15973
35256
23635
20661
28459
18642
13495
42066
38092
25122
36239
30115
39352
41916
11826
31013
27292
30229
17512
28829
20880
28243
30903
29757
42042
31743
44112
29113
3640104
31290
21856
23875
20234
23730
13664
12354
34823
15891
21150
24599
31253
15866
21833
25108
19019
36229
39065
67671
23328
16719
11725
46355
14058
22835
29872
16963
24286
18440
15365
28047
22559
18667
23775
18143
26621
55154
25737
16767
24200
19166
25140
22670
18420
32850
32019
21098
17460
17429
12818
22835
26824
34138
22097
4780326
742788
27822
36276
18749
24259
22997
28166
24633
25349
30689
19448
22960
16744
14493
15705
12160
12946
15700
17631
26803
21528
29340
19487
42576
51174
33728
35823
25639
52116
28411
24133
41110
30996
20107
23496
25291
17868
30620
16206
21443
44150
23036
23302
26107
19318
99860
27850
19921
32035
13670
16289
19068
29917
25788
37675
17409013
13335877
9259356
5175084
1093718
18333
26073
17482
23213
21457
22751
13279
29711
16683
22407
22311
29732
20886
19910
30468
36405
20864
20464
14787
25955
18612
27428
25557
27316
27733
49318
33954
18270
31095
19970
18260
13412
35692
16576
19038
25611
38410
29270
18264
73456
13586
22890
19742
16184
25316
18766
14925
38510
16411
135949
2000666
40230
26305
25460
26043
15946
29997
23977
17826
21731
23509
32419
28845
22427
27344
14654
26173
31740
22712
18892
21114
19457
25038
20061
18320
19808
14523
17331
18485
16001
17814
23725
24607
33060
13706
24505
26768
18102
15635
15742
24804
17035
20086
20454
13125
24399
14820
28062
19171
23398
23078
21856
19157
14673
24348
1319041
26966
31571
19008
23232
29580
32553
23304
28316
13747
15994
19571
21555
17682
23872
21162
16470
14816
17122
15845
22707
17479
20810
20363
24617
20332
29067
42596
28461
15898
20221
20174
20053
20339
17191
28690
37212
15749
21728
21884
36978
25863
25682
29842
21108
26571
32415
21582
22108
21639
42617
21821
24915
15587
207688
811088
39185
29236
34440
26313
19520
18194
20145
24127
21186
33332
22231
20393
15154
23884
15776
20298
19760
19520
22876
23600
17497
22958
15445
24234
23949
14534
15271
16950
17921
20032
48708
17069
45806
30356
45026
26947
18944
20583
32089
18195
38941
19869
18648
21560
37016
41190
33567
19604
21635
13248
17380
27007
15810
4357095
282702
37032
22051
34960
27628
30589
21933
20307
18991
24771
23770
24096
23020
39184
16351
26319
66799
36531
18376
20725
29610
41626
35394
20478
23847
27595
27230
14999
18907
29748
29050
29158
28408
25533
22552
33268
17326
15165
18700
19563
24926
27478
20973
16005
15230
13657
27800
33736
24966
20870
18356
13890
17771
13848
4766937
723055
23260
22362
22921
13104
17813
14860
24895
22403
25308
21587
18054
17469
17490
24912
23369
31624
40884
31710
25868
14626
31310
23690
28865
17659
28213
23444
18902
36007
30555
33365
14984
18579
25791
20591
21043
25653
30887
18079
16668
22319
17293
16540
12866
11502
16548
22062
20564
15917
22252
13232
13771
13732
26056
3873486
119683
16473
13945
20532
16540
16175
17025
26735
20523
31573
15228
22831
44884
19771
30966
60411
32523
39653
26485
17372
28284
22403
25590
13688
25327
27659
15997
16290
23490
28310
27121
37930
30067
23168
27317
23380
17068
17832
19431
34207
21598
30999
29084
15058
26553
20023
23691
29488
19172
18285
62856
14819
25242
23812
4310440
233364
20601
13158
15291
24179
16753
27639
16196
32662
20531
15788
21952
22498
25631
28306
26440
25334
12060
20843
22163
27716
18653
42250
70410
32775
14323
14444
18002
19506
19072
13792
18996
22948
37055
18281
19310
26137
27076
15886
17871
12997
17291
17195
13461
21576
13473
25764
29106
21407
32465
16645
19261
34328
31535
3306196
25854
20040
14645
17524
22086
30617
26577
68806
26447
19136
14572
15940
13631
17346
19712
24435
24164
20293
23574
25604
24461
14571
22743
29776
14800
27624
36177
26137
25439
22974
22534
15567
15570
11999
29172
16941
14695
34361
26973
14475
13308
19343
18790
39753
23755
19326
17425
27748
19918
19211
16540
14899
18390
18504
3564567
24976
20421
16263
29274
18018
20316
17797
34476
33006
16081
16962
24992
34940
23465
21160
26595
33486
24845
16147
25527
31118
26440
27226
20116
11985
25553
15288
24477
21016
22374
45381
30568
32578
29858
20311
21565
24307
12041
22269
18795
15458
18807
22053
17960
21675
22067
18348
23298
21981
40407
23390
23218
20737
17312
3967997
83254
13760
15051
14524
27519
22841
26437
19189
31196
20597
15937
19727
16142
18993
23299
22141
19738
22869
25384
20289
13267
28486
34358
17692
15330
44715
28676
16442
18084
26617
16401
19210
18573
16683
11828
13446
15212
16760
14165
11889
21480
20203
20538
22288
13945
19492
35773
34707
27057
15877
16111
16417
31133
32993
4107852
163976
22242
43023
26338
26907
27325
26705
19424
16928
19750
14207
18365
28500
31200
24129
22704
21592
17394
13326
20000
25373
23725
12365
17930
27488
25635
16159
18558
18010
11288
20949
35928
22924
20228
14292
22489
14879
22219
14933
30735
19427
23721
20954
13127
18679
38168
18062
18568
21519
22799
38560
12482
17679
23851
3930308
27430
18952
25157
24503
15066
46877
12093
15911
27068
25367
34445
25945
22804
30647
15363
21420
22863
21160
17365
15563
14028
15241
19914
26380
25101
20077
22110
30559
21014
27106
20620
15046
14399
23213
22510
19507
19805
18890
20369
37763
30148
24914
30808
24821
21606
14056
17262
15567
17391
17091
18513
18195
20798
19558
3866625
21167
40765
29410
38828
38205
42031
39388
39795
27419
21611
19680
151720
23810
18015
30178
48483
17246
32608
17092
24916
30312
93121
55133
23322
34478
32135
25391
18547
12671
12894
11332
14989
17202
19829
20193
23029
23942
15143
19741
29860
28739
20651
27525
26767
30537
19380
20183
24997
22578
23677
19372
24424
27371
30784
4005990
15812
32815
24142
28990
21291
26794
38274
31249
28466
18067
21717
29721
22391
29681
16893
15754
17805
17576
17901
15647
16909
11203
22737
20605
15160
25330
28031
23097
16481
23722
26366
26463
20936
25064
18446
17345
25379
13973
15818
16738
17521
21073
15629
16773
13975
15140
17909
14368
21920
24574
31194
20550
17359
21243
3247873
15694
30836
16035
24634
25803
22086
13373
13620
22100
19225
25911
26568
23091
25097
16671
15726
25770
20880
29291
30266
21401
24902
12398
11937
20022
12843
35095
20343
14268
16490
28426
15127
16356
18054
18959
30158
45376
23511
32317
46940
41588
33698
19529
48867
16193
24515
17892
17823
14762
20911
37371
285453
79299
15653
24188
19464
31157
22802
19276
14326
21675
26103
25520
32718
20515
25502
16214
19644
22987
22634
31701
29043
28393
23607
15451
31688
21911
34366
20690
22146
20940
23024
24540
21974
19027
46303
24431
17951
15866
75273
17104
24922
36466
25736
20118
20762
17562
37089
152319
39651
42684
32550
13356
32561
51582
25687
25065
30952
20917
31026
19065
22036
17591
26051
20875
24934
36383
28306
30888
42328
35595
27034
20568
30108
41447
28229
68806
36834
34455
23298
29685
24413
19758
40695
34714
33586
28000
29620
30433
27304
17618
38260
15638
36592
26882
35519
37434
135345
25648
29506
34294
21300
18480
33358
28506
23294
34666
32869
28608
18203
21285
23829
25775
42186
21676
24639
13228
29750
30857
24145
17211
32980
39821
23400
16234
14936
24594
28346
25341
26962
20656
24178
26890
17299
17964
16483
23510
25377
20214
12303
20886
15874
16320
16550
17426
24660
21181
509961
31639
25940
36120
18914
25603
16400
27379
16669
15153
23167
18178
52572
21828
276718
28122
22299
21329
18988
30743
29668
17139
38837
21082
20476
18565
27687
25040
23999
26775
27276
24914
26496
17297
20133
16071
14907
19540
14430
18114
28494
26971
29770
19977
17124
23300
36466
30473
23596
23388
35009
19594
46374
21760
25447
28688
25326
25763
33598
28817
18904
18730
14661
22884
33460
31922
23271
16352
22309
27391
31639
23016
16321
18075
14053
16187
24891
17588
20646
21315
21663
17382
18366
29559
26493
18916
20822
45951
18044
23043
20781
29803
20020
16341
13101
21996
20238
15781
17047
17559
25334
18730
40165
19429
16190
19598
25159
15225
17630
19345
30130
20253
26153
38988
32475
21765
25139
19361
27242
18825
23498
18812
37740
21633
56667
42436
9485430
5404628
1315409
47980
38199
31783
34154
17486
28984
22548
17063
26011
21769
17464
18038
14001
14900
13910
29540
15207
17168
18866
27050
21453
18719
21087
21659
19479
19548
21357
39585
17406
19952
29385
17030
24651
14156
25835
22181
27999
17919
42027
34053
25230
37945
19639
25954
21457
17179
15853
31436
25566
20585
36756
28741
26349
32800
28396
25160
13417
23944
21005
16760
16569
19545
17747
13256
20186
22540
41904
35533
20386
18755
21893
96374
41043
19663
20759
25661
29383
17028
18552
46405
18074
30548
15105
18050
27670
20186
23282
41011
16564
22706
21086
27440
32113
27837
43076
36854
18846
16689
35961
33992
27982
32066
34972
22002
39760
26984
15964
19127
24064
17380
14862
22930
12555
26805
22863
22325
17167
43221
11470
19629
25465
23439
31615
20468
14426
24336
26162
34766
18805
36768
30044
29278
25908
33912
20126
22380
15572
24898
26391
26789
13549
27254
25874
43440
22309
20880
28712
21501
27525
21558
11611
24141
15561
27281
32891
41192
27545
21647
30563
20199
29993
27552
25493
23430
43917
18104
26391
22310
12376
29230
13353
24475
15996
18077
19790
34179
16239
27495
18042
26587
24724
31620
59636
36040
33767
24715
36938
33974
41908
36537
36703
26267
14763
26453
14314
22526
18945
32389
51499
23063
27288
47639
23226
37939
15516
35261
16383
25014
23976
22772
78657
41170
31151
39507
25809
34246
23279
22376
33554
38874
37577
14991
30136
18904
39128
32387
32556
25754
15510
24509
29283
21973
28646
14188
23741
24768
22317
16135
21529
15988
23141
