2893562
492141
380906
378192
267051
409039
255780
313578
292392
270438
190839
183912
175507
169605
156488
173048
182931
212603
170797
183615
135698
156985
128240
155595
136893
184034
133587
138690
142373
148514
144596
141205
173702
151515
203349
144254
155536
168166
207804
240903
192565
201168
191316
176497
162202
140750
131959
129897
144956
141341
152530
141611
130697
122479
154472
155193
161108
187890
178167
186292
198047
184652
152289
153256
153580
130343
177872
180864
165768
174377
172430
145847
153633
178038
160932
158644
149628
192864
195946
147104
269504
175725
199473
169544
149020
190771
159249
179786
208479
167286
189795
198394
164310
167888
185163
164599
210182
155256
190700
178289
165206
171665
161045
153458
192269
177574
202973
156635
149935
179780
138752
167841
192394
156364
153730
146373
174965
150377
176016
158225
134402
203232
153211
192600
176396
158445
140617
159615
163665
159870
167096
178170
155584
147317
149231
138393
173988
129238
149086
152598
178229
134495
146009
143936
162609
199746
154614
156354
155447
158148
140547
145382
185682
141123
160220
157512
146214
157377
154597
158171
157172
173359
168024
153610
151406
161095
164630
168028
154259
183547
142366
167035
144114
159489
160588
242549
148330
188962
228162
169823
151045
162894
179615
187264
159684
226340
206141
201029
163292
150468
174173
167286
155563
185043
215697
230052
176143
160826
160962
161425
153558
158930
152333
156531
152390
139978
142007
160633
173105
148351
156140
158608
155255
147926
166371
169531
152013
184000
141362
137730
147120
146004
157341
141850
144126
134398
188848
153309
186274
144949
141336
138618
148581
129835
148485
142339
168721
179985
160468
152540
193605
147801
142134
159990
141844
156675
127732
144932
153297
152360
162327
223601
147705
144236
181843
149834
150743
143674
167175
158180
158027
137140
134306
149942
158950
133622
152216
148275
150098
134019
135215
143562
158600
153686
135847
157603
149716
163854
141696
215029
168874
180526
189726
158368
201399
182130
171853
154195
174024
132245
186851
152838
166706
142865
160769
150527
178169
170055
131524
148720
159413
172424
148742
175795
166116
149782
140990
156518
174380
159540
139646
144255
199104
195305
181364
149371
158002
166572
166605
139130
187829
178867
165013
150741
179112
161156
208591
168761
148303
147302
175159
152992
141822
125933
121726
151959
131991
148138
148785
155253
175943
187824
202003
150793
168112
148725
196129
146273
155689
184236
140206
158860
155501
143562
162528
151420
154553
147014
153030
155586
143696
163990
331978
345444
176975
134006
146264
136460
177598
128011
133300
146126
160259
153800
167130
135870
156365
172889
154524
167187
143817
198607
140924
155620
137349
159598
193195
180565
153188
166752
137494
167051
144603
167811
158004
140793
173013
197057
154480
191521
202918
156918
165877
160508
271945
185391
166206
180544
192740
159708
161471
171290
166191
185822
171992
170580
141457
144895
149391
187172
144030
159661
160648
145592
178629
151646
149291
149370
145647
190894
194265
196405
211433
186031
213226
269541
291263
181737
204980
170991
186077
178650
148444
172571
151649
167482
175473
155811
160985
152548
173175
190330
145567
163351
154116
181863
160141
190564
173378
190211
149077
141646
142348
177384
153754
196102
162139
138870
169280
151423
152829
156467
133040
168578
198750
179347
163382
167348
188746
193364
292025
295865
193064
354597
200666
173623
178751
175693
183948
180987
201624
206698
186459
209115
199815
200353
177659
221303
184006
155418
325510
159311
195323
215661
199712
236321
172715
205234
200212
211780
194286
144942
190503
172557
198767
204980
183612
158578
191611
175094
151876
348267
155165
207420
163029
223293
220306
148297
158929
148800
216403
168183
154930
259200
179970
191760
149570
150203
165067
166712
147504
137488
155189
193747
147768
170059
164677
155880
156346
155330
148375
178871
198121
210494
154547
173364
204131
148483
157954
164747
156766
196391
194681
214867
197517
179020
207333
150188
173276
131591
213966
148537
153427
185771
158179
152661
157775
169973
154641
151499
162661
142054
187821
180207
150400
182597
167707
138056
151486
173110
171129
151940
149198
213429
180668
187355
150075
184322
144678
206186
180248
173126
173378
154358
152408
170544
159514
191812
167548
201873
199125
188038
208871
145553
187013
208359
204078
205491
188047
173627
158636
153063
181865
170380
139320
138007
183789
165566
274074
150547
156259
221479
167569
151717
156681
149621
142949
133207
157067
167503
141888
163697
168494
240490
160913
280786
278149
173037
234778
209597
172253
153212
152243
176537
208810
149211
156949
230192
258643
180564
172620
163959
165197
141094
242253
168490
199002
178968
158227
180690
218448
192133
230187
223086
241896
271896
177257
156259
265220
139635
151403
211859
165689
173250
179361
140636
197335
181068
203733
176130
142615
180089
143606
212407
149997
144898
182012
162045
212474
221368
246131
167501
167262
171554
193079
175547
199978
213568
159114
185595
209261
162368
153263
146900
141093
154461
169622
163542
282128
176745
211877
192294
188993
156018
158805
175343
186359
168830
174568
190402
168861
190417
160699
167925
187613
190824
142803
161444
149284
233187
176215
181188
207122
205868
165900
140581
145131
147708
190147
217567
186432
140591
134339
153611
179969
150792
153186
204344
200656
153668
143787
137959
184803
195201
271314
137144
124636
162693
138905
164459
169710
155512
138043
160882
212191
137823
159130
153998
130025
153458
137755
150915
144282
143581
167067
148277
154203
147957
138974
132984
180871
143187
125047
146532
139442
143269
152592
139049
121441
137499
174718
174512
145644
211011
183488
184168
230340
164599
195831
197501
147414
169400
222993
225870
278218
172621
185892
187845
186077
155553
152920
194345
183504
205675
187571
169270
188744
171032
172665
189342
187892
209750
141127
190651
256225
145267
173465
122281
201799
191023
174531
211398
268848
181420
177756
210966
144957
185930
242755
150435
228146
198913
224791
218240
201931
150959
152691
132320
165951
176854
163922
147228
181725
138604
140574
146746
160710
139168
135866
146052
143354
153508
166523
148226
151893
129348
182499
150909
147104
133296
131692
140200
169530
147055
141032
138493
132252
150519
141164
135049
140886
125288
152260
172209
143440
150758
150736
164670
149511
148722
202058
164600
136419
144762
165334
205169
166694
141895
147698
143917
218726
149980
233692
170466
136164
171877
171829
177003
179466
147904
159049
173508
208506
165789
145607
169226
166640
163302
150333
185439
149258
184242
138745
155596
250825
146505
141490
145905
165140
188267
152179
152394
157355
191371
142527
170315
212007
169407
164705
131764
154745
147735
176592
165115
153645
146273
191723
132145
154521
151691
249405
186678
160132
164898
154092
177658
137183
151642
160098
149197
140580
144426
141682
175354
147340
136228
141259
140042
154579
156798
162460
136742
135969
150755
150578
193228
127462
138996
155224
141389
182784
1037789
157752
149204
155679
149357
148604
137160
165815
255138
145444
142761
145896
154782
125544
138465
159836
132309
139986
137705
147449
119963
127928
152127
144076
161375
139678
156932
153538
138778
209651
191280
162374
130520
160286
144927
133824
172548
134876
175762
131780
160276
168113
144590
126066
140246
150530
176680
173301
127058
194768
177547
136372
153657
137448
135890
142685
188081
153200
173092
184740
160500
157219
132814
158614
163179
208730
169411
164810
175683
125199
189159
149705
147314
148788
182369
211652
182030
212721
186456
181466
164135
182574
190853
196066
166123
135129
135532
210845
162249
138841
313431
236068
137565
122517
124430
137296
149970
140971
145157
137518
133081
156786
121051
144646
125481
190408
186475
128730
198953
144735
143579
151090
138863
141237
131042
157964
146231
162572
139642
142364
130686
134563
232226
144712
188597
145715
164303
213799
140844
140204
130457
185068
161895
150127
131548
145565
137165
142333
130371
142678
134395
150186
152857
149061
133210
135708
148453
134165
151400
133079
147372
147521
123879
136366
136942
182399
169008
141857
146627
166265
178266
157885
157990
140969
148443
139533
140164
140418
141221
143359
156499
146850
153648
150190
169690
179310
134810
160156
157764
135453
150968
142266
146649
126351
204305
163992
127501
128847
141172
122496
172643
141362
192423
142865
140675
168975
125505
162490
133745
167716
154555
149549
138070
151979
146822
184347
174726
142674
139526
137032
533211
128111
184795
185974
143610
141823
129936
154046
160629
121741
131969
153752
193700
145125
142875
128017
131268
127478
174834
158804
138920
139434
135482
131925
156301
139679
141076
137485
128016
165150
149108
131090
158055
134033
200482
138788
141555
182848
175914
154530
136572
176175
164870
154376
146108
136787
150868
188950
149192
165169
139868
159905
127360
179048
126229
155774
147939
124885
148843
147475
146471
140081
138873
177127
137597
132087
147639
133752
125924
129303
147759
142904
146798
158301
135685
130745
122552
114900
129974
140754
158010
129306
138722
156062
129782
175314
134888
144577
133622
135279
132023
153742
139072
135205
128182
139160
132487
136565
139776
129435
152046
160458
134248
134217
128342
125355
143604
129940
129574
129939
142719
127998
144751
131276
124689
138681
130729
141750
143735
138550
306786
127493
130077
142149
136524
140609
125376
124062
127087
119697
147876
139399
131997
151096
138774
125621
113021
155811
155423
136973
138628
145260
158811
138824
149800
135612
125928
133460
120685
139163
129598
130484
131383
158482
155061
164010
198055
172201
141819
187358
177960
144027
131158
125805
187444
150270
136596
147822
142122
145569
141961
146140
132445
150343
181119
168775
135980
147813
197964
131017
131099
153000
144614
159245
151442
160858
138313
125607
184542
171621
122019
156911
124978
128275
145571
138788
120207
136180
143215
143726
137097
127164
160891
147253
143471
150411
136029
142402
128394
127876
124906
117026
119030
125347
132715
122724
127475
185442
163844
179043
149404
126052
127515
128926
195411
138528
212522
310294
140934
202572
213674
1636674
129022
138095
193330
185513
218432
185108
150691
181215
359787
156120
173618
143258
146242
149519
133141
138046
131314
147572
125160
139500
133083
135108
163285
134285
127205
156748
152542
137084
144942
137659
128493
138735
125393
122513
128289
118073
134690
130719
140917
127102
137899
124012
140313
166865
140510
173936
155674
115531
137347
147062
138619
165033
148687
137919
131432
149217
142457
165178
129682
145969
133146
123600
143412
136143
144267
144353
148941
151149
163737
135221
171232
144718
133673
151483
135125
135121
134564
122910
187878
121481
126982
123030
129484
132733
117204
127822
120507
123450
144572
116985
176473
138070
125884
136664
173819
148774
188943
121267
127327
120196
149922
854946
132266
148433
123976
123184
134663
132785
128801
165310
132827
144040
174386
250369
170968
173536
152980
146899
165877
147610
143234
142362
126505
121632
149200
146905
144582
141571
154945
149677
134080
142980
132345
144468
143961
154424
125576
122060
136530
130902
139857
126455
138241
177373
146101
146587
139407
148565
140648
123227
145225
151695
138527
182642
136645
157943
264706
135826
156552
168278
146905
132987
140665
133426
140533
143791
180581
154653
123808
135103
144391
124664
123165
127108
136764
135734
176650
145681
158251
131544
183545
127250
137028
257457
178451
139063
166743
139378
127904
136747
130325
162653
149517
141939
181789
162229
134565
153146
128050
165756
122887
147084
127047
160896
172840
144675
129625
177539
194259
143614
148516
160058
176007
142018
126404
134560
140260
124942
138323
160025
141954
108453
130348
136284
166972
126059
136375
139801
128085
142934
126523
172058
131330
117361
155164
140847
178364
150150
152990
125628
133119
122105
164748
188696
166663
140803
154738
136967
196213
148817
134192
140618
134793
178114
200574
129807
127493
126452
145456
154063
129504
159454
135228
127228
146708
158442
153164
129263
138130
124812
140054
154055
126652
128319
131075
130655
125686
232896
110581
116961
122782
142465
181307
146456
146481
162904
140608
113498
141324
142678
146740
164750
178041
154219
176233
160669
145103
162157
131439
146048
161621
151405
182689
157959
172344
154270
137090
154281
145361
135824
133925
133628
130040
127803
144635
129682
128475
112566
126303
154162
127824
121112
125481
130228
135928
196039
157059
132147
178738
120238
140376
136136
147413
124267
170757
128624
131454
127802
164935
124779
165902
115489
129145
138275
129513
136353
132126
137093
132466
124067
161896
135929
143773
141074
208612
199345
158230
250100
169727
155475
171415
164313
164313
180432
187249
242821
247747
186458
141864
164855
221919
132336
167271
136373
162496
147040
173358
147484
133462
170574
182879
143309
160153
179115
135007
159743
139740
149934
154485
179042
128951
124344
113417
123024
119548
142392
125497
151457
129660
127343
133959
159591
163284
149640
185631
132978
159582
139096
137692
177676
158601
154184
170495
162813
114767
137396
123431
139954
141481
122447
122284
138094
155846
148220
143803
128242
121665
138790
135898
162438
139923
132480
147052
149126
166792
195562
162093
161766
133960
162633
132658
145463
112217
118402
158910
162659
216573
125823
127563
119323
114331
109744
119406
144147
131720
141450
113537
115372
138955
150313
136084
171271
246820
116576
138952
157120
182072
169093
142934
140403
134851
130302
130496
168331
276875
174782
133944
131666
110851
128080
176366
151854
146648
164398
660170
143067
140178
146361
151970
139654
180033
157011
163672
203300
185414
147322
178828
271148
188890
179802
162753
168474
174376
172938
182396
224650
161150
157626
152542
176711
147942
146634
145914
182095
150123
146359
135417
134814
267128
136047
175671
140380
170984
143652
139766
150832
185001
145639
149124
132778
166130
176068
148290
155798
175842
142661
145308
172733
132151
139274
160090
130892
164262
124630
166386
148199
149965
115786
159013
132369
277303
190833
143821
124214
170070
134078
130714
134418
137913
141529
128020
126696
133885
118824
102470
168104
138385
131751
194974
165860
141379
133451
125053
151611
181704
117197
133573
149303
123844
129082
156538
234399
185643
175921
165009
197239
133039
177136
146417
121604
121260
119902
123796
135719
113176
133920
117214
125088
120918
129247
119967
118076
126375
153986
165939
110360
114487
278925
115957
122166
130035
126050
141817
121308
133876
116623
136690
144868
127237
114646
128926
152679
128510
151222
114613
132456
151414
125243
121627
149950
121077
143587
114030
144093
127045
128048
140970
111237
113070
124235
111824
119159
114313
118598
106038
145548
110272
125429
159978
121837
120548
137908
135047
133859
138607
154798
186257
139710
137785
126184
125655
130175
143432
175060
119222
133453
137379
214034
129609
139207
141454
125057
137034
114121
111517
146822
146382
124842
119931
141770
113769
124408
124957
127081
163234
133706
171760
119211
147084
118209
116904
123713
159856
164852
217662
130656
142770
132077
106023
167427
118342
114123
112443
110996
120044
111360
123091
159840
121077
121169
184608
132183
180311
280528
128304
122402
114838
112765
126542
126916
133417
160181
159692
125398
122603
129947
141263
181070
138521
157810
161409
135074
143022
171441
113515
151137
134359
114301
143967
137110
123368
127594
136125
131218
179819
182692
176240
135776
164123
127602
120641
147472
132870
133524
134751
131815
121254
189494
149258
150552
129410
129197
256035
150718
129009
120033
129644
129084
122731
121936
108128
113517
134053
126550
134138
119280
122125
134042
116076
228507
154192
138659
138418
267249
150986
175725
151818
178942
141364
177533
172465
133573
188929
171764
173205
207097
136805
141064
134689
138766
135138
116350
127073
133548
121254
115033
133360
149011
139124
124842
121753
165078
172002
155976
159949
148925
183425
126015
162525
275402
135782
145082
126220
115940
138301
107714
148303
123892
121856
124106
135453
137152
196105
187919
127777
186947
171137
143361
101661
190124
147862
134936
322754
122342
124287
155623
167933
187439
197787
160696
126121
108185
150655
170121
183462
147548
146038
116677
123621
136700
167560
130384
199665
118434
137122
125371
171550
132459
147158
137434
121311
109400
165638
123287
112767
180843
174533
135763
157933
123180
130959
255829
122989
126385
132120
122971
127542
138944
139891
119941
122968
136659
149572
151221
122134
155080
125582
171608
142226
121050
118121
113469
123119
116460
145830
148688
576175
164435
161029
174720
168095
125859
146138
121734
115128
138717
111439
114264
111473
100903
134961
131002
123308
107705
123082
116693
122712
126545
120523
122338
122214
129280
115885
122842
131388
112911
114123
115476
127126
121069
140739
170026
176405
144351
116947
135787
124806
126635
124484
126677
129265
120768
108334
121443
132448
116890
145564
126059
107205
113627
111153
116679
115315
130989
120943
114407
117054
130811
119983
101081
116897
138980
176799
143334
165676
173626
132899
157731
121667
138504
167547
162560
135641
143631
259224
123440
147679
160625
130484
157586
192079
131516
156278
172166
190781
174750
178396
161225
163848
171329
160772
153222
126769
124886
142811
139358
123046
111424
155773
204912
156100
122216
133187
120017
142105
111218
113409
151096
164714
152634
149618
167238
137176
161407
239115
115656
153177
164333
129829
109677
115307
154784
136709
158216
145818
181510
177610
209034
170181
166120
174643
122799
168573
186595
194512
192217
145758
153095
127347
254199
159269
157741
131496
165792
149057
149098
134600
160041
150030
169617
139391
131547
153980
130861
136277
112728
118828
117180
142275
137822
157890
145409
145702
179023
280512
112630
167070
144839
161514
174185
189150
160408
193067
155169
124827
141893
1445157
124741
135756
173437
186318
129703
140651
148827
131877
167121
146012
165881
266262
139988
181325
176919
205953
176297
164492
148141
148891
147838
188578
212885
140587
148858
137339
158328
152658
135543
141844
178816
139795
111296
136030
150280
158828
118899
174619
132243
133481
191608
130941
121563
115488
136031
147266
197956
162556
149947
136527
114952
152601
146131
170679
149426
228640
119101
158350
155875
130085
173691
167702
238455
165563
131941
120739
138711
121441
113035
99047
107457
135270
135596
132701
114901
143465
120260
108623
124758
122556
133513
133796
158572
133506
133603
127896
154887
168798
167818
140563
161314
158911
169816
182711
118151
150645
185630
175862
118463
145788
154639
157192
174718
141671
118415
133528
145974
170733
124683
120701
129386
112790
129724
180948
169555
168410
146838
114684
160038
225721
116420
118104
167276
123298
127124
111781
120206
128369
121624
118178
120800
153243
119519
172897
152051
126953
118073
129400
117422
173787
127557
108520
148229
111090
109500
179962
192517
138992
174962
173640
156634
121516
140278
118152
116071
109365
112177
119099
128125
131172
148062
156207
121436
233199
111522
121631
110962
161564
105770
137177
110637
124016
115853
127487
106402
136515
141126
126537
125339
110969
139368
131348
134428
123503
146766
123157
136061
136596
131477
155106
124369
121080
115950
139351
118552
103230
227979
112828
126496
133547
110521
200948
115277
113193
118059
110141
134971
176962
140083
134867
134179
123571
127962
132672
128347
119376
115170
115854
161109
117890
108331
133866
112812
124978
116407
120717
106834
117893
124587
107329
118363
121675
117610
140938
123920
111284
125212
140753
116809
120559
112596
132503
146711
113703
116799
123532
102483
126408
111941
104698
114309
110199
105251
110714
111448
109929
118811
125134
123375
130997
138283
129225
165183
131278
129288
130878
126182
108900
129918
133088
119917
121932
119597
135768
109375
118019
160245
128292
118803
101362
111544
170696
163697
119213
110579
114998
110556
140676
126882
120697
122254
131729
104170
119334
156559
132780
133887
122597
111127
120640
115341
113917
110295
123569
113857
102931
164091
122878
119310
111257
107820
114294
138088
134505
137249
123931
155594
129335
125695
145054
141840
137110
107338
162684
107991
165480
149388
184506
182569
149159
168927
925753
175463
198265
187836
131199
154954
177949
119267
122095
170458
195555
155388
248363
191016
144731
118400
115204
119468
120782
124093
111954
128706
114201
109207
109941
99484
141431
147549
107465
106587
120524
125903
123963
119122
126520
159294
124746
126999
158743
115690
132604
135833
123481
116345
145007
155264
124106
122164
132885
125114
111320
125940
129502
139878
122976
106859
129279
150057
145401
132924
134273
119896
104166
125439
99697
138614
116513
129810
123712
112815
106669
122660
113035
120250
131375
155722
180509
114357
108490
122126
143909
112899
126435
142455
238635
154022
132430
140831
131989
113005
181804
162526
114074
118147
148120
147218
145220
147615
130845
138771
115048
110982
120150
103364
119655
129542
112729
130633
125602
116979
107580
127103
126068
125173
134500
122793
131066
134664
113066
112877
143604
172807
104550
115776
109258
93821
107118
128155
118991
119382
332165
113841
105421
117847
108048
116707
118665
138616
114630
121435
103935
117845
111717
109008
123842
113387
99170
284014
119521
129927
109479
108391
124090
153253
108638
133349
140122
113927
116776
167447
123789
109817
124315
127678
106114
112697
122523
102953
114332
109321
118506
121517
110405
104797
111165
122089
115876
109122
121621
143684
140169
118449
125439
116788
112359
109909
121000
142845
119432
100926
128245
169670
109494
112302
166675
111295
126429
129125
118986
120393
606869
119408
167683
157408
124708
126829
118422
99890
115690
106692
112980
125001
117317
120296
106584
105494
105089
121409
118979
117150
140358
112085
182091
138616
131129
105370
135952
151455
123624
134707
136790
123089
125852
117331
132967
121347
137150
151562
111792
123282
119199
120012
120573
109185
121488
121178
105997
131488
151103
123117
130813
140757
109469
129336
136769
128745
170331
130145
134441
163017
147450
113879
118146
141394
126154
132417
156131
111980
123478
114017
103817
115098
129568
166671
164331
132633
126297
123123
132444
136168
114412
119984
120748
137004
125265
105158
142942
120965
111684
126921
109540
127430
108551
132048
222617
130511
162402
102673
130361
179154
160758
125674
158346
121438
124249
108236
140328
125624
118370
148484
149751
112906
128984
113910
122408
166050
108984
102233
132541
112653
138439
118171
116303
127927
113948
128974
129255
103376
112048
103503
117258
113136
126262
139304
138856
123584
98788
105319
134160
112403
109052
134113
156149
193491
132236
191895
129156
109085
133025
123674
127345
158479
138469
183414
125851
109998
174778
117896
122113
133547
137104
115606
101610
122211
141916
133424
118152
177500
208984
207602
228347
140367
134881
142857
124001
141512
141158
104122
106494
137797
110811
105309
112350
151880
109668
213376
129040
275041
167651
109829
141437
118926
152423
174655
207970
123278
156163
127870
165228
111824
162186
137954
158453
181871
113889
241102
212384
198932
150195
93841
169263
182389
127428
121940
188152
116655
136924
155328
145220
196647
130232
173355
106560
116560
144261
105791
150522
115658
182766
149581
128784
132283
134777
147474
159878
141125
177741
162653
153791
165598
142720
181722
162491
181128
134990
109044
128504
137652
114866
115765
132253
128364
150515
111882
120463
122279
129041
135528
165955
146277
131276
136478
165502
164141
127695
161998
137011
190563
201187
150980
184136
204677
150973
162682
200594
253174
134111
136604
143968
129039
126122
194418
133530
128748
123911
140050
201971
177961
132524
104888
175612
121918
183060
145996
122087
175688
123383
118356
168947
159684
189388
135056
175936
154638
150169
167977
146005
243400
141602
133947
155686
150983
162780
109307
115261
157670
157688
157178
140779
131137
125251
164592
185566
173996
211845
179741
149811
149644
152575
120606
157045
150605
204777
189028
134465
131480
161748
123160
159586
120323
96938
137354
154019
122048
118435
135996
145259
122780
102977
124993
139395
138239
115498
168742
171697
114036
136236
129692
118045
135716
160053
176424
123109
147002
114269
124527
278749
156921
115948
178302
162983
116877
135279
119190
105118
111524
112597
118729
150983
141333
114496
116060
146298
105599
141056
129847
161325
122554
140494
107625
121149
139890
132244
174529
148086
145877
201380
124152
117952
116532
114988
133487
171665
132580
122677
162014
157475
136737
177300
122340
122500
114395
109520
141100
121070
144788
116812
129767
93937
108509
112587
112053
147794
145709
106600
131606
311885
134101
106871
118503
131754
105301
127270
100465
125522
124952
108787
126273
135730
127119
106756
110433
144411
105941
114212
118485
118676
115093
116137
102735
120880
148813
113410
178992
136461
121577
141635
119328
121723
139211
144888
136640
112078
126398
169953
151215
155478
143141
135315
131018
146133
138105
160453
125005
176547
135229
125962
108898
116355
170366
111855
116377
130856
171807
146180
161502
122344
179142
257846
114575
165925
158945
150178
142716
114170
168281
135505
133495
163941
149119
108064
148622
123504
155305
128576
159516
120637
146004
118205
138319
108805
113740
125459
109701
140559
111102
120153
114624
126730
138693
146943
118785
142017
141674
126610
111265
132296
132810
125339
119865
130051
142049
153201
121948
100902
110061
141055
115045
133731
179850
139135
161310
132122
168607
259848
185523
143317
112016
101558
181043
148417
151004
141289
129300
136815
129039
165776
133484
172020
114635
99963
105238
108463
120137
142129
93103
173841
132016
150319
143388
145733
138578
140961
167437
148634
117823
118044
176651
173060
148495
129869
116812
129390
108612
123874
191928
109955
181377
108724
132847
134265
129589
157248
191477
145919
241997
124169
116880
119655
146834
136096
135876
236247
111849
189888
131549
116252
426927
151134
130546
132707
211277
160258
120042
118236
120609
111548
163801
134506
151474
115360
123713
105383
248145
138201
150502
160584
124726
145646
136863
153812
123391
112944
112195
156553
115523
114819
116104
121380
112670
110739
187543
161032
166451
119565
101583
118269
152775
156494
163295
111911
131534
116712
145950
110276
121284
126967
110791
107243
156338
130136
141575
147276
134739
152747
164212
258294
171685
174283
187516
176480
131800
140195
131787
107498
146713
151935
128105
115192
177447
229241
143213
128277
164234
155283
160127
166743
142049
122907
127347
141864
203409
162071
124027
111079
177051
182148
219716
171169
155414
123830
170502
154967
144247
191966
159907
152460
138974
157077
175445
134008
189857
129767
170973
128706
162696
109350
113913
106770
101789
103414
136579
130576
173722
133691
122024
103255
153512
170030
135750
183135
116811
145183
138992
199850
170059
166292
110862
214714
148696
146078
111992
134279
158919
108770
173172
150463
115503
114204
133957
136884
100322
122154
120551
128835
143385
155679
118171
124641
122281
140311
114801
154091
115702
116032
241549
115519
157806
157776
136634
159708
132718
237449
130645
122207
121989
166290
126721
143000
178503
122449
217788
149969
162456
135655
115538
111134
117772
117036
130865
108677
132030
142778
274679
231735
165679
182537
141650
117908
154239
149014
238145
130712
141145
123146
113740
141846
160057
119318
215719
143708
159274
194145
186782
170055
136016
206048
151304
138138
181484
130969
434330
136868
180179
397631
164913
126831
128141
146707
121102
134809
143991
161514
153458
136326
125469
162615
167240
143627
183583
166637
152491
133405
137990
145275
143213
118221
119257
147213
131475
122082
126403
125678
548860
123319
119959
139455
125059
113347
134862
120959
108227
134286
112392
116086
123732
120673
122054
107877
145009
176871
175188
126111
108529
124226
112880
188647
122805
122049
117848
131370
119806
141656
141256
107025
123614
119888
135155
147026
124613
122194
123131
140380
133020
131231
100057
120720
108373
164921
120361
169927
185946
139689
113810
173194
232082
130940
134494
115130
137824
114612
134022
114535
132380
137293
152237
119641
133597
135286
190599
168508
123620
144970
167673
108831
130329
140724
135165
597446
139568
181010
130515
152262
224476
167436
162573
155689
128183
120040
152682
157979
134362
161773
120623
120074
193190
174469
174169
148045
143574
183694
237345
148060
129289
139601
199453
157581
187680
158625
172574
104966
154779
136188
123202
146868
125115
132717
144463
190767
165664
181647
127668
140112
252953
167195
161322
158973
150088
166477
171206
130240
166762
141260
175658
184290
150086
141594
122692
111703
113603
129245
148637
134464
141776
108963
101506
139736
125067
110341
160320
121856
170800
129502
144586
124835
132289
106041
92157
105657
119528
109028
136291
115848
141712
108313
122228
116902
127112
129167
138752
140622
126101
176034
149198
162183
128603
144781
143917
106204
125503
126985
119829
126890
117383
110514
130625
129262
118399
129125
119740
107581
112671
114712
119524
112742
134588
133674
121404
141031
106266
128321
123438
116459
98907
126870
319260
118439
148699
117033
142962
121389
166268
175506
114231
123972
127608
135081
120463
104662
108961
105514
121926
105950
109638
118121
98788
112612
122809
118995
126822
126385
96578
119944
112208
112446
135063
114207
134333
127666
128926
110451
117859
113846
106164
104114
100192
155029
125371
134066
138414
133463
135611
138529
122797
120059
111778
110696
161165
124403
999738
121718
139114
197976
185302
138551
136812
175930
176206
166680
145023
150459
157008
154694
139977
153022
192112
154107
117919
161321
132404
134854
135323
111092
144895
125303
133852
135297
114363
111081
111197
152159
108468
112042
109393
127913
127689
194319
168734
142535
112394
155558
116024
104536
163241
189406
167537
204459
150529
118274
177426
140109
150254
142336
170111
169255
136167
162160
112676
141862
150766
142429
143077
146618
123376
157341
143350
122933
173151
171663
147137
130112
151832
163059
155725
142471
123389
121391
134863
145030
170625
139827
126633
140017
147275
131058
155201
125177
127853
165913
132846
132468
133971
143784
127869
152670
153620
139824
159302
142196
124341
143672
185236
126978
179169
160024
125088
147946
163642
144834
142305
111876
124303
158462
137579
199024
134512
134700
116018
124719
175426
120517
120337
201865
171532
165189
158179
120829
119937
180867
133146
107217
130524
141858
147391
177404
128099
158915
149451
181412
124688
146586
136120
130784
162546
143445
174954
126483
122285
150260
146158
124275
116829
123480
227037
121672
141798
150074
149626
155502
150990
109660
140626
136942
118048
104751
177534
133803
102658
172586
136606
115176
115626
136164
115216
113655
137940
112684
114820
134872
124420
123815
118921
121277
111999
117965
122929
117104
116350
105861
110711
130653
118783
117098
117932
101768
105583
136051
123912
108295
161048
103919
142666
116272
114041
131704
151728
132136
148525
143386
121973
153038
131473
145973
127911
160750
108478
144290
154776
139080
159936
161422
129512
135822
127653
175227
149825
192965
169824
116811
161742
136662
174997
142037
142745
125972
129414
122457
128573
133160
118979
160672
159984
149185
144366
173909
111697
158542
152254
174282
121654
164725
138819
152167
152596
141032
161313
138715
171068
180769
144890
136544
122842
148610
128521
143384
255926
184776
166925
167190
199392
126436
108647
119865
107749
218220
125296
129666
120560
123127
142994
138287
128409
187849
125099
104284
148813
107510
103798
110679
126371
108578
126623
134969
141539
107870
108224
129299
137179
152190
116306
137096
162923
121976
134378
103460
112399
162402
124494
114609
133597
128015
129515
146370
120687
161769
125505
117322
133667
112065
132135
148807
125833
159372
126863
157474
123470
125665
176800
131535
126168
170504
145115
143118
178374
133956
155315
107376
129915
129885
121881
125868
111371
113563
193902
161455
112346
125376
143965
161177
195941
136194
129396
194534
105353
146420
110821
156370
155700
117658
107802
112367
214277
174994
116488
132705
136811
108821
155686
119753
119505
107097
137352
160094
145558
185126
153713
112932
112927
116387
132507
133701
122882
118021
116950
110094
151669
137753
111926
281537
136425
124159
178429
193937
194410
135692
139323
113248
130136
200007
206334
149978
140144
161847
158805
142663
185351
133859
135641
123966
175847
99773
148359
127792
114333
168524
192306
149896
182895
139920
118100
127316
162873
209508
135888
192714
162984
212354
168847
280315
147012
271547
169836
167961
169314
157102
165929
204026
250337
192083
173980
202808
186621
162994
155245
191221
172038
176750
147203
131562
135472
144988
140499
182651
791842
199165
318179
141861
184006
154469
124753
132339
166294
166799
187268
155769
160141
160341
192964
135583
157616
167580
159304
135658
98618
163778
137132
159852
116728
130898
121343
126557
170087
120585
148377
115734
175431
129414
170732
177728
136899
130233
121506
128160
164161
135940
148481
283839
125301
131053
109512
140340
169905
154477
170367
162746
151528
147847
162024
192341
150937
175618
133463
160099
158476
166214
167301
170663
146135
177159
221127
162326
173266
167495
109407
132710
180398
156354
151389
150071
173625
137813
128965
148710
155924
138430
181139
196198
164019
180339
164579
158153
141515
199343
184829
181621
292686
144290
143590
146617
166820
151974
139234
171963
164903
155737
170040
134178
149922
328865
130314
153770
137898
123716
124972
115166
110619
172388
145004
156289
175459
327236
164606
185005
231498
119703
189072
148192
142430
144562
126260
161088
131249
195016
148634
158016
128150
146380
145341
161261
169632
160388
170747
155477
147913
145644
130606
149015
186557
134402
192886
159815
108034
131999
129687
141906
131781
116935
154853
112958
127311
122762
117343
125450
96721
129824
121844
132607
115179
116055
121109
133595
116668
126531
103952
170746
172966
163357
141097
166771
159467
127018
132153
181718
134831
217756
160767
158467
167401
173880
113532
136445
128859
118929
122502
124871
157641
139020
133904
135413
105969
140365
131804
190058
130608
158655
118715
123406
140509
227104
146106
144986
121281
146006
115759
118766
110489
112817
113764
124986
102662
107061
117580
220865
119010
166731
150866
161329
137784
153739
169276
168484
146347
167932
167443
146445
166404
153694
141482
114711
120899
122302
115893
116857
126371
143817
129193
112799
115173
189187
119135
133167
127884
174722
121579
143100
145777
106609
151757
120982
154128
145028
110612
131764
158642
104121
123026
128997
178843
116384
136105
173383
120543
196551
201395
122584
207605
134329
117463
136721
118358
116250
109126
131821
131501
140058
117174
107255
240134
133569
122151
119264
115269
131590
118380
119217
117105
117193
113892
116818
175038
122355
145678
122035
213674
138512
120849
134556
118296
121368
106896
139037
107321
107678
112841
120936
115133
126479
141764
126158
121539
130014
133746
129037
113366
121923
112373
171335
122788
154360
117212
125410
128099
115321
122326
122445
113301
130012
99095
108724
117572
156562
118559
123931
113079
121538
97604
134140
123491
99031
126713
125735
121493
99685
122084
107994
136230
130696
107908
134077
132296
107318
143315
115296
107398
111841
109809
124768
154288
136179
115869
108339
105751
116428
111296
115749
109203
109118
123704
128888
135720
117574
128834
101699
111115
104985
108792
118848
113560
144463
130297
127169
124008
100426
151927
117084
116545
117891
135104
118741
123279
110697
128786
100972
117496
114439
106787
114247
157580
109637
128201
113008
110707
124310
117503
106599
117629
122069
123699
126318
121385
148562
236347
117067
126068
111903
139719
112339
111477
136397
143380
130195
131361
123344
109015
119275
126909
122106
99786
133581
125074
111008
107971
128702
130726
147515
128518
129713
100449
117041
122563
123443
116673
133280
118673
124785
121492
108490
117069
120288
126231
114270
108454
108190
115166
115023
111198
108496
115656
130614
105330
114746
139575
134711
144851
128923
176909
122861
115037
157698
132263
131118
184289
137092
195126
156721
148755
168813
130351
139717
186160
113010
119352
164666
170841
128794
126651
147485
154316
152778
115390
140641
142314
185373
160342
145490
172083
161353
148718
167199
150818
201862
124911
207564
182760
189269
165332
156467
143993
165272
112523
108996
128659
239868
150226
152597
141046
127751
110870
163490
121094
147449
142726
117088
120937
125638
141733
127612
113109
133788
124697
123616
123301
146038
138656
127714
124507
123872
136633
126356
116514
124402
95805
107692
242533
132112
118141
177781
107461
115630
112831
108460
113022
138008
113760
130111
141975
127727
136454
122999
121528
111521
115196
136821
123834
133960
128414
227089
118932
117460
112268
120106
126379
132059
115025
136370
123397
107436
117923
121588
133041
127311
127212
115994
120288
119049
136623
129020
133461
119694
129629
126562
147371
117357
134043
115361
128742
124477
169595
118972
121646
105738
142037
122996
131863
168685
141438
116590
127420
127499
124064
121567
144787
116319
139417
120950
115173
112371
134070
136824
125090
128817
114861
116116
138303
105275
125162
112702
133941
119067
114235
116870
117009
141350
113453
107697
144819
114242
113394
152494
111827
121917
110290
137968
119313
115338
133351
142354
118514
139654
131325
130025
174797
128563
151515
140723
121293
127408
129558
122113
133724
114879
121613
121547
138171
113760
109769
108053
128561
166847
115839
134670
107092
167927
99347
120710
178756
126005
131470
129521
121436
122724
108064
104189
113482
115424
163524
119515
123523
126161
120072
115264
131265
114350
118415
117433
107910
146451
162051
121497
125865
126255
118723
173812
112306
125623
108660
120162
119724
129538
100395
119046
143684
384215
129446
115309
133796
120746
136295
125283
122382
110467
130572
140540
123997
129274
152628
114539
111994
126005
342369
114022
121283
96607
113936
127966
114851
141476
144439
154089
115593
132663
114943
175840
109917
112622
100233
110558
138427
149997
125606
119522
141530
121318
112721
136982
141259
111480
125410
147817
108716
124243
108537
107569
121976
118829
134903
115424
128510
181073
153980
165046
112120
279467
129701
118323
125457
141782
121655
118841
127088
139502
126543
153627
128384
125896
146867
235644
142086
108830
140082
179618
157208
128032
123099
168021
111291
161068
126196
123417
135722
125868
236834
145484
133587
162677
179566
114213
233052
246230
166390
140724
144637
125032
123055
119743
125953
123904
141020
116404
138987
139283
113328
156231
147135
186863
124378
122604
135152
144343
127523
119907
137037
120820
241193
122769
166309
127678
158125
130719
123493
172808
137450
125166
154027
155656
134775
152078
139361
125416
127846
138563
148346
143522
139121
133659
166797
141293
159696
169947
133556
131126
134221
130383
166478
179084
143058
128115
142647
122552
137163
152228
111501
137458
137881
143046
137599
122223
169923
143762
122083
177994
144340
183176
155495
125666
117407
137596
132730
148495
183199
140009
188162
303043
109423
105912
115245
158993
109632
127727
154469
124564
146985
127106
131672
143906
128140
159737
122986
121265
106769
115597
113473
119738
114107
111668
126891
134756
123206
129213
135886
122020
125106
144548
104691
130371
112604
130395
104069
134007
114725
126499
100101
110159
100939
109287
136765
117065
112394
98861
123054
113561
121556
102102
118555
124073
116253
115718
113582
104806
124648
112165
125593
124424
122872
134197
120263
117083
130316
119192
112893
120891
120663
127153
114714
119973
118972
115914
100323
100549
135816
124229
120525
101880
116705
127257
112412
112170
121210
158138
124288
130089
137084
114978
135296
152044
117247
129141
168165
164005
108929
118142
118941
123420
115606
122820
114035
125693
121397
117066
123137
126056
109998
106747
133551
118559
112482
103508
145578
121228
106679
132638
117571
112354
136460
136323
101140
110147
117909
116603
110396
107789
129259
123956
115626
122191
115561
114645
120241
106447
120322
127717
132444
118318
117062
99800
166804
151215
133499
124650
140608
141701
120205
121124
103041
105077
124414
143649
143626
165564
141014
127947
124744
129582
113512
142354
144098
147095
107137
136194
140228
122590
150506
147677
153022
128590
110236
146480
248412
122350
121304
140454
129895
136146
190342
132607
134996
158523
116266
144240
140512
133128
106554
119561
167372
133822
134229
150440
138502
127435
137673
135171
120256
130893
143341
108891
127593
125046
122242
114996
111617
126002
123449
98824
147223
131002
141401
126414
111034
108284
105432
131202
127832
114184
112951
106784
142304
123836
110298
105229
120115
115260
140456
114016
115294
133533
107982
113391
122427
105079
120249
106080
120042
125122
120959
120311
156439
122502
102821
134275
145146
104946
158939
172274
134022
168440
137141
114406
112435
131466
132403
115822
102038
145076
111984
115719
158283
112821
104676
127197
127558
116572
129490
142360
130039
139085
125183
115817
111508
103137
116071
109138
119688
173667
128906
114920
124091
246728
125088
125519
119216
116409
125633
136187
130730
120008
134170
122571
118118
104463
124436
125010
110293
111512
137403
135290
122899
108698
115892
109767
377036
129792
110742
116762
108093
108360
134120
127859
133680
134991
130861
117399
143396
116209
112751
106529
113495
114729
108040
105729
135138
107627
104229
112644
125430
121128
117183
121032
113333
159363
119616
111427
101689
120870
111398
127326
130945
105304
112544
140868
150365
105882
140817
113006
102237
118090
104106
110341
103714
126534
149199
127776
232779
119840
115348
107792
116649
101224
144656
187009
135673
138289
140029
114479
179901
117097
133477
110698
158663
187232
152870
120408
168057
112067
123045
120047
123032
135742
105878
125305
121517
169344
164088
133700
115528
130569
185888
156801
138674
140312
163074
120389
117404
125707
122724
115836
110589
136556
132702
107045
118128
104702
136159
138795
129534
157268
141268
116967
118993
129620
127650
116916
127092
149274
144243
161221
112322
122658
266573
133082
121597
191177
128297
154124
123676
164171
119557
170265
128359
139732
114085
120655
159348
130752
181981
126752
130031
132383
156454
143092
243035
169000
175070
156496
138896
129314
190684
139053
146997
370997
145785
154253
183411
136827
144391
187998
165654
142950
167827
151337
177727
127449
140734
173274
214748
184926
140244
167580
217167
176726
127737
149324
149893
221687
179653
129597
206423
167525
137920
126722
169737
147291
134425
149116
134869
111702
124091
214044
127430
111271
128597
209294
116339
119440
115461
108628
125150
166543
147144
138444
111939
152168
118708
151775
126789
125837
156505
106954
109704
113691
149721
152213
117948
160173
156499
129367
127136
132317
164560
132503
151575
177943
176734
145200
124858
154185
169367
163059
174619
123628
129522
159140
156871
197833
137653
153132
161582
129585
107959
102992
191480
137457
165047
111234
133083
118890
159979
120819
131874
126610
137250
148359
139969
249952
155139
120716
159659
210397
135188
173005
140624
139102
141394
155500
131141
133768
157238
157809
157912
157575
156703
158318
168934
173253
161738
179725
195888
164232
141563
180609
154819
155924
182606
137379
130909
137159
112180
107546
117814
112088
138072
116008
125669
125220
127819
131952
106180
120392
117436
101473
157801
115216
138322
119549
116110
113056
124436
120515
123518
122518
136020
135628
127286
124917
139653
166022
133244
121772
127196
118810
116620
159665
117754
119858
119317
110453
127299
124711
100110
115656
123795
128236
115705
125150
151325
108588
112493
105154
113739
109076
120749
120624
150482
131460
107451
129168
137516
125372
115528
133115
134586
118070
119554
111609
120963
165485
123476
98259
120721
120027
143999
124723
116582
111552
129735
119943
105659
113571
135766
135184
114608
122522
122131
127039
126718
111930
110583
106688
130807
122653
123236
116497
119497
163462
149810
109542
153831
137053
179643
140196
144437
158760
115731
128800
170844
108937
161341
154068
139242
146261
199714
142192
123539
159471
158183
166364
145086
116761
134334
121059
113459
182142
126413
138518
134635
153508
146760
153692
135049
147091
184904
105881
203091
210777
166468
144781
134828
147408
139884
173686
137557
137244
157306
142324
157975
102204
172053
158006
128836
133353
142959
166936
170352
132228
107418
138557
164776
154651
175203
150375
132098
145776
156842
133009
116232
129763
147432
132399
122307
131271
141916
128804
113145
122238
133258
138609
116768
125092
155143
132329
146749
110252
124897
108734
141057
143219
130307
131931
136753
133383
132303
134203
127981
129243
168209
166029
106213
171609
151464
111249
170329
132646
136035
115361
141520
861502
153933
151644
148026
123447
129847
139475
116057
140876
142446
120495
126347
115574
136564
126207
155869
125845
120795
133663
115534
114909
123877
117599
121707
120294
162036
144931
125267
109316
130846
145761
148353
141991
145994
103707
123522
258846
171800
196065
131441
164390
125151
182811
149631
163122
131488
152838
187315
114749
114647
183286
163627
168262
163448
153812
180087
197042
141818
132676
154458
138168
135206
153665
163014
119683
121930
159069
134615
122534
169404
120579
166824
144182
167815
144430
156823
201508
191030
141269
184375
173391
107063
178841
110055
126009
190315
126088
166849
122359
146417
109432
134471
126497
163952
156613
152089
237738
187574
150331
138519
157560
131412
159858
171142
158945
179669
122599
192602
157530
129602
166749
177371
149122
199004
192464
127805
105340
134225
155041
191372
153076
184644
121236
133924
114929
129312
179011
166378
121049
133097
255426
202616
112719
121806
115231
118519
138096
104858
115688
116671
114319
161002
125450
119152
139527
128338
124759
134337
145842
162161
125576
128654
152252
156352
122786
118254
173466
117351
196103
136539
129425
122831
222244
230428
160898
212749
169176
137291
182229
154488
218959
221472
128721
173665
210436
204018
221558
202311
135161
111425
99132
129816
157073
164039
127831
143285
148249
148464
113174
151986
152298
163708
145293
134072
128108
114595
164814
121597
127334
117564
118258
127011
158327
153812
158933
111617
140852
158439
145982
147870
163332
168166
159688
134317
138141
113527
144350
166836
197307
154291
123307
190690
128587
165000
102697
143522
163010
128678
144452
140564
131274
188181
151548
164520
164505
184973
160386
175526
154129
136752
151135
143067
136923
126278
178910
208719
128013
120050
108950
106820
159943
123616
122854
118905
120832
109201
104222
105111
122701
103588
113638
171388
118857
118937
121675
111590
124765
151755
136980
131957
131162
117185
128850
113520
127401
148332
140739
111955
127941
111314
115419
121037
214082
124681
134429
153689
129370
129495
142052
134206
114798
124339
119517
130299
111522
119570
184995
131298
132758
122116
160555
132982
168756
134790
114041
121604
125729
121028
147525
123531
116506
135642
129680
115855
116303
120216
114115
116805
144223
134095
115667
126408
124610
115900
137898
130718
124524
200455
121915
139754
136780
150501
129549
115351
122837
123837
136914
138578
128699
112319
137124
116241
115696
139291
112558
130125
129696
120743
113570
126349
135113
138807
127020
129579
129204
113236
118163
109040
136973
121212
122686
142804
114837
126880
126463
123197
125740
161979
125446
138449
118014
114296
114402
120204
121562
153439
126556
129223
116837
111637
123073
133481
141964
126739
135302
124090
131226
137230
119189
128962
142609
119434
174725
149149
147191
118749
136770
117772
133873
113175
128995
122256
118080
132020
123439
134706
122632
119521
523445
143237
151280
124763
122724
164713
113621
115928
120456
142901
120990
132776
127980
160176
129385
121583
133764
114727
136593
140018
129862
114973
115943
129365
106390
125417
127209
147387
140136
160518
167347
116362
126037
121193
113401
142942
117304
115768
211472
120379
135267
147665
160930
138024
201838
154549
209493
160999
164845
129606
174236
122966
147969
146345
143474
164790
164078
169041
139538
149476
126891
154003
140112
138345
147705
146116
173944
169224
185312
145153
186216
194864
166690
234942
211699
138147
150293
140038
125588
241902
141925
140128
143451
151891
153388
140447
107213
143409
134816
144829
177854
160511
233089
114741
149358
207398
111642
168099
139596
137078
154674
169471
243877
121876
130270
163030
155169
243513
178996
161292
164678
152523
160701
219751
147213
140245
205582
162264
168035
152265
119508
160643
124959
151881
160620
177307
159657
176961
178318
195468
327195
121847
160789
115842
143415
164438
176554
148326
121330
100330
150658
154551
129730
174234
162972
139427
152445
145003
130834
137829
158840
144186
145111
174262
125218
182917
175084
135208
135969
136130
144668
144176
138079
119645
131124
188164
142289
289811
138781
121598
125303
118476
141398
118220
125977
123047
131926
125999
126333
132118
156614
122310
142396
128470
99589
116598
128562
135174
115834
126908
213428
123481
138981
161908
127046
210392
147142
156103
195228
206381
178252
140973
142505
146677
164660
166334
145912
138069
132319
163628
139017
187466
153325
126159
243721
293749
200048
150513
163857
166990
181345
179011
186330
149201
167653
157696
181996
260018
166673
155508
170187
160256
144272
196258
135576
161198
191049
150291
196930
135567
132337
144461
136067
127986
114816
152735
138792
140099
126005
143066
122686
130267
131524
121352
118494
139908
106770
117438
128042
142451
135055
130502
108214
243832
128374
124906
141910
141288
149999
135598
137195
147654
139712
132960
136049
98378
126779
123616
126335
127867
118314
139806
129897
135645
140198
139224
113153
177059
150890
180152
180811
163422
119550
154669
178577
157373
124557
135229
110241
121456
138876
140704
132383
130564
144912
140376
124291
160666
138980
126481
118032
118988
123368
137770
145248
161645
144734
172523
264575
126711
123712
150252
273885
131852
154550
167712
171567
154960
133365
254932
154564
143220
178774
151855
159161
172108
144125
159557
153557
176213
207392
115411
227156
144355
138648
183646
181671
152144
118527
154418
166856
135269
218104
178824
170486
148352
211852
190550
190682
146462
181214
131074
202338
174110
133707
199110
183004
183269
156667
206577
155313
144628
151439
143842
135088
147258
125407
127511
163257
144698
164841
125496
132486
129390
159284
169528
149022
134324
141715
133949
131337
150476
163457
168778
131017
156807
158242
133712
142285
163217
128617
171346
170268
173286
167485
143272
178440
161021
152401
247625
125581
168277
178419
113926
139052
143819
146671
146166
133352
152923
144017
145576
130962
153683
141967
191681
130139
134669
141572
145099
153613
130207
154326
135997
199352
145258
140157
120778
115411
132277
139707
152870
139742
140340
144518
127208
122052
121946
131340
119654
125436
128677
125216
121018
143117
135128
114499
129840
126727
171597
130718
127755
139242
131075
194240
158202
131391
175063
131550
129818
181667
140351
133348
116153
144149
249285
180097
137846
124504
172831
153825
177326
167007
137968
136096
171360
174550
187867
116417
124787
123629
302546
213758
205905
214987
156685
419776
153512
140115
118070
137328
121506
140078
124940
143518
126074
139730
118528
117432
125018
129693
127699
125905
144711
122439
125628
121772
128191
125744
122482
128101
136251
131256
132771
111311
121312
121218
109311
119192
122074
138982
138226
123511
126890
138995
152933
126774
136944
132559
141661
146766
108412
128583
126972
130974
145784
130416
146068
118871
118968
114206
135113
118671
109844
122844
139368
116271
136653
155242
146738
145227
143267
144470
138171
144851
142322
124132
125292
160589
160181
130755
174271
168905
119879
118884
134555
118190
173711
177830
150217
154918
140385
163444
155145
134251
150557
315160
177432
182687
163990
183750
161448
149165
148676
137919
129620
109203
118296
185578
153671
141069
163908
192208
164734
166561
176184
159725
258747
159835
125996
192265
166334
140833
215037
192488
184976
118598
183512
159366
138868
163544
111351
156516
132810
125841
173491
166025
152698
117655
134326
118596
132439
123663
129609
123088
149653
130992
121443
141246
132153
126726
127132
174283
141946
149860
156794
127054
141597
120848
240738
124547
132597
129493
112235
134189
123911
137115
126958
138938
137559
114282
143931
132706
135280
129610
108551
113782
156317
124404
122969
124973
131485
134071
149885
169689
178948
137925
129569
181883
161737
169262
218911
201564
202809
195342
178837
154842
148452
192489
158833
142208
138873
148135
109761
143577
129066
111020
181644
122467
147431
133549
114836
125421
196802
160876
155016
167428
188901
133511
136056
195583
182212
229215
179519
169958
194273
162718
182407
155273
142910
141910
174070
186669
169096
216671
175830
183222
181170
169866
121694
148121
151180
134137
190327
264965
171945
218897
160062
162088
170817
267978
142372
146855
130314
148882
226837
265331
171385
147517
250844
142882
211359
163475
275100
206803
126034
164035
174328
129767
142209
148098
208105
122967
139429
130408
195509
122005
126040
184684
249451
187300
147938
138405
155821
185552
153708
138291
180153
149465
186525
164819
174979
137453
157778
173503
169133
195764
157812
124538
178182
146070
156295
201553
158579
166577
165611
139611
175562
184365
187834
194293
154651
172241
173909
195761
257039
122142
179310
183733
175451
139472
175640
158533
187228
184175
197022
188401
152490
211629
191188
140300
206192
183399
237123
234804
251581
245814
177331
171255
211543
156919
141342
142901
240580
119381
165332
142529
186162
155231
194164
149815
174617
189223
196652
160214
142615
184925
153104
140766
200453
139597
153816
141318
172306
135364
156030
163372
119738
128100
156275
140679
144393
135078
119121
131406
139199
140064
115525
135907
140436
140707
132937
123176
132427
145575
162365
155159
171758
206024
126373
265293
164179
174600
175563
200971
196823
145542
170927
188128
184875
175596
172050
164959
295273
177884
151271
146894
132129
137297
186485
132797
128584
138443
134930
209448
132229
155742
162568
146091
142934
146892
132875
123896
129755
193321
152794
157588
171794
153122
122860
186798
183255
206666
143897
124796
130761
187287
177554
146976
143948
169731
170076
131843
167017
138198
175645
162410
139294
147683
118876
150441
185824
165507
174588
137720
161955
134184
176303
139308
139664
130576
190663
186515
178327
190251
160032
154819
197486
199284
128216
117031
135497
124951
140580
121781
132674
113902
133065
146687
130355
135654
117402
133832
139421
135466
128452
156747
119662
131815
174302
156332
144872
124705
120032
129483
123797
132509
139446
115557
113798
144200
128252
112961
134130
115795
124109
133013
134716
136733
119568
133918
133729
130399
153400
138751
127452
124394
161852
125186
125508
153521
134976
128649
135372
147568
137939
137052
126285
131814
143379
124930
168027
145564
133559
131926
122573
172770
114522
137875
120206
151994
166699
132533
136200
134375
165749
122814
129496
133663
151065
129616
121577
182920
134674
164667
130952
180764
171857
136949
154747
145173
147210
196180
148562
130483
121100
182869
137240
175476
136655
162764
160753
179100
196757
229992
305158
142565
261796
149031
153098
226623
158533
117465
217616
171519
167264
159088
122977
165960
195076
125346
127166
161364
183135
240565
118943
115852
138735
203165
128183
152634
169318
212643
203473
173528
130775
144034
168768
122997
122619
152043
128874
130681
128654
137800
147191
120275
151846
137183
117253
135699
172645
154345
156366
159193
126081
131202
127762
124053
112968
134484
136955
140127
136350
151759
129994
129882
138509
123954
123733
138738
119834
134526
117411
145502
130090
120218
117905
115129
116820
115384
108034
118820
117522
144994
122006
127009
126225
152048
177824
121727
133045
116748
127354
141800
147046
182030
120694
111879
130078
130292
152547
111171
125992
141427
125572
123161
131762
127845
242816
128055
132823
123597
117139
144191
138845
137496
141141
122899
131927
124701
121321
118162
129152
144620
176674
134712
119155
241081
141853
172965
119584
130236
120138
136995
136441
122551
145876
115800
138994
150666
109011
170573
161122
149591
148900
149259
144148
118711
143836
122525
129027
174870
155006
128175
134369
142965
194478
119366
150461
237514
171937
168644
157669
177712
109020
134322
187939
180257
162118
124036
124070
118346
151279
143886
129548
149466
145028
155150
168724
127531
123655
202907
170761
123608
139013
187613
167089
126541
118098
145520
134570
128841
138981
139273
143654
163147
155347
177998
140251
153098
197222
131061
254834
160833
134031
154240
180106
159099
138380
215108
183348
138459
171448
132566
112458
118040
127093
119500
122874
111666
118425
150180
140673
136910
133672
139053
139209
129766
137327
137082
128184
129535
135790
149861
143954
133209
142252
153483
137314
122962
154744
150301
122604
144536
137433
134421
131863
127551
157424
126212
123674
142206
141195
184410
125191
140240
145866
129605
130695
148798
130270
137278
175622
129886
144952
148134
129776
138604
157621
129797
153407
185143
161139
163261
252030
190263
142568
168153
143427
128262
136548
135504
154054
139246
118841
119197
137510
140811
157521
144899
156007
142978
136423
133326
130770
154009
142177
206031
138361
130171
139996
131550
167014
162471
165909
196970
154662
121310
195738
126491
174085
171387
205148
214541
182091
158240
141466
137882
179986
143006
169158
201294
143340
177557
145410
134167
147808
130219
141433
140954
129268
126315
156548
131740
126297
129612
122510
148196
125956
137631
149497
157437
122467
169045
162877
134788
162950
152608
134405
127814
135122
146720
156744
132872
151622
171694
164861
148702
158802
131424
148853
285890
145224
150261
197863
124679
171241
115329
110240
132725
165875
153904
127790
129605
134834
133801
171326
181682
136730
114088
134385
116191
158906
128388
167585
156712
129668
193936
154807
191671
149134
128695
194145
122216
126876
136338
123878
132265
136402
121540
116858
115427
111598
151338
116813
120958
140494
119841
131143
162216
141183
143925
252191
128877
164599
181213
142845
185592
163046
230681
179328
162728
162865
142464
161799
135448
163036
159501
140768
128892
162627
139412
182002
124910
122006
138921
234189
169715
135381
146809
138910
181152
193817
203182
145902
222430
229668
145821
157175
159547
188830
176613
192722
160398
179441
126928
185349
120503
126612
115842
122177
122974
120709
125019
146949
141992
140351
137545
124084
129076
117411
162698
118149
128841
121582
125000
145097
124631
125268
126962
124038
121100
120470
277589
142298
136994
137991
110497
141103
120393
121497
127674
124772
121491
153150
133074
139941
142250
137557
262230
150364
124541
117719
119097
143927
131472
176153
138362
130745
116829
132640
129502
131274
259288
130521
121211
128343
131857
138828
154827
235340
131564
136985
129458
148069
151664
136475
116825
143743
131449
134540
145928
133324
122792
138399
131934
122075
126648
115263
116943
127879
112995
131640
123796
154442
128676
171684
143034
134215
119310
123057
127353
123721
129880
125972
131917
134258
132138
138724
138474
269286
119773
128261
146389
119454
132510
127775
131242
251457
148515
133599
126211
127569
138289
133071
120596
172558
134875
142732
138651
176049
125718
196337
138857
145265
178368
181247
156978
138660
198388
167264
159235
197523
181172
170366
148164
123191
128437
177808
148977
165404
172893
149653
185995
183256
142125
138563
122965
117171
132223
154346
125449
151325
154341
128114
165504
186330
138142
159996
124341
126273
206963
150286
157124
163300
160217
147474
135610
145041
124004
127147
122136
172220
168781
139513
124016
130210
137817
121185
131254
281541
132146
170407
173350
156223
186282
117332
136080
183862
152783
166003
156135
161764
126389
115070
131389
166701
129556
119213
142182
146624
144852
190374
116083
146269
177694
190375
141992
165946
176837
122897
142042
138927
423338
138498
201190
225861
221357
171011
184144
154970
146891
212313
151137
166292
122521
145668
136556
151777
173216
199486
131047
143770
148252
203803
187963
177070
193627
182277
208209
192454
131641
134382
148200
165838
162891
153043
150543
141618
155391
163540
138558
165240
166227
144156
173803
189484
176405
174502
125995
200934
290414
157865
251912
184817
126843
170581
190100
152661
134713
143968
138687
204224
149423
165215
126290
177150
176868
133472
139023
176048
126025
158618
152502
117549
179184
176663
163872
137833
137910
161198
143968
133589
143634
131719
122051
162396
165361
126882
188043
124056
136607
130353
145035
136413
143013
135135
144426
147263
126897
140523
129930
125697
127046
144115
115006
133780
153044
116538
146798
143391
168588
139049
123272
123289
124696
122459
127976
135382
129537
113841
131943
114979
133183
136397
163935
131484
134967
190234
132226
128985
146248
142524
207479
142168
124234
139665
146648
140620
185791
143760
150858
173355
126215
118984
143052
163297
120923
120111
128162
146888
145826
138536
109094
143355
126496
139540
132625
128919
152703
154358
142826
122002
149530
134292
154423
135296
224624
145255
120667
125886
144178
132277
283773
205343
158060
178198
140411
163854
178510
154580
170556
164732
134332
157656
156856
144939
167348
140181
138929
135847
157987
141030
177937
159716
121375
147309
129736
139677
131263
126406
138930
133947
154300
170270
159236
111151
163296
162934
138013
134724
134300
126341
126950
133208
134403
151502
124363
136351
155077
132361
163016
142051
135964
142786
130625
134684
138238
169619
129541
133755
178552
178078
140053
151889
168005
145229
137775
143527
123525
132126
165662
168361
139366
122918
127876
123761
138759
136619
123347
123273
162545
154404
135049
141802
125073
129632
124921
150268
145097
139890
138449
137670
187092
146095
135317
147541
160895
138453
126562
121819
136308
145579
145888
137517
136683
142466
130270
139939
143080
134083
133735
111925
124356
143921
144617
139066
132203
145475
136211
120504
121874
290239
128817
133179
137282
129464
131059
111298
156562
181335
126069
127768
129149
143458
152135
122186
144662
568926
133393
129376
127760
132593
128402
124387
119173
112438
127282
121042
142043
128622
123256
142832
136728
124161
115032
117341
113182
143279
168672
122711
127413
133155
131732
128906
136825
210372
155607
150402
175735
182437
132108
136314
182397
177382
130552
120457
140667
135106
146770
176198
124049
128993
143512
148547
129844
152341
135113
208510
150104
139483
159630
141786
157196
193515
178492
144904
175787
183984
126259
142310
121419
149931
154568
199901
194440
180037
210519
192375
142131
196467
176537
149331
180810
142350
135449
139378
127877
176699
127712
193035
148052
180374
156863
143995
171343
155763
298017
228326
184072
198856
234793
191273
197501
155754
129139
111463
129422
125472
132345
103617
116675
267132
115065
134888
123162
131799
149954
154051
139250
121300
164084
128937
105273
123947
165923
121546
153830
140412
143956
166752
124974
139304
133616
115610
126497
132823
168130
190126
170072
120924
130380
121848
155068
120478
135368
133233
154867
126144
135008
146957
140848
128647
119306
120488
136550
122478
128478
117682
120609
130157
122178
135929
136890
128841
129952
161583
123570
121679
130382
159387
128453
127856
152622
132877
112727
130384
150511
187111
134900
135401
144645
163643
127691
132524
126350
123730
126025
120755
117483
121680
183534
161233
150819
119136
124578
163599
127137
134200
142932
126125
150566
176183
159247
144543
126324
163356
138933
120732
139221
129990
121964
152690
119691
139296
131723
130751
114332
124458
126576
117759
119870
141394
130218
128568
123495
126616
130234
146254
140458
137393
141911
170068
182539
169799
129908
135379
127692
154551
135997
153856
154540
125777
147297
146971
122787
142786
162130
155072
132134
139820
160765
166869
121730
137461
146119
123927
150266
141266
128986
123124
146655
113948
106342
167268
126408
134996
137475
122721
124074
149030
141814
150040
143614
135713
190421
121269
182687
188054
135370
142087
133522
134258
146067
178510
156599
129787
146066
148919
152336
127061
126502
132108
134396
154759
117422
153741
157549
149889
132599
133630
142540
138752
119892
159665
163631
162592
146489
140033
115783
131867
146249
145929
138418
146730
131108
154279
129031
127226
127236
136347
149708
163187
158543
172474
150249
171201
435658
167093
177577
144771
176968
167564
191534
173879
161096
130288
154682
179344
141317
178543
249045
223638
164793
158540
174555
191975
134270
149274
140684
223110
151018
295635
189884
197943
151731
171362
200441
181613
226863
212244
137958
172418
187942
180593
151976
129611
138422
184792
140088
147475
170371
119204
142342
134178
166561
116020
119730
171187
145776
166606
128419
135031
145329
121867
181570
133013
124791
142287
128653
200784
147745
154515
182817
123549
190525
110363
210484
184237
207799
188785
137274
133380
133443
192490
153657
111424
158098
179004
125529
146159
125470
182605
192144
158227
174055
194141
145350
126989
190695
152788
142249
139855
118762
130889
151327
132282
131865
107618
1268837
132987
118542
120853
127505
111106
127651
115070
127568
140367
143125
109191
133608
142513
133824
123938
125942
122716
113767
128520
138247
114150
146882
133610
117711
113805
122846
107801
120086
115656
150962
120716
123149
120169
119552
117813
119517
113860
164291
136545
116200
124986
223340
113584
111584
121062
143936
124484
118943
120974
121111
120108
127662
236468
125139
121131
112280
161412
116507
115032
126300
113805
147782
126283
128277
134410
149338
141677
153566
143484
129096
123240
153631
149610
150230
116811
116061
144893
141725
171640
186093
142123
187514
172211
175997
151131
156476
135818
151511
157567
124898
156464
148926
149548
158528
114438
175752
223081
162001
184047
154403
165218
176762
146394
162278
150615
134921
162518
168481
176183
167688
179226
121551
137394
122472
168431
190243
164530
174804
144269
124344
175587
145134
124585
151553
163914
137837
156876
139470
163932
172032
188649
128416
190023
153964
161711
158444
212058
221171
161352
152903
193579
198791
211038
152095
149548
166845
395865
142687
121645
154684
243377
172539
144455
143992
135680
147153
155247
146453
148570
212005
196997
279153
240908
150013
155025
156353
116445
167290
139799
155540
165035
163215
174293
149353
271076
197697
130831
183876
197190
109572
147844
112258
127005
133959
165461
131504
176227
162932
155876
137915
160675
174907
127053
183709
170720
147841
171469
137512
218259
126158
145997
150604
153247
153431
186439
200096
214482
157320
126354
132450
157839
158753
113901
161100
228419
190174
138836
188221
167670
120611
144614
178367
133915
124154
120297
129577
150671
130227
129881
122813
120986
142912
138390
124788
252098
253192
132962
121692
133478
137881
132718
122216
118241
134739
122380
126183
114939
132390
138302
112339
145294
140236
140965
142745
143306
128738
127731
123969
127151
123644
169675
137204
126963
170499
139467
167620
139473
132847
159440
196745
165627
182548
123503
180229
133733
124173
176634
152839
141318
164063
129666
167532
162683
129270
134017
119452
121039
130864
125563
118451
112997
172003
138850
122560
147074
140690
146219
131718
134089
183256
132894
176973
186151
145938
145354
124054
172542
139416
171503
152026
151554
116993
182511
146542
118822
136287
149232
108887
179880
113506
159207
166960
135767
144398
169051
154182
147197
181735
196871
152894
189670
191567
129955
170489
118575
212547
161285
129505
113400
160244
122989
136052
113465
130436
146922
115581
129595
131669
196454
161347
191695
116812
112128
122596
127624
127291
148354
113488
145761
127318
213796
160933
151476
186404
120926
184042
154096
141770
136146
155140
168576
159191
136145
212565
177407
123902
133310
177852
163925
182186
141479
176334
129954
206273
133315
176565
194017
139750
138144
150326
140169
134873
153704
185876
162401
204832
146108
157283
127045
158554
117433
126412
141216
117573
130452
153141
127724
106500
154589
163012
116503
128741
165820
114028
130440
188904
140620
125877
97644
134386
118132
130827
111570
118460
123444
113825
130855
156524
139766
139289
125328
129551
146122
153731
120647
135825
130016
144422
147750
140032
193579
147767
165033
165790
161999
130733
148000
173043
131841
158246
135017
142019
155899
150043
138471
159203
113605
125472
131147
127063
112287
258137
173254
139261
153857
174291
249639
195053
198923
130573
122754
189688
180043
166523
169931
207244
153715
134765
192167
189087
143246
107008
192953
170782
144097
155794
158163
140235
128152
133445
172026
150758
155421
144614
144036
155576
151992
133732
155374
137749
153958
151433
147577
146264
131755
122325
158373
271285
133918
129270
152666
127593
107011
131620
169034
135065
143486
162718
182238
158598
174860
139982
142853
158926
176450
157013
143159
147434
177143
136355
198075
196645
149047
190293
157073
297354
166144
131398
160469
255763
168282
182807
184211
149063
130772
140038
174855
170220
148885
176955
181057
149754
132588
158521
140855
147883
167649
129520
138677
156994
176270
135099
212149
172088
198293
191462
172417
119400
150558
148925
143159
138906
136400
202565
124897
201257
172233
161166
154753
152248
172968
178703
158374
159376
161609
139772
163103
185249
157430
147590
182449
160307
148498
152621
149486
162742
141176
130985
150633
129736
193376
206520
186224
132263
151994
191899
159721
149813
228690
168165
134205
133364
129009
163083
136330
161954
192706
155681
137223
270362
200411
159397
188512
140627
188146
167831
154161
174083
171718
172599
180330
146222
208045
173897
176601
153940
150264
122590
152399
149069
270772
171399
186793
163933
133503
191590
182191
129331
170205
182292
161161
193907
190290
137022
146006
141557
137828
148259
154374
135867
137697
178303
127465
171886
177177
189977
142307
196030
174060
148972
142866
132863
129971
145041
134030
128944
133943
126561
145756
131311
156224
168509
130623
133019
124755
146644
126999
166843
139988
185734
165041
123129
118128
203711
156848
182421
192022
179005
216125
189810
188317
223539
131856
190680
135051
118591
136118
210159
117387
124100
147316
132523
205440
199128
233039
173299
176026
219950
197120
163841
173534
150800
158542
191522
171453
204529
215002
191511
133764
118831
169601
185425
171349
143533
124001
162599
132518
182482
144114
128029
133278
124553
171785
126740
128493
130965
144195
140279
179346
144264
113720
125282
146517
139662
124429
167173
188019
132551
172779
195790
135386
145324
136284
140920
148204
110325
154870
130136
202647
180392
110392
241184
140580
191370
176457
173868
135334
195083
182929
163551
133889
146318
117750
194418
200289
217121
206157
156115
155245
128235
150062
134592
178887
169537
187271
221820
164267
143001
135832
195032
142698
142505
141041
132133
131794
121951
126497
135782
134604
121294
129280
124409
129630
149217
140526
157632
