2805578
553041
353167
320883
300905
474261
322836
286478
317515
266706
251218
222921
232309
215611
205915
224874
241992
182330
196990
175301
152757
173540
187454
170867
169255
171657
168261
142245
154989
152086
135133
160766
161045
191435
163115
186029
154761
174050
160917
166445
137494
201995
178604
156576
202471
167023
164963
176298
166363
185947
173537
186145
145754
158161
166015
202031
172087
143028
193304
196886
218088
176769
165295
189854
177815
230968
152550
159155
190405
195960
189929
149866
196458
157456
204287
159125
163541
179195
199276
173129
175102
220919
234957
179232
189570
158889
208654
193022
175887
167988
203614
179865
173197
199403
206591
170605
179816
200204
189611
187515
184058
159219
198605
188115
194425
173941
195753
164771
176663
210551
192298
164398
229495
166812
160516
216024
174007
158164
198778
173509
188956
211525
225830
174066
166606
201335
200523
187481
236670
167890
193652
194208
188692
220021
156249
210584
275337
203923
166629
192914
178182
197852
180557
241519
200237
173035
156196
234540
166554
165425
159324
201244
176993
277940
183611
232137
154762
155040
148883
182756
207536
161615
169048
130606
202064
157046
200974
223322
214077
236187
203274
184573
215411
186092
181146
177285
183367
225824
180203
156527
300001
220843
223288
165347
175422
196458
202470
155819
162002
234111
223962
173864
184657
192274
170374
196791
214756
151831
168795
189068
181370
173536
236884
172278
179564
173459
214595
152603
202919
194940
150894
188066
183105
237991
232456
206885
205185
173219
195979
199077
160344
233223
171016
182753
178400
177286
237611
194948
176038
181686
189142
163071
167818
203739
169035
185536
244368
197453
212554
240325
209500
214983
197201
206313
176520
280918
163355
182572
228075
164744
213620
187098
214551
232729
179352
164515
213926
221207
206676
182525
206241
495081
167086
168417
254802
174075
188302
212534
190530
219563
207061
180785
238390
196929
195713
275792
215894
202576
226960
192088
193547
211112
179490
182163
184578
213048
195715
216915
211720
182701
218845
258242
285793
195518
191951
218596
242650
223173
163957
205867
203485
205393
218967
228655
171729
380657
172436
198908
194183
205472
260495
187567
163302
214583
157739
226450
216863
208303
160601
182007
294309
191614
178864
206792
171394
235091
214956
176196
175109
178851
211863
175495
188901
222487
199983
189990
166457
189229
192122
179247
201102
190086
172239
194217
225692
169410
177803
200110
207690
231316
171051
185318
207683
185838
164774
183972
172799
166213
194039
225159
205548
191338
205481
181552
196144
183864
190518
213648
197434
179752
171985
206219
226946
206304
208868
188348
166332
206467
161952
162782
171652
173822
221066
193064
156850
188628
215647
183566
154281
238310
184710
190697
245373
189595
160214
246508
214466
176697
184869
195982
267962
198573
208544
222004
185830
193786
164562
220887
190762
199023
197147
229113
163790
180011
182756
307615
138655
179243
207524
174798
184003
177620
170310
205258
166481
167776
209724
296721
187630
166206
160828
167643
171266
179127
189322
236759
214710
170950
159601
203865
190344
214326
186190
174128
175065
191159
162527
171041
162753
225977
197174
174633
204683
190940
164350
206030
191363
185444
179278
191136
192018
194280
254400
209475
182085
201782
195889
221515
214675
179910
170799
248606
170470
188667
163458
167270
165584
174974
182655
180242
146651
151988
179902
183549
185004
169635
200067
184217
187826
176002
191547
142432
243617
217823
229173
205186
196820
238525
172557
160662
182366
178315
204918
177868
170357
170060
186150
248987
228584
234962
180602
202650
213701
271638
182492
190523
219040
213519
206819
183645
183618
184015
156985
204799
178794
203411
231689
201382
237424
196746
220743
190242
195198
225813
169084
179389
206642
251607
172376
200796
203503
214332
214283
237195
189453
176957
206238
188267
163222
215494
199550
206677
213244
171183
181201
169679
205907
203768
176693
217097
189613
198423
187204
204790
192933
189738
186386
167357
204956
179151
164734
179455
173000
196545
178791
185364
162748
246262
214506
219101
204143
159215
161713
162389
169513
200300
159169
204740
218679
147556
190725
199294
222825
181370
201406
188624
180632
205510
170199
178549
169705
172404
191208
264075
188731
292356
194130
204813
166006
213957
208086
166638
175197
229286
168585
178148
161061
175255
221323
183356
250102
252287
167191
190668
191675
167608
311231
214526
187127
182875
198921
188987
163881
180629
169710
171123
177135
187756
215340
177167
175682
226141
177849
173381
177987
177229
161192
209664
185374
221697
185669
158569
172309
164033
190966
200149
207799
195470
166451
172233
216057
191792
172018
210045
192048
169733
185060
166863
171153
162356
149108
174291
315404
226289
200753
165487
194501
163204
227512
227518
172321
219016
169306
171926
233208
207175
265564
209497
142140
260144
144823
176954
216261
179614
139068
194487
180570
292199
184562
162761
174050
140920
184798
184911
193723
175603
216683
190219
180649
150090
152143
160397
171794
152728
165959
161639
186166
173955
175923
211485
217647
185686
221726
164848
197611
153213
273406
154659
168306
158061
175845
183457
195560
172104
175739
195551
201455
164989
185134
237755
160015
161133
215634
216636
202672
206213
208320
181578
191343
156055
219827
182315
154704
160651
164056
213739
255328
189464
172348
181001
255684
180063
184749
270732
213606
194262
303513
242964
197174
172951
156625
165174
145239
199020
179859
173940
175918
164282
187907
218421
185305
192847
167080
148064
161413
157563
163811
219090
204716
190662
162688
197284
153105
197184
178989
167158
182027
191961
286340
161859
176779
162949
288242
166921
176534
286210
201270
207629
302885
169719
172788
243058
166690
204463
201891
213088
173414
173801
194004
252950
205317
178134
165050
272958
197215
292085
207606
174110
175651
168429
214555
203678
195844
303496
203682
227647
176581
216869
262048
193712
202945
215248
188226
169789
162404
181352
213540
181918
261679
161736
175886
177899
188002
241658
210391
289018
157809
246390
180674
201710
208951
175221
157659
148056
173965
189128
175310
155711
173047
190459
187652
169642
162458
156758
161222
167837
207912
151113
162062
191552
166873
269439
148701
188831
226498
161677
178384
213927
298286
168056
161327
273992
195286
256968
137518
153840
190938
169388
143041
186093
160616
144412
180861
189494
175767
153109
151079
148040
197021
153757
144462
185623
156226
149385
145280
134097
152289
183046
145228
177439
154534
167908
139481
283275
171916
184123
164094
188596
163152
207478
204495
177089
155436
182592
169351
192089
152856
198658
169179
173613
185275
172261
180090
156521
144291
159195
167540
166453
208959
161872
158090
164805
206701
178949
170736
188788
194213
141621
152906
189126
171953
155412
178815
165960
155583
288852
147661
187742
208412
234889
182599
230875
216247
180388
220397
181338
146241
167770
175465
184817
173326
177038
209307
168908
154627
205735
194108
191129
199798
178609
260873
196571
196495
184017
239491
190001
180375
169167
195489
242120
178533
147646
154970
153229
177702
193557
165885
224058
201481
135975
185632
193912
153490
194731
194166
171823
161677
194044
163274
181134
202519
169184
182557
173011
166156
182355
199232
154991
182382
155367
140223
178812
155943
168930
194553
186533
191361
301013
214948
192021
181281
156195
152155
194040
202528
157631
157294
155668
186539
191232
176443
164578
292713
165063
169192
177206
150034
187173
212499
160106
182409
193627
183743
203769
204652
178577
156549
195836
157882
162875
157382
180240
148478
170736
159534
181426
143696
155361
203060
196685
147639
151224
169967
149385
188579
175909
197208
220430
172337
166958
150386
157444
197086
191991
209490
192158
152319
203510
148068
169807
169391
173363
215088
150538
161886
184309
187174
197488
173923
166796
155087
180725
148259
167567
158885
157800
198189
241819
197236
162017
242199
201690
206550
314521
174165
205647
169473
170253
165888
225271
181203
197595
231704
163010
162185
168582
157937
165705
179257
167532
173334
208785
195485
166087
185565
174996
182767
168611
216844
228655
159142
149740
156064
153843
163659
203991
191116
192866
170154
210500
173972
177440
204752
164975
231377
190147
187254
184899
170399
190336
179532
158632
184622
259666
166838
154834
155357
174731
165568
140869
177124
162970
188196
203240
181911
162225
194863
146030
311328
259018
209564
199336
187086
163632
201842
175492
163667
168687
190548
160920
152797
160592
226354
191863
170899
152785
166087
143906
190571
219441
191788
171033
140451
191759
177173
159491
147085
182715
218119
160053
163588
186483
178363
206583
181812
164401
185213
200530
194568
179492
171148
148125
172116
161045
244165
204606
182460
177155
198746
156507
199587
211493
180190
158439
212929
149660
150730
180609
183303
181211
387813
279967
159519
170182
201801
226257
185163
186044
178929
165007
152232
180781
199279
166166
221299
201555
201446
306249
196901
221380
154018
196262
189805
174197
191484
161539
151043
206487
179869
156062
213784
212104
166627
226887
179843
167464
137265
163239
157222
186134
157297
148357
186157
181890
173608
172516
174337
153642
146225
155885
161974
170020
160885
185685
206305
199079
135213
174472
153682
153163
178473
192262
158415
180871
158689
186083
204818
153844
155242
180461
192364
141100
177741
192318
160570
176935
152216
147621
152349
202276
154151
167840
236286
165300
170857
168885
219857
170320
196801
153936
223464
177141
136413
201191
135088
286107
155742
202597
187321
185749
152430
205837
189862
212946
201945
179893
174732
179924
164734
213662
233805
179245
155645
152001
183708
173298
198529
161342
193925
243782
182070
148247
177244
208337
185579
210475
142402
172934
166821
178566
182145
182692
193652
194698
171623
169126
183282
138376
162337
181334
186629
202733
168126
199075
203523
203455
177278
150642
200772
212849
258598
197509
268483
211781
164590
148605
202161
169678
191326
154760
182681
180277
182545
148001
198075
180683
232631
224935
186363
149417
188599
157405
221282
155341
136324
221088
165534
188669
170591
238418
169349
232487
179092
154332
232678
145990
163899
172127
153307
187341
155128
149127
179631
186657
232460
224231
160677
213199
184169
199757
164578
176799
174062
255204
168218
172775
167258
131541
186499
220058
273734
200194
144550
200334
1755067
143607
153088
170065
217423
170374
143394
172407
155820
183073
178589
203799
173916
188746
168105
181587
158876
174175
163997
169185
157249
187045
261611
157661
217887
154079
158934
139858
167326
180112
191994
186480
145278
154053
131390
173945
165582
170836
184113
143800
195614
193119
148482
156246
136409
192707
239409
375832
155521
270071
143563
192131
154423
156446
133597
149046
196979
289336
167563
199406
179222
185927
153681
196497
180970
213838
203261
153549
189671
181606
177450
149270
154242
287218
194349
140709
163296
177760
162442
154197
199801
138561
176233
189446
199519
164596
180184
214171
188107
273465
152509
147619
168777
167779
198547
189222
172108
160332
142376
163294
152529
166374
184980
170551
191409
159812
224564
170360
194668
163473
203985
142411
187768
179312
163779
162388
183691
180170
197956
235292
172304
179217
150581
178397
163612
177146
336703
168077
190737
157024
162135
174415
183207
221151
182672
153007
160682
210288
171248
206218
179197
237600
200811
217465
167473
225901
293993
153580
149636
187206
176138
162551
196287
163945
169699
158929
149841
192952
158089
125135
180375
277943
153080
226252
202130
177514
151974
161248
184991
156167
179344
181676
170089
158472
231996
154721
163644
149113
185991
189384
186991
185390
142976
184876
247644
202428
160751
185262
141843
165189
158724
139827
167534
165466
155254
202593
164833
186033
158822
181245
162291
142850
146165
174891
170874
147976
199232
192105
150536
169785
153139
141122
167274
198744
226489
156345
194292
168164
159600
164434
144078
188004
194306
187204
170751
120409
183156
178330
145899
145856
151768
175480
161725
150370
132210
197350
250133
199810
228282
224845
153909
153749
177707
136807
167490
132486
162394
192878
155454
205794
180883
165601
145592
150377
175877
159531
283762
185852
150872
155137
157188
170550
155868
144031
181439
158108
184499
150890
159198
180357
140614
213727
168301
142034
164910
156734
181584
190498
183565
168663
170712
154211
188294
163456
163668
177479
177648
146436
167053
141773
172742
197886
136679
168775
183456
147367
140125
163128
196348
155734
143484
175648
205694
153533
196503
164707
158695
156709
173965
210878
172695
187567
157282
174762
200753
139362
160611
152486
220441
177843
152232
201437
152144
187701
204342
170943
209040
155403
168742
197820
142384
144207
176182
171893
163015
162007
171679
151561
208305
186483
159582
198035
176825
168083
188779
162432
163989
195808
175066
178201
165015
155265
193026
163164
161151
161471
176266
195436
180165
133893
181158
154230
140277
170748
218406
187132
213401
194551
166036
231283
178770
167251
133944
162424
159738
196062
181382
159945
255476
169494
156230
151143
171812
177438
128723
196372
172007
144524
163340
146216
200254
171350
151224
166805
164028
188523
161373
144754
183126
178026
203940
163534
171907
193155
186010
149678
338151
204843
165229
212455
152069
148478
192077
171297
180070
159800
177379
156232
125520
156429
178805
187635
166899
222727
139595
123725
153407
169750
137828
173082
178925
183724
169981
191576
181462
190974
162573
198440
163933
204989
148027
251628
163667
220226
127581
182189
212112
177644
268913
224775
179564
153425
185459
153032
146073
203320
143559
181240
189135
162579
145807
131875
157906
179195
155963
161806
139765
149596
147771
199321
186791
146371
248112
188758
184240
228730
180873
192698
185429
179321
203626
215355
222030
285242
175544
163216
142653
190388
172415
151861
169185
212108
171999
170027
158893
212680
170539
172141
152287
224660
158080
191882
271217
177927
319945
232927
152118
172636
192993
157009
171839
183462
151226
127435
169091
176571
152707
147374
221684
191730
155128
163315
178784
170763
228748
145749
203321
136258
142812
153400
164954
167355
162723
141297
175827
181518
313462
152420
154246
155024
192277
186206
174569
149042
194574
166969
184656
161215
207731
158020
318017
178965
174568
166082
193814
161250
192081
145348
154981
180362
202081
180658
170224
218785
179681
259567
212269
147632
144139
193563
171248
139376
186306
163296
146375
170957
122613
146900
185000
188351
145715
161845
153049
137440
149326
141950
174052
132241
174773
167080
144807
141032
162195
135641
160588
130965
149164
137780
139909
144598
157878
183590
152165
164193
160639
166815
243355
190901
193726
136882
156324
267332
159353
133931
156053
131374
141114
152579
199001
190454
129017
157173
171544
151449
184504
245204
181855
218149
205359
137146
172313
192071
170783
180308
190531
171074
157154
151327
131632
191166
164234
159849
177597
211160
126467
151451
143309
160763
153618
182274
166617
274077
130063
173523
162248
173745
208603
199005
152479
127936
130054
261637
140571
287858
184307
160371
145062
252436
165023
175292
144687
129832
150539
256092
263756
324890
200886
151399
184980
153100
174470
249276
187545
253405
180512
195569
188957
168027
142524
159436
163610
197528
166553
197374
180434
161225
130961
139125
135716
153204
154867
175801
179656
155926
219446
156474
197607
167168
174209
164647
166971
151764
171686
156446
174620
220321
176107
163380
148722
141006
143410
184868
200072
134979
188722
193364
176570
175248
178920
344310
183904
190492
139702
171345
152187
167296
148955
179512
160790
192126
169000
170675
174579
158401
154540
130563
150658
190380
207839
218806
188855
133286
192868
193504
173317
184145
154696
195360
211893
154616
180895
159974
128377
145791
150173
235004
132888
146982
178987
185865
159783
148883
232340
143067
146809
198678
244539
160651
169041
183066
189501
191852
167855
150859
191979
149490
173768
138464
165837
170856
188595
185908
148228
169875
164160
180129
139218
211680
144365
170622
263175
161386
192831
143288
172635
165526
168782
131352
241554
154440
148790
213556
184941
159047
154498
135543
199217
296775
138706
117056
152945
175904
193621
190210
158940
200900
167557
294895
206867
152993
137235
164713
227269
170238
187678
255304
145877
137347
168189
155859
160144
157864
208852
224333
159007
182493
226741
147600
181564
136839
167276
140063
190631
204487
234674
130888
142971
149061
165450
176740
188395
180565
159532
170409
230803
214800
181309
150472
203887
151608
200976
196562
177254
164304
130668
148224
158662
159409
156131
155562
177316
219870
147973
148789
178854
156170
209197
227933
163053
131661
216625
213443
137782
141619
145092
228942
194164
169481
159942
162350
147205
156463
179737
156027
176868
190784
222806
141024
144871
137671
172901
159561
152567
164820
200353
153701
151595
205449
153768
210828
141762
195790
134299
149443
179818
163766
146430
145742
176126
173904
138958
124438
140991
181081
150724
190162
152781
242044
163886
145149
152378
193681
143923
133309
160136
144935
149338
177313
155814
157082
169812
210534
215879
250854
145129
166667
174884
143002
145658
219040
190779
188163
172225
146843
167662
150132
147749
175073
120116
186094
141242
171779
128257
136086
150973
198143
171744
237511
202298
172250
215002
216289
186721
160849
199900
132456
173254
214926
191408
151019
181186
134006
137940
178004
132084
260289
142610
173307
171167
162642
151898
185107
155950
144450
167889
151154
187255
187092
161107
207212
142227
163947
151967
163557
157963
210469
177805
171519
144713
128086
176779
143055
172249
203741
145757
238691
148201
151261
213823
194213
170206
155685
163186
164606
168003
149162
169351
184601
159018
165188
169945
180752
145697
151613
169523
164111
156979
167105
152925
168395
213868
147253
166701
138856
120116
195430
124673
130148
217456
171247
182346
209887
161720
180170
131325
162719
164188
144797
163935
194919
196220
143074
173100
152349
178288
129220
263939
188967
129178
163342
128454
168956
196681
179476
177851
201517
185121
157478
155535
174814
124708
162206
171291
172583
178013
184239
149348
203018
282374
137812
154296
184753
154598
208573
212659
200560
167133
168454
148377
197581
167225
181933
155513
184880
163008
188281
157162
210072
209682
113442
147158
163080
165834
123982
177835
197441
165809
138940
166712
159001
149676
161866
186800
180503
177480
140971
165346
185277
123304
136770
156043
198067
187836
151128
170216
115836
146756
209902
165125
173828
178700
245664
121062
140879
132426
173622
174134
166772
214988
164853
239586
190749
145526
172036
237417
155186
225555
133109
141995
266332
141825
170003
144491
137046
154027
154291
169035
179797
175641
148584
183875
156514
125997
213887
188758
180665
152915
175029
171228
182228
196911
236676
183546
184827
208537
202120
215162
163498
134976
156863
192933
120271
184921
192311
161662
165895
151177
234497
128455
148167
160099
149232
170557
202141
157687
142688
107609
199732
225832
166074
172119
155543
151332
153897
135013
131698
163999
192593
140759
141695
185640
191445
161482
235695
207889
115475
167064
173180
221023
209893
192336
149588
177313
141358
140307
128221
153103
123772
163490
161301
225282
172808
147099
166935
179860
168579
163472
123244
185154
178970
158190
144309
138664
187052
141908
187938
170620
179951
196193
161354
217018
192261
143408
159305
132211
148718
133851
208436
118070
132683
151599
128355
169508
163240
152833
152440
136024
174987
166430
141801
120708
146604
167929
183119
116128
133908
156709
127558
146366
188673
175859
137013
126299
133524
152975
139169
147865
187581
167261
158767
125947
215402
175423
158156
141723
684541
224231
151634
126316
121114
150013
135260
141300
209591
136765
178444
169982
225068
137294
199415
138942
138256
199540
175369
132802
156366
152382
148968
213116
244961
133063
140510
165708
130862
194705
148624
147384
151467
153886
187147
144139
139602
146660
151554
140983
191068
136073
138546
127323
131831
152997
159146
150314
182379
198744
206632
140154
145723
195450
127477
162316
178875
137591
187868
137307
176957
152846
155265
139929
162812
199461
202255
167822
168308
177790
134595
136669
177309
234850
149940
141861
178735
156488
156701
142471
172071
145843
165944
144589
116568
113729
143665
129071
153790
159721
175064
127961
142075
146897
140073
144615
131024
162379
187001
176153
152724
119471
160297
140318
204510
170630
168564
148485
158285
127611
128745
172331
146876
127225
118669
148033
142359
148849
176134
136376
171308
118197
133287
164743
170456
145801
139877
186027
125376
134377
146481
144037
143734
143065
134610
168395
165735
136020
215078
152185
126019
140594
152775
139898
155474
135505
161453
191971
141954
137421
137059
133643
162865
163456
177890
248128
132022
205396
194159
165801
164882
145648
147448
163064
121952
154396
151111
151540
169245
151091
166569
122127
158460
135574
139064
139239
140098
167612
134768
148669
148497
145838
145175
165435
162293
167082
132474
169122
174760
122375
148826
187166
143057
128093
151689
163520
146688
139066
137276
155046
207946
192168
172355
161154
173823
176209
132240
161100
148751
170893
140083
183784
141918
128045
156389
160130
130042
159422
130183
207240
169161
148517
192269
173250
173408
152368
168880
162038
143354
204617
145264
206254
157210
166848
151624
138006
163373
144673
163066
182786
145011
161830
208777
262693
221987
128017
180756
130279
140383
152374
141646
109903
144062
158156
158780
161410
221876
135003
132741
132659
131688
146891
186951
127267
183957
183215
132699
186720
143452
210054
193778
151894
156016
134115
182627
151586
150612
138501
185050
138046
145430
148073
189679
157875
175347
150900
176905
144977
127740
144733
173543
215874
178454
138017
156990
220276
162090
128511
162642
153174
222082
167389
178085
123741
137540
136663
145783
176183
169196
147658
169661
173632
115673
177591
152074
181848
130173
168219
128305
140984
177631
147038
135695
202450
136063
156281
137115
127806
114019
141733
171350
142355
164768
126339
192892
189189
141669
164494
143874
133055
176315
155919
150327
152902
122311
259478
158681
152301
211770
208389
175252
173809
139847
136216
129997
142897
154071
143266
143573
189696
157862
153100
159346
158175
134897
115493
141826
273311
164842
173239
189153
133628
147155
163266
149094
177373
182131
129421
156066
171653
153181
159544
137954
134639
154958
134088
129242
198561
145062
168763
144245
151166
121978
132500
179227
136689
123643
130315
169309
146454
231048
198573
128768
122507
145945
167309
188777
156740
153151
121832
134108
151268
163393
152496
157697
181208
146042
144012
194818
262683
128287
154951
126951
134801
144760
148146
141320
166971
135066
202713
128570
147429
153852
184799
156127
165322
159562
190244
162910
135745
161866
143149
173223
124616
142086
173111
154955
193750
220009
189317
211379
171372
141522
162552
133723
144489
182124
125513
185575
154384
216216
157370
148900
178868
126630
135555
130928
171562
128639
145037
142001
146240
128039
137087
187577
177997
121730
125152
195339
156175
147322
167427
131987
154937
129343
173866
143155
182450
171180
131824
192580
189099
123604
133703
170573
133283
157332
119641
102434
160547
155871
141540
208364
188921
181437
141223
191205
139416
188692
181402
178881
157420
120786
158650
148408
177467
128258
157147
170356
149527
187826
111958
167272
153557
193941
121162
146274
150908
188944
203421
171841
210695
183576
130011
151298
135444
148120
154036
128732
150847
150273
164653
141317
159268
178328
151391
147789
134512
134842
161509
136592
127284
148278
253620
141165
140723
158436
137302
166977
162643
151449
152584
158457
161447
158884
169941
153997
142198
195179
142516
154575
143344
161178
165835
219380
227439
171986
154381
143563
190167
179876
206838
189698
164463
198633
141503
200517
254948
167971
134725
127702
167176
162634
173083
222708
149389
217732
161952
156703
174262
127814
246718
153676
199449
127102
184951
124255
184871
161237
178151
150194
190994
172197
139868
167780
156485
136410
179680
124730
132821
155180
146367
180491
194406
142327
147358
166859
140019
143399
144263
147555
136426
146896
200446
146502
148974
170291
193671
213972
421978
138130
154567
202830
150477
155665
120783
135609
152041
204141
137062
126487
144348
137711
143920
125196
179487
136118
132053
181828
170755
122066
170078
162636
141320
150511
141472
169639
132494
136122
125394
171382
154431
154003
176589
148805
156814
117182
185468
172460
167341
135612
124631
130957
152921
134356
132045
172272
123031
141749
183837
171534
149570
132481
150205
120076
139788
183612
162800
162616
155039
171745
139398
166561
175086
134972
149759
183231
258779
150850
166685
171481
132540
139142
144210
127634
131243
189535
132618
146711
127672
140347
173161
139778
144382
150376
136449
121150
125080
153043
148528
181146
146945
155816
155140
152288
177144
126188
258122
137178
136953
148089
177678
175476
154858
167594
139582
121511
149514
133428
158836
156333
203830
138008
140662
138135
156888
185600
223227
163555
144054
207773
169289
136207
130870
126130
160775
202382
195532
165114
144016
140835
198831
173765
177141
170292
180427
154122
132215
124809
144093
157560
155739
134465
209054
152894
201120
272700
150121
205613
131995
190359
146322
163509
154067
181254
182090
214126
218583
196883
144715
172459
148195
133360
164175
135475
123718
186801
162529
173856
180736
189311
173522
215472
197561
162775
139847
152669
163968
194412
158333
159019
150041
215152
175528
173878
167503
134019
193800
138143
187328
218004
155843
167719
119692
131714
172497
133355
141721
155393
138037
168831
152416
127077
149942
186937
141133
132595
142413
125597
174764
140241
129973
154789
251892
149726
165449
186793
154606
161024
162992
128320
196467
141548
165823
135667
191055
140791
195510
127106
141244
120701
164700
146037
207468
187572
155816
152433
169015
173668
143157
129987
131306
144202
132400
136334
140152
124158
133871
210712
167353
153916
150148
131801
132019
144522
151983
129924
146574
167729
210250
135030
127735
158315
136252
154159
162205
183072
124939
186702
204344
133530
131094
206577
162410
158648
130538
114768
118810
176345
118869
141335
119740
131717
143174
121105
130586
156383
125790
157722
132214
147860
153942
195738
137540
141988
146083
125101
161858
124360
136437
137973
135324
116046
119507
151111
137933
175338
147296
167582
260328
183335
132624
196447
132233
141776
164028
182440
149037
174253
184114
176065
143322
136756
128944
167614
168266
180124
141196
137019
186830
177339
136109
114564
140367
187890
169591
114402
182818
163482
161177
136365
163925
171398
135617
172536
291390
181277
151751
120560
195549
159270
161838
102107
123846
128506
123788
136708
109410
130612
165837
154559
145552
123929
124447
203527
127291
129281
119680
129392
137119
127606
144177
156338
157446
181516
147383
139090
127383
191104
137562
124484
132126
162803
197845
196929
183685
135514
129168
112459
118482
132807
145651
138445
126367
171319
131409
128931
171652
147977
95878
181420
156227
134524
163158
142986
118823
130299
156902
123487
145279
164726
188887
154666
135937
162699
129209
127963
123378
183291
117733
151196
159289
131727
159731
172339
142568
145803
143984
138694
105935
135287
123681
155785
196250
199330
130522
126047
166216
206437
123856
128742
170156
173688
173723
174198
188345
148257
151165
174531
187903
134344
121053
130771
129798
130444
223922
127148
152532
146003
140751
187619
159038
156516
130144
172479
129170
136621
165399
141531
141857
152907
146301
124062
116836
171070
127165
145992
132664
187097
136964
170266
188096
175247
199798
205734
195045
142402
151366
234816
123916
127465
694256
185437
172998
158317
201026
203945
165050
131964
174741
145011
155278
148902
166811
141072
169700
128961
143980
168354
181130
132411
122941
167969
121990
169119
159217
155005
126771
170217
155024
190172
129229
177071
168629
131787
163591
180180
142156
199412
147518
107071
185028
124779
156059
118749
241639
130170
200086
140891
157504
133921
154006
160001
200392
162713
302734
197403
126191
127820
141052
182728
155313
144288
140871
145371
158542
203730
124364
167032
189007
175025
142372
191506
124220
166350
155806
238584
131108
125772
154933
143606
150131
205367
155737
128597
133184
133446
262243
141965
117448
178472
141557
128406
129331
175177
119532
139145
172568
130412
135375
152305
149564
210631
138944
166446
153861
133031
142598
127839
140125
167464
150648
135941
163907
115343
159262
140036
134051
109308
136622
192290
155361
140460
193559
133182
130666
163750
157656
167368
158666
132027
163356
172455
191276
151696
188648
128061
176578
137760
136211
145432
124596
125914
141632
124679
424371
132336
140911
147789
156209
149000
161731
202651
135796
142391
131406
168806
209153
153873
125667
163285
123491
139879
123417
191415
129976
132707
126550
155478
142729
130816
130006
306180
135599
156155
126492
156934
145527
166524
154560
141171
144131
127252
116133
157433
142795
173003
148159
150074
139522
140621
148989
170021
159879
120820
123545
134773
122078
190513
123133
183247
193225
156622
127234
126051
152031
163013
136883
155503
162226
165123
138390
176639
136214
125981
132094
139106
165426
188674
162156
181118
151414
107967
140291
140085
192694
186836
188173
160062
255604
163610
127662
149472
167960
179868
138783
129809
111124
129383
173403
153096
122375
163234
139457
199579
127680
97513
173595
195469
126711
148622
154921
202614
190870
132652
120447
158021
130484
107628
179264
133463
150117
195997
123670
154055
173216
178488
160278
155635
155895
129303
165362
172228
117458
153731
133462
160785
127952
124312
150165
137227
165369
115935
133365
223516
161053
156695
152653
167727
126549
143450
114141
170663
165588
142102
136766
161481
147684
141209
168988
125647
145423
147127
195355
169201
162678
188645
133375
188624
154029
190252
123412
157447
148155
194512
123302
165213
146479
135923
250018
135476
152585
137002
164640
134412
170821
176723
268380
220857
146702
111437
148413
144666
168656
123318
127118
172462
130078
134645
143485
157179
176240
133464
144369
163438
160950
142290
133532
142243
133772
118820
187862
135390
139777
105111
157435
168280
126039
153543
148503
176830
180649
172093
121073
163510
165218
167240
129792
143592
136529
160724
155621
141264
139440
121712
149246
128861
147632
144116
176910
129786
142924
130987
171079
214882
151449
133515
215800
136250
121540
131573
156191
145840
117576
135120
254526
126394
142011
123748
128786
130834
145679
145245
149994
114910
189754
165350
128430
125900
150012
199403
160406
184083
121328
155830
210924
218151
179673
167577
179738
129456
112878
122994
115201
128534
136195
197233
104349
133016
154028
185170
184428
190448
186996
122063
179795
162241
142896
119969
130082
114810
122117
144912
179914
126231
287967
138595
126128
128306
129285
164456
149117
230078
131283
149500
182312
186940
170642
153404
190498
167632
152552
136780
181103
151040
127699
152941
165428
176709
128423
196460
142936
165356
135380
150685
109320
269410
169008
249748
134356
171907
183316
162803
126673
167521
182911
122441
142520
147354
167429
119152
157325
213446
163804
285920
227505
113585
302367
158314
182902
175299
140227
101364
144202
218359
154877
167714
151454
140603
129597
149254
165877
154578
176864
162656
123053
163662
145174
142680
176630
176887
192592
128183
138066
200373
142053
165214
146104
149435
182728
123858
122821
151906
147671
130445
173313
171780
158104
172017
184032
136755
137577
137823
160580
136025
192265
137409
152111
158263
137864
173130
129518
128969
146914
165973
132734
172786
149537
203626
162130
128055
128349
142052
115581
143640
196916
267943
137445
120049
156452
220946
202652
149933
125066
156831
160904
119724
172764
168469
135802
163390
146661
132896
167667
118164
117092
177309
214104
151975
227248
146355
184254
161491
152295
153775
149427
170853
175206
128946
119209
147258
137269
144536
190376
170002
138649
136510
171459
127915
184794
103275
178497
151722
188667
146960
189250
147962
203666
154725
158820
158284
163917
227549
115147
133325
298323
274019
169734
164411
129226
191261
144760
140259
246478
156998
220956
142118
140147
200136
187918
170054
192702
167947
216554
147238
181290
165332
201206
160046
139068
156521
155703
162677
134168
143271
138561
155670
166925
160815
139135
158950
120524
173380
148794
171033
130117
142643
122181
185985
220718
169842
164050
176436
136300
125837
177323
160290
136981
131344
193734
163879
131897
277869
160323
130138
141717
201391
165043
142346
136593
155494
109640
187823
141005
139301
176037
128201
141239
181023
140351
195342
181399
127317
128021
205465
158503
121100
158697
147124
126681
174184
220845
146705
138039
183173
122374
175587
120217
180231
132963
132211
141172
181214
194868
203597
180931
191595
144509
146301
150077
121299
241109
169316
206683
144240
120588
131455
159712
143417
126580
183000
130894
196378
135346
145250
166988
178479
209936
161175
189705
210345
178527
118577
239320
135666
139442
213665
126461
132672
176784
153750
157393
134474
242709
196767
202514
126491
196689
186825
155139
138356
161618
140916
198005
162354
180826
179331
151027
144297
110052
260588
189665
115738
148717
170671
125043
184924
112123
153007
277835
161207
143096
140985
261429
142263
186882
155737
174291
143289
166860
139726
170229
115622
210402
150849
126960
156046
128916
118082
165661
175130
147000
170316
154127
144229
157456
235031
126612
175946
124508
158858
183077
171277
248524
180679
195047
121622
185507
145781
182842
235289
182012
191405
176224
124130
161270
171819
138902
163716
158021
162991
131920
137846
145510
152703
137195
139207
112949
190043
149278
134627
128261
105298
172414
99538
153893
130768
154127
131560
119208
147820
144814
129770
159949
127862
157429
120777
160228
161218
169690
183199
172166
134984
125163
131263
133160
149566
173265
134504
151677
137970
152424
171217
146857
110426
158914
207786
144758
131349
156142
120706
139994
115316
187153
146780
152246
132938
160244
129966
147909
179669
142192
116202
109448
170642
158296
137267
175495
150818
198301
135140
128842
144350
146799
155106
138520
152043
135562
131581
191124
173825
130127
154913
138129
208577
189667
126272
178350
175518
135054
177653
162029
158656
253429
140159
346185
204114
174932
152606
143234
169725
160620
180487
124012
134778
119799
177177
167540
191749
136847
171148
139773
188720
146614
183046
174190
136160
145147
125145
145569
171071
162684
158088
154737
154637
145940
128936
168085
208721
179201
174726
137639
147822
126974
180215
168844
205563
218883
160691
154965
158519
182146
165337
165117
130930
163326
148064
162556
156484
183008
177939
160239
134181
145134
151052
134578
143755
123001
136192
266168
183499
243511
206837
164856
166993
170325
133997
162642
214111
170240
184353
157295
160176
157390
194809
176033
153920
177684
183609
218623
169519
151521
162127
146422
137260
133724
154126
216046
154178
168835
212421
172128
154708
144502
139523
130101
140756
161464
146393
200083
173074
171171
199395
134758
129586
135766
252215
150915
152305
162431
179717
225943
164887
138559
167967
171530
149188
162417
165052
128478
137491
148236
141040
137908
165635
185378
123575
141732
188547
146304
206601
148856
182290
140225
274366
166375
176212
158675
168190
173281
168200
137426
126091
143831
133495
196218
145454
177504
196507
176184
131156
204188
154462
160826
127765
173755
175499
176960
175912
182341
194737
160795
193947
155145
205973
193447
135833
174186
225889
128138
146619
158520
141176
156271
128961
220740
163632
139684
153490
127347
135184
120472
182340
159809
129465
144531
193738
178537
187450
144325
177230
191703
179521
133986
167198
216326
121678
149028
167088
114358
191786
172305
170228
146666
147629
158801
165837
168682
179117
213113
178728
196156
196253
136486
156968
139780
139348
162412
152795
176871
202683
131668
173193
144050
131017
161758
162702
159877
191376
158645
154151
154486
124827
122959
153814
174405
171733
134941
148277
238868
134000
188505
148836
130608
141678
181549
201464
180899
167971
141798
125894
156336
146400
138723
127390
134448
157021
122729
153016
183178
169492
148779
177736
138899
137627
179709
186448
155969
165945
176618
172677
122010
166229
161651
146250
124924
162535
155433
197446
143655
191526
161392
193299
124754
170993
112719
156728
161429
157893
181957
122485
140651
182886
140492
209690
171849
147256
142276
134674
162888
129855
170175
174304
138791
164305
162093
174626
108140
143799
135110
125605
121516
138119
164461
201188
132041
140289
158135
175800
141492
136567
158608
122721
170430
141239
147714
148254
163874
166283
140163
144049
175429
162203
253449
177225
129213
148781
138305
192233
179255
175945
173672
200076
99046
172687
144903
159212
151446
154426
204372
151043
181093
101717
146154
164942
144021
161186
203869
172546
150509
101659
127354
130736
119696
197460
112951
133482
162335
126629
156804
150399
104875
192376
204061
163070
161685
212367
166536
146295
173397
214210
154152
149719
133626
198315
166017
116271
153060
212662
197441
162275
181167
155407
160198
233949
144611
130043
182361
133234
185624
172457
175128
153761
182714
177819
125598
158496
230142
126324
181400
190677
179546
189537
126005
158659
106716
186996
135979
123354
132585
223976
124232
150576
132314
185010
239841
171898
159709
178293
144092
172908
125115
210522
192523
187281
146525
155101
285521
173957
199737
158786
161001
192948
175449
151458
172476
205467
115976
125286
143939
164346
171452
372095
162323
140703
121069
199048
162193
157641
195312
153143
173334
167707
183421
161009
161839
144631
138590
183691
155395
166163
175852
161422
183532
130876
128621
177716
159947
167860
179646
184192
205409
187046
142901
132353
194287
125449
152556
147888
141738
299764
185304
177225
188141
195012
175634
164276
133889
288272
160015
208076
170005
167576
158891
191756
212822
119652
173969
187029
175625
142125
140518
139985
117212
171645
248495
140866
170479
138470
140514
186535
149306
140455
275888
162524
165842
178021
133447
146951
194903
205884
143546
156820
216611
144707
159139
131832
109861
139244
172701
153211
148609
214002
179760
193353
138119
124182
160840
134569
140814
156366
150727
145067
160336
186524
169024
117636
177709
133945
177503
203034
205025
219555
156577
167455
158498
171650
159677
332168
170701
119444
312044
168108
149015
153079
141945
164827
131343
143839
130946
151945
174356
144422
159358
176859
156930
187280
172789
192598
139565
200413
126187
143530
181372
132816
222815
146494
154345
181840
141198
131186
143285
219583
311132
143539
131991
148390
116794
120428
172407
138983
151498
169128
146029
117268
156413
122855
127782
248659
158772
118924
129144
126841
139707
138512
127611
161647
123919
125975
156619
194749
188795
170147
130289
205196
143289
209475
121255
154109
124540
151923
138349
142710
163256
129119
180103
171751
109924
153911
147540
179991
190499
276526
155051
160666
164800
128434
132843
176333
152298
124176
132556
163595
140005
149156
153983
130546
172421
183618
154693
127997
184145
152276
151807
117536
151097
137460
129249
158328
128545
157764
131279
179225
129972
168511
133996
163223
130949
151811
141412
170301
155439
170772
128719
141574
150439
123928
125493
116396
184509
137304
130082
139990
114940
146490
120349
142401
173746
178671
165982
187357
132919
143884
160276
175009
161378
129347
157685
128957
134735
157832
123043
134678
167757
130776
159847
176605
169619
129444
151101
137133
138128
121685
146491
130519
126409
112140
192689
141188
143520
143255
145858
260748
121778
166106
165887
170458
113141
107558
125708
135668
121830
157953
149503
161460
156218
130359
140550
143950
145288
147367
136754
125668
161245
155214
118843
138761
121490
117501
121425
118094
118124
130844
180334
145406
126440
149715
142431
189905
176272
110068
126278
123888
144501
136957
188516
149110
137480
130138
153804
167428
186677
147952
123889
140604
146450
155603
131887
121960
218110
158614
118318
147527
130365
168431
160250
164139
189632
151404
155376
151531
130872
121404
169765
157845
122774
184018
160429
120540
194952
202462
169188
182094
183465
147145
136533
181515
135118
156607
192330
152323
145631
133427
154192
112722
146551
137916
167645
131390
119320
149654
150789
174361
131544
140974
146670
225078
129887
141590
149647
143788
130872
123500
137064
128385
119244
143142
141389
132715
260723
170998
135275
198369
187529
160575
121419
141641
123434
158725
144571
137194
139979
189256
153973
176722
110229
123066
118240
120101
142329
126352
165924
132974
147964
115513
133370
141366
179163
126345
137278
163544
133844
138164
166205
122262
165451
168120
119464
130862
134455
165025
120369
135337
132876
139794
137339
162957
118474
148779
100191
123686
107481
145479
130688
153490
125108
141512
136980
115609
150660
170921
152348
125353
125210
138083
127881
138867
128305
143448
145560
187186
187799
171436
135126
136223
177961
161189
119493
175281
119475
137020
138237
197371
151712
156583
132104
135654
150778
207173
137900
156097
146085
122073
169868
173356
121864
136941
300673
124821
124273
141491
163903
181544
141604
124846
167532
125690
151607
165069
167938
166951
140731
179324
146548
143217
252580
177518
139841
156794
137869
129690
159161
117882
124723
124501
187461
148615
124995
143495
123931
155031
116101
163285
107443
135577
134712
193147
184856
281158
129921
118872
156556
168076
163823
151521
111639
173877
135281
174166
133034
130905
138871
147467
119540
150179
136675
159650
135888
127095
205574
131370
178494
181909
137811
141707
182082
177352
177332
160628
163963
181832
172686
176077
269794
164787
124424
170995
165680
159615
146291
132499
184949
160869
182404
158966
120273
128982
183826
324418
191487
158608
158647
145540
169777
131055
128774
132410
129362
127975
150794
161870
155662
124904
134428
118457
122339
148892
123632
163007
155097
154599
520785
120652
155702
125974
189320
141572
142438
167541
154367
166985
171928
128691
150395
131829
124672
169026
137804
161658
139476
164749
132785
142756
147468
123849
165821
145902
128726
136415
157025
128660
110532
157492
160943
173386
163783
167328
150569
184567
149491
152549
206482
126353
193940
147111
173114
171180
144388
128664
129135
147905
174107
141770
131428
152339
153650
135032
144371
130112
154190
161787
120874
143541
166632
205458
242232
145746
157454
152053
306508
195827
166261
171503
202459
125500
157965
167782
186570
140535
123139
151130
123372
146144
139782
135934
157997
135858
155247
157177
120599
177121
163741
133428
171892
152147
120569
134121
143818
126301
116953
150629
157059
128069
177960
125507
119394
142179
173625
130114
142092
205179
155038
140031
130981
167831
111442
145944
183893
152311
165144
135467
131689
145112
142971
181665
141970
146554
162430
126549
179629
187839
161558
132636
158492
165772
172530
177841
134635
133036
136088
162539
148146
165991
150150
129264
149071
150908
125428
146588
157010
160601
148777
145209
127322
134289
154460
164787
168403
157211
127892
146258
121308
126939
142310
183157
139883
199476
144315
127632
255520
117121
129131
124077
149845
159343
141913
155209
131554
161635
163448
145193
159879
112393
154185
141819
145022
121121
125787
160580
129155
193355
246500
239532
127128
145874
132620
136632
143337
176769
221416
121481
150069
133041
186264
134502
132270
140475
171448
162722
141905
224658
172661
155269
153498
140697
129943
202791
202342
144938
143496
161399
184776
165268
151497
126505
171253
210271
138837
183380
129492
147937
162938
162100
151853
124793
140733
145833
129019
147429
179466
152500
155705
153898
163352
167577
124811
131881
154146
196006
184150
189683
162967
181040
189175
211247
194531
154045
128695
188748
289303
141402
144786
155132
169053
123071
138894
195961
152430
149147
132819
145280
179305
163033
148137
119214
131995
154993
126213
135027
141185
164972
145990
132456
144110
125868
134813
148383
153143
151181
178842
178805
135441
184050
142420
160883
191892
191923
126660
201723
187381
163742
137834
203733
182177
136130
175883
156130
120376
128097
203345
111417
213131
142692
137625
131682
201891
178097
129958
148634
205035
133907
178022
164477
123652
171196
124801
191605
171304
158845
183248
170598
120640
135749
130884
149010
131737
155787
163411
262509
142368
171527
162688
147234
124055
177466
186114
143657
128301
167339
182379
121255
175039
158813
127131
160340
177880
167832
177813
148043
142008
133941
157247
137322
135378
138931
195034
189957
184518
185422
154531
128671
150835
149888
141267
130770
175216
160203
160808
144084
140662
156445
145275
197949
119608
124941
132761
145161
190550
124590
134456
196410
158735
118958
206184
130448
130844
138782
159802
162717
144021
171493
138335
166190
118461
139188
162558
165450
149535
179493
127345
143074
126661
216273
133830
147367
160380
121055
113687
138890
185353
138331
153524
145880
142592
130920
145264
119761
164446
137035
149586
114286
135862
132288
142265
122899
126750
151024
129423
147610
122989
255132
129858
129858
546885
210589
167064
160406
147449
122675
161709
207120
134109
127808
164926
148830
167347
138361
154388
174857
176041
153920
146433
152998
170747
145479
123091
111267
146264
128135
160494
143454
147255
187552
177512
194515
206628
152258
198618
141407
163097
202451
182386
144754
128936
201490
149758
170952
135001
177892
152674
136034
170891
120981
136352
168685
184483
218522
235065
230421
171780
172116
133400
134158
136038
131092
152090
156025
179203
166342
117251
133809
139691
136187
177320
154390
130924
184376
185292
179799
163879
144026
158397
153783
156082
122986
126279
130889
135739
131486
147510
147188
145342
183546
119442
187177
167813
116747
141750
116520
129735
193937
184632
118485
156793
159771
186276
156411
214228
138543
176512
185129
173299
149286
269602
136055
165264
194941
176412
139833
174338
172344
175739
143409
346715
600783
166371
165165
121436
153903
245760
142432
133834
117313
192765
144740
134288
141041
154211
125968
105159
173460
129740
150914
127321
178055
142379
146847
142915
167044
174206
172922
142339
184850
119609
182378
169674
128621
179613
127618
150793
144114
149311
149848
178978
95359
122983
242186
156982
163131
145196
145904
137684
152010
185945
182099
171309
188227
176554
187171
129600
132359
190305
144942
182968
217897
183696
266018
143432
163747
150182
135651
186011
145412
137069
185980
193105
135564
123954
144233
162080
144526
130452
148432
136243
158813
159397
142273
154144
160202
121488
128632
180518
177868
148123
161681
126023
134083
129270
138482
143091
149168
171075
132062
148872
139837
190533
160909
138162
161073
161896
138339
116910
141326
120710
179703
1133680
122126
152152
136566
122665
186827
140360
175930
127276
106639
172594
143978
238826
177394
176952
133281
161330
209860
113280
125548
140689
114560
125224
254550
129031
117850
177894
145959
149799
343582
144529
161507
154294
131149
175066
160378
132975
175271
125414
113350
157167
162043
200912
173681
230670
150599
136824
123326
186265
158701
174805
126912
129974
251827
183512
159287
187663
194842
131478
173903
159769
127810
133782
164315
181214
177609
170584
122992
151070
126514
147333
150551
145566
157238
196236
152047
136458
171216
132115
114750
123214
136374
127835
157111
139463
178048
179932
128763
138539
177771
121704
128959
157045
169804
117362
143570
196369
144347
131818
127127
141021
127033
143676
200773
119097
156193
130161
137136
127880
125397
147507
122554
143297
196561
142030
159357
153472
124560
150423
185426
127390
129583
143407
106583
158667
164891
126972
147206
199174
137657
130654
194419
125137
108681
123258
133137
124332
170281
148489
114134
164072
115374
168628
162541
142231
157082
121965
154201
533793
318543
169410
155816
130684
150575
479321
134379
129344
147946
107544
141874
124299
132677
176120
134081
207355
182307
141165
288942
136412
178012
160527
139513
144893
158102
151433
148045
153103
159819
263311
124907
108495
147857
148399
143373
152679
146712
152168
127555
179778
134684
154271
157511
160919
166266
123417
142656
136253
152839
123169
128535
140660
154428
135464
189946
141383
199741
144507
107861
130690
151705
149846
125044
165375
202953
150447
156336
152895
162360
167414
273293
132888
154052
131929
157498
147254
177850
116082
3147077
148072
116641
209058
146910
188121
124671
166602
141153
117360
121055
181658
190283
153894
126316
163303
159169
179515
155167
165662
146256
141328
179131
138031
139441
163255
134047
113608
1006962
172121
172708
123078
157285
162547
170155
137764
127835
138671
146942
120293
130022
139087
167319
163871
192263
162041
147977
195473
157439
140581
147576
154409
145459
131964
181399
175637
172971
148917
196978
117495
135635
165840
152990
138629
171495
140986
168956
165180
126851
178003
135969
160098
171023
185773
149031
161430
128579
201025
192552
132846
166074
178920
185047
148191
141165
150573
130583
143871
151066
120145
173761
140030
143854
130177
128038
172300
146984
144851
115326
154679
153544
125049
138154
142850
166504
135852
138370
161575
143313
140491
214096
292355
118663
127000
155775
135911
135056
154696
177867
137135
140590
120617
241607
172090
134479
149442
127562
138754
147595
123161
158540
131139
156380
130941
181512
165200
127259
174932
128641
121540
275947
195360
184795
187016
144886
134096
186208
137973
121956
164291
159683
126226
252901
170293
166553
131863
143878
143285
153031
121069
137032
122930
180446
114971
158915
133762
191943
170809
169841
151322
409712
134329
183976
148162
278612
141400
245921
177607
183962
130378
125744
125630
133679
129156
151817
138440
151383
123763
167062
320101
246498
145552
124003
1247009
138805
157855
129824
151133
141076
177006
153202
164756
121884
114588
132814
131084
123610
144408
131430
138109
123219
161068
163622
119585
143539
129270
123251
134116
153019
152906
121575
146019
159583
156376
183547
145556
133260
143358
182896
172815
156317
206412
164691
793448
162578
152000
585376
136572
154819
149637
139253
152276
150037
167440
139453
183933
142934
135982
162511
145633
656053
136366
167779
134552
141788
170886
150370
136596
148769
149290
147184
149503
153035
11476446
7300905
3198347
157262
142864
155951
124094
181147
142597
132606
179100
121284
163116
142854
150385
122935
142486
129208
1946404
117421
125458
127044
139787
177081
596742
203293
144850
133703
125980
145389
144892
205127
148705
246826
204084
129034
132863
181498
162235
121532
173770
151987
7324591
3202568
151605
132091
130708
132619
125225
164669
169052
173446
151422
145173
157326
143141
148399
121346
165224
142914
112774
149478
178650
152977
165805
140783
122074
135218
142355
158002
149233
149578
163227
124876
136032
147562
127547
624121
176513
175711
118698
129114
349571
164784
183092
583711
119518
143340
142129
130738
169100
150633
148619
176222
143858
179620
145296
184400
140796
166944
158725
161698
174329
122959
119478
134168
152489
140241
135825
151795
143517
136805
152464
135761
142953
174257
121709
154647
167573
131070
153693
131297
147344
190454
151106
136977
172557
115568
259941
130869
140224
139880
151673
115665
173084
132492
162373
191470
174020
143200
148263
149350
158224
163392
151734
126546
184886
162369
156648
136289
128493
169971
151655
137657
158085
137539
118429
150772
142113
126742
139953
152593
132193
139021
135095
160273
185141
142170
137486
137834
135837
129031
198096
159339
153354
162405
133406
127644
127779
151172
191336
147619
137840
140771
145435
137762
125340
181547
137040
144595
147942
152403
135709
123432
167227
135504
137794
169333
164018
160168
157012
149328
144943
146553
166319
128184
149473
178110
159763
140712
158116
137012
165171
142825
161052
135528
137168
200378
141386
194505
143319
135037
157839
141396
205462
181731
150588
127103
141472
152179
164321
243323
149882
152056
120727
121132
171485
158350
138999
185078
119762
119828
138835
134147
150099
161127
123984
192885
152764
133830
144962
131653
139994
717704
189330
142884
146718
112685
137504
168732
119547
114697
287191
144015
130496
132076
153457
148202
112761
108059
171028
167307
145734
155833
139491
134209
144354
165661
140212
123578
152181
135372
129945
147565
133139
163320
134755
137394
149179
145239
120344
127313
151035
148001
163412
151531
382840
170333
136023
164835
155568
133803
142324
151209
135668
155791
168211
199210
157503
169782
206274
203691
147365
176993
186300
150180
145538
178996
176219
150932
178020
196456
121389
121293
146299
160981
197975
242660
162004
165180
158823
208788
157330
221451
213565
195602
133223
158512
142993
149411
143754
204955
132026
129625
175990
158680
175816
146902
132061
135009
149527
147363
123118
147746
193689
144999
196141
169892
166032
144450
174908
146003
183310
145087
171137
155177
174235
520058
160777
206994
160057
135701
155665
140748
143145
148605
176777
151044
128414
124615
169633
143343
171198
131978
171774
189394
152048
158084
140048
157130
149486
171234
128242
142554
201664
187716
134098
138655
160979
132308
153559
133185
129440
198339
155499
183108
140685
161441
232230
168494
143001
144031
174330
140204
155164
163832
194049
215735
183652
174664
355595
434015
130565
140043
184155
240111
166600
155447
153968
212668
151710
151716
161427
146125
173268
181280
301541
149580
175178
167151
180282
178930
121463
118977
138638
202902
192663
139606
148045
153790
166906
1011531
147901
157273
149580
123696
196655
151994
150185
250095
188204
179734
152216
183529
180690
154353
160590
232493
188868
142737
198884
201980
152614
143990
161293
141711
251771
165874
148322
157262
143519
153593
135791
153346
139417
188361
182972
163134
170888
144976
129277
128889
167629
147675
161451
134110
219300
151721
166244
165663
498939
152122
132077
166090
149043
122646
159706
156583
123737
136005
186384
173500
172415
143501
167956
179431
160361
157313
138660
173665
139349
185977
202035
164145
157972
149141
151263
144900
1073242
582775
177598
135490
169728
135482
150889
139506
135117
173065
143485
131770
162504
169675
154372
178982
153527
138035
143839
188976
197239
149140
193883
124886
194199
151680
182088
150797
152993
128179
164071
174990
148267
164340
254535
156358
188161
151436
167981
137637
133778
156157
273784
155969
147543
130065
148064
150920
192007
330782
162011
163789
142492
256447
136144
151202
142803
156640
209117
167438
160658
138939
156544
244246
172008
293709
181721
417142
131121
139824
149435
182167
169817
182546
176846
302843
170709
201350
145932
150641
166771
157067
223604
136637
169817
156865
255210
135224
146433
143669
166837
153056
177479
165168
131301
149475
166243
182785
158561
150605
205295
189065
260638
156993
304117
164444
189295
172350
172735
130381
142080
104182
175682
154316
153649
136034
182565
158389
165795
173459
160712
125443
311667
159283
191092
149424
167889
172239
140229
139214
159211
129650
199004
142188
149217
182393
155360
125507
181416
159771
178012
164824
131628
171975
126877
138718
143200
147965
125587
178633
128454
142483
130750
151347
154476
168631
149111
137870
137891
161233
167375
180633
149185
181948
133301
189338
196214
153673
133129
214872
128776
138509
165155
129731
172044
149275
173783
193897
174247
172643
151198
228042
281770
149587
140269
144725
195386
174069
219623
156033
133979
160333
144694
148548
149322
138306
159065
182259
155807
177478
159098
129344
158447
129362
188628
144004
130819
117137
139818
146069
152134
166405
148246
145926
170793
190074
156260
183687
146535
149318
165495
161288
165829
183191
191580
166189
976520
149200
149409
159750
135388
200907
151302
315322
166605
165839
134864
170497
157705
130506
150740
153892
144504
169452
126697
128634
169240
164822
159220
164390
128263
415164
123847
176945
154093
143304
136768
153479
153022
134933
172664
216949
190067
138142
164881
154193
112747
162064
130837
139776
154530
173606
147259
135335
169884
174070
153891
161144
180965
131449
157437
199077
182984
329714
149541
156812
157541
136901
143282
126443
133394
1084245
297905
674419
175289
131539
129699
146183
177477
137541
155456
118183
203589
647092
166349
165203
143517
182940
132645
143568
142354
156751
143906
155283
150130
148909
172139
135290
159483
192748
172247
155924
146328
182681
146872
155692
148628
167586
114911
142625
117415
125104
132063
115744
127445
163829
127304
149843
128251
132465
147678
144601
159703
128427
155157
128164
146976
121411
138592
173162
165832
154848
142366
137495
179748
140031
145998
157357
125336
151111
137031
144988
148966
134116
670574
136292
184913
178223
193530
158914
156700
125315
143357
152678
202781
171694
150024
183992
161231
146839
150388
184283
151300
186837
190047
176983
183790
124218
125430
117195
132855
156672
186108
156103
169527
162557
153495
148057
112363
140364
136593
113000
140035
236813
148862
148739
160421
179035
136535
140846
162189
149750
192410
142467
156937
165206
151422
196442
163652
206427
290699
149673
214015
148986
192791
157460
159322
183224
482635
174253
143419
129657
150010
165467
158973
146239
154574
123796
128869
131495
156843
161945
178203
208399
136428
144416
131851
159913
226799
174751
149902
142884
145508
128073
159662
185049
161473
189546
231651
143782
150204
164420
190365
129817
227102
133245
156200
139278
155848
175205
155889
132556
149870
143689
146100
142141
177909
163527
149523
209231
137830
171839
158271
187283
184906
259917
178718
299573
166889
1413317
147104
157752
176420
173281
154597
211106
177652
128325
134691
129712
175701
131076
300468
164787
170010
173924
134334
204955
143171
166294
158687
170731
161584
227245
191382
169019
134496
158374
139702
171785
164810
199575
174733
133313
167358
139165
160494
151585
131317
157198
181296
195532
148281
171599
116540
203997
134932
161631
151181
148777
164740
193010
237086
185869
137375
149356
149671
148667
149275
150591
163488
133864
156251
208312
149181
133299
118661
159750
171632
153377
147401
132888
252666
200868
184972
139489
135142
124116
146193
174988
150579
162291
175028
151752
149412
145994
183393
143528
168797
164757
186750
196039
189297
189817
114295
178699
140952
219572
140408
191765
134065
149080
166403
133807
158826
133160
122560
136107
150861
155655
138598
147046
147569
133277
112043
135825
151641
149145
186344
206924
185992
180126
154404
135079
173229
174331
182353
153386
160329
164829
170936
132864
138956
107882
174031
218061
166455
170278
181693
184133
139700
198567
189359
181150
162071
125422
148314
132893
136465
167149
171749
151514
171113
141074
137798
144271
146623
154628
149159
140341
165888
153793
148834
118548
202635
169070
184629
179744
153797
177000
129644
189157
135370
137614
143375
157495
151811
151232
151330
167372
150428
135278
138020
129743
164764
168731
157465
125048
132096
130986
134506
153364
198872
133019
178518
148156
193526
165397
134563
152054
155826
129406
187772
162037
155924
131939
144500
187662
147174
175345
177019
138572
179380
124453
161829
138654
120425
194839
159170
167229
126991
136050
134092
139719
154046
136645
154093
169800
177966
164245
120723
152229
162180
167303
127034
142874
120494
155223
175263
130718
141995
145532
117661
519194
152229
128096
131112
194823
188704
179589
219143
127789
137787
160496
183469
114940
164520
147359
134462
127848
161674
132159
131594
189971
200049
144219
175096
188174
176542
168482
145090
182428
154834
186454
174987
177589
161193
130128
127317
182591
160744
143524
241162
174606
165082
126203
127450
112984
162369
134495
168028
130520
155043
187589
176463
141165
153141
208132
146790
142224
178184
142484
175830
157112
167969
156972
162235
158788
149236
140754
267865
134376
648083
156479
149598
144003
156918
161746
159761
135574
135787
184948
141926
154802
147517
143528
149467
182787
170339
166382
203774
207754
131099
162531
141869
167506
146367
147550
172835
189161
134830
129712
161358
143486
175059
200479
182054
207249
161195
151385
164796
129286
173225
169203
140930
132347
132721
133266
128869
142490
189570
152343
193730
171012
238702
171734
138915
215388
144786
185300
174292
129876
123359
175827
149260
223307
191629
115141
155475
141228
134076
149654
177961
143509
126852
203086
185423
108501
145468
157883
157711
177692
166594
148272
185991
139953
157586
302522
179151
186666
169615
1002614
143905
198113
146882
158845
115527
191157
199200
133984
156401
143305
144954
161361
200530
163833
174374
155784
152468
154226
165170
123003
156235
177979
159108
171701
162143
136458
147909
155370
149598
143961
413703
159848
134715
163403
117824
152134
134891
179913
177304
142663
126391
139068
173309
136144
141850
169937
143302
135269
147447
583935
125549
149231
132160
155162
183277
156151
200461
144918
140100
116713
140353
167553
143866
152072
180900
185560
185440
144239
190379
166300
171883
145227
156823
151846
167807
133033
148281
127945
144643
155284
223555
228175
147939
154766
132833
144358
138393
160795
150367
210717
178952
166198
206070
171353
222033
197490
164089
122082
139760
213647
169712
138138
139710
142236
121344
130238
138469
194641
188689
178503
167361
129082
165068
108732
160417
139658
164312
206601
145046
196113
168110
153171
183641
166278
178859
161090
179893
150846
197223
156499
184029
203663
185896
164134
146934
145151
192390
138478
177261
201657
126417
129276
132696
127998
212269
141253
147145
137800
158346
146838
161286
162471
131755
168922
164746
140619
305278
166473
130486
134699
157211
146581
175833
134032
136686
152744
136055
276281
241579
299950
155706
156456
140862
170275
162779
178800
135812
181549
138366
148698
147009
179029
145389
169525
177357
187132
155712
131602
133481
145259
157614
120959
122094
189740
294242
165309
170936
294531
137315
228850
137538
127825
182974
162962
4837430
706591
137168
1245464
156726
171541
132486
273169
135743
148667
155660
218733
118540
141889
392977
173737
182088
187473
128272
155199
138685
159698
238898
128966
186754
140379
166524
178902
118444
170818
162516
151596
186604
151119
145929
141609
226993
179868
142696
281540
174051
163809
152752
138743
148689
176068
222932
1559654
160946
149957
157291
129253
179412
187204
145408
161502
121495
164487
184937
169140
161683
126484
143744
263156
136117
139375
125020
186196
186571
249703
261617
121322
125742
248497
140098
117831
143826
146435
151991
223206
143997
167069
154414
177010
136406
141111
152967
181948
128847
198558
155033
177458
142431
175311
147365
227776
170924
127715
134538
202472
471171
132054
156938
138888
146242
129671
139185
158100
167647
144060
136852
143136
133828
143552
144075
121688
119701
160459
132218
133789
142592
130728
173218
173197
145292
160608
121915
173731
168501
245602
160789
159068
142761
188569
163801
117968
243281
156555
228726
166906
122626
149944
190500
168644
205876
126879
130107
245690
138795
171966
164427
247123
169504
139636
137535
162715
127179
195683
142485
221460
305208
135671
155641
159353
169116
158086
139968
174091
170250
158341
130802
137694
162091
222190
148518
159334
139945
320887
129260
185974
138437
199943
115222
157865
169972
176391
165275
187785
150368
144185
172569
140294
161447
161154
167862
144065
170298
197552
207959
126201
166791
154748
174547
146145
131472
166303
212690
152633
153595
144882
184666
162799
120809
169465
241836
141571
162917
127737
164044
139956
163716
156191
164993
246521
225755
337908
218869
124162
181917
155306
176095
227466
185099
193544
182821
108253
137193
141150
141288
163235
159457
156982
167227
140412
156911
177570
147191
181587
146285
174629
193778
144261
160031
171791
185638
167452
211517
150518
129597
148111
163124
125904
150186
178595
131472
143288
127913
138541
133053
136412
222753
130596
176678
159479
233535
153206
135042
134136
149768
177037
172347
172221
182391
208011
141324
140690
167656
164485
167112
168782
173740
194848
148860
171589
162713
165427
124582
180415
132448
169429
144915
170192
144222
160027
258388
133209
183172
206817
181188
136015
162168
137234
129198
182884
130563
144210
211625
171351
155134
186060
158376
199110
139987
174892
381065
152228
221228
184424
198892
196152
125891
123378
151144
135509
184260
197319
175317
173203
155581
169448
145869
165559
148243
182777
220758
121119
158673
177088
122267
159720
115404
155652
144254
141865
154966
155487
147863
152951
175890
121660
116492
178441
146769
172203
151511
223345
156315
164051
147313
191585
132070
124968
204138
153424
249110
137505
187988
180600
197478
138746
179088
134832
170971
186858
168038
152190
153783
179265
165410
143969
195526
169008
189817
149684
159109
182051
182437
129744
170572
125105
170040
154616
175890
162882
176156
153581
125129
149480
116959
257013
208253
132575
145499
123340
138037
144325
123454
166146
142689
137169
139825
133036
208315
191299
118694
166485
168604
204865
156108
259605
192973
128365
132414
175398
216432
150146
172972
148026
146611
152541
166100
205378
155889
137880
196731
148870
148893
130574
276556
128170
125623
133882
143625
172692
140299
264450
218138
187249
194881
164676
163854
175614
148771
157355
131637
153981
130739
172534
136916
181835
139093
133057
139063
196315
117134
136648
209715
171996
186172
121582
132533
136629
250893
151165
116456
127024
151212
122732
204743
183549
173466
131562
161389
130015
189438
135388
173043
169282
155742
147762
145653
179636
174782
138193
152959
201119
136423
159517
139168
124828
168644
255839
154900
174737
183601
181466
191827
211854
135339
131136
192040
145088
152983
274566
236377
146241
178293
135960
192714
264549
210602
188650
173685
169899
133099
136610
185535
144413
138127
153902
181840
123234
137713
141721
130769
160028
208833
176304
136008
194470
141315
154305
138141
137895
186577
149658
150501
143576
136871
139901
159914
156927
147072
221354
265138
143017
210315
206788
171978
182787
248159
142381
148903
181655
260761
208193
155763
117583
152744
121380
157842
144659
195481
125271
140118
193573
159752
166904
185444
153887
148196
161948
153463
181392
163816
157174
137578
214351
168639
223480
135345
142263
136619
164277
134667
137417
153335
144387
157106
170955
157402
173056
204031
162879
156959
147220
171541
193634
173946
160819
185595
160404
131659
183296
144814
138247
159242
187424
214384
163910
151221
144654
173712
313384
153528
163820
144340
153821
154743
152819
175274
226497
148004
154342
146388
170402
204570
179060
152945
156152
131690
141246
136541
126719
181763
141573
153216
135934
195793
151067
205236
233902
140351
177668
169740
154249
146204
125143
137809
190937
168661
203003
147505
152262
179482
155257
204484
122961
163693
162309
129085
181754
136478
123973
149088
172711
138697
119361
187133
141524
170951
160698
164798
162709
180148
169479
138181
155246
162527
172883
160160
128064
198124
147756
250566
129111
160154
181848
125614
132271
173584
162531
116065
141629
158385
155997
171199
156274
162327
187339
195168
181808
169622
221215
181708
144780
144204
123138
183388
193262
149231
154655
133270
150228
148538
127439
122105
128798
188877
105720
143101
267548
140222
173709
142710
170160
151913
154645
176737
160105
165292
202961
148067
145556
199160
141968
175437
152696
139578
164203
167006
130343
173002
203436
136617
148293
159797
180698
153307
151316
137305
165671
133992
177976
174744
128428
146890
129715
165771
221376
136250
140851
135675
126903
159368
149410
154075
117155
538570
144129
141299
172339
161093
183960
114189
243099
180975
202850
222475
153338
154377
192633
180316
172248
126717
165044
211229
146735
146928
232594
192878
142196
143684
183881
164915
139174
165047
145835
170113
191979
136958
187843
135236
152910
175711
201881
152637
209666
128096
131253
191901
150477
155370
176237
132139
186761
194232
139419
177166
127252
193416
209454
201442
225560
168190
282966
143447
188501
169317
146302
188432
213632
200392
132843
177938
139269
143578
179341
142698
145450
173607
172199
164036
155185
146419
145070
207741
178212
169377
128636
117987
148173
130331
150144
205756
173334
143629
195887
169536
122987
164356
161526
150005
145954
146870
167145
147994
136699
190388
193043
177498
142731
161962
320809
167052
184452
152435
159984
141012
138590
131140
195278
173720
157646
161937
146529
232129
155240
190183
160719
163667
122546
143680
145240
174134
147865
142798
158152
133122
140741
133481
180163
186657
184362
150205
143403
160228
134404
183739
138937
187748
141204
126772
134867
171048
152867
150877
186648
164941
149354
591014
155922
164683
108746
116964
143535
181210
160505
179337
128931
119594
144409
142805
142332
143357
154679
180054
134639
187083
142824
155719
144904
142642
205173
184759
144229
137824
156309
167462
159340
154050
117385
221544
208331
143337
219065
159801
194024
169088
161929
211177
212058
149823
152758
135193
130879
183075
143666
135884
157318
132757
158883
131839
167562
143546
152261
182806
162548
139247
188697
191780
146833
146694
170452
263181
204801
148243
144886
180836
158403
145365
167753
299458
211581
209616
151038
133766
164497
142619
189220
147852
250340
195975
169848
123909
141872
170519
141966
151289
144682
131821
126272
139990
132972
132715
157807
181587
140780
175919
144750
145960
165873
164437
161093
147750
148746
192802
168803
185670
151119
148002
198312
157847
156854
264726
141327
141151
171855
162352
144259
148567
173885
141347
128055
268566
166334
213395
137465
193874
139664
148302
143006
168481
132475
173736
171965
268572
156633
167005
169426
166630
167359
218113
148876
171369
190497
185321
283895
185415
142611
131915
303840
156781
142496
125222
144450
134890
104159
130788
129089
172484
168553
148490
177566
163310
168204
139166
204328
156129
167629
204485
229876
142069
175786
156662
181056
183701
143972
158056
160103
189695
153748
126828
179278
138771
129732
160131
127177
169972
163881
177376
172107
156370
148011
177130
149977
148668
168222
158146
187826
140761
141447
146620
138924
172604
169205
259897
171942
165763
186102
160982
130332
139871
205684
155298
144111
183523
208451
155907
199573
134443
189672
139546
163537
187812
117291
204428
553907
888139
149416
180929
152208
178755
171216
161152
165220
276996
173287
142078
173570
181494
145787
153639
291080
163991
154181
184095
138259
143151
140011
215216
155314
155220
163021
238296
159438
166346
133933
132764
130408
187128
152928
142972
141711
125571
168449
144589
160254
162341
186765
185970
162546
132674
182637
130054
99945
142653
130081
148755
202262
175984
114025
165269
158960
151335
136452
164673
170683
178757
151243
220200
171207
199990
198193
172885
183979
198285
152901
140280
142317
132827
142734
133994
206007
190090
156026
184401
151124
169729
149802
183988
162467
127396
152706
150371
173157
208303
251891
198079
175818
161098
163405
151599
201026
149350
141820
201267
191329
209102
176730
169418
139306
139819
153031
124124
185075
143249
202948
135514
181550
177176
143323
139892
148598
118151
207998
172053
110512
118676
147909
172363
203529
