1485844
302331
309750
240107
343174
211168
226803
551170
239191
263751
192130
176938
181487
187130
184840
208708
254965
165410
168368
157452
292262
173120
183849
224510
157008
261380
139047
151862
423240
339906
283199
236853
308167
904532
17774474
13182221
8952452
5004168
3931030
4585316
1596841
1336715
548887
262151
331501
218930
672774
704787
396793
223161
158949
780876
523493
748747
640246
386898
618961
291617
213335
656687
2839008
284220
540945
461888
207011
483056
415975
272269
519129
529566
877913
654884
304074
362715
736639
533549
659760
392270
383111
541008
600175
240217
669921
347935
322373
325940
452679
217150
407026
213304
392754
411234
363336
494750
247808
319412
359674
210091
170561
281445
797524
1089040
299835
450203
184919
735044
641852
398327
380504
173164
417987
572481
231103
219996
416328
188136
323733
531328
343353
498023
327122
848149
153528
334939
617355
584408
337909
353835
466054
576708
214358
398528
496761
323299
616452
251881
352114
172851
670027
280003
498755
214121
165210
311876
404654
655536
274225
477812
287659
249637
448112
546099
559872
322737
529997
323974
282504
380950
563447
275901
274808
475350
348445
336958
137258
385949
225244
351617
330556
1094604
443934
488228
378623
175566
195154
131768
1015223
562317
566734
266234
388989
452597
596264
223909
392181
724086
222291
164416
649772
685800
430230
382916
602304
583052
307485
488534
298940
241455
1113766
350913
325186
3113989
409308
943295
314642
388637
678259
715998
392315
211855
639272
1218445
221620
535507
431036
195795
286802
554443
8476560
4327852
1144194
8450204
2968261
3235731
3986123
1473250
670528
358279
576075
830594
763019
426050
425645
269000
289903
405871
353350
181833
371363
553456
283990
301914
363939
444353
443401
572479
316954
506710
347918
234757
481407
224664
426250
440893
304058
591237
346475
471110
161024
234154
677886
588712
494607
524428
503110
562216
2496424
298317
305129
739284
432180
352146
559458
994445
294236
433504
597512
308919
356293
2600832
293474
516951
437479
172669
399721
197450
386267
722688
1828559
925079
484835
280292
440996
626414
2089642
1860969
677622
1064785
29635147
25087134
20493640
16150041
11615884
7265252
2837633
6667031
2394950
341253
229520
389363
775230
173031
771383
525817
11905901
5396818
20237505
13943947
7930944
1894502
53964895
47566748
41305853
35255690
28982709
24644302
106924916
101685482
96662045
92278300
87373210
82341518
77627589
73038530
67881118
63137609
57542801
51741212
45611160
40019217
34037360
27374265
21059174
14764283
8461702
4253484
717087
2407224
219421
374125
523916
540179
240350
290925
203279
2550089
316388
612505
513708
588422
273829
994768
354776
450877
401807
375174
476800
302322
262225
303980
452793
381476
994260
853820
826602
435888
158742
466280
536922
261746
330920
612210
260887
482802
340094
3076971
4650316
281537
3578501
5150424
735920
3196918
17269238
12175592
7501443
3251963
446506
767490
9117459
4950862
3143471
1492780
984085
16971255
12104946
7844058
3443518
246289
406445
334189
306321
467230
759014
486681
457013
411231
3441984
416830
413134
329061
393334
409634
419000
555007
441424
281549
292941
527719
289165
424619
501737
579620
540058
450224
216347
438239
620926
441749
384341
273740
437637
303932
555169
228314
310832
552530
490464
416289
259941
693947
4538504
1902202
1178659
669378
361085
809088
772691
567140
275931
761081
335856
289290
265719
1044762
4836035
9449701
4022736
7387893
1678009
7338693
1323835
4900030
4974997
3676496
17392144
11918387
7281486
1937889
7962758
2870889
6932527
1484304
6517452
2111375
14200001
9772394
5431256
1135813
7007837
1796849
5399248
578747
7115266
2905692
17808008
13420753
9019482
5029053
682446
22738870
18262480
13925669
9412294
4874489
667196
30844647
26251620
21989957
17625146
13212599
8952154
4583029
35465768
31123654
26843445
22342514
17524330
13407945
8912728
4584506
36289045
31941651
27128753
22373912
17633302
12355007
6826642
1987282
25418819
19893900
14840479
9969627
4842660
16658577
11515488
5770998
14167046
8664678
2763236
10305403
5303544
656642
11434346
7010846
2184064
13184391
7206069
1325157
13917197
8008453
2688342
14416395
9744701
5479841
28373805
22977569
18014009
12173835
7126999
28584497
18524809
31625114
27389430
23012625
18856883
14680700
10134628
6170488
30754774
30728438
26282828
21956366
27731833
22409114
16730016
11985180
6517548
744482
231801
353598
579750
608823
387519
373014
225677
367443
438600
250206
713766
509543
455741
386571
229416
342827
8899928
4885106
6453371
304154
3083677
1012550
427274
592536
325894
432648
558895
470514
457200
933297
371809
778314
869664
526546
293029
233738
235329
434950
476714
493962
249555
278031
524172
558752
507773
343510
264363
460335
403116
520865
347432
245581
310597
857021
283698
991687
309410
556828
4426188
521727
509649
987020
486153
652486
266481
767914
267939
437327
156507
550930
427731
732561
526262
251576
449684
613784
329000
521358
732321
458809
994927
613142
479565
356072
647242
483264
572769
413121
306090
288347
413173
293657
475083
421403
530015
363722
521166
270941
745144
464112
414389
448800
350531
459349
490541
280885
377726
400115
570435
651114
350755
279323
399080
442819
347967
296309
794541
431447
415405
255654
359630
357721
316520
463119
424035
162617
4251311
851729
328003
401849
241395
437526
363889
261791
263761
335512
172207
220461
531047
406024
335384
334704
178980
1156904
638408
805228
572533
726434
418821
171220
301175
230676
546577
763952
142245
328134
502722
353419
264412
323028
269887
1587840
413161
131183
690341
376515
788588
166691
345378
345204
1006993
761094
371951
838945
522398
430628
266633
276566
348672
266608
1423627
501555
416336
233629
659701
535290
428370
334647
538403
653539
243773
279555
476783
367675
263419
432853
438912
3502537
452373
509744
542155
717984
244388
431071
264736
517431
460314
273899
504871
639267
485375
190738
209699
384346
11483633
7303542
3216285
3383523
3568349
1682385
869530
427719
200062
493729
581848
172518
463767
481102
379393
308017
350308
167129
403779
294900
259030
371442
825444
327708
338000
818440
367900
527812
887343
1111606
174175
596702
530008
377632
225449
152859
229495
785491
886795
201799
374832
553470
646250
459825
311398
518439
467826
924603
210483
653791
286605
421185
377915
289530
347485
604419
400733
334425
356444
212506
380843
388998
478489
525009
509728
420998
900175
885739
349198
225260
515201
547112
505847
412043
703065
526472
605250
585853
411863
124267
444987
455681
837707
384741
500535
483234
216788
900113
275649
268979
197411
465746
659874
545773
320295
357418
321895
662791
186878
520803
383667
295126
379640
660548
806587
407784
922607
620986
751362
262027
287853
755665
573289
338288
300983
409940
212182
1677571
481918
1007873
234372
371109
265905
796759
4513974
9301503
4907137
11616249
7023072
2631241
452431
461740
517393
329658
432548
516082
468971
256207
545532
473840
574566
304452
724071
639864
218835
325581
544705
477220
496840
346670
266665
229528
551491
459906
167786
215428
450655
277816
369918
478463
258419
823662
566104
394993
455269
424022
374776
303510
341851
222202
373107
266212
498659
397899
337490
429172
273875
330226
992508
308364
683473
254660
294488
479731
204264
447856
159086
217530
605203
647457
393220
301159
246567
260306
228271
284352
311155
526576
8643838
2812232
4327797
2439524
2548317
1240213
741918
224676
291826
301678
432474
557263
367145
431173
323794
179338
272061
297335
188276
480448
298184
447712
643776
324348
247263
367077
676190
559252
409764
361766
509107
740028
348452
483612
302645
789856
351008
532608
324821
193935
456567
296620
261767
441912
266596
578349
306501
568053
337734
193950
314648
512036
689634
469008
483939
336730
385872
456349
434866
617536
615796
2822714
572214
291073
396986
232266
255980
1845853
350617
753088
344664
545572
367284
3162235
884268
376615
3173535
705592
589872
989292
362547
629348
314485
175351
188309
305026
809562
405039
485268
641298
596542
796017
645608
321954
294225
277714
636693
412635
275092
396946
379367
455963
354827
408976
147883
1194680
9695467
5041559
649259
14873338
9904229
4390214
448730
1556943
286036
360130
507789
172540
1090504
263877
716594
349642
491741
357668
659048
383476
1144500
861874
669938
625754
780690
1187691
7341901
2964462
1296347
6348191
1333712
11299281
6810011
2410034
27854863
22983884
18495505
14118726
9673254
5163968
4023223
412627
311866
586380
559877
721117
391152
528043
401928
394130
384159
588014
430923
1036562
693847
532867
539695
531630
790584
517891
214915
400899
1495285
636781
368124
2957422
364087
6866211
2427112
395558
3617199
449789
418350
449695
383622
307599
638939
678638
560495
387736
299032
395981
565586
463273
781558
538194
919072
358368
251446
2272304
498037
525656
10353557
6182644
5670750
3151241
521670
229403
420075
470912
934579
290594
653916
734652
1023219
877470
1045605
1072307
1315355
2116806
993484
735785
727356
4350546
651306
412367
886458
19075518
13387838
9080211
4656669
268651
21129624
16612372
12259245
8023810
3593504
40732348
36008628
31546904
27283414
22865685
18248619
13918165
9471937
5106603
883602
47660734
43277267
38889801
34477176
30005456
25701570
21493075
16912112
12438365
7896643
3484469
39712385
41734221
36936321
32447024
27989299
23553403
18988927
14780837
10416467
6065962
1100366
399103
26380414
20226231
13748528
8143314
4252805
527048
304353
432054
349383
115754
471023
321050
372936
188756
357800
288689
342941
679068
670876
193074
534260
346054
309843
418463
297768
595374
823365
613408
508101
253382
459280
552460
216068
2000532
280358
395171
187798
525246
1053520
256158
184801
795508
697697
174023
275931
389532
484358
318070
331400
435842
294061
719099
268326
356398
388879
763514
297329
422283
580382
437951
527575
214497
608522
310065
200957
208361
437067
314534
578848
742612
265042
447369
655365
448711
328931
303411
383607
885737
302579
314796
173290
363285
424047
211921
387772
265212
470181
508625
461915
1956090
297693
1339014
329372
318062
544055
687943
340355
482668
282531
1384576
298404
272934
465498
9264756
4160640
307925
519789
712875
627940
614343
560304
793357
844237
762407
458665
1036143
577997
462493
437406
837354
570859
1215847
490756
610789
432888
510335
283466
758668
748054
2755156
831515
299227
362802
11463113
7271186
3101113
1346026
3455344
3734102
2030730
213335
765391
489686
509814
771142
249744
213905
373487
501083
206004
739354
272506
399902
435127
262370
278804
766784
370698
176302
463015
292808
491175
474228
258974
208637
469521
321694
518774
356103
460569
621919
298788
418661
371153
344573
469158
189259
506258
166599
233532
413646
539708
772228
177264
470927
410406
805800
438585
312370
608341
516829
250293
532593
233622
599126
416314
119817
451761
179399
454548
1449054
244338
262279
136217
865754
466359
268730
235439
428151
175678
291642
300772
210109
168953
360172
646048
254514
483907
428657
155189
136757
266129
358465
432787
413008
369508
327727
307218
307136
367352
505697
185945
582942
768779
351868
655584
197669
850425
405468
948446
697133
294252
248321
4370743
343068
705677
584923
452910
398865
345540
267520
297779
945962
300940
284532
979526
209331
267054
422770
291000
5366829
835564
361007
799631
346969
626783
250517
226249
820663
310070
183427
324833
203025
407907
150111
220619
242407
861347
218970
565061
742728
705413
397832
321276
398436
215482
1141777
328789
597661
461701
145528
241649
396657
342740
468734
325045
389674
680577
332685
232851
503148
275716
523063
135355
398727
730895
430853
416919
515315
547665
138173
493045
498445
302773
328388
650164
3022186
300205
354130
675380
190825
317124
768059
594534
313635
584704
766965
391819
358162
235658
533514
279446
380267
421831
8815033
4453922
3955859
2015882
1137466
636821
1052155
573345
309609
262490
168611
650227
340716
257118
352283
282440
202503
257651
540843
433334
557290
8271861
2786198
2454392
387369
764312
413904
642235
265168
218200
334045
872300
590135
551655
289204
215372
477137
260871
212728
652254
365730
317961
195626
398782
414608
374826
624471
622288
718934
289115
383359
367205
377715
429405
529117
6483927
257548
265511
889896
343213
713622
211672
160424
235330
635904
225495
293559
688480
365300
1074490
838817
145014
488224
377231
979203
894863
368496
310355
299240
754974
282372
598940
220421
322518
746041
315095
623421
391273
535534
483542
454241
173773
192777
848339
416509
487843
438743
388896
289984
563738
408994
667326
512953
490593
381858
400845
261928
533807
398438
521141
491618
156779
677520
449953
625045
743506
780371
545214
471132
493890
986925
352486
214452
993132
279944
393018
944679
545811
1011241
977414
456596
1115888
332712
811943
765665
896632
719207
221823
404352
676599
377081
233241
936322
438021
447810
429497
406176
604820
554797
298711
626752
206713
510873
556522
476883
454143
439654
541805
978352
812428
180472
539574
413682
268413
332333
371350
500907
558221
413538
342324
286477
340632
609018
622675
313253
752149
224089
428187
438337
613204
686477
408695
525657
347003
2917071
644611
1812051
2008515
1263971
1812711
6659880
2381381
593138
279974
459543
561254
511455
410972
305798
596967
1533586
791923
16318314
11977509
7855383
3685415
1535248
582344
490329
400356
592119
1019800
370361
415166
795943
518296
617504
528878
1008378
1003768
302256
387477
849271
341887
605814
469482
673100
410651
375838
721961
1108784
1191894
6446476
2136332
3506985
11436345
5817117
662865
132580
555201
260033
408871
237651
401661
140913
175382
724551
416892
391579
475056
490226
633406
528962
690139
712584
475529
308686
352343
474361
156144
615491
470878
684549
484195
530508
350510
284703
256761
245636
564421
629450
282598
330357
9187030
3715533
378322
1901910
551364
470892
7429306
2792357
8034216
9966211
5296227
10730611
6464568
2365553
11774881
7263468
2846377
1967406
232642
2035920
572179
421812
1474125
1319288
2903347
1970826
657015
6542219
2352306
25133021
20540655
16224960
11632785
7396286
2819630
1608371
1845215
971596
708694
2121275
19168711
14020729
9045757
3951174
52196981
47695711
43357058
39137799
34612314
29870593
25062415
19683405
14745959
10039330
5140129
1167375
382332
270955
134476
225807
488395
886818
326385
539717
130943
716600
688870
757140
960185
1186275
517619
414831
569332
601987
635879
487302
386370
518527
413980
14500334
9345209
5322250
732038
23583601
18719359
14191846
9434093
4872931
2086643
1075980
591190
369687
335029
268532
646885
918220
451638
433976
276730
5539859
351223
7022619
2254189
27717822
23218144
18741692
13764540
9186714
4331149
345367
403861
222484
254378
199277
249586
929255
9299585
4632992
421993
2877476
3704764
10144346
5302983
7344094
1531805
1961448
1454174
308752
587190
15119443
10666976
6522635
6490363
1347767
2562544
1837857
1587983
417811
417724
439633
496066
381973
468614
312095
323354
4716523
620437
1199740
671289
296214
909561
352269
411853
280831
218265
274657
334899
290864
419511
382062
272531
242806
1217711
883983
230958
691430
797559
657020
966034
773857
710541
777229
4051683
459589
310803
504847
365625
903920
299122
473624
262441
556462
203972
534568
508799
451128
433728
315723
277433
301374
454927
337566
433042
232334
598910
270799
494885
341238
736423
651419
324047
328492
233221
667034
226743
1039357
521490
358218
354306
868496
951867
253374
524712
260272
732001
211586
279299
222452
476546
228301
307472
183981
151869
254114
460260
265219
521158
487901
218327
235839
397279
201773
365439
194791
192983
233137
340276
435967
226356
528949
201903
457989
364335
256697
452794
451691
482832
666126
561795
206623
302108
704552
336415
259383
659979
363926
213548
231855
188931
562487
352056
335065
271835
564509
721118
255007
534594
225868
512407
311910
180607
184684
216015
304238
655308
990964
372044
632792
448740
735126
681036
185518
221542
234474
519857
184067
231569
158543
280139
711658
426597
5303115
584686
203651
795749
728032
233910
456044
315579
414432
187777
786905
499360
256108
345010
1449877
408957
383935
331001
927547
570968
284891
511813
370082
221506
372269
1778451
1481837
187870
719498
758390
682111
431408
218996
802376
540448
92634
594334
686660
575996
1090777
747685
799157
11729610
7544159
2624617
6611763
767776
1884077
1036842
1329858
820715
942877
1623342
482039
930580
983215
540529
280931
270813
671399
311376
954593
645652
871782
498475
516656
796078
584746
690348
575728
732114
333911
4362348
808756
596592
514755
685159
567639
341630
4198885
7389433
3007954
13398159
8828333
3829683
9966055
4152435
6661221
7024654
1001792
2733608
345595
350933
603977
658248
933243
276127
164532
368092
504093
445893
2796693
412834
526126
307995
724508
513152
424880
340048
2758320
305387
681080
292036
615914
564219
7834593
3356942
10170956
5165489
14325667
9657456
4677462
18266125
13553105
8817248
4671243
305667
25715521
20896498
16290193
11877129
7331375
2997820
21679738
17083903
12748338
8388197
3975965
21163614
16704251
12539751
8233943
3592433
13776100
8970928
4481870
5662289
225738
5114449
4533308
11464816
6006712
158055
393142
413528
253357
829380
759492
177573
551339
526967
254250
616219
647224
1170278
736504
738267
644705
537803
467207
386932
252094
552542
454447
891916
707664
691346
320633
1195746
209457
1135514
636876
452616
659438
6216614
1685140
11511199
7162917
2821846
20487542
16031376
11662324
7408699
2844067
33359005
29333277
24971829
20733161
16299985
33606585
29243136
24837994
32949758
28411251
23723269
17716847
11956170
6420426
9680778
3953651
378801
1134636
792617
432663
388872
1439404
443807
306982
621069
298329
266068
512265
642697
351130
253005
280064
417770
503596
557528
813820
387481
284512
296764
4774438
14679125
9785741
5105713
767988
199528
585331
301028
735451
6308121
1972425
7072290
2311405
13937485
9798098
5155042
5163359
3935832
2557602
2187054
173148
357474
429094
315522
1022659
312947
1776650
1224607
1378832
4313117
4315763
6645927
2266615
10997819
6657336
2218788
527380
552448
409797
1330137
1392255
6541895
1213507
615381
1524044
621533
2319054
3217824
730668
392849
289597
222245
248152
411643
442331
335662
427178
3517718
369626
162250
281535
398373
209205
253917
307071
227826
212102
394982
324550
768329
761953
222051
278760
204133
396895
509670
282102
253483
351480
548895
437141
615125
834374
244519
240911
484716
176351
767063
429384
309261
254625
506796
292248
608132
242109
298142
627617
894957
403681
541479
1010441
497022
483068
396074
192432
815881
141912
774949
367066
634003
635089
341080
462596
370204
355311
472748
361270
841116
641399
560414
694073
501682
661654
279399
361018
1038747
157984
399956
268057
501490
591939
522421
142813
704743
381393
576870
306121
510893
225995
365624
966642
551099
570397
638537
720134
359282
525870
421192
447262
509104
540000
329198
240144
942938
553558
1994190
19312148
14891481
10584146
5793686
1317271
32061715
27781738
23455252
19074349
14606027
10366908
6270935
1878703
33837401
29364339
24580498
37976858
33426109
29039632
24703055
20500344
16095300
11830512
7420186
3101817
191220
579574
220948
1057147
140905
605185
1462998
447579
253797
589369
853382
2969779
6176395
1067253
9513759
4558887
12126119
7337757
2992037
20859412
16473891
23006863
15172551
10379162
5061508
379302
384459
270560
314517
605003
345146
334096
254096
461739
445823
22841797
18612312
14415136
9373039
4752158
1843033
1504467
417519
750470
310952
740497
634990
530199
426956
230206
651454
615674
594609
538200
285918
263597
490825
612768
424568
596579
609744
6414842
1492764
785450
355853
222348
217092
243823
684697
252529
473077
723808
440004
574646
753041
306018
435172
543604
539956
286232
879875
366310
368387
425366
776550
416042
625397
238295
412491
234060
475033
179651
265618
534998
4634807
5359679
855241
17879813
13344085
8961145
4917120
606539
52836599
48548751
44220432
39630341
35223456
30754631
26799362
22333688
110425159
151701956
147254368
208307917
203962161
199471683
195296148
190936456
186499946
181925218
177270690
172783321
168558367
163900547
158053222
153006050
147739177
141882141
137107043
132605764
127672127
122270748
117361127
112727376
107817615
102919205
98287006
94146788
89575610
86167492
81409249
76540489
71586163
66402905
60725407
54781999
48660558
42949031
37232943
30653825
24769373
18648934
12723367
6843955
1486811
439881
538451
898050
300984
749956
852533
703110
256776
1162704
260830
331014
455235
523184
1048407
383391
314500
218086
493735
448522
348930
283228
316062
357661
435958
349528
487195
455169
461947
335790
621161
407766
313355
949714
374245
229827
409951
397632
493893
432561
320678
455583
224796
281454
774040
325503
621831
236144
608965
273488
3974158
430035
471342
215197
218208
220507
237809
573055
244144
501241
381022
228852
387586
419737
391463
392165
647375
421333
308942
197304
675228
347915
682726
713537
346064
210736
198882
275098
446455
486820
369305
328889
667946
493803
504094
12181814
8027025
6860175
266344
136262
442736
507779
436341
502560
378376
297891
1689725
506801
508654
453148
199468
225968
528779
298505
309607
198541
238052
393516
482940
288031
237368
410107
284102
243707
273610
623593
294934
284735
713022
404329
326049
392836
458090
234688
628199
459972
521458
252473
540958
772316
295121
195181
221719
456176
411289
347410
316268
318694
380105
305147
730423
224351
315847
130431
574410
267544
355605
292670
407938
328250
416117
271298
166731
279569
139342
507680
547047
1322485
168551
490658
3214487
631408
128343
748019
560431
153044
242053
263860
229582
340626
496945
631324
542945
299398
175754
241370
603039
507278
176472
291615
462259
852127
280868
763338
474784
348703
274800
767841
362881
142742
581445
513740
523927
186519
291864
276527
211047
471942
194920
512914
637502
346764
501422
553123
554130
382448
447896
531579
453553
249863
430080
669013
439740
264948
457515
272054
479791
562363
526090
635485
512518
219414
179987
438866
565366
190528
324569
587678
479594
245723
341706
279350
471903
282445
195170
497688
442505
339388
215930
341726
421222
413276
256122
774081
326162
285114
369232
164420
266918
125705
403215
626075
407211
218225
561587
410842
335134
268416
303658
226591
446388
570759
123859
237534
573707
588989
356000
485294
448485
538658
414337
131883
229204
430850
516732
247226
424692
385128
497834
316060
327879
335754
442240
409551
170387
366718
652190
322414
212827
9796356
5591679
5707317
3493078
1852092
1163705
452452
451314
430768
956598
1007170
228583
258796
805863
401138
378543
852576
198296
5200270
163288
420307
141003
657313
386187
321679
245445
118209
125356
372046
369855
616051
717656
269665
1112001
231809
301951
231525
210651
336558
481330
324117
292674
589376
639336
379094
250881
255207
971204
383062
328860
736482
337952
209828
729285
158850
679867
450195
760907
380474
520415
340108
190303
292041
299383
319112
335389
491951
155356
387150
594950
157105
328684
128939
408834
166588
515327
270803
824081
399136
657341
159209
573616
201327
169699
393649
440419
356778
646182
613511
1185059
505577
353797
211030
395747
161202
613931
204295
693463
1586604
194155
436291
412537
466867
963509
319634
454900
388641
208042
153117
313083
202846
259579
339295
141954
350215
233575
216225
350535
258368
231188
346105
547581
356586
227137
179128
258876
310631
420492
312661
277216
177771
535602
231195
479049
359400
240622
521681
327918
101281
657133
604210
333005
152951
304168
276034
313319
515405
388631
284379
290442
402300
455166
578715
818992
345024
247955
755916
331832
119736
716608
403800
624470
201856
492083
4826502
275174
337187
274508
729491
283050
388644
227109
409507
216312
833907
1540694
339780
316039
126887
198900
366769
622612
206356
282096
248296
265555
341111
406027
753850
362984
475357
231828
203152
240150
252735
229668
111489
202760
334695
240724
302377
338588
167815
843586
390203
207649
8145720
4158362
4624071
3503369
2285082
2300848
325438
454355
200761
232244
227705
152034
260409
225525
809470
492487
166607
254092
428509
169872
161425
397301
676374
668169
196979
391213
651020
460164
264010
482999
774601
4397333
610069
162264
365549
196683
482503
217621
331658
181316
524386
290530
297504
504704
487275
316956
198776
170213
421852
182939
306054
416094
422532
455217
304480
266823
478060
282322
310054
404816
291541
343707
471878
280629
418345
285401
416416
362346
288277
428127
247086
251683
413649
405675
419444
203905
304280
151447
558330
490334
405565
318319
578944
277153
213322
214412
265352
401804
201773
434383
139833
446378
276122
376815
307358
492628
169703
462228
778070
148631
546616
356387
452177
380401
3821504
484764
369921
149176
147567
432943
427611
466518
201966
328093
502081
174666
482073
400614
490722
374383
263727
330736
474259
283693
199674
649250
501097
432327
441702
281880
298128
245909
553252
260110
274666
791136
187006
670725
459373
171247
397606
551971
325717
321474
441175
421623
348358
582644
1252587
439230
176275
477810
256365
234588
282433
261161
310392
345107
668698
205035
810412
304373
564946
555166
698190
196291
221611
510946
811224
228810
215497
240490
678170
735903
234472
335317
423610
1027251
322983
482239
324428
226536
640629
364874
329577
477853
493342
247246
162640
977863
1135314
172331
446801
318273
248782
317553
358714
462279
242174
269348
312722
275232
416744
252138
502870
6671170
2498658
4069972
2834962
2066255
2099965
633376
332274
369226
281813
533888
301956
584300
1134840
250906
467400
512708
720259
245843
321151
321030
205054
2146545
713239
720401
298159
170868
227198
547041
470688
432657
285992
488005
551864
342935
923120
394210
563276
411868
402326
386842
465574
789028
503118
1287669
4706393
242077
148555
783553
218830
619793
235994
468367
179767
134621
266434
429365
1061891
738673
869479
328793
269682
638150
205748
517176
361758
365427
563538
389207
321766
347086
544571
196721
720030
168498
234886
245745
488237
180886
236783
253731
335912
478594
540683
784106
229191
436649
321636
609941
256123
536158
1262840
3203370
158513
406388
502672
269450
154985
535720
308563
389539
1034710
358688
1946517
581845
464251
214087
355897
412299
340691
309765
388232
576899
176579
244209
522019
393312
265014
1651203
298120
1023795
398644
538600
1052051
256386
303146
656317
397679
492841
299606
376673
370999
335072
709198
2526417
3462636
359437
452712
452274
790009
499453
498842
315414
518610
299955
211695
329600
177285
477195
170435
257765
414060
440629
391375
4601616
274508
235157
808329
257091
946868
233585
348223
455711
209968
191678
556618
139322
349549
396785
491615
596656
904188
1204090
534493
763305
315127
840677
390829
543750
198765
408001
350453
307290
911352
853207
555089
252786
820081
342680
210894
475457
358429
3881490
860529
175003
448399
340134
296775
301017
495440
258191
338437
591508
520436
13377528
9138419
4805018
470644
401674
725771
319072
965227
292165
464754
409511
333731
193115
282235
515998
540455
352573
642109
571967
406796
323435
743495
490757
723604
1023354
500247
426580
551335
681285
515673
400714
296646
170920
495953
312786
823318
565623
301302
293755
1070160
361495
308764
178721
328659
622774
845352
215481
470588
432043
484895
400228
514401
174366
552225
192434
469392
273896
225425
403054
183478
362263
3631467
844970
224600
177290
333936
187759
410802
212465
114307
127119
111264
285144
205624
860641
218246
159162
233911
345316
351431
249339
663449
353243
383801
245907
313681
653103
199105
217366
259864
496132
154910
262310
949226
238172
699207
335667
881816
662356
685405
511143
363340
598662
198681
423162
549949
561743
775464
921222
1820486
217911
569437
424719
827758
1011877
592801
240162
359044
497784
470803
1469178
2611999
183272
872065
351898
590291
354936
260497
390766
150846
390942
364859
385615
665080
547241
3298660
260500
223329
398610
647374
396131
258163
331356
413782
671523
463362
483982
297856
340935
368738
186791
561498
624359
277970
236780
229771
444500
518612
525482
282584
517664
357903
481263
774444
385165
218199
258518
578872
806454
577024
285927
223262
411223
538088
428166
527797
526469
744681
1019239
2686682
2093728
248689
243436
333424
243301
239729
237540
370128
211789
221327
338182
601127
261038
316764
384975
421694
542195
545901
240452
157112
406590
404676
427573
957893
685768
16286901
12145389
8609055
6769174
389204
125564
348960
506026
356241
300031
635061
441994
816175
405336
670537
578703
734107
397229
1023058
589576
614202
900377
313524
266074
885780
688899
784248
428214
477938
829361
779543
5543222
11026413
5287133
17295698
12451768
8000632
3395614
16696412
12151390
7878267
3444102
26132035
21629094
17273064
12980575
8538842
4211550
29183720
24356494
20063493
15562039
11094079
6762511
2632188
31208350
26946820
22608999
18447890
13640549
7944041
2726819
31407315
26531803
38077340
36953208
30684649
25347302
20713119
15147454
9981975
4369291
694755
380389
733574
579960
373944
3048342
446870
661555
732136
272652
386247
404858
337643
620400
320063
720692
242369
304918
313811
333277
437779
209165
515795
455456
218580
1057200
452330
521351
612256
254589
196018
308147
212434
188208
356840
304113
224357
487561
530229
266555
262629
400707
837656
369826
326965
669433
494222
331629
541798
288115
1732682
180915
415142
601846
352479
338958
250263
302580
638724
667083
380431
797020
262047
568206
215312
1211506
358074
1035390
297367
525446
552604
127497
406396
399288
421900
356027
127244
354066
459853
764891
361484
270339
605623
315366
448004
486223
954224
336242
282142
268238
172270
473700
153486
353821
345562
262476
803405
118298
781941
568448
222501
257423
359700
498863
433965
173681
192808
466795
192891
307689
1005076
268403
181036
212440
332822
1417276
1325151
177731
438843
1658815
480284
324655
526521
278006
424325
555553
206714
311994
457303
690376
374992
617128
768047
225507
11137217
7139151
1461713
5801973
1262572
2145828
510329
973680
853977
426020
958865
461730
287989
370539
398628
537019
823863
422563
384935
625647
880343
1769906
181616
124665
235452
353174
245576
779368
239291
428519
792163
1180292
484641
261031
277776
178750
415051
452277
580973
262753
492795
547772
698831
279416
184417
160282
227612
242990
154060
402877
208279
759099
767206
534844
421989
394395
440583
828262
431319
157327
267511
571995
222071
592401
289686
507266
378258
417664
416761
201664
240902
1149414
348214
166380
248438
490380
276570
359969
609980
905535
560080
439295
295927
568140
769576
898072
336134
347568
374382
451576
687131
477831
1288305
312614
349889
572624
182663
311610
633229
999359
351806
196513
244753
1494408
386147
264068
522238
327215
554667
500342
895953
359993
260608
503586
175824
148143
225590
525877
303168
244667
260892
398068
207077
340931
261143
197337
509067
482360
624786
633379
158873
435742
1766729
305404
630339
485438
330621
452462
746124
797933
1161904
836875
794261
559089
369936
206209
403454
335159
431960
372458
621001
766804
4506120
2885892
2587429
573981
808033
349694
1543273
1344676
1169210
740271
341358
508786
672749
312391
3923486
544423
1023495
284116
250193
406833
362011
457788
2608132
526577
441574
277332
812715
1244527
733428
704636
485508
149905
244920
738743
347100
203615
435120
399435
324811
549563
416518
407584
809195
869723
323170
171475
136243
252263
599439
696253
292872
321307
796372
8499026
4312157
8565778
2605564
2568384
2267321
627433
259577
361470
293939
549942
144173
323799
301785
607436
276253
368076
518222
279267
475015
551408
801477
237034
539095
221017
271744
211074
295476
350565
15166662
10723679
6439552
1961967
200369
446652
652274
1294326
358162
249064
296102
305515
511021
6468854
2046715
236207
296684
288863
482423
312547
437998
397616
401672
630209
226545
225636
592834
2347309
318879
257539
242705
719824
219030
271376
309463
342535
476395
461298
898923
4621156
424093
1142824
271599
416071
638246
179518
142922
343250
300392
264023
411499
709291
275857
687017
457181
358015
222193
6024241
651518
261231
639532
454851
173807
1874095
279074
183384
4262900
516081
565498
189222
758371
1393247
148337
286118
141054
539283
655954
608680
280446
3111632
642933
580856
627766
350711
213495
196598
245572
9192305
4432930
15109657
10039005
5186275
344085
11046729
6528606
2142173
8749130
4368280
10127597
5614471
1293290
555375
650858
954135
270575
610789
368597
359348
473923
263449
209500
986512
400769
906540
1263920
3389844
9488978
4652535
10607040
7819179
3502011
354972
288030
529898
292656
232666
352126
434640
598232
318589
665297
472065
429999
428746
376344
199040
342307
158015
1807386
235121
450660
270318
262846
384709
386111
560442
196444
6009962
1116923
338215
448131
330546
235642
3619734
512385
388004
677021
251041
614490
688635
557894
463721
478204
353753
603848
265708
519304
349566
399180
548837
242929
586810
513004
982961
511607
488241
16323282
11907901
6343276
1610962
662951
822983
260148
874884
595135
252503
445555
447929
336069
386380
298762
580321
320365
801119
315779
974581
254818
745595
250669
454840
569922
143230
323113
269969
415381
333130
929708
570642
204075
206680
373685
504373
458721
585803
563355
351251
732163
453472
863587
621326
708765
314976
141071
562518
638111
752820
4255386
664776
488064
555623
198348
990561
417771
400839
223477
545309
293866
253073
330826
485845
347206
199662
452141
463491
422441
247924
480016
286230
410804
257144
485414
285244
738885
278883
276585
139067
190730
623491
478804
339637
555605
292910
378308
630555
341089
444379
313117
215747
299759
484842
136451
137729
209838
321807
145162
256468
302206
164442
347749
549017
398874
332760
484144
523105
112764
548220
167963
160235
508694
378547
318908
341672
538596
235091
573769
293196
495299
188670
603322
361546
702629
565110
345463
405615
681465
301681
283540
211269
609710
942289
409533
606834
392558
503393
994048
607728
597312
210691
1036715
475011
263985
358833
515317
198932
114180
353964
230639
295368
272521
173853
353905
487268
217353
182524
445415
213988
421657
167374
295721
695188
422383
839073
542912
176005
139373
688686
796475
359987
342805
356089
139000
237853
242783
429086
207928
303585
296078
349447
416816
151547
142748
484194
537231
430007
339144
358185
383789
469337
234020
248495
282730
286193
482094
2995750
541779
220180
355470
368189
299532
1140362
623487
617399
465532
9174480
5186363
3415769
3583591
2885834
1541029
409422
649479
505314
332813
576613
217532
373692
364443
157761
695608
353747
496429
439344
247893
566089
196248
373835
709980
773864
667226
337328
198142
347212
207794
568585
156608
909826
493870
452096
309273
391996
448239
620567
441752
280465
439566
332355
430400
675630
368472
506580
645024
180639
367067
956132
489566
312794
378863
436546
396491
248487
428933
645215
316702
812845
417811
436228
171371
827995
726069
637230
605943
713674
519366
271653
280334
202984
406149
354622
494524
487590
620133
292838
396993
503393
870758
468804
328302
175641
300016
324458
391791
410697
264196
434828
167972
236097
249876
503137
286271
501537
740583
868762
205897
365564
137763
439677
858595
578147
522403
161403
368414
223462
652244
279373
549068
646724
207222
326806
367095
524185
292308
442199
349313
828264
267341
288166
1113400
877827
168205
302746
589845
223531
477331
352698
467761
733426
431491
456163
994952
251849
860798
4966984
399913
288197
113596
831460
538562
452336
443324
138542
265602
556482
440938
537694
326116
654351
206069
473812
565527
501392
146889
223428
283963
170612
201556
433263
360680
205964
200255
278060
253008
244569
405331
364516
404033
233858
431432
207940
303555
287520
159456
206451
471924
350923
293285
353175
200088
425633
506756
561733
143190
441927
649927
600753
297358
595637
688539
625152
117830
518091
533922
366918
468651
191729
737954
287247
191920
607839
409639
125878
212372
12430404
8278266
4159921
5015141
816240
445695
204375
200302
439657
146751
448535
138477
220742
181288
645229
561473
109168
572183
159211
730747
300019
426015
170428
567551
315919
609797
219267
590850
251949
490433
208322
344308
374167
169516
251334
364697
412740
353194
351919
207292
738365
373097
558162
184454
382743
1238545
374496
234514
711711
683219
365271
365427
243033
346564
235459
471889
383659
540699
309531
411206
302070
640751
937703
476413
245037
504184
383573
290704
458225
227254
233283
516844
611457
263873
180711
288296
550729
1151365
179541
729893
182955
219994
224382
158171
375228
125644
230329
353092
423159
496849
315442
323192
320954
411345
615859
455299
243135
268567
1306947
449383
659436
667660
378219
349829
401907
338904
277185
467767
160512
181862
296313
241894
521064
130122
294567
550287
230628
193070
179196
246009
388362
401441
127326
450029
245556
143234
546932
356320
484084
218357
221560
531438
311179
256529
301048
197754
1211014
377324
274594
162985
190954
433223
317178
409121
342932
262336
324628
703541
367034
279027
136615
858263
865799
820838
735778
1208173
670483
185020
363132
1159884
351159
758763
179787
596190
542144
490112
2984024
698591
210039
194831
419601
660631
331374
342678
716524
434379
235664
355056
588864
594331
399758
391474
270374
632069
632931
542826
538421
669020
678197
437546
135547
421044
533442
1193006
441423
199978
270952
248102
286651
766715
557557
249325
140610
470417
92578
582451
642839
270096
328901
8721233
4427676
5029016
3190817
1426725
949359
481078
413731
144811
330038
364352
324050
561867
964738
701124
530907
3852366
613732
365736
391134
343127
122985
801717
450334
624387
317008
439760
195282
251032
551847
353297
286054
507484
493584
188171
622178
346595
249946
401567
331974
349158
290654
496361
735022
613092
4490346
289819
294664
400226
2939922
515486
997046
424829
570844
585632
130864
6240252
1562694
351066
441269
429218
844744
192062
791095
716822
858082
519214
144325
571703
734164
824535
1391178
213987
459344
1397841
383242
321499
241591
418602
270892
172344
346913
219767
178315
269927
185742
668599
695774
909796
329287
384244
583451
130663
287472
327496
549969
732557
308183
363661
130247
232632
615071
855152
139386
544137
574650
173525
150706
221924
763471
157727
700417
307483
11314938
6139071
345250
152579
577641
739457
2778981
370456
643337
363824
914130
634870
595796
1060481
681176
619943
383953
832642
237556
781429
352738
184732
425124
308287
863195
424004
371984
305781
163459
256587
443819
158351
649920
349645
308526
218885
338663
1042757
1462599
460200
228269
348771
431003
387951
513585
395488
540504
318201
360086
416783
2387039
252497
370065
407479
152135
168321
428193
153633
139264
398861
159494
334917
328542
133962
586878
343053
344056
613420
199746
375572
250667
288955
344126
504706
187547
361224
420642
595404
84257
406624
252627
198314
516090
401968
532282
894142
284985
304406
329361
418067
393956
338448
459269
312368
477878
8953984
4725115
6731264
5657664
2440450
1232148
675214
203788
436188
208168
178312
171669
265194
794978
432406
283977
722126
172320
291321
439857
407510
523018
690421
675346
666427
160729
566258
700831
5987797
472132
668193
161709
470844
596854
351733
172405
306507
809243
669446
196263
549437
524906
259142
465553
719702
622304
679731
668603
239233
281577
702577
615180
1080065
178060
330956
295149
777284
280105
624486
332674
186536
364334
256467
244040
307927
446507
456563
255927
829938
446960
196920
372172
619464
257632
490751
160734
213753
547022
252940
307889
288979
375657
361863
296266
363388
458316
343792
266612
638764
663967
1005552
313138
127461
276125
195590
359245
436856
335643
162404
370748
409847
444655
751984
368225
551874
414851
285031
368609
611580
176730
345047
171446
481145
1138586
337805
603766
356583
139956
849004
199586
293737
229864
282967
309702
452567
163264
421479
345952
357701
249275
317125
442530
427053
274968
409615
205139
309120
256559
364322
429704
385363
573649
271766
224283
231664
345188
237331
312372
643250
310190
528737
408033
548381
188351
564526
117458
436247
299998
721090
295274
490906
476173
243289
523627
303270
178303
135959
196160
131175
395200
400898
414585
137609
449962
335354
338162
469626
297117
305408
632061
357303
332233
431246
1119474
215095
759782
1104085
690770
403664
393246
347018
418703
1045155
918077
908530
440006
823890
889823
749818
372334
1251260
900322
410731
301101
863249
947166
227729
564658
13634012
9471603
4742963
3536553
3017042
1753198
620157
504359
437253
820611
654692
583337
666138
331845
356709
637351
428450
258220
553701
310083
249728
662111
165441
391542
154611
184410
216318
313831
438981
236622
662492
657747
366680
464281
562569
480882
705605
289836
278379
157583
441249
163273
259426
209366
1022228
490387
503144
267352
673285
634929
330414
339816
274242
239698
278275
379177
746146
255438
122775
239762
811087
217174
602820
545710
272426
268997
701000
387877
339001
870904
294708
225569
331300
191729
352412
591207
411636
533541
411095
381208
131261
374174
188918
681665
511492
645240
343303
545880
359869
674538
338432
448704
618967
1037762
152914
702010
313189
647443
547562
365814
586007
572354
186928
499663
1189542
141431
380653
222369
577436
637390
320527
240604
229169
422551
2674704
733110
316972
158111
631032
295521
159986
276844
395802
197450
271858
356237
160976
524689
652992
387296
242984
301920
786872
343569
508993
533527
511926
389192
162952
156731
338507
305928
339717
772739
791370
436947
535055
236374
288490
379257
674351
178974
733831
634973
252049
416237
1002654
579802
254312
372989
404251
452867
541430
197756
436892
351516
759986
629026
598018
940783
470072
300885
574864
337302
787406
270253
184472
484085
166661
390609
307367
193042
382644
334654
156703
519691
389764
697194
176054
385684
382862
115748
311625
377533
446671
590299
291884
227007
497779
273353
173311
500725
364378
216224
170440
261844
205979
524766
14866842
10518887
6349743
5973442
3064731
954706
133160
589702
4244791
1814738
1640559
225394
287882
344933
157409
502959
358051
731769
120244
738599
849946
287319
865640
326208
474336
339371
186694
750494
221462
258312
305404
472639
283407
403604
443943
634628
192697
533545
327241
372771
382488
524717
197355
292973
318087
783017
7628500
3289645
4647753
258287
460576
568483
441665
449459
259273
219207
278096
236785
239966
464734
551973
412928
170552
479850
303752
355985
801006
286481
212491
582246
386065
360102
845956
222691
470676
289763
201227
705014
137175
371702
222667
480849
227327
189489
743650
501194
228426
534037
500952
725706
267258
296905
263732
350623
220371
385321
213528
316991
173249
595354
420815
497882
2278840
324107
291786
194603
465381
724576
134607
443363
125486
408448
305154
394183
389217
596964
298124
217332
116466
413587
370837
349047
614877
324177
443366
300102
3274160
367628
269392
622176
268046
299625
177685
273446
491312
407540
619861
889931
250013
734519
540948
2274778
558262
849192
204107
241013
374561
421351
513828
507313
149102
161906
577623
14335707
8449452
2778240
281792
247345
461512
646664
676944
572721
1088835
8144845
1748893
13481477
7718042
1756189
2846904
368957
418341
198323
312776
701702
9640189
5130220
667728
317553
239009
746683
419199
1408201
146965
316924
276722
7715712
1509284
1175386
3765180
1056294
367064
1292854
1543423
1525382
881035
283344
562821
532632
394442
1413230
2041344
320829
218076
215555
280182
811380
345676
315860
12626898
8221820
1048687
2521117
658866
563217
454330
357840
975608
577382
538523
311165
546370
202627
5243622
820626
300872
4802330
418751
333295
1081916
388371
1183131
694956
872016
607408
3029269
563113
754759
289287
460831
554383
313065
516240
746096
829927
576983
519216
610689
588943
538850
560501
887358
928515
1388275
944710
808407
1939365
1152433
639406
1456909
1017333
736008
502314
622130
859813
329196
769001
780982
731819
960394
2837158
1018564
1062041
5875235
13356571
5029873
16208917
14476879
28150818
27619577
25974854
32305932
44357675
59017513
78814621
74719669
70100318
65383299
59609487
54167410
48775966
43911461
37967317
33228075
27877447
23299528
19023387
14569089
10102714
5580767
1053277
862962
311936
551660
280426
520328
528280
286469
423523
250833
504735
438000
603161
528721
774414
420822
237630
327139
777063
1064193
312707
353958
324774
190484
251100
201553
289471
367131
350562
1153622
594254
505284
494705
298228
505038
164853
290414
292786
451474
292505
273612
526481
194482
321297
569714
444544
458413
258547
2939755
832499
538025
336073
232184
229957
492868
239233
452080
304169
490761
144967
259044
447723
389633
1281964
383185
445185
259220
294292
292181
685752
591540
203238
682454
411892
761168
623493
463527
145468
1074421
379711
775184
812252
292728
892682
372509
209177
643792
1180277
786667
1435907
208818
366036
618952
340813
835401
291886
398433
259575
684992
758449
282376
420071
815855
229903
215825
455944
275225
481383
602596
217993
365918
282468
403922
572348
1254034
391081
7512640
3293687
7896417
2961208
3032663
347691
405319
430412
512082
498585
313219
928513
304327
357464
695983
289851
332315
9763711
5377574
2043119
901824
685206
438904
626737
510255
786226
289322
249151
247159
330981
279954
398228
357850
354342
468231
654218
778226
223412
417835
328068
510260
254026
175427
214521
591332
598841
254519
205865
290535
831277
257498
192797
244153
552467
306338
493652
298653
154369
132722
341955
232335
755508
598293
395914
713115
595665
402630
571502
433065
483681
263260
355453
251532
454897
634654
380549
406188
236253
2098355
432905
410982
590346
166756
5511660
1073648
406276
437838
1177319
339071
334968
219778
244230
496453
404218
227095
417891
492737
793197
459137
607329
420420
900933
287735
308681
338744
430798
192377
1016183
314403
550251
524614
322739
369929
213843
271764
220039
445896
276568
339468
1117589
4502831
404080
831951
658023
498930
245183
216516
1034402
357264
294878
216928
549737
415418
583655
548664
546332
465415
481613
777431
160620
768191
514631
1000876
425392
4238101
654075
413006
468759
517081
287634
3411583
2442180
4331370
366386
357794
943340
593941
869342
804412
498434
732839
427224
604555
1331640
588713
483128
577996
296150
345437
454455
605816
261024
294761
344436
6259187
2073974
354003
694730
430827
145845
227411
299000
356157
256645
590213
708667
501241
727191
217578
458304
748682
276431
239965
203880
485553
246804
505244
155510
681415
397583
534344
538407
337228
378667
234747
531487
239967
574521
226146
15672487
11573353
7472166
2343936
4721009
2583256
1473085
314140
399408
152560
674595
717115
574025
397531
225115
189035
454615
667650
290601
260702
281243
430600
475988
685467
439170
212312
520825
428195
188129
296351
288193
423043
173166
446168
458722
346366
519697
159279
430028
532163
335213
860209
291416
611867
472786
509455
304734
689428
701666
341163
127517
309572
199757
830659
206685
366083
1110276
957904
444615
859070
552247
319169
387356
307171
611560
539511
446227
166619
580324
581774
354069
555189
664260
117886
414051
511536
745416
560735
421209
924841
314922
569379
262383
521164
577608
435296
394845
705915
1167430
322638
826561
478718
703925
397255
305085
745313
289248
394436
270662
312480
592754
280386
535223
399354
347524
318709
468310
609158
775976
478209
558238
365621
378425
362490
212890
280854
674010
625507
1190408
201062
1381586
160517
554942
277380
317090
2731678
660721
496673
417347
459131
697880
465495
368454
807572
667242
639907
615588
644829
419895
664384
414867
382153
319711
428793
304228
188035
3373350
241273
392263
250096
2166872
389598
683225
312893
374598
1422739
637214
470630
240127
461715
646685
494018
336918
1053354
402247
290099
4409290
196768
344274
620133
287992
192155
143202
240557
201937
809435
333645
903240
392620
444240
363374
553382
444538
388418
642285
570536
380143
691908
282451
266490
296618
700376
722798
569917
277768
307453
381286
308929
231508
527292
698237
704907
1481228
161173
616761
455423
1470824
460069
604288
210174
622741
5045986
861030
4583250
3938176
2606954
624337
586180
594489
964218
384091
509735
783321
469297
122685
421174
397185
191672
442498
305544
172680
445538
499540
488589
482239
474993
963676
915022
346867
499501
3592027
681441
376198
289871
359519
306321
177404
357970
227167
198426
293991
256989
472555
449306
317995
144584
370592
572776
319231
426550
1058025
2145988
395470
217272
293228
230769
590324
393267
547246
427824
561926
3056496
855426
399044
200692
224072
268262
860085
692628
362141
313169
299417
187543
212753
617894
700937
663163
193324
199818
654794
592220
264527
198463
378325
681506
321281
555532
257145
711692
966420
621903
412530
651856
464649
1579582
723799
384399
418557
559226
472511
3742548
455215
812457
1164083
3229179
198304
563820
319227
449475
916697
739014
1292727
17767228
20049170
15425809
11053262
6173129
1735435
3007380
344496
835242
403251
215445
276584
579200
468036
1415159
447185
525082
745356
358197
600620
537595
425001
187299
503885
362590
268796
550435
442478
351219
471005
207868
264935
8268040
2682433
413910
629374
2344648
4254198
300974
28556529
37850896
54135073
49802178
45336746
41000765
36745449
32251373
27867690
23419707
19118691
14877248
10462825
5925518
1409496
637420
269766
593706
366306
502906
846114
741004
587284
673980
954988
804615
489153
652126
809343
438298
409268
14531874
10075647
5699619
1296469
673481
14557291
10009059
5850768
1449698
1000992
1028082
155322
806036
5795449
1433986
339065
481231
2452280
413473
363935
422509
713226
479752
246991
179247
2826441
343997
23226193
19040293
15051637
9868271
5495349
52240211
47925844
42706693
38051065
33573705
29221532
25054081
20294663
15688511
12206755
92596822
88214037
83714444
79292717
74984490
70784568
66384501
62047983
57616826
53198049
48644723
44175607
39915825
35484415
30720117
25727231
20176294
14417090
8621008
2718794
1522113
446495
291820
492234
503742
228071
252209
477666
3220910
429062
682344
392232
260450
2821055
24953382
20333759
15913942
10904714
6087044
1055700
42567289
37085516
31695054
27168584
21623182
15867628
10833773
5812252
964021
85097867
80070073
74847215
69201649
63412885
58105058
53312572
47669246
43110527
38766130
34230459
29674805
25467828
21247926
16920704
12610966
8084786
3786625
192101
214550
355764
285584
394117
280604
386963
343573
247242
716574
218261
491747
213695
268937
208758
357772
315916
438789
354424
365845
375620
1545177
612226
955248
475615
555719
536230
302397
258009
197060
587467
269833
314086
537360
215120
672098
723753
485775
191235
502360
335918
487437
394523
695778
737779
270792
173008
263895
390555
874827
363888
677496
443639
672987
154766
488605
526066
479781
328461
176068
528033
184573
107386
207387
542987
346855
1314794
538528
2350871
412190
361551
690442
235983
328532
508762
498174
479521
1056699
649319
301837
674204
307101
658108
1365167
1489300
343334
163248
1314621
519074
427556
388642
353581
659594
388190
462559
495557
697706
366423
442672
141927
883720
168335
536305
341533
325051
827399
251274
539360
4221813
1001020
226426
389482
217003
580717
404157
674335
282135
1344513
404488
1532967
664137
3412351
544780
357800
155082
928022
285042
11651813
7481687
3025497
4649780
3801375
2403734
1634942
628630
689372
682384
483008
214508
714000
479104
409234
441766
243582
524224
233644
1151857
233229
290017
392318
388846
951307
515111
613394
436049
316381
254992
308518
702485
244935
533356
262808
291402
606517
436848
388051
504215
239968
332999
760684
390172
173584
576921
233388
175811
164575
178558
166904
1294396
387510
327860
678948
6579143
547140
152005
165410
554250
380266
212907
555925
480601
873922
554822
1146875
550698
936612
562831
269332
359085
319174
316272
338518
245871
428727
709559
338393
236716
166512
369530
536726
552720
560441
348221
281647
583660
545967
497373
874173
877258
168236
521313
910932
333559
341645
298664
312808
336841
249922
333561
695679
290244
310453
575291
540592
301653
335828
185117
483407
525203
414008
429715
506722
241937
422982
1098263
734603
440332
974084
457225
139383
405174
559176
345647
191956
250678
284938
1007113
255438
858018
211551
690965
703646
358644
240772
444862
420956
312389
420162
477014
512638
959720
276628
310391
571093
105580
692395
305850
677211
285186
256113
681277
686965
283096
391347
326897
290125
435042
742515
1187610
427786
425626
334196
525663
294711
335991
325892
565297
251481
324979
1029878
360916
365562
364143
526255
1176682
290675
385977
641087
381482
758176
550883
257326
262224
488142
588850
360299
497852
653303
279815
422067
544121
265253
578748
330620
365921
187580
640730
418945
364261
269713
210654
5716837
964243
284278
567215
208393
374223
238067
500267
665653
10199266
5768417
815830
3200130
1926783
597878
364021
426928
401283
481355
189668
636574
726072
919084
388923
380881
4669337
2720595
963415
598414
811821
911796
312558
1976346
189487
200590
580897
852464
334163
414290
394486
1841459
350287
293423
463915
482508
345016
779964
625626
662406
321363
225437
488905
249205
205754
165587
103188
666554
120896
310524
566579
594552
461896
570923
536809
462667
313590
564679
618970
139225
632456
465766
449489
364278
422350
336104
575009
596619
152930
361077
450586
415513
604348
381919
944346
250821
380112
454384
380974
468222
289693
710822
387995
297736
344205
829181
1163710
562374
576505
471957
541045
696119
372286
483488
392416
163869
133970
278092
555830
442008
272051
389303
343589
128125
515934
348375
548816
351988
322280
482323
283428
163662
287212
568928
221133
297146
329426
473322
224298
483701
621550
400764
407840
561479
300065
334129
134829
326381
548659
378140
431543
345264
309159
656651
112690
510332
349683
666405
1750107
435887
201243
265065
583438
858449
225173
130348
179129
624876
580518
358007
617997
214618
585083
304008
660730
644611
336209
210375
501108
269003
245301
278391
413245
340419
195716
359303
199198
229966
178854
329151
482136
377479
421491
260333
543631
244699
398523
343232
688379
458776
674877
395787
310121
205057
271967
229251
731329
175780
181276
484922
316604
333152
402947
774823
250588
426845
301517
131482
792216
536633
549154
769606
428001
135065
309240
708700
154045
393908
400286
627487
250672
15251115
18236499
9138802
3384920
204066
304137
354283
572423
142291
228673
231733
868367
969448
397135
475222
563889
403464
412770
293693
517245
286518
342662
344276
305032
793441
271417
283017
581060
465406
464205
431375
384530
412785
855789
488241
2642039
286454
338897
668142
309581
191188
503381
240216
469379
260022
728947
464627
475375
840850
431256
332894
197557
767899
243843
279831
585880
114600
168064
624738
281839
429606
434376
350824
811131
334734
622342
285209
357871
183371
162396
226692
367011
458103
210245
418454
2842508
224236
357366
480902
209807
717517
338927
598180
517592
345252
622774
269218
181934
310312
163445
129158
393687
408698
738968
452638
243209
234620
116894
383681
410063
887008
504882
724307
762175
1435147
511922
422931
425607
712765
440782
291121
361900
376355
608483
494141
813319
365203
304716
267367
520632
482859
276794
510035
281012
758559
155372
438347
209947
507029
283284
654816
582865
135274
317145
678898
1034677
1106080
762490
522717
527338
256441
435352
867509
926829
473329
294305
1907643
414306
289705
3742443
345688
246695
353975
408002
342119
298676
684302
588910
422936
795599
296951
286159
317375
727205
194334
770305
385800
608417
214883
628853
405201
519814
227912
402321
311306
388019
208239
308814
190381
172320
308481
992414
312181
377981
415890
355681
198606
532703
248211
155904
503070
511193
537055
170413
874805
462654
184071
270507
150930
614319
267660
377420
140749
582462
456071
460427
674268
306385
120831
465099
256056
328238
6924433
2722573
5792811
1122598
2080498
1446755
241955
408258
304793
583621
307627
1716298
474976
232378
246839
509776
388217
883511
475596
501048
305265
191035
482807
279310
384149
453311
513154
677069
349556
402269
195939
486114
253618
394664
551750
689158
543863
583335
542845
445628
218918
283526
179026
322008
349574
378471
341888
473308
354237
461150
372173
279367
338289
459646
471532
179009
591305
515769
223757
348828
497983
369486
387318
726798
441579
618528
516902
137489
448762
357717
459677
268408
365940
828113
309900
589390
551851
460683
351997
392026
603594
635290
570617
861026
2524632
502991
679393
661603
266494
150045
118530
461149
537016
248154
578050
226609
307900
268317
150451
328207
506907
424770
361494
329320
765854
315041
287629
159566
279313
361512
329560
440661
263485
2284641
349014
557112
172814
855955
247596
365906
225060
210286
333993
130312
560486
255529
563842
119676
184920
420614
369229
433219
506271
158203
271774
389828
220698
213162
147109
121403
371974
329946
146260
222159
308594
342914
516984
434915
219866
299225
486968
390584
1263067
528794
518206
598788
513492
930993
174842
3685000
688234
542040
740669
282389
330201
184940
215971
341708
309809
380002
308940
355872
210030
207341
880140
658623
313518
146385
457330
232499
339136
646120
646442
557550
471955
381837
623961
1084484
215389
278675
368920
499115
388535
547871
478424
350629
487251
298340
421319
323165
240680
215424
265258
168559
563283
227465
169842
757373
354559
753472
325380
420381
9129816
4799954
7603277
2413033
825460
548921
326687
561110
396905
251429
680981
887756
421393
232315
365975
327391
278713
270868
407753
667879
3741356
561329
173223
639966
372050
659985
528317
689951
210718
566748
294302
519808
587392
216366
1105053
812049
367786
784291
676879
492654
340299
285295
617157
436097
743054
559372
485807
243625
561144
433328
235139
341914
914967
180295
395675
417513
399421
837227
424771
474179
224865
537399
220078
590838
365276
230291
862579
624582
202730
373603
332021
320366
443307
264274
371699
363527
398504
477307
1395047
697719
331075
389606
414279
342960
304972
678133
412983
246516
322621
206649
491173
254100
364360
4596019
599125
369251
314582
423921
640952
832398
193092
243175
342485
605333
478751
404920
172538
315604
374026
159409
436981
325317
596501
314283
482311
186446
283384
324855
914077
176691
374942
630960
575955
150897
297563
303352
498480
390387
339881
399338
435763
287751
653445
348423
463093
151157
482530
560818
561121
920386
515658
444352
440121
736268
640184
392181
568748
515132
496307
314021
998623
214112
694938
886739
370136
707885
552605
139555
288113
620228
535003
343044
200127
302383
441250
1047601
1003700
8248872
424804
548430
551327
247666
262792
464087
330602
336296
427957
347172
408735
389918
665520
420996
283438
312204
609033
277882
372554
357937
790900
374909
647553
725166
329906
261008
1149432
147715
563645
524154
1371375
573201
305503
259016
331850
233567
425601
372243
867315
278566
566366
1135401
158698
454304
225326
15572908
11429264
7418274
2176262
4679422
1745473
955995
538303
454910
477007
220068
258868
548399
344581
585756
566833
577733
376314
523821
382252
406844
715941
718426
1081268
129934
314802
605277
3551546
604812
265460
839192
374826
215097
174813
317120
316233
227019
172689
222855
545240
515775
501777
135041
270957
611566
399252
388571
292068
741500
142517
335062
296009
241485
641319
260378
4597256
567292
278199
655348
331669
159627
676868
280214
312707
724412
291136
274270
557350
370856
232862
251399
441837
731573
255717
153760
306021
358646
300478
343450
149869
429368
743739
471977
611726
298048
639025
300356
435764
161371
892798
331621
331237
249557
195576
255785
1344169
316808
491178
519956
180746
198411
857214
320157
276118
314858
335266
802362
472342
205090
242078
285159
552182
232808
1003526
836863
462971
788789
384207
904761
355939
329474
478552
2243112
494513
934203
290303
329038
308219
294710
332595
286583
357460
325885
203891
402204
644034
415516
386042
355819
224369
357292
633273
213829
441735
353414
397079
501169
707323
418955
1065406
333231
392493
843421
248079
351138
548162
389727
390065
517137
476887
378808
560796
455918
553889
515997
350254
484541
465420
377459
440765
623731
173870
345907
447349
497052
278296
2628949
466706
301761
363848
190307
189202
828470
169934
637251
366058
344200
552151
318224
395856
327613
378199
391087
516570
843302
384892
295616
542877
278077
247262
182039
210694
251370
746507
203698
400229
240210
299951
329659
370264
316439
406737
396457
10553565
6868809
2710426
3407950
4840541
1386481
719878
493381
219592
364453
881050
562551
363040
665536
331960
512179
605388
310027
1141549
773119
551646
804668
531241
1178538
958399
3846293
293744
297250
395223
759889
312874
485119
334436
635560
280680
517946
3729174
584801
340054
598066
204944
463622
483846
223980
198916
809318
347030
266852
354112
650919
682422
578235
359845
370625
373203
318486
484496
569134
362528
184862
365524
334510
291121
455471
1348757
277143
558105
406931
137849
746959
508825
618776
295624
457580
473028
152704
142020
439865
975694
455692
692306
441285
853470
694868
425568
541241
524869
338302
756448
769653
982416
504714
410431
590330
732744
246292
349086
686234
534249
734966
1147226
865324
1033354
800938
4143772
15929905
11104192
6652490
2344531
46867219
40544426
35963172
31423234
26408470
21277787
15639844
10458118
4942296
63570377
58177394
52779291
46893918
40744172
54992463
49986412
78701532
73982416
69614837
64976652
60031536
55001193
49762988
44178735
38039785
31915453
26857238
21991260
17222837
12192032
6949268
1506291
599381
450123
265097
871780
590265
257966
494202
519666
270543
328278
226165
273539
292688
271042
4225251
321134
883647
253129
369013
636021
219700
261645
530454
594738
349200
218757
200455
353369
209050
192847
425422
131798
914763
676809
272660
574663
619008
278293
534026
497862
225548
376114
764501
287326
235979
287596
341749
598976
491159
1350858
504108
145834
810778
315248
231674
543671
376405
684806
263116
283001
221473
221828
177515
234169
1208753
203985
548495
347018
348472
1006158
2039241
356549
417362
11619561
7779178
2954799
4386077
2625651
2624117
1145029
542591
237319
287274
440876
329243
130323
654612
691632
406659
366162
318694
336105
297300
355191
257306
249044
539061
115938
228000
219186
816462
191583
220805
271044
312793
233438
355000
367420
373333
326875
194089
454485
565732
467754
352107
167966
234835
396931
820184
457480
323151
280300
214629
266650
547668
641975
332694
520444
343231
151130
134157
322233
589228
1224435
1206341
603744
356094
236277
275580
219707
319673
379103
720934
519030
432029
498399
239542
564373
748299
287372
425165
766190
374134
198141
154083
481019
262390
242395
209804
156963
355560
257668
380081
640395
205857
706184
335940
423753
225319
671895
756199
230690
150920
170871
206095
299940
423440
520607
306587
441946
458834
199552
248951
317048
234551
479367
638963
898704
4713445
147638
308854
1111635
494382
786920
311123
205634
463684
491639
686251
207685
989849
191001
337778
394935
695233
593202
268126
278312
380349
770973
1002604
390168
179051
491780
197551
587448
531327
139280
691184
504066
525278
142940
196008
232370
285750
415590
273555
375588
552832
795380
342868
937699
142505
179338
193798
862946
375469
155217
334985
556031
339526
764278
422308
232199
401032
569348
640006
1121297
325634
581351
884228
205157
647850
455793
577363
362572
731087
695791
513558
517804
210343
3488121
940550
408294
251191
196333
213509
389272
391905
259324
638265
946485
713866
283933
167964
234000
293393
296950
393161
336244
435933
717893
163490
706356
396153
349511
345364
6870450
8795823
4328184
915785
1437908
966994
182103
304390
528204
554872
413464
667153
387035
574863
475793
491776
578660
188752
289591
271435
346115
349883
279177
507019
344325
539107
161055
240585
348643
431311
295736
230924
366541
1621639
111704
289942
175513
257241
269754
234873
250447
398221
335101
561317
1770898
377977
350177
402583
409650
360622
523034
871454
381975
186059
513294
308558
317901
378366
376677
325738
347458
157176
534243
115911
212967
783207
395267
636891
273006
235337
246262
262282
172603
179987
678616
395502
685758
317861
379702
205813
458183
743461
459106
670158
300780
406168
214638
862029
214491
646897
247248
360936
209325
791776
257721
315662
252097
335274
466035
284255
160601
259745
187935
264587
297410
690926
469299
251691
422935
448104
296211
312025
740923
822720
530415
703825
1042605
919118
527610
320484
4352443
457237
768046
188064
885511
1078322
535397
429177
252157
177924
210274
217612
449301
382058
561618
705302
474545
557542
244312
293705
638119
296470
478916
397875
485311
398692
824304
288783
401511
154657
255815
164001
300131
284818
496648
488150
261080
369482
580995
306808
150913
268852
276061
397047
329681
597160
307154
207728
771363
338983
507213
447241
402680
482591
424796
211678
304906
421834
182916
508223
150898
332465
1047714
578155
630041
225129
622521
488471
212686
419568
937380
457567
417585
218285
152481
149658
573749
408151
168665
339047
581894
515871
378807
305013
324822
353914
355851
399490
438831
465906
556706
295709
431461
683628
8503619
4325048
6804744
1320829
2967826
1607583
1538396
1297847
635958
5656993
1324620
421920
486816
595301
210496
376155
145873
577238
530115
518216
364948
563468
442110
564279
333895
954422
270629
139192
361763
426459
368615
314140
449114
361814
524696
626896
142623
5662673
415875
548153
338618
421493
257754
156511
314005
556978
449240
492380
846196
622239
404220
228829
168906
4161716
492304
242658
773511
277753
228795
362406
334650
180583
402878
718825
495223
364542
312837
171443
533545
669533
763499
495719
396529
2774065
587565
408914
893023
369590
713607
445680
557641
284809
835598
465939
1859870
552448
695037
314629
240458
400005
273351
4230806
845930
875306
536637
213038
197317
1236916
462376
353494
264127
334140
250654
338000
911240
1238422
284285
371761
680016
609557
224825
466375
581048
985499
505312
472114
578374
278852
290045
424309
370868
1879207
239342
254418
676801
688735
291235
3570128
957643
1150975
909914
1240446
640468
238723
378279
255125
718974
977392
372870
480924
308326
364801
425897
280070
301887
643670
277410
452519
461811
420654
357826
231460
558881
405699
230445
228374
2691806
696027
288597
183713
588615
410818
447004
378030
292697
490321
570814
916221
419525
191935
1097692
195671
196433
444912
458542
534973
695227
195206
535187
352286
360600
268884
414100
545420
627590
593566
368603
254936
582775
945515
210507
265724
352080
991466
547697
544871
259872
761187
178461
238923
269891
3274233
898190
1279214
508919
655787
441256
415938
431960
991615
474471
231346
179445
8652217
4441768
20688758
15644342
11155441
6064159
320946
194146
956711
360366
362248
227969
290224
127189
596171
463931
608655
331492
565016
215309
201576
438550
244356
459362
264130
138183
330512
329544
258226
487942
971315
190105
467541
184049
439580
512284
453697
298613
577413
627292
485208
275543
702516
654745
145191
405595
412111
141600
380585
188914
244805
573931
436553
182991
505935
250091
385027
195257
295273
890254
355309
581726
394980
356639
427621
473703
655952
756579
204581
284496
962225
417123
241407
573447
963527
262798
629672
550574
642418
506257
435806
928390
292175
1230673
194920
413608
193658
631852
246958
317252
463235
521822
438507
316920
610700
355981
443441
609642
272642
201183
478567
656477
562555
441496
645362
162920
453080
486433
371350
172827
308493
233668
657962
169724
141739
239780
406665
509848
277666
317491
375085
292624
390851
506212
910797
907198
403543
233848
414503
228809
351829
338304
342986
703598
3995631
651317
378592
220623
279475
353982
660466
331454
398927
146479
155343
353827
572504
192976
679365
279691
301560
380867
268164
297598
387656
423661
245577
583952
461791
306765
704090
316683
466772
300713
274940
405518
189714
205173
420879
277382
362281
250226
327463
471166
391133
508661
231456
202720
276401
218551
554033
402277
454924
352644
325829
400396
1223438
336218
321677
345435
421875
1319368
901955
374912
388657
158435
463874
372450
498313
503031
2696260
435573
347605
140131
514538
200334
143621
514170
4016219
729833
763191
474765
532332
199129
14515472
10401831
6188455
700090
3220581
1739833
229448
532645
305295
843956
551399
613053
190806
390474
461962
247488
351563
496561
154254
388362
140733
334087
252488
637363
213618
383204
498058
287100
315630
563053
226199
313157
201181
324990
193448
380573
411852
340687
331607
437283
309289
257018
291343
301013
383680
391023
472735
389344
358960
269963
386037
321855
347342
199155
205400
149013
256981
380937
421632
402417
557712
850773
583312
292698
263036
297139
289653
4227245
147226
499412
434569
345289
566100
409714
138867
589970
466512
284150
213473
524938
354342
232117
337625
308101
293600
962235
263964
475140
544427
208706
219771
421566
413954
434372
185681
337260
136836
171306
307251
581291
563928
222791
140109
241275
353245
331825
427523
164506
585261
226449
588067
445129
396656
480832
347711
343483
400335
415716
236529
274427
364173
332781
332789
707135
572203
894999
292652
139279
232290
603996
375696
491376
362575
595656
430631
254760
195916
254657
335498
253178
535507
311200
315863
356471
247481
377140
380200
217687
521291
484401
977792
338508
369898
227254
180099
246008
264026
674552
537994
332526
296780
324677
547041
347957
256569
465186
333417
449019
252584
534569
296132
638184
425256
283090
703506
217750
522427
363452
525324
547022
305585
327917
360934
293781
344377
1292209
184456
403764
730293
203976
326509
399129
518499
339741
297667
239682
278164
377761
287109
546112
341925
278966
599438
416543
356264
349939
218665
432449
203813
180837
218051
366098
363288
12716242
8562999
3224082
1873102
421406
301982
186567
352431
255349
478790
497683
269338
349135
812303
256398
302002
392748
399817
262143
384567
216763
413577
629689
590269
554317
336742
400197
321822
555917
307967
421943
475059
223293
450473
262249
273057
302917
282496
410937
369029
564625
548593
160145
124522
400043
305646
656488
347219
368563
465926
321281
574770
534800
657694
249616
330604
425284
474190
224429
238367
392978
430783
897590
212395
304145
339103
154615
642527
521037
463727
586585
704154
1193344
496804
363021
309231
503177
406695
316582
484946
198666
803622
241390
385088
273137
302827
321631
570265
843846
761671
596353
385751
280464
760992
437463
263650
307385
470228
521172
300438
543281
509077
373377
372283
503306
315268
512229
551403
231068
246214
386522
371916
495876
304715
346916
703433
386744
252948
577594
380768
462418
407850
224404
436028
500194
167460
465951
523659
646397
267086
216152
126303
601473
296022
353490
170688
187137
310566
364659
394745
465430
340741
565069
353878
726325
499210
419396
141394
441253
328712
423197
402393
226902
915202
224054
259341
161882
613297
394806
278936
444067
168486
663947
472744
474528
297263
519417
709846
279922
5917429
3946430
696696
969958
272376
396486
307402
1007745
766522
693704
530342
569049
357417
654341
751188
215004
641778
500056
806718
538281
209418
720757
397041
460396
136084
657182
732269
375870
386017
199031
393631
363047
158439
300228
493389
407974
329335
526669
301788
417467
367088
198222
191867
371019
489804
14100047
9920156
5594607
957637
1547851
180756
336570
232348
361856
315801
263669
285630
523943
710223
192469
172915
321421
286999
321889
327960
357799
389588
647401
539516
790032
458100
372003
406437
326343
448867
659444
747922
356208
285306
306872
347294
364020
617855
302221
351148
171132
197761
551881
444547
381746
430692
389778
632068
279659
240492
1096346
375716
1067754
575409
856407
721106
260613
134164
507486
404759
426306
516411
328705
328079
436771
323212
346971
328334
374595
345226
607540
276390
330090
170738
236813
267831
332269
389655
959537
338093
652859
694692
591246
1203008
568874
312044
267535
389069
661717
217447
180453
753639
833188
485621
680086
1061055
1637274
719312
302087
548002
1918184
904232
802949
760677
528274
260492
226259
706242
471274
834132
606263
286025
381821
277018
172038
360595
287421
342421
808976
260338
1052312
665074
234318
370466
252708
846141
338769
499799
385261
274379
162841
559932
208646
2018482
422779
134993
243198
692742
336756
312058
289372
596988
281669
398627
375282
444371
353921
303907
279892
1888126
1015891
794530
4145204
344786
663135
313132
599945
779315
329997
388076
444182
352605
492821
340551
2528364
268353
437082
200418
604654
279309
344266
203818
457918
354175
207092
280408
671200
304211
262185
351534
475507
141370
364647
331497
289330
336477
527478
259039
654830
217500
528518
656274
317897
686968
1076775
487781
346069
484112
321850
517142
255416
391622
898030
467835
821488
360662
755757
459494
163485
570829
260130
464653
216988
609779
7333926
3326839
6975389
4197967
3117609
1545262
675370
574759
314979
323949
748119
137980
1145702
431123
350490
443217
252444
538128
317094
311977
233725
404356
196650
602379
414245
282820
646490
341998
503431
453970
439422
1033528
332536
535016
412448
371374
649436
1266771
413480
244829
149439
318108
269555
435435
417057
236542
396161
225090
600318
148780
216772
208311
322086
359544
299951
211663
600812
585526
977454
60971415
56638854
52484859
71807190
67637541
63446800
59221655
54968575
49309660
46633246
