3738893
343472
213046
276458
257590
216090
170203
297452
128699
151714
207609
213616
194131
174682
129563
185449
121334
133867
111435
200087
115384
129189
173328
120369
119605
97946
135588
127284
200219
97295
126273
143802
151587
114688
130467
98440
170663
158434
104442
169431
143037
211725
122375
146281
95796
117828
171460
217781
131958
123522
142476
184585
146925
133911
129691
153332
222621
159868
189844
173343
188393
173304
162610
211538
207645
174691
182497
205316
160907
169656
154620
163016
141790
186861
139780
188479
122923
216455
166877
139370
175888
116004
118123
136153
153914
142684
192563
181089
147215
168094
134130
122157
125274
177708
120480
160795
189887
456366
135939
165550
113823
188884
175423
163894
125979
142860
189107
167009
189602
221014
157538
174867
155442
132869
149037
111722
122618
220384
146420
208577
156805
176769
134925
156351
258485
168174
155814
236574
140993
241647
139948
207440
194433
1320709
3360566
538140
272000
319414
212939
138238
201444
183757
217168
210907
225917
296459
148563
171003
218471
211857
216449
205933
275599
194328
178019
108785
108716
209246
347005
454471
257020
208812
157037
156903
176762
177638
134904
190163
146432
207583
203662
158326
293607
183595
170777
321742
226882
176008
132776
157002
162119
260523
187092
244378
215071
346162
129811
151287
221714
175336
154675
268377
283665
219487
179833
243218
150267
192627
122100
268217
154115
112752
151625
151875
136016
229348
180015
247121
341389
182012
151271
224924
178038
159714
289188
245292
162775
133969
142927
118264
128901
174118
111753
140514
150113
162962
154735
178832
126126
159173
183468
128656
189114
197936
135366
161223
158237
336308
129591
117753
254771
286171
146331
145822
162234
175675
127643
243449
174979
130826
155723
174612
182840
221502
209018
135624
142322
144359
172048
178188
453756
153556
121544
167059
3940829
1097033
645013
315167
138714
239558
202351
139069
152716
156094
203323
149738
145758
191248
287208
125156
246441
250391
276603
279858
213010
215288
159813
205377
199633
339839
159232
143827
119347
145937
145642
132871
159271
115137
135646
139068
136048
135323
149333
151481
165485
157098
166258
192325
171856
209222
139178
5677405
3067760
253944
219772
142957
167076
118041
200117
164133
193530
200270
268424
127122
150057
151728
206215
111552
140250
134142
127045
119050
132288
107952
211717
145540
151352
135972
154016
151894
128179
130080
122858
165738
206485
206911
191948
120525
159638
138638
270092
254154
184504
206567
150236
133553
208345
155752
134427
215945
157120
306431
375775
204038
158231
194954
121527
164165
186422
106559
164820
126701
134691
145842
164705
206412
221209
205724
157643
159076
182763
210858
112180
140716
191503
148651
213290
136579
143074
143320
182777
116311
210006
219318
260125
147707
113641
164005
167317
172311
149240
132057
148222
127048
121312
139826
181331
197249
145905
231135
142926
134406
95488
151425
171423
153545
140283
171394
159067
121168
124099
184410
166454
159588
122077
207114
191639
165510
111380
158985
114490
146296
133849
137903
179022
207251
156849
217566
351398
180776
160300
154931
148497
143961
149717
136738
191414
309657
271517
163943
180747
222897
142065
125397
157000
278241
133543
155802
134970
167472
208141
226909
173974
144667
147784
155533
135081
121277
116722
153917
138590
134600
135355
330577
113136
107920
132656
182579
115352
163175
165960
153530
126794
136043
109976
134375
186692
97702
155840
167601
138725
5617585
1892360
763542
151233
129387
171047
178528
184249
125075
128958
106836
131664
142254
129589
168640
155505
187236
150586
172756
125586
136173
179444
170969
164980
134151
108822
116660
141817
169312
230935
120431
173322
151274
127131
189721
151445
159694
146180
301148
131539
209711
169058
161283
150290
287163
246838
149642
553729
148609
170141
117259
135031
170270
199981
208900
123670
134333
161253
137600
89885
248559
128843
114334
159037
173500
177060
153307
105276
155790
112523
234703
104401
142665
113088
114396
149842
138523
179695
135868
156078
322586
147695
185442
94176
158292
160808
112520
98696
116736
196731
174880
206209
186035
214514
304803
352644
345064
230952
139163
177693
123415
130676
148106
154445
175248
163333
121977
370065
204881
174313
327171
169418
175319
149478
197397
137344
134963
155438
170631
124413
160925
155683
102183
162856
271391
152492
117659
135415
165808
126608
120443
182466
244549
154383
144291
125782
181230
154200
129766
168622
121173
116272
213639
144961
166741
123839
173940
154367
168032
119075
144426
157954
160947
148946
188994
182652
176017
370622
273594
145472
129962
175981
193567
118613
139360
146604
113289
174777
106790
107989
116251
159567
183058
171995
285535
214106
216183
263605
142799
2021197
5266731
1158633
154257
184171
138538
166613
188091
194939
125080
182050
168149
192562
196334
199578
161332
164029
188483
121923
229947
184083
262608
172246
134288
122267
151039
151544
154105
653901
220027
169650
139270
126229
160881
205140
204142
135190
212484
158609
121175
141051
134265
117167
153416
145916
119619
93289
115372
156647
132766
109217
121205
218935
185053
121326
193849
115751
113044
172406
132817
116344
121817
132189
140628
109053
108415
96927
108479
131760
121668
301575
144148
103029
95884
138759
172230
122159
146519
122139
127223
137199
159091
118686
129373
110352
147654
124634
180897
171108
128317
181199
154457
140869
162573
145575
199309
105743
103672
95712
122388
135565
108663
180870
134982
143933
107606
150554
169274
113479
100666
166095
138803
122144
145028
148789
122060
129281
133994
114708
111893
93762
125405
177648
167597
159165
133211
116705
152512
108265
91810
101040
139877
140147
165391
146024
134277
107941
162997
179227
111450
124658
160982
107272
152442
138980
161363
195124
161077
226314
150634
172500
123084
120358
114036
134420
141690
138806
104684
113313
111309
117337
106132
113720
109976
136016
107275
103937
94997
122628
105350
124514
170332
145824
96815
110420
127266
173339
114990
328201
130643
130151
5310281
1444942
276691
112054
152761
107424
133207
98454
107069
103109
127685
117507
131031
102874
98810
224898
116466
127876
130840
111193
115892
245446
98884
173807
150278
128683
130575
102033
121586
119485
114761
107611
113635
121563
104600
112436
97095
129669
92735
126577
107390
146806
137879
447471
100704
128265
117963
164535
166358
97852
104816
155100
142351
105794
118336
107644
97100
114134
90678
97600
107948
105676
112561
97753
1267077
131109
139152
111855
111824
113041
109003
119696
130242
116479
140687
98216
148548
194595
108510
122671
101499
94280
112776
114597
100650
120831
135332
122342
108192
120796
109496
130305
122731
108631
126331
345879
95350
129441
105832
119215
1575952
147693
228323
224798
105664
191712
106350
152003
114935
394852
114094
125855
128952
141358
165875
174263
124501
135633
141367
108683
174069
141870
132152
379166
115585
158938
89619
102796
299554
862013
123911
120643
573073
127872
122085
624758
123242
103853
113397
233933
225811
119268
408981
150828
191586
174732
169254
202181
243012
102605
313985
150223
140056
363354
175909
366954
242018
186653
206287
210466
139971
147857
131013
182617
291984
113532
331900
111366
151073
161195
1061740
120634
120138
175623
148771
146241
165255
117456
135391
188816
894517
3691708
719839
124373
101890
164015
144226
184737
205503
206528
116380
228983
135476
125266
935932
129183
131548
174523
143200
150246
134487
160777
108082
115165
150180
1243452
111618
128214
113646
271833
158374
110803
103017
114741
145225
103196
114069
637176
100655
111803
115145
110104
126988
134932
137967
1010252
105862
168882
115449
133390
125510
108956
111673
153267
134698
84692
104906
103838
144213
127812
114397
98753
120778
133315
216651
122155
114797
120218
112735
130148
159092
128314
124082
145948
181360
122785
132640
143866
112929
115789
134309
128342
101246
131258
114880
129122
123807
185669
131820
132882
95739
203929
123784
233146
186389
148493
117723
131043
124946
130578
112786
134044
119100
147001
152668
109879
133547
106432
180540
129588
162565
124841
163681
110158
183321
128446
146683
100346
106271
132707
134181
147778
134893
281176
141196
146281
145587
102629
113500
118486
170258
141918
121309
160024
156183
151172
104254
181526
154148
118706
104958
105480
111252
146427
132089
107438
159396
105531
105529
127348
135168
141336
99800
142105
90772
106159
95474
107879
129070
118613
149507
104176
138955
136199
114380
143611
189368
125873
117710
128500
145677
148251
188388
128607
138745
156599
121348
206728
106821
2117296
4509642
511196
140921
116636
113807
112390
165117
123234
101844
175765
117976
126217
112473
204000
163316
138867
162804
218974
83957
114433
133878
178395
122579
127371
120351
174459
108185
107121
174307
114480
101562
99653
303284
155478
165745
113148
121408
81874
130558
149641
164471
113617
158537
125700
108413
167680
155455
183855
112465
132301
182528
149845
237605
126596
195485
168523
119516
121204
130384
119941
156509
146508
153442
173136
111536
110994
184960
155110
102551
135079
155518
204280
130123
126454
128218
102802
118431
138918
117988
141205
167992
144102
158543
161240
95610
211199
131692
103637
155914
154301
219597
179861
116900
161665
134674
130903
146794
121231
155861
164544
114070
254466
150259
176435
194098
204729
176071
199053
200168
118852
241994
277094
164593
167422
161943
274821
164879
316375
177671
273803
161265
173180
156709
154864
185605
158027
145145
229225
155070
342451
311466
178400
211308
160164
151689
186163
191794
220753
183914
310735
368059
284810
188521
187290
263540
270748
195060
234922
276225
147405
101538
218886
349247
275356
179516
188896
145540
146520
240813
141244
145243
221642
514584
286218
211162
179842
159774
151946
215980
173674
212307
169282
207837
154259
329291
323402
119493
195541
128671
1011091
860201
315847
291134
279020
140778
268386
307580
240269
417310
166924
263921
245077
174703
194446
165118
142215
170459
329551
175539
119685
146321
171248
119720
294223
211045
275858
131503
136386
168369
376720
275154
231135
124838
172884
275692
297880
206820
313969
119128
213098
221355
206619
147924
179229
114651
110101
163626
195145
208148
184967
139747
131362
341390
154773
507273
339993
221447
232625
388088
147840
138506
135880
246929
344892
239766
381979
200605
131326
166767
136694
225474
263695
259040
236634
447724
122602
155638
143424
228732
213006
138959
244184
183756
344149
309030
178520
248805
280163
382486
311134
421462
180935
452975
460459
343668
213043
135110
257156
276701
205457
440832
157407
252096
191093
268456
348847
476790
252421
353376
177339
664167
233485
225739
235251
726138
302939
295505
372385
175713
174830
161192
221482
178929
210053
174712
247285
370870
246524
314258
214361
153291
244632
287552
283884
208720
129477
212879
367790
154040
275955
133541
183310
178326
218739
286210
252168
140798
138846
193210
222881
264087
168736
727402
154235
146356
414478
388641
220198
234407
259220
206426
197325
181215
286476
242632
243345
228553
397212
179072
173366
226144
182177
369627
145358
234914
254874
189889
206916
243846
2090811
3690786
883959
169917
302852
156448
140615
392094
133587
119106
122112
119285
114922
175192
180101
149616
131602
128269
107812
123592
152812
142812
135552
183834
143268
128116
111790
82039
133706
142734
154184
107964
132965
172690
160968
178204
145553
153822
125314
165353
167674
278354
181186
224082
152287
289672
265550
180703
667982
224502
139099
450186
292549
169928
170503
180204
237046
444324
200345
126051
100381
221917
204792
218387
233487
214737
115306
174582
268799
297530
197664
952968
179429
306330
202081
125254
208610
403309
481590
107077
146962
343835
328643
300351
325982
134202
274542
183011
101210
196796
173978
276726
210233
152449
148860
139419
120040
173420
269873
217661
723359
290002
279747
179770
148490
183924
915288
237892
382283
253298
347165
145948
151714
236917
213025
141684
179287
133908
180587
220298
201952
148944
140591
300563
327776
138513
143119
183452
110111
142229
153876
127514
160073
187918
152721
279476
150690
306124
133752
176205
169906
187792
346771
187135
189348
162729
195907
3153476
170298
311530
205044
128453
133147
144617
197284
174367
152257
151457
182705
278904
208404
224220
209272
618830
168969
233424
189688
503907
155496
192062
223900
118440
167350
165760
438289
254887
151696
145552
281243
214241
218718
2927186
4539809
404295
491989
182986
207013
171122
97811
158221
168168
162740
231712
192987
119473
188627
133045
301529
225048
123712
126515
233076
102374
124210
209583
505872
177340
120375
123923
155501
155444
116137
117011
169368
277884
129128
171543
134565
195331
281304
172195
170292
268900
215688
117058
200252
644028
150954
235000
175465
168098
532274
136625
202251
195002
282030
134674
334712
179256
230235
181809
135451
321130
203285
95512
479343
177672
116537
206771
179679
341430
131433
138515
126721
122308
131750
134680
272514
188914
146185
277245
156828
200407
204613
244035
239493
152517
172342
167241
153039
183325
259540
213489
234720
203801
348048
299169
267311
112726
116404
131001
340998
192949
317909
204815
142184
124699
167588
187467
135254
163258
188667
206056
138458
174394
149052
282345
134715
117876
243930
214766
140809
175159
328709
493366
164101
146166
208749
173226
228933
178366
182650
145459
290651
155896
177364
165425
171704
297416
302069
250744
451502
282799
153965
158959
140532
183740
229477
146523
215321
234733
217265
451092
141546
215993
305342
144466
261829
145377
197923
165201
178918
224135
140477
117130
163807
185277
133700
146345
166716
108268
164704
144922
155211
102816
278115
187670
201919
147747
216989
115323
132953
157559
814819
4250954
1150981
123405
259919
237369
188623
169405
131793
161861
165813
166121
121936
133014
108592
120445
181882
289454
132843
136607
190913
160797
198789
190844
122930
395316
179643
416761
237217
278489
221481
149676
206287
190054
132010
128402
295945
136405
110486
152392
215405
153846
1087827
136403
299680
131041
140888
268866
180502
224860
128259
141807
169494
527250
194125
167754
147058
246208
136498
188702
213533
249289
155458
124754
197492
141860
158101
542173
129810
205063
141405
267167
127492
127377
182586
154532
183849
142347
96558
134644
222843
164961
197172
863134
139878
278006
132087
125463
172107
283057
160620
158016
240129
368152
273009
268316
239919
259268
276988
143579
171067
151190
140868
147643
260194
187310
183068
163071
164181
174389
115916
205652
148250
209597
116546
230300
137969
161078
163655
118148
102933
128639
152290
183600
377381
382935
152758
138228
159898
182408
129062
154919
137034
183188
188718
134764
135605
152597
118054
182613
141006
272175
705242
576245
234736
175082
124212
179862
188082
281015
124832
90985
107145
154398
212377
188290
391422
148812
141820
133359
213176
112356
144051
99338
134112
126173
153002
118247
118834
104290
111952
240388
294645
94379
142060
100969
213192
162841
114836
212322
382190
8416731
4359396
783787
201098
136687
162435
175710
213969
189842
161728
122313
108034
135600
116986
141751
109673
342785
109129
115179
211253
165550
122619
163828
372557
138306
110855
104387
107171
125883
134075
281015
376541
128512
338052
138076
119754
324172
271218
176574
85495
307269
101462
351307
117839
157734
412046
219762
112478
104583
109473
106459
206491
304643
114246
140356
155856
103976
107450
154116
123682
134963
100106
105305
131035
105710
91602
135985
228348
100389
105456
106245
173091
112035
89442
114932
202221
97638
99566
134283
112732
108894
144388
100211
99277
145870
130186
109998
115108
104432
100799
161311
129217
100308
128471
96632
130546
342345
237778
172972
95837
159368
114041
111972
156087
111119
157309
144855
113282
122518
107708
131074
135931
125204
117577
265616
110053
115046
149628
102163
112885
117345
112344
110196
121704
158016
144380
115572
293751
100915
236002
141338
144884
107159
418795
399560
214054
108223
105263
109699
137664
155494
106694
129879
105391
115557
158015
102558
162328
157253
249942
351721
324577
113794
271521
148683
118815
117380
172875
110029
125632
172471
181431
121631
195697
259642
333543
195451
202249
184480
247380
196959
145975
269022
381002
178611
109293
92880
122205
117299
128767
3184089
199337
203370
201964
152586
226583
114472
255545
103467
122943
108873
119479
120134
121830
113112
242516
102212
139600
104489
123058
146143
190637
644961
132777
102219
150243
184413
240844
340907
112430
101365
99212
101141
216111
99657
111151
85987
133329
113919
120157
288701
159128
235348
143472
286681
139122
200925
110374
122633
165549
451628
91793
128303
102924
93860
169518
115845
205058
140355
117461
1074272
390199
265338
135050
242082
158490
305673
212810
209581
140549
236238
154435
147333
159738
113474
134844
197567
197876
139787
261153
201555
986523
173487
231663
90997
167154
169732
182669
183893
272742
212255
132017
133589
146478
162861
137415
194041
317998
116503
136696
130461
189273
116447
112852
174349
119994
315914
147532
94742
182386
161706
206983
172648
156057
134861
169168
229536
202305
106499
105565
104655
119701
191863
145851
160239
132281
149197
164209
205898
133324
96692
140543
145516
112092
162945
153552
113169
100458
106899
257783
136988
98263
113681
130881
131458
118966
199406
133335
182362
139105
158640
127678
148164
173940
110611
112270
206281
133314
161977
167899
527222
185220
148333
128894
198391
215572
112336
169697
133741
170708
131090
234654
125290
141325
149862
457329
207983
175615
173653
162469
7048565
2964242
177807
114591
202597
203777
101505
160176
100477
124794
157828
120145
126281
112634
96059
120940
93223
127899
259862
84714
146451
127804
127401
162433
83241
147940
124263
145337
122076
116060
119661
206097
109156
113223
107562
96972
167871
390327
119099
146773
228616
130463
102018
124163
117045
133509
298134
167781
180674
272148
167608
105891
108609
145458
212833
169718
95528
265437
108365
101287
272581
105187
132458
100861
172266
146224
134288
120788
102437
144854
137290
145925
112842
97767
202705
91764
95493
105178
87490
121184
121232
138012
208925
119025
152193
107566
111534
174621
117256
151791
106958
141687
152113
99122
194690
113476
118429
165981
103334
79424
114773
94182
125581
125574
181543
126543
99422
165246
95350
135537
87443
105837
128038
176682
180424
182861
110478
210203
123666
965556
163470
221503
164912
122805
128935
156250
126381
371123
207453
106554
166681
441746
291217
271130
327665
119199
298644
156527
178786
120880
146229
303530
121730
116332
183671
101371
106357
226791
108914
140519
129699
92144
173725
99064
103508
107149
428902
130718
157156
174655
341686
249674
216642
177120
235018
399314
355048
217542
134959
161198
238737
152385
179080
163463
125717
106721
122051
151619
178642
94350
4699583
783458
149440
143245
141285
118799
163209
170398
248531
198724
199663
135029
123120
133600
519907
239240
209601
161418
146953
137936
274922
152114
310784
207753
136647
129083
180614
114611
149706
99840
169096
220715
118962
114803
166659
114915
190847
185126
119371
186194
265698
117125
145627
109895
121170
117428
95294
115106
104727
100039
132946
342626
101828
106474
121508
156882
125712
287392
197372
2104269
188183
116627
245887
112678
115674
127613
205365
182645
237814
179692
264584
140364
130604
124141
194172
157813
171734
133175
189148
105684
141297
112080
182153
262190
143682
161488
258412
144359
227679
316351
135119
201438
296864
110359
123162
120393
158441
108288
113122
131013
165297
171931
137092
172516
188149
144857
160051
211080
140377
132615
130475
112385
216488
98159
129240
107906
150176
173217
161164
101957
187109
273143
321146
123226
155696
126273
149112
151612
172633
160380
120303
128916
399927
123489
121708
125793
167706
115510
154524
196812
103091
177732
123228
93553
202910
115750
139235
112286
363675
182758
159116
220124
113796
152780
113290
148523
140367
124868
99277
148610
170199
155038
142398
121951
134400
161171
108100
110304
103700
103671
187998
235844
126451
103269
199079
151034
175793
113454
145101
188794
138361
4365722
302513
116941
137351
127833
134081
318439
169131
184495
140780
145503
324958
274071
103782
104102
152485
172126
110062
133499
196171
115480
120406
150661
130283
156876
141787
175058
205940
533056
145920
131625
151090
148224
154542
187686
318463
143173
250624
170717
554202
146292
131879
105119
138859
151799
179835
238911
214155
159001
153936
122384
128186
139464
153980
187013
219882
100695
168645
113748
193481
134311
227744
131926
113908
206929
235343
110989
160302
151720
152126
1776149
178444
154466
270892
158822
322166
123019
226255
168158
324632
224001
145901
192755
499909
156955
189799
218541
181697
201124
340932
191709
183620
173923
333593
164902
220009
226835
184837
134733
166690
179601
108165
198103
131057
153367
215683
208356
169367
442980
201899
166995
237989
149219
152382
143321
139636
90099
117753
368800
566434
302672
214154
314072
195876
136276
145421
161233
341681
134002
145331
152232
332876
146404
177447
202993
187091
113286
131382
127266
134443
123417
124437
142691
140249
107256
132666
127566
235559
179466
313123
222738
198066
97552
129539
145713
123039
92026
205926
270688
466301
234027
229126
79846
148995
305417
123341
206023
152874
133826
117885
116248
204278
92440
102800
100671
180924
143228
261386
108392
280070
16046415
11927958
7873021
3733032
1261876
122474
173989
194060
166593
200898
169187
111631
215203
112483
116850
174592
140980
116310
206492
216958
269978
201178
152317
123378
201062
151749
129537
123513
126606
115882
119804
184197
171861
93977
238436
163717
108681
160473
118302
190976
183625
175750
308696
183491
140182
153355
237861
109061
172094
119768
144037
119600
151128
201978
173060
196576
137964
114587
536452
117541
161099
115293
208556
163433
139171
96260
129320
162953
109553
150258
196371
140592
93101
149806
129851
119842
136552
119389
148774
98637
145826
215142
105106
120017
161571
155764
118602
113516
134190
155491
116733
363700
161230
126462
176569
98023
152970
152477
140727
118475
133600
252175
153979
96510
225663
147082
111093
117020
158412
126773
231479
326270
306648
215145
183725
169275
137919
537633
167476
157973
172938
108165
110513
117703
154146
125368
345452
197521
219628
146239
151564
230923
377594
167797
99200
363635
189421
154178
134182
137700
175579
213703
162299
509097
480328
165915
156258
261615
159997
208035
133413
245919
226184
139787
193326
340189
128915
111504
217985
141115
100389
177865
144404
220374
109886
132736
210549
116516
113251
140562
166653
145111
140300
144410
161942
118134
260636
168849
111972
130077
261319
7601651
3845691
1436311
494114
153358
110293
206384
86002
118889
101776
253854
147717
314232
369600
176358
169949
196107
193053
134250
336334
179536
119527
177045
181003
106806
243597
182719
238707
114021
173412
263592
130086
143426
234656
123651
97276
129093
275786
234578
187005
186840
127197
161062
142170
146458
286626
249561
165364
225822
124307
125933
167761
117047
159205
174777
261862
230024
123921
248545
230875
627390
216068
137947
286502
182038
221388
183816
184253
173527
249149
305648
175374
191632
247012
182597
256443
104833
281999
236086
368300
271280
808499
194911
310807
87776
158119
241640
166375
139223
233383
175488
188991
174544
288155
427903
103470
145504
170932
135072
107029
220355
123805
238532
135925
998532
111653
172257
165738
147172
192329
149927
421050
157411
132058
201200
128486
142525
122658
154586
127839
163514
181709
114386
152973
167375
103390
175001
331329
260135
172247
152320
461712
92338
154507
112870
158852
165170
174630
115308
127248
185109
139782
109033
223572
157916
145490
153736
131373
156130
146320
149051
105714
152192
135347
124215
467483
160888
100828
167674
166011
169373
118654
141859
109141
370370
596369
110458
167694
165884
135551
163992
173530
289905
229105
135085
292610
305108
205982
170415
187953
231837
914111
4854136
725847
121770
135234
147901
148298
376923
240825
143988
161402
181679
164727
150469
144480
336224
234303
103676
218692
188098
110904
131190
150931
446117
159393
181447
232271
108727
238532
149906
147679
142716
368970
176841
160102
154157
236766
111045
147274
388231
112161
203222
132149
172758
121066
110521
130016
100534
136566
126688
181865
331115
484428
163202
112549
573111
169046
219758
169239
171351
113652
155678
145937
113283
93167
113577
122868
126171
166141
173669
140991
100512
135956
112696
103409
120051
101424
119915
109590
83407
124176
164776
143241
103692
109936
156572
145081
333917
183671
176384
166292
236195
168170
120471
238682
165777
137475
155660
251944
199027
146063
199183
98875
126190
111780
142306
133274
236237
100681
134269
221296
138221
101548
151955
94426
137196
239372
120824
201142
154203
107581
158557
188535
113455
173373
234542
180504
141112
168272
225951
232109
158593
149773
217986
139163
141090
143870
83768
127514
240201
135461
122617
95290
139191
143861
167662
110776
76502
137571
124548
176833
131340
170252
127405
122025
156899
109182
144604
148211
177746
126161
154966
109705
143938
186607
187364
161314
118246
103032
150896
160422
99672
147791
128169
138286
363953
865597
92414
235246
154171
179592
216063
330992
4748467
2714784
134321
164924
155094
197209
219654
134079
109647
168838
210970
149699
121912
225940
318785
169608
212928
112303
366511
83532
141371
204964
127776
161195
134116
105014
149304
205811
133304
105292
118280
296527
237163
519093
116940
328667
125538
255324
131251
189628
134197
125940
147910
398011
141693
159652
177590
224809
175574
162644
318759
178125
447045
219403
312224
140253
218247
176782
282468
719518
213614
292975
1186717
158803
179259
250555
245707
299351
193957
160009
152189
137503
168444
138589
334946
216971
222647
222476
207960
1202800
176482
247060
159924
141644
324453
113156
420752
140170
138668
128813
156589
400980
162899
383993
252804
306439
117699
199231
250894
104307
137079
202814
547186
253511
232752
370026
192464
114281
237008
203554
182080
151863
1184185
242084
217311
147342
128055
139591
128247
168234
244473
260411
176801
284522
213363
111082
101465
159208
212967
212679
170300
248999
343995
197798
824687
105298
295863
298304
942074
159894
114792
96925
137214
118814
114126
134974
116595
271593
128703
128485
78347
837762
192473
171673
94612
104121
124024
127593
182138
107096
141405
163158
291506
454598
231793
1443887
337724
124793
104291
336680
166617
154216
315551
164004
141838
122586
216558
221359
203882
190078
239212
2625305
4792018
754639
145655
171143
138061
213850
361283
175881
314561
170453
205734
136696
489279
392927
193050
281632
286231
346971
113587
185959
207043
127940
163428
219230
143290
177935
221016
164584
166373
166932
220273
336790
286015
145369
223456
122060
118046
281573
246897
126803
99819
121585
594618
137428
128903
103053
117845
130369
222689
250466
208853
149181
293169
184631
160203
113608
125813
98642
126429
240054
107214
452775
99041
113931
112886
110250
168525
104936
121773
105256
103125
351001
117627
195898
146700
202455
198002
214584
341056
164226
100098
135680
199912
134519
253394
166799
121359
124226
120944
126515
120010
179765
158782
114306
156440
268559
158946
140911
121163
137088
104112
219216
307438
93414
106765
117808
357902
99508
103411
142984
106799
195134
120705
195340
108080
113944
83887
122570
188560
119271
80356
81958
119577
134588
99547
97971
111176
129375
125920
141031
110281
118285
197202
114097
144202
139890
368121
110966
148827
111662
133830
139324
110870
128848
117503
137049
177900
194895
103064
432341
158037
115188
110804
110569
121684
252959
155092
263329
138946
142041
158138
170702
159376
184932
222010
95689
95681
143321
190352
203662
290015
115114
129263
116602
137590
113491
136860
148966
153758
243967
229544
8302042
4431684
1544793
154540
199905
208796
133444
131931
177920
219461
148344
437558
155058
111446
236538
203304
275542
109613
150293
166699
199941
166421
248701
162838
300409
291793
118820
238281
154923
177275
130654
405523
115650
123932
120701
149041
208862
243779
239034
261993
649654
113508
136998
131488
249333
527182
90486
189306
138087
245366
169514
223809
104841
241082
68097
81181
281905
209302
251607
101587
614226
227222
192665
160593
193549
165491
271206
301838
145321
138865
178291
185686
615125
179132
141573
156610
128836
444347
157961
228625
331355
105381
355233
192642
118823
108313
112528
156177
99324
112040
167384
149295
180897
190294
118396
129371
173353
118186
93314
105907
124619
158347
150830
134367
126761
152405
292312
273358
399937
270830
184031
127366
215356
234202
253782
114240
113391
201473
188711
180156
188438
115066
137901
103535
299191
321252
181287
149973
240067
136357
203096
104002
224682
535751
185358
163671
111385
174644
142221
159258
121439
151709
113641
81223
178640
203261
218207
690140
196205
265540
225430
197268
354821
315487
623487
130625
106535
141066
163571
137482
96031
101110
170237
128836
419589
255484
179940
217014
282383
364124
219128
199643
202414
344512
130217
140731
124145
154565
554108
156935
652389
117701
2010125
3559154
975118
120535
187185
187967
231575
118747
133372
167275
150528
302314
157423
202504
155874
136196
110101
145030
129468
128789
128026
305931
137554
205116
107744
228681
97068
282868
173570
104005
162021
190902
404200
345400
182214
175975
109738
413393
153446
191435
147655
119749
371206
149180
175477
198804
223189
216041
131539
137722
154076
156846
153291
165888
134672
173325
107106
111793
164765
105268
172284
263241
291452
269935
121889
168404
98746
127000
135684
133704
111317
534959
124810
154469
196915
151455
133674
121920
105141
117358
137936
156919
146608
163050
122656
244592
114650
1311677
103088
255029
119958
164178
273442
172903
163234
157780
156709
192151
317087
171525
270641
163770
229732
150407
311236
605354
399489
254241
215468
186136
202407
369530
364946
473408
379148
213496
166704
213334
192159
134747
114310
205430
122876
133767
388202
173732
160853
206905
1774620
169728
155401
97721
139396
139581
199182
146302
408894
116478
195266
122576
175148
103526
107861
387159
188088
178027
152680
125333
131506
208237
763344
102367
161131
162955
121822
131776
186424
353085
127036
124465
249209
173834
152633
208040
283180
135709
265591
893855
183476
478988
188668
145061
152664
131137
102134
127073
113291
154998
112425
565495
128576
273905
9242819
5160141
973247
142518
136057
267899
128994
115655
150091
160732
116950
101069
240895
384746
219780
158590
167513
188702
727944
244262
197797
185293
277937
407053
241836
335401
192302
139646
135771
109521
253876
130976
109351
133611
141398
401619
150564
159149
99292
355649
107492
115132
133538
153528
210260
150341
359266
227980
341791
153294
166753
256823
133186
249046
154236
160445
314235
944364
138684
328476
199272
181706
214621
142395
306259
123276
231192
119197
242885
212672
129567
169963
156258
125492
100440
118866
305135
131507
123286
206593
194351
107874
469327
138190
166197
318177
123492
199205
109681
303801
130260
125768
162296
166019
204205
122134
191741
212330
166392
126467
157776
126329
195567
148253
162383
109300
217851
122758
125173
97169
111422
97415
138193
109254
106517
109455
126084
131697
219812
110117
181892
238809
366768
121188
145860
310220
144385
116253
115214
127947
359298
128925
94319
101992
166957
296566
142386
299932
154422
125338
226090
405045
125931
202926
159451
116659
410261
175991
137079
139757
844339
180836
197417
97863
108275
102976
112740
138501
201576
83753
167401
202941
82790
200892
145110
266642
113593
127689
140442
164615
228268
137028
126412
166551
234993
230660
146046
167754
323388
104160
132917
133436
8154078
4212052
2362756
222972
269169
229969
116814
199364
214669
194955
121379
223310
502176
190215
146553
149696
117387
183259
185228
141519
183147
648314
113420
205875
111023
133364
121495
330529
166039
173318
189166
613444
113437
161001
264758
113280
223983
169514
134377
159866
101573
178874
173135
132752
377169
166539
209941
205256
181514
118026
148194
136039
134598
167817
146340
139453
179346
109427
153593
107154
204254
178399
257768
426189
187049
118456
125585
143942
124613
153315
136610
246484
120147
147504
133645
96709
157569
110708
130796
151852
125638
106023
177095
211963
164627
285869
166887
183029
108553
149038
180305
186856
991695
160080
132993
115051
184324
286576
108926
181664
118734
221627
128515
134794
133570
137697
382630
217070
112638
128960
232360
152214
104416
136085
301651
295337
169256
150847
155174
118766
455960
236406
104967
140167
152647
245697
141234
161504
583819
219394
165916
265694
142695
142823
219859
130967
145008
135682
256023
200319
137712
142872
136294
201938
116608
156844
158889
114263
182912
175003
197004
158467
102594
199767
274715
130135
161311
144839
273925
153585
169466
280753
171559
274261
171413
234735
121016
205931
129279
116709
118904
122034
109495
167891
193155
245990
250369
106418
104893
165821
169903
8635404
5815462
1951454
307020
214547
215659
154430
206456
231785
138104
133082
219373
113168
116020
160222
101922
168209
124734
169915
124326
176690
156684
184542
195258
173684
174751
204741
129718
153795
286999
234158
966223
346016
301190
311131
201849
474884
136591
185970
212611
425765
147812
185979
189287
160880
157203
184996
157529
171493
136111
103977
133538
126544
147347
200513
170568
136090
190582
180965
224274
189438
117415
132779
169034
192650
87434
157189
125907
216314
197980
161714
142831
150820
153152
165667
266029
206369
154761
149409
241866
111138
287169
97705
116076
162760
131411
108002
121110
163517
136326
148362
206215
124673
175627
134581
150436
163323
172494
136536
88218
156321
1264640
127180
142297
234924
443345
140217
159703
94202
157683
116980
102183
137892
141604
185755
163628
128613
146124
382583
154396
105882
126089
90051
98871
176776
105477
95952
161676
132280
119859
141908
223713
98343
118045
87216
101702
122623
185424
152447
107234
104874
132050
157260
161000
148112
169164
94135
120722
179794
96732
165507
185422
100088
160430
133437
120365
154797
155665
190529
121336
117855
184967
202635
331009
194698
111623
122934
312539
220187
150875
221969
169305
126780
204046
112380
125238
207812
138759
202716
130119
153660
187617
125969
5066937
1527546
187884
420870
116399
158951
173614
124185
157906
149212
263648
129408
125369
116235
285995
216673
510195
159617
135587
223075
115283
245342
122023
109912
114473
127974
116815
97061
127167
243250
248204
1141423
132627
127680
239728
279057
484150
285014
391876
327422
219620
898936
326723
123022
212039
413187
173773
315695
162775
193385
149304
155180
133872
188605
205791
167121
160924
103078
133753
151337
219377
149099
192965
118517
202525
272556
201260
153068
151085
299371
207069
203995
191589
383974
130733
105244
135885
168507
211555
160254
103971
169698
175871
201917
210297
129030
211400
142197
145430
111310
86785
125404
147286
116977
155805
113030
92806
155048
144407
102439
135630
203413
259134
204145
152968
150902
197751
217155
368674
192850
159827
447013
183784
87990
226365
225252
213637
145848
198534
196528
213356
218403
97196
347582
166896
123944
106759
98310
148177
387332
235593
181369
139001
152024
125380
147461
106371
100256
155846
150414
233069
117265
89486
144959
175267
71663
133842
195463
158778
129866
186144
510580
164896
157958
489256
117792
211657
115069
1054047
225624
221462
146247
517012
116263
111577
111921
96617
516497
129994
90761
127996
112173
92962
129370
110693
173450
132914
172306
114323
94374
153362
112781
4565008
489470
172217
1443006
110046
137479
237071
140849
96861
344021
108622
134713
400455
115725
113197
104506
122474
129239
105263
88619
143513
86312
152833
136879
118706
150061
132847
104434
158808
176178
141516
452062
99213
148335
148144
127345
265867
117912
260357
108634
593087
179394
151670
140437
94495
78592
106798
99714
123581
236291
99896
106168
112873
202434
122855
143559
106177
123686
115683
144791
1248525
137968
107087
178356
290188
363692
80597
129689
280659
118301
440753
135812
117529
107676
109864
211210
332306
212481
184777
389572
98804
243916
324498
118299
276167
307087
109768
223916
322605
238041
411992
198975
120697
149188
314509
195478
997699
145311
1516179
203789
563331
159954
283810
159948
154289
94673
101938
284203
199575
186914
422805
206591
691842
174802
115341
601398
541459
577115
479257
195582
179081
206531
139356
300656
162195
148823
209476
170470
152503
287207
191186
174684
114201
164974
121543
141790
182582
190072
169330
113594
167017
143365
634580
101472
149097
189988
108323
145680
140804
201398
315102
171892
140979
109512
136732
184209
187472
151122
125022
113165
210636
144093
151753
104866
127254
328654
146207
105228
151534
763960
390025
162313
173291
201344
897052
178993
292377
106932
71939
122021
99988
197706
2866439
533363
1825365
192940
210250
95187
150490
121544
141674
157671
84443
113272
134726
135793
199274
166269
218017
161470
183778
84864
649412
99269
351440
191934
194762
232820
205452
197338
125318
134156
105622
93693
161366
112011
388228
192187
353635
126021
168896
174509
110040
101718
95691
131245
239004
357083
260956
160963
107141
108834
177871
171600
122882
196029
166876
180372
114666
200925
92385
141177
127594
111346
358911
203648
312578
108871
133534
187667
122182
146453
211113
347485
140848
179508
155917
105031
122823
154696
116755
186530
134648
134316
138126
260781
133847
151866
182962
100181
111556
126821
109559
119293
103942
138004
176368
234916
125923
281035
320280
158138
130326
158285
104209
147987
135584
135060
162161
266033
189312
220240
116127
86300
137770
113695
390901
118147
145001
221587
315139
108071
137454
177322
311940
109795
164192
129996
138038
299953
100014
129145
183259
327828
199163
147249
371442
284377
189572
300902
144237
335106
356326
151841
211185
245163
163921
100974
254672
170885
136857
102516
175395
266298
124544
128110
305847
117705
95036
117364
134285
279236
119458
96875
527894
89588
189860
173656
306642
94071
176339
183460
159838
143776
174622
252647
143880
170766
162956
116399
163694
191309
121925
108074
130569
166412
223239
4582474
511973
128861
139602
565900
141415
163656
537350
279749
161784
263196
107314
97141
137439
191251
187378
181384
125297
155797
128494
308938
184508
160207
334031
149923
208101
419382
142280
496008
267318
128111
224891
413307
318829
153789
308960
138023
152612
212207
143357
370607
226316
184716
138614
151853
155241
223141
278788
194409
617459
134969
401532
153351
154546
250551
179419
314061
224382
174071
95131
136834
138026
240204
407096
132804
143156
187313
153035
136382
201341
124712
305597
368499
159968
159939
147792
384120
240542
168256
308931
159482
206763
442292
272746
236627
152917
176675
185127
378142
747163
144742
164956
244294
126443
242359
270620
160266
166269
230476
155989
216120
278278
167900
219099
194216
160581
140664
169060
259763
142201
255367
247113
234748
313220
201986
159047
161828
135513
179220
131050
241460
587977
251384
234791
146733
604747
145046
171100
192742
732311
235521
195101
201677
109272
252681
200714
174306
425515
136314
305780
104496
151891
148916
240285
147524
166409
113135
123103
235912
212991
197806
238780
167008
1115705
291389
178101
193786
128372
159840
165745
194962
305229
116997
162676
194370
120426
111748
160469
205234
154988
314056
127465
204346
218249
135414
194560
178272
225663
223583
124201
298641
2444530
4676645
871772
428537
164013
280883
173765
141395
132485
156850
90626
215786
108051
156472
154622
112738
125173
203620
195947
139166
191831
452744
126486
202076
215957
109656
162835
172642
297605
163457
249158
225733
184223
150457
103230
233791
147279
296190
366952
269803
134272
277061
234806
93966
129688
167141
239264
210278
238454
474665
196106
167038
182001
201816
155871
199629
376038
142119
196924
110888
188256
133420
332579
101690
119439
232852
181266
138870
139136
120938
404269
157671
151066
151048
138938
88613
214594
294431
119953
342097
377737
371837
95221
303265
256950
214478
195926
147522
167337
113952
195356
165686
162650
158227
101791
159253
186864
185918
135627
208627
273156
139287
171775
146199
291873
235144
99906
112368
145342
166034
117639
153865
135137
151239
150137
120019
215104
211913
247209
134495
192557
184451
79389
122443
247468
271360
214106
109268
277659
183509
171599
112548
203914
94674
175720
156514
133618
141823
220374
183237
131405
111077
141646
109330
137800
184347
134334
186313
163544
348260
319582
114696
164944
113976
262067
103999
150975
109350
115902
132670
281702
150861
183663
276153
110018
110054
159238
182258
215655
104235
231404
124890
126634
223482
145375
147437
142931
127947
107737
189728
154632
147406
185692
5883588
1684016
171781
112591
195256
204709
116685
290073
254325
167154
300814
136556
1818077
310968
216559
208261
166669
253269
145823
215482
273151
205130
200753
138949
140518
155492
138417
248963
137437
163037
330225
315189
220170
221136
347687
243915
146344
232059
351923
166042
594612
105844
170067
159761
136289
145813
83186
232433
563883
108734
86416
111860
326700
185772
104468
381859
132803
101480
130070
178839
150178
154304
431998
186529
147393
255878
114311
129221
219728
302699
226978
316347
308533
155910
202277
109989
200926
200199
392261
143245
310139
179779
149926
227454
162889
96170
120392
131241
114343
129135
112012
189828
376151
167730
131264
132002
192189
158710
146814
198432
138336
90646
146494
103714
481822
364637
112735
194492
163460
1306108
305968
294900
180101
191390
131905
91541
297149
177302
195379
108554
146636
213387
147841
123063
146742
449269
275287
123450
131458
200370
122083
144470
260454
135512
132861
283019
148514
221346
179820
198651
166632
275789
268814
217020
151163
191165
269920
171275
275545
143434
215841
127678
150865
133915
122105
131728
129601
251250
185642
189288
203588
157535
316704
346181
243853
199009
146192
204653
190298
116344
178573
183900
235826
191135
133855
197972
161987
179278
130886
366849
139443
117960
143747
6299034
2541570
136177
182613
215715
259465
353293
97434
293117
393328
130513
213608
169353
122125
208756
137926
182726
130516
124095
143393
142810
569174
108283
199887
143109
324996
190664
207297
183990
146111
192658
210933
121981
519308
170483
129194
161636
593096
185265
207071
192411
129233
290965
163434
139687
158412
246736
204482
189836
122378
138112
158716
106443
220645
91522
155298
118774
121703
213638
226721
190468
225244
134730
160086
142474
369914
111903
131448
96924
124678
115337
115126
116808
153265
149332
197230
224659
161061
178924
154122
125438
151882
264247
234007
119377
289001
157303
139389
223440
149803
161845
125165
132581
115505
158274
221789
168075
146855
112781
151874
175579
138547
289194
103320
108505
111704
191598
149043
129158
117969
219277
111054
274609
104118
298425
230886
214372
200592
247467
131643
168320
1287307
128547
93851
168774
155261
155899
157114
250908
71514
194920
194856
148912
114582
104179
100032
181203
234136
177979
144573
223888
818662
114767
170079
183648
144221
127642
168286
212778
145732
192742
134436
187881
92872
146314
147822
210276
134417
138583
114369
175003
114926
94109
108074
122768
147500
172199
112254
107695
162650
182823
165232
176712
174772
176834
160623
196018
178319
155498
90195
243719
285615
4858515
1191633
343512
260436
332861
139177
145552
386654
109494
152335
148970
119996
179564
117086
323645
114681
196295
119154
130577
238001
267740
108484
189813
177065
199079
459575
409067
138821
151263
198398
303600
203745
256228
1490815
258644
143605
137363
119926
470166
234256
190714
149253
147698
124230
158419
173413
145796
117584
148331
126781
103953
88006
137941
136102
134571
125761
157270
149824
218237
172075
174781
158283
192464
99357
208101
169269
977206
209990
228104
137721
238436
157076
131784
181881
201632
262186
271983
159203
96621
506522
271333
240643
145392
170654
120344
234301
177356
147307
153948
145927
140768
176387
116946
123918
132666
148226
181308
182626
142056
156893
230772
173154
139397
141340
159164
280748
156346
210366
252926
179409
215634
242280
100078
187322
123568
1591400
112027
122420
109285
165704
163255
158611
129773
158235
165991
125580
274587
148803
235053
233442
133410
145082
120533
107626
193990
176917
142161
156130
89887
195408
118628
157894
79077
122805
115495
157108
170839
121539
130568
138079
175821
105336
142967
83712
124456
147119
147096
122707
117214
115364
149909
90803
118141
128800
127851
108102
104522
127584
192035
120707
147517
165295
215253
202985
143978
299360
305576
132189
153893
162215
91997
141049
5169586
1093620
106140
161630
204149
81699
91676
320335
115816
197364
174602
357569
125977
234116
756854
177002
140075
1332831
153721
303570
114175
247923
175801
186638
143762
116675
126947
229336
201176
146600
109063
70296
87583
165667
173673
126081
120961
142587
72917
161518
131854
134344
110471
147114
99674
119998
96828
164734
128037
159495
138495
1005305
210026
272040
143535
182553
143948
298116
167761
144800
124088
99099
162930
142357
179726
155356
301649
252864
181250
239241
255459
184906
309232
121839
205367
214443
171437
203543
148365
152578
180825
139881
178443
172950
227308
170849
139690
194692
167154
140802
156848
163668
152132
258746
153811
143098
165675
225378
121837
114396
107844
300108
127960
208818
202115
136074
184248
755265
616093
114669
272405
466536
150029
435526
121575
203736
703824
107201
201880
106657
204766
337434
141262
396845
336315
147797
167859
191406
271163
1297997
211205
162238
143295
307910
173077
152984
280306
749101
161524
145904
324115
194276
335119
412718
167867
150288
174898
206855
195700
265467
126804
198534
329924
204019
159945
187284
188929
186564
280383
164169
418093
392002
173750
153810
128543
270715
240301
137026
138755
189686
144886
219304
121182
270077
214343
217757
106726
168755
171872
175191
204493
200996
4838014
761644
216205
181551
175306
131128
154213
213548
214801
216872
138392
169681
215916
204844
371264
179682
199920
220507
184531
242353
146518
127860
158568
150470
346344
149137
242428
206293
213103
277019
189868
153385
128806
153005
154659
220253
139421
138636
166761
153625
150502
245260
131952
146366
131720
159596
163559
154376
95390
169529
146530
172611
285873
210700
267643
232968
166184
207392
160409
121500
177500
113117
180432
133356
324756
125949
203756
381722
372445
325796
122655
124961
122865
172809
105871
127382
264820
274711
296451
155322
398928
111746
123055
254949
201632
173193
147087
174209
112447
357145
152067
303505
191903
107148
138041
94379
207675
113993
195849
134521
139987
156782
139970
147851
204741
146678
325145
231628
275044
249292
240361
117692
142388
144787
162191
111825
180738
119679
226506
130159
208114
206701
171062
256017
134924
157626
103205
146127
118625
169502
207896
286933
115125
130414
209468
159054
100578
184829
211200
96248
197738
143109
154261
186788
204927
267261
184367
288679
209171
305369
130945
196509
216660
143666
200197
129955
112695
261735
115548
201147
217900
93818
98686
167785
173836
294500
126408
150164
146314
423943
230630
372384
115369
149220
123208
148364
142243
114854
149290
283552
106604
125696
5233967
1172191
143620
98177
144027
172658
121779
138498
106525
94450
222588
125735
185982
143743
390116
285110
111150
147444
237068
448194
246357
546297
107791
287290
299195
149599
122985
196847
162568
102709
122774
153926
157316
185296
107663
123916
112716
94527
120545
296691
120315
283142
411489
115302
124394
111570
197629
140985
96013
1775073
148363
466854
156383
183252
600860
870935
193754
109739
248863
216246
254962
216755
198213
192248
423130
197892
207888
236598
201437
129132
209796
304972
145408
196461
174435
135504
256445
197818
143138
148334
168423
184124
314255
191982
161590
257675
221140
420410
127597
193845
593559
222242
117413
138273
134253
123806
111035
209544
184643
184075
119857
498953
100960
177892
393523
274563
184554
164432
259889
166889
165502
434109
512321
209775
157088
136739
236558
191280
164520
224432
214998
230450
216681
223720
199257
616907
319654
313213
170662
203580
186510
239862
286410
471101
155543
187473
119384
153677
292511
152474
177550
137530
288259
158252
132589
140054
153004
143275
450289
522071
1176796
187434
227021
218629
172705
279412
321192
174073
99949
296585
179921
193318
158120
162005
161334
115434
226114
502076
263515
306391
422056
441678
287466
177198
272983
135631
189478
110178
249688
225961
300096
179365
225868
5275991
1122006
191255
110640
126601
122940
163874
166173
183745
140975
113150
210782
223908
149749
107419
127886
230822
111245
189396
225801
164524
132476
129469
165356
202103
270490
180667
205671
178602
257139
262215
127705
158988
167204
152777
136684
182848
204314
188269
132490
187192
216008
203292
217911
150795
127101
156972
146067
168266
1050051
147710
154843
159378
144537
310154
748552
149056
122502
151693
178449
339350
166714
311704
177111
183250
175361
156963
150880
199361
144650
125136
191654
203556
150518
240823
198100
136220
161103
83287
145044
179863
115197
152762
135311
151067
122562
194990
179187
151933
107421
196491
258234
210218
247549
140783
215858
137859
116947
162102
154444
192370
213298
154385
176578
114888
282817
132560
422416
129942
137956
214711
146527
318783
298682
207811
246354
188263
318694
306741
254873
255923
280544
155532
216557
217567
200597
158277
117759
181108
112302
119764
173790
157020
119740
167342
120300
174728
126226
126607
216479
154124
206468
118607
112772
175256
203366
142739
178217
335629
196713
168439
290529
219178
161260
162603
183718
107380
131663
160633
212085
180201
197800
180497
166242
168259
166887
147469
188962
129670
144461
257127
624319
256764
131803
133950
178972
205100
263258
197897
160857
226733
201527
627237
5370701
1346637
143128
160616
176934
245992
214926
132682
251442
175360
144009
172369
173312
167300
122730
106161
243929
132798
203919
121126
531162
115726
122582
143954
232129
196675
134795
134042
170573
91687
132337
124867
181104
158974
177792
223496
93852
160929
129793
204250
127778
173637
186923
162103
127354
143338
171444
136184
1161377
104858
140611
297980
256118
239679
251450
157910
141073
227446
167526
134970
93630
138783
161729
171774
1394628
121846
113490
189145
133879
134669
150830
143643
90011
139049
122939
137587
125990
164749
147432
138747
115500
194132
173189
184083
205848
149979
169644
144443
144007
138141
183501
240081
232253
132675
350503
135521
107059
146230
160153
113746
156039
256195
136228
115400
182255
161391
121711
172802
143692
126023
139592
196814
210862
282947
203885
313581
231988
148110
162178
166847
132994
122396
208298
143004
110554
148036
789790
189609
253680
160632
128981
136317
95051
91748
93369
126143
173097
230444
245116
130135
117084
135468
102999
114296
91862
198236
213183
196112
297912
201989
134301
103803
108843
154370
154760
163667
103338
139525
112993
112099
117009
121572
165427
122100
159281
259194
137214
128378
128768
159633
133365
126684
115647
207039
168528
129174
110487
126154
140282
211392
146947
142226
8414910
4580118
2346901
239652
137367
318546
135011
136607
161273
108717
154903
91143
91381
171590
106043
177982
107977
94601
161236
109712
103373
120749
128640
243442
193734
268252
142936
159605
177003
138751
125173
139557
104738
103318
238863
172027
118438
491440
130257
144114
133810
138089
192977
147699
104471
169957
146572
187843
439109
115896
111527
124604
160140
140061
225509
149318
147028
245806
112689
144207
109621
264261
118713
121821
191564
257291
96761
130567
161068
162387
113648
223964
114256
106596
150751
165402
137857
147799
261212
144512
140084
122197
213485
197145
189891
75187
143198
179114
126269
131752
123004
140039
166685
196443
123862
154992
182401
103252
124977
148850
176981
193785
145759
127407
149148
146666
83347
121604
126653
136539
114168
636935
103638
103437
159083
134292
97822
143071
154167
143566
199311
107979
175980
164169
128533
122187
156405
186234
149090
362848
181411
172832
184090
151653
436764
144796
191463
159722
153974
140586
321343
196872
1054680
189695
170791
156547
128888
122487
113936
165353
92221
231390
143833
132433
106954
147321
526698
147870
188788
150942
119704
215292
178084
180461
144276
114514
291049
217342
162575
195867
564845
126312
272864
212375
152983
246364
142429
199180
182338
321120
556940
162162
190748
6700519
2571510
209293
417313
125419
117970
348399
201118
139752
223871
149225
292465
118037
148089
146538
177515
142008
128194
215105
82915
208501
135292
148015
173042
307069
709832
130636
454283
203302
204897
172384
173251
179662
396881
153035
110553
264434
150381
154749
1314367
108022
168977
184382
117419
147574
116522
169589
162226
310932
334099
116637
163290
322597
138517
187103
141048
130578
121762
255415
294420
262579
210214
118888
116011
207925
336476
151096
180934
224461
142925
127376
191422
100596
255470
327317
521794
125453
153800
176210
149215
313188
373846
115610
322751
204058
273803
216267
478726
123949
319238
442358
168099
428047
310649
370394
161212
188915
405529
207710
232475
184880
302086
147815
162491
207948
104596
121672
157871
126382
142116
128675
174687
220062
241590
479252
208513
123447
393274
332129
168005
136849
302726
184661
215324
188788
218830
289352
188278
132022
299791
215958
211660
156308
102862
236626
247237
101539
239267
101702
214023
306006
459977
119570
160207
287209
231291
394789
144822
123146
310459
204983
203398
97303
264112
471786
109909
401265
502523
143950
171781
147895
243351
161750
133467
172672
325499
217318
325243
235167
154363
397394
376749
256561
287835
181918
201489
150510
167074
171428
606949
132146
285137
173145
4284789
1219012
399740
251857
154550
141122
247460
368281
182982
115015
145727
151161
128899
147401
240874
104546
106787
131989
257671
125035
173716
132808
198458
204349
181137
209615
368909
190319
147837
230897
158714
99677
281290
210835
135640
144714
206984
171441
131371
258300
105433
143587
264673
128241
120896
316958
470151
141491
146339
153322
375100
119462
127399
146172
168641
271336
177066
385488
142258
207329
201171
383891
283760
183480
668461
143770
257246
237171
178837
240120
247898
299476
163824
488673
246574
90407
143615
185282
711212
287209
210140
119230
107322
255425
266508
262634
123709
534303
273228
171039
114088
159500
88494
173886
135222
737786
100106
286716
123870
176216
278023
337118
139607
204302
126240
202306
134023
136053
97276
190702
135800
178739
165470
161198
204498
129796
152176
139643
186046
186761
129154
219032
119712
194454
175346
243568
396093
132182
153689
151087
186879
567206
156732
148706
490458
142897
157921
160894
147116
162359
294682
187788
376526
236684
182711
439609
534643
118795
182191
229822
159875
133852
147346
220941
314453
156434
158148
202399
159860
178969
146719
364770
231571
250597
171589
237781
177982
124613
201700
142910
230887
190772
134925
267899
143810
152903
162143
316591
156714
128826
176671
2389893
4277286
954829
237183
122511
106152
137821
109979
131690
119638
167730
174751
122134
161480
126899
156627
100456
159081
129047
288411
390212
177259
178555
315626
199345
120359
120084
197879
317767
126083
107372
144934
124079
87429
110409
111997
338354
160608
264240
139574
162880
201546
137716
173251
87086
110280
164379
138087
115887
165169
169069
156188
135393
121967
166632
375029
217369
144197
235326
201357
216732
292844
125574
119441
103806
136584
115168
218131
136365
119754
123899
156189
119789
112108
160803
145090
126337
221364
160974
134470
229339
122931
199884
88721
109392
288096
173620
106561
106432
135762
118460
458775
110989
99917
77288
183507
113964
110336
148589
115728
167156
225972
199930
128639
213534
118306
139652
137656
108582
189469
228188
187861
120557
142747
298091
209558
592642
348041
171427
114271
129035
124903
140791
119745
101284
117915
143114
241854
148567
129028
399199
105997
203083
188897
156890
180808
195594
116068
285041
213713
141515
108953
203648
230175
129794
206118
187170
190026
149768
91139
264184
142263
421185
167814
141157
453985
116441
104737
144715
111097
159726
211265
181794
294585
123850
168184
196868
139177
129489
143773
156253
137847
125996
119907
211225
132655
189957
106171
127082
167658
177779
101222
97556
8067476
3904212
782384
109633
101511
200832
117263
187301
170875
134829
193842
234298
305698
312870
256536
281975
211144
214909
236983
584124
145777
164650
135703
205361
290000
160720
372040
221006
275268
393097
310946
150857
158359
130564
163583
204522
174072
160981
152655
102789
213176
186305
167756
173508
132031
181362
150477
361074
348823
385618
197401
221639
166762
424285
347394
315288
329003
166240
226348
175360
174681
116431
216517
282061
156170
201713
692181
153832
396302
157159
3037402
142671
249640
257987
624331
133693
258135
134179
305485
190101
338308
232725
217092
148165
141786
180146
352548
177713
152223
420818
212588
332074
160900
495687
350758
149057
213259
133840
227424
188405
149883
144392
134891
202046
156071
187043
161513
128497
103531
111720
117347
86032
116408
198961
124921
197999
106816
168234
189729
159971
120951
143133
179517
124715
118736
237589
113236
83583
151713
128640
408563
214460
139579
114092
145407
123499
203023
129120
475953
177368
174627
122581
273172
161087
321398
158010
235185
134150
288961
319222
467377
175378
165018
266848
569147
129352
194473
205795
541748
396037
142898
657107
121517
169324
219436
432390
207573
217045
174186
114954
145815
153605
249353
426729
100826
234585
179985
129383
132011
344364
197592
223614
7928324
4021400
1661392
236022
223224
126966
194551
195350
273350
278161
176198
140301
880140
195574
103307
202939
274295
172750
157483
161074
150978
148793
174054
196241
145615
167058
164534
165751
155915
174518
237420
258764
139326
178813
161061
229607
386746
162938
186563
212294
223777
128810
136646
183127
155036
213606
191434
148554
156422
273283
218849
135997
217777
177509
210719
162390
160261
181549
225385
141695
180000
170294
119770
121727
172015
159538
144351
128710
160199
126875
119177
85634
144537
107757
199479
457183
161657
320641
141369
166260
169366
130352
162727
133983
127308
96963
147669
165264
107951
140633
211915
183859
113427
156067
119587
324418
131538
242261
100174
117574
159197
148402
155133
132827
108737
132514
98821
118264
109864
93871
111718
131361
113690
135129
100975
155612
91748
101392
115123
199334
134097
96268
104037
79229
82448
130968
93128
107060
118632
142228
213553
134573
141641
119755
111404
147242
122686
101161
130499
148711
401734
119787
96001
192566
139917
118264
146782
123789
128403
173156
121779
165336
150732
113174
99713
116528
138894
255504
160491
156139
220660
269708
155439
198448
335902
139648
158868
165291
213122
145297
123894
243727
134684
226811
135504
167520
174950
177779
224677
155455
128376
213583
231378
4809105
866887
188772
196446
145515
145646
155421
212567
118598
203898
215288
112485
195205
235229
114181
131586
117903
110950
122368
120989
135060
122680
193318
100655
202015
109491
116919
256124
79956
84975
123183
136395
121120
195809
215396
122600
195085
159897
201957
117630
115016
127137
120241
213714
203845
175101
178525
121467
325406
273516
122253
235897
184027
149605
207403
184088
348978
247394
284365
203367
163915
128729
184860
329486
121749
116731
183186
138330
165812
319237
278261
135714
250497
97963
145769
129499
142188
138441
107202
240696
841260
183914
284178
170371
163928
117141
251402
199145
203043
212430
160236
268495
301988
249897
214955
132658
138105
210711
101027
129987
102453
116416
108835
102381
98935
99204
139345
210708
156108
175715
103918
119756
123876
135292
115677
195208
147165
195104
207686
317970
115007
219348
205647
119391
136585
142981
100998
124702
517059
188603
205991
87109
126646
117456
140275
109922
129566
109990
109755
177558
195128
110129
127394
137744
176267
143062
156439
130785
175999
181447
384388
415505
108085
179033
177905
133938
289592
266882
170783
126179
145584
137458
151592
148257
386239
139289
244863
263739
264689
122502
114142
142940
832565
113156
137152
268691
222385
135773
120997
180656
939805
234489
104304
3537742
1867981
224645
121252
220330
261993
118561
164330
220850
162966
147901
229315
144149
94832
150446
159735
289548
282441
198780
213067
127217
398654
485543
258435
208376
305501
102627
155762
442997
149076
343607
176080
283108
280972
238469
196348
174287
155452
175084
146949
181271
275744
115068
264892
180501
211034
265676
286659
94886
203783
186708
179767
162801
114705
132288
159377
157343
211387
238494
181206
129116
171437
206696
212538
164677
153580
357801
94182
126842
149992
189806
205952
171534
154019
137473
143791
195778
111282
156860
127424
133348
131193
147764
109149
146330
161414
163542
200269
155333
150015
145615
242479
300917
213100
153782
145916
154958
132211
127093
306622
253860
148513
93578
214899
201308
192114
218234
151124
105636
281039
126950
155312
95240
119353
157926
139935
170471
183363
271372
98869
156702
275330
216438
180934
122831
214072
166918
140937
147584
189984
224337
163016
290482
165357
140107
108491
113754
142624
133090
371075
252183
170883
123318
174839
102053
205149
174217
185838
179858
454154
186713
178248
160864
199086
163411
161871
379086
144856
168725
125861
127285
171211
268199
145785
226042
221652
129171
149664
133427
108379
129065
361549
129949
321200
156374
166905
199808
141812
143402
208887
236286
237011
8804411
5028912
880687
365302
294243
145900
180588
209035
159552
152451
105671
873700
122617
151376
127427
245883
163495
123357
170352
199412
121818
205679
122856
157802
154106
134071
333989
282016
187675
164938
231064
250173
170701
134612
245379
169420
243216
256434
221165
178073
169135
159406
129066
429766
236789
281334
277543
136775
188875
147069
246897
174184
208911
119687
309258
138172
255683
130997
131404
154630
148486
281045
125499
219683
214744
85282
310844
127070
194852
155422
107746
176940
205025
175400
143768
139814
97410
219847
128427
166946
180207
213658
131294
153489
247962
964455
166993
256310
726297
194722
165416
183019
253665
174149
155039
114445
140207
191537
147829
274468
194897
284772
327111
189391
320654
312186
416225
224139
175767
219915
123592
327818
2975753
127550
164456
170665
155026
245762
194179
149076
148156
225902
148031
164551
706451
155774
185899
141907
135801
149067
249944
311415
388170
198972
188877
122196
114745
198393
172252
203073
227397
692876
137319
151961
117911
264875
108569
141816
101130
227175
148031
148018
223534
186523
162120
157955
340273
420155
153503
119443
110106
277212
387864
143997
149291
154031
308299
173180
294187
231373
174364
210268
150807
182655
178580
144582
99945
159129
174021
193116
250202
146958
6830458
2765220
1428089
212983
257195
127705
304058
155424
157138
255397
201699
192836
281901
205852
259170
130973
369715
214712
333751
213568
277761
354303
532667
223826
228452
351247
159783
229318
198548
164374
238525
221321
122704
343365
212602
281688
146929
148451
181577
175627
228611
166893
345100
194172
144429
130370
101940
226054
156814
121425
192827
257115
318138
232222
338621
169066
141453
135198
149450
170617
148517
158842
149796
143217
307986
186684
371181
174434
156998
130994
180780
371818
142453
168798
114655
438494
193253
126163
219439
179470
213724
144945
129301
218815
128068
131115
158389
149776
175956
122220
131671
322522
151002
321112
295135
307606
143499
148204
235289
249821
337259
119688
312932
167856
113228
322450
143558
158978
152155
213251
123598
74275
129951
370118
143154
202552
177406
127975
208168
242306
205997
140489
740888
162563
225070
200013
227210
379775
200963
111011
183795
169526
140853
124709
144614
169966
144625
213450
266470
161274
213422
167187
149898
196269
204633
248320
200091
127162
147790
132988
142577
181262
221441
139210
182136
251761
237898
234905
99231
107779
143502
135253
306040
171984
285377
182660
211895
329558
159283
178952
301050
168082
218500
261196
266570
163665
125550
283290
371372
274247
187419
174013
7613117
4586042
1965406
406090
237849
297854
161092
198768
221379
121390
123773
297909
231571
675428
337940
280380
323454
147962
135238
212858
408816
136648
200939
171647
212592
154836
236468
217201
232039
451059
234659
383638
242691
310252
188591
643833
429471
157355
310865
149599
176147
108152
144727
149601
103225
559936
140744
211573
176640
202345
357870
310339
327559
137510
215197
221272
315290
297876
370408
343836
115247
116644
265469
302173
115855
96634
156341
223199
146697
148070
108203
220964
154348
167737
179947
266155
319690
162385
363523
368546
413995
260829
142444
367720
155883
381307
210370
120024
155096
154247
306883
165661
271941
469152
213607
368019
104894
218548
155183
206634
158335
175036
183687
107019
193383
190658
131764
228392
303156
150384
413329
410568
227339
255843
324418
154893
270801
228963
115132
112067
139909
213541
324859
146645
146524
415016
158248
203558
150088
137460
323535
479101
121139
153739
735681
148131
262509
342470
177023
102483
135184
372733
216746
203009
196338
160778
346669
125284
199615
215081
243252
335559
126222
196161
286005
158915
274495
158619
605381
221932
237295
146997
386281
148041
311257
355577
268261
95178
159333
274583
311684
237859
306695
330034
113021
163639
360412
224204
196564
453696
220169
174347
200944
7485164
4268377
1654824
152089
134061
224407
187160
136786
108140
192955
106167
142056
103454
135443
143401
147702
160284
109276
196692
817797
113411
129065
223651
121450
187547
97292
126956
641750
183887
122453
149103
240358
88915
106023
128790
106599
111138
225620
157756
291856
166192
227703
96236
142752
236981
183616
238380
228073
105180
268408
387903
142132
112415
97047
273567
189144
95304
137713
307248
164177
121647
149601
212390
213486
145469
233201
155832
144702
175723
154286
171023
193352
95211
116919
316322
128802
241952
250707
116923
192797
223103
329508
225211
123389
437744
108374
164121
178057
164073
172772
133360
156271
100941
437310
319970
496867
205910
225919
490423
279203
955797
373748
236879
430839
219721
323735
182968
478837
281119
200264
271793
352462
308731
152798
104038
133939
173908
153810
551833
429419
309401
695591
157825
192147
132277
188224
229686
252107
226957
142396
234988
166034
162102
221319
162862
160679
337015
131808
193151
185149
171794
194235
137623
118248
161325
282044
316332
168590
174820
155408
130288
260684
111519
136932
100233
186289
145082
103785
141762
140835
156252
116889
147952
131407
156484
242234
197504
191986
148258
210647
145703
146995
173058
228242
142866
175609
141908
144292
209082
315235
215272
156227
140428
7791121
3781913
1370707
183294
107590
187437
139838
139671
156295
130898
209034
202223
207969
188766
234737
128318
137649
144844
155412
324109
139689
126781
97856
151792
129744
183779
226162
111645
167831
169082
168657
105228
835652
145565
134927
140460
232171
104289
127096
159441
331338
131327
124842
114755
312792
157810
102441
289593
136832
142429
130297
153390
188577
119637
181343
118726
457408
172676
196484
541356
404623
154078
143294
320010
202271
2192910
142037
160376
298924
152723
515143
179397
107604
125623
174377
148313
107577
155846
363852
191715
193781
133151
117152
121528
122402
198357
110526
241451
109384
131397
159217
116011
141104
150280
288739
110372
146896
107859
127302
192460
131969
158873
101850
153613
151864
388446
350646
176667
160697
212940
191355
237748
155838
161675
312252
234186
229799
191047
144435
185097
247634
247298
128197
210701
116799
141165
216450
194566
160733
183940
133028
119808
134715
128874
208187
178558
150643
237901
165996
157837
173529
132722
146122
163893
126548
145764
144590
157705
126378
257299
109927
207300
686625
127551
158011
139897
194378
162997
147099
160373
235318
251308
169796
213203
154729
143589
156598
138134
134946
102567
107134
313789
124858
415666
162318
134818
122385
106272
116148
121901
139074
139296
137086
107723
3067983
107811
165769
85573
113056
113930
165194
142645
186010
225647
124749
150953
170504
156397
161314
178609
171096
200551
113334
129190
131346
167989
116883
144310
130664
187746
190634
138928
103251
85732
122537
248618
210357
202803
140295
203681
133058
103785
153095
114206
199416
224077
141222
170608
132368
138770
179576
300355
113319
322303
113192
116389
111625
280657
153085
144453
152929
163799
287076
120199
186405
149133
249713
117824
143519
343087
268097
206570
218417
125951
243954
168546
321550
179130
149845
195088
205437
124529
156411
101034
121377
93426
113990
192026
125916
131829
638377
126731
184951
318244
203835
165218
128806
195871
222281
222073
201312
208270
155326
226864
126347
171657
192344
231857
240505
162613
211924
228814
223114
110740
165603
154170
144327
118483
152670
125795
147030
169940
210396
239064
155300
121165
145387
180170
141255
129463
142975
130183
182714
149030
132495
241543
236524
169976
145701
172458
149963
343798
186854
144771
169420
201073
129069
168180
150091
117413
136668
135911
115890
121192
200040
123211
105787
129703
105998
113077
207360
122599
131078
163756
97685
138111
146230
147678
105389
138725
224269
140027
199189
156181
212133
181510
278279
323670
132421
160383
246614
162062
210038
230267
131544
111954
5440017
1259745
199339
187470
135523
212920
187636
185002
179313
272503
255096
169205
141537
175540
141945
194172
184598
184291
131951
127039
132713
110835
111530
148670
168696
145022
536111
113516
181551
122044
206988
142611
106169
169701
133693
138985
185216
111768
134320
109688
205188
150238
141125
223042
188437
205167
163205
159666
118520
118187
288322
167276
238055
186260
175863
126297
293921
435705
154963
189323
125885
356522
157715
152000
193450
152174
225395
117751
153226
238520
120386
151088
145400
133024
113154
194243
263648
193967
152161
253499
147886
133979
329381
103216
153998
195657
286999
161036
195044
162653
110805
219912
126330
164303
246302
159519
179108
214334
210639
235313
239164
148449
134760
201230
167935
134102
189254
146352
135559
120669
195403
263870
259663
204766
435652
197695
192864
198919
192579
210679
118227
123095
461338
158571
252843
216825
120112
189425
156914
165249
226692
149003
213336
149301
188249
150329
139643
136611
175313
176516
175532
152262
154317
325968
125483
146123
196654
165355
129423
146188
153549
168553
155748
234020
259897
140054
311086
210323
122778
141168
168500
194515
174969
105597
214305
136770
126843
131319
212389
151497
140599
105144
89706
208423
184169
150147
159189
123745
105223
101109
144795
197309
147923
3631831
241278
125243
133563
113891
95251
113768
290234
88503
269713
237225
154626
175752
417704
142122
140866
360368
175827
218423
169589
263206
140076
224377
478194
143412
169876
164808
293719
339355
249742
265676
127946
173868
406530
155937
260602
175183
124238
360475
166694
130330
223794
277771
247038
179293
174809
347549
204971
126663
124550
185201
284223
146325
136374
1447771
3012279
