2742354
456606
419099
269817
352493
228956
2069217
203885
198274
253980
278574
207911
181263
217478
207725
2024118
300849
256017
565495
1169958
212961
239370
300214
317452
427674
435217
251778
271653
453275
190773
380385
427440
264222
8248412
37618764
33851690
29747914
25875581
22572193
18396345
14386661
10423942
6243843
2228599
239214
350847
251944
396463
254980
390201
371049
262627
273261
363522
197176
324459
625798
469305
388936
281384
5024555
2257530
400971
73483755
71737477
67549460
63687601
59524349
55386959
51261117
47117100
42971387
38855484
34709098
30552598
26410201
22287293
18112237
13922472
9775363
5601650
9353931
10858793
6252395
2591439
7383780
3566588
1987446
632387
586178
310060
226278
227549
214107
303371
293601
230580
245913
243827
418098
210957
256774
199469
273747
253468
228169
404580
307691
232477
365325
489913
202757
284183
575965
225449
247393
323657
179268
272594
324229
294909
261111
334676
368936
229349
183286
292764
253878
346389
246051
262742
176130
198169
247650
214075
355102
206447
226553
160299
219470
302279
261928
218905
410734
263788
225137
196954
221848
368365
245879
217952
199176
216103
214661
216832
199399
164132
231271
224888
293744
206817
291723
212386
178799
181436
194276
413254
200597
196513
350763
180669
248124
315659
219564
214194
274085
155111
156863
445482
183406
255113
193212
199732
171870
163235
226253
323828
376147
206824
362359
178915
166038
264107
326633
183235
169393
250836
214604
252497
148453
160150
162386
179580
151044
213035
165151
163383
154421
214491
271615
181816
1618196
169611
344415
151182
173540
189582
170574
192592
213841
319231
154208
191067
233836
182720
181433
409143
207121
280364
324260
189248
170837
240239
217530
242615
182494
150816
208328
329977
250660
223603
401289
177791
180863
216526
189774
208565
249436
152089
200431
296489
273544
260920
238744
191716
203432
259327
185068
163837
211054
198343
164644
240915
4637054
1112348
5111819
990537
1165959
536192
160242
181638
220883
225773
248216
217252
312838
195068
239062
178743
277829
291926
179421
430524
214380
251946
166738
219599
171251
158817
142905
167553
171221
165425
168912
170994
191972
146933
196594
216640
311911
256260
174969
178157
165950
144223
152992
162900
229432
157166
229741
172901
189051
212577
151290
205131
194413
263643
210871
216385
176724
204763
412497
352173
200157
173492
179317
222440
252400
200281
233106
176213
159617
259699
281811
166249
246787
262919
492391
190049
180106
229752
176349
225866
198195
712940
219431
279928
198006
230695
166011
246526
496721
186545
176125
331970
184831
406913
173493
316707
232462
195181
323120
174545
145638
384622
195165
158119
170702
160950
367794
183571
388363
162305
156988
172090
171236
201756
263483
170556
228807
148245
174710
252424
208249
291857
281335
324555
199410
272841
374291
199158
217404
202482
204628
181187
175509
228542
230106
233252
194188
191206
138846
211499
188980
173153
177824
239769
171545
234843
319125
164867
241290
232173
204460
194794
157541
202784
208111
200255
481142
196812
208574
200656
194620
165799
159541
216064
165056
169456
188582
259087
161753
191591
270329
186619
236931
335979
193887
294388
184385
196118
267033
222771
222027
875723
205916
224984
169153
213002
194059
265329
185796
330895
3809428
4778353
2412951
2381148
1649803
1383642
166946
211545
304627
196403
448371
269038
234760
285583
165582
173436
266194
272753
255191
314721
243560
300071
229196
194211
310538
165607
178755
198819
149463
202510
149877
176792
127143
164856
161177
218661
179959
194542
150565
145317
145560
184146
244181
211328
268139
238112
170014
189242
224837
359065
219932
307276
242900
212559
189303
272578
169565
175294
243422
161774
168436
152511
210991
157757
183926
326864
199668
275068
192779
204611
312729
223367
175294
194559
304777
193764
241482
241816
250223
205200
157960
200039
216209
256388
213235
251005
188924
187586
178091
144531
157772
176967
163522
284783
342103
232619
171181
343687
293750
348686
314068
150595
191279
421716
309297
249790
205255
206500
183028
254184
226945
228919
235652
230420
252538
217102
277329
170963
152267
240372
171929
168979
195748
255864
206253
228231
192163
187298
159635
154170
358859
191605
147128
191675
228974
355476
285954
168248
286126
296697
255564
426756
161834
160490
216275
154220
162634
158222
242220
162874
119907
194442
144836
207611
262794
182718
202547
190601
165452
157229
171610
184385
213479
246942
249660
182992
236417
160734
171285
221326
209785
188522
293347
193114
215121
226862
232974
136052
167656
165441
176602
166918
243302
415033
228778
189266
214158
140426
149520
154081
185614
3354007
4468012
492498
2363579
1005983
337458
290244
255748
311883
551049
210354
163406
196879
333805
225607
247326
273244
169801
222445
156101
223531
248853
262073
290598
349532
259202
175361
212425
277409
142321
179860
160094
350640
158634
206456
445663
251058
315362
156817
260790
178830
225635
187424
196758
144229
145394
145975
180894
187098
223565
196936
174701
181772
138205
167293
130121
178064
162763
137564
1172443
227101
155515
148921
176543
165802
141623
166261
147892
187252
195071
148797
153660
1242195
159747
251065
223000
369305
181597
138012
160808
171880
157809
157547
206554
196612
170182
207388
201971
159959
154451
181894
141841
192144
252660
251901
187940
247946
225702
232529
211365
205076
298929
198383
148352
242466
2616064
597727
435309
198911
190294
397012
214180
213231
261743
209856
209903
382990
223763
252834
383183
242294
310432
290227
182606
333216
2044556
278969
251665
338322
257135
375198
223144
184822
189448
189764
277870
267079
172397
175912
311584
185270
260067
287477
250509
229003
371424
211067
214855
165331
202050
368716
144787
197148
171737
329895
179683
208455
229399
191209
200625
230924
250845
302427
389937
312658
256167
276543
220532
324744
183954
163469
176527
215316
196251
195570
203117
190610
158705
169628
152829
223669
211799
2807649
211046
327888
278685
155432
277292
165646
182563
161659
7001722
3651968
3259939
1812808
413190
177541
236457
160663
175325
179845
199275
189278
146456
348357
166222
144573
212614
160472
155479
214816
231697
221064
276778
180857
178927
165037
445744
817248
215090
260038
304715
155677
150798
200258
186913
1565505
164748
187624
151039
172419
172847
416404
153776
304294
142521
170577
140912
134121
148271
138907
164032
156807
139166
146670
146150
157234
150075
215905
140434
166069
134630
160935
146752
164286
150942
184306
200305
191955
186943
179844
127384
207103
184866
325219
151815
178691
174788
176919
229880
170970
172975
214976
182083
170629
195076
305775
169554
166259
192078
237153
265886
248244
277221
340009
326395
361715
204278
337679
206084
182055
181115
243057
196732
210896
194414
216528
152023
194923
216928
145876
214396
432590
167670
176137
196391
179977
142540
258390
297549
448621
154858
168523
148482
125838
128089
237954
267421
175761
143399
248405
131054
342487
240192
149540
136475
532421
200518
173785
217500
199460
191796
182658
353317
164747
152469
194482
193856
165377
167862
119409
147483
150637
237568
203423
253292
227557
282131
207669
425199
237878
169975
153552
160892
159988
336527
271556
160723
183232
274747
231900
564195
228339
283002
211560
207156
203439
207330
208356
166964
226766
222644
182743
171336
181937
186426
164074
194520
166582
142785
305995
1194873
1320254
155812
455341
5819767
1674351
5547700
1454062
2935956
1170649
841671
465275
311852
132990
173328
153607
230093
195650
183846
188659
195062
417825
351840
153129
183515
175652
250516
250727
221277
322374
244834
179239
268147
204973
219706
175673
174774
169789
472983
299373
263645
363586
149943
328815
235272
238577
352173
191360
300752
155731
175536
149851
176828
175754
311430
343003
415734
154315
346241
178884
134457
219308
238130
229518
160862
185078
171815
173103
215835
230998
143221
132142
182043
239652
219719
192905
237071
160541
151191
132431
185084
281649
176949
199345
295045
280536
200175
218517
320524
275295
230249
228089
160592
231172
150151
144503
218871
369337
365398
306706
242242
139180
196060
152721
144007
198143
166032
207214
148039
199567
273934
250832
199328
148611
185876
163647
171348
244926
143944
223820
166647
124470
188639
144353
158834
144375
175846
187129
174349
161015
134247
186662
281640
150896
234430
225693
186293
182330
142103
150511
192077
162230
171441
186573
165230
183030
210441
173333
150847
133622
154691
145190
200546
260602
182064
193534
134972
222301
238466
273601
347898
178066
285005
163967
175824
187187
233951
216650
256461
179102
327172
162067
219197
168500
160388
181664
307870
216589
237273
364415
238267
300639
305578
311651
315784
264798
323519
166531
173392
236983
173522
272820
162703
348072
309925
7510760
3887539
2695806
547629
541934
509093
360331
282981
177009
580593
350789
171833
160472
251083
399653
163207
298069
174958
172497
227771
195163
341417
379962
218037
156492
175526
198055
225559
242793
228672
237109
128039
180309
165177
182091
188885
146980
126610
211466
281757
243734
152815
193192
408016
150323
147377
168342
142979
160088
444328
171051
246147
199542
243619
270790
317230
258046
163018
214234
223511
271071
272791
165871
248979
204685
216412
177572
300863
167700
185578
136390
216852
512095
146026
205574
290033
181074
212970
212091
325687
207515
178192
279348
171700
197900
182250
468550
197083
181676
301735
197990
154648
178705
134133
174968
304250
218587
172900
166683
205853
236823
151217
162626
151925
311933
131040
171562
167106
163382
194417
184974
217044
211913
152319
204766
315703
211874
306571
254890
175604
138910
178995
277949
150231
180429
181030
170964
204333
404263
140552
223119
215608
701938
163521
191769
408252
183609
134365
189087
157674
217648
203531
161078
155614
204357
278659
210425
237594
195191
180704
172026
200963
147970
138692
175972
165229
116665
210536
348607
197004
204843
170482
252590
143030
136372
150927
166373
183872
243733
234184
142728
141453
152259
148325
141523
213819
169532
211783
145188
150017
147532
136511
127584
145048
142017
208280
186434
169658
137859
158434
180252
151314
229288
133346
3646118
1655404
3330537
1303591
423457
155915
138935
191706
182877
170311
350236
160890
169316
284874
155286
197436
187018
284580
151236
194287
163136
190949
214669
194890
198649
164829
261464
178522
285630
193560
226721
204373
192544
209451
150701
233755
262265
302237
185449
209992
160910
148568
171543
349172
503270
150789
174266
158562
142131
153595
305974
305509
213875
305013
153362
127368
274849
179411
169882
153967
688223
524939
156584
210395
32297659
28161893
24041643
19918698
15743621
11629800
7457133
3307176
197195
242022
155768
319892
238843
210657
330594
162751
239970
174393
161057
254338
229951
144057
256969
194128
239010
163906
400415
166839
164589
456687
195485
342646
266101
138972
213602
207207
206051
340606
211949
241261
175587
178834
262926
283592
296801
189309
250304
148516
252821
301451
167482
177759
346298
167029
429621
193523
165797
300082
177635
161290
159878
256572
154410
158313
168409
173803
253695
182748
313957
311342
168704
190185
165774
155998
169648
328748
157902
165012
144624
167419
152762
199024
266789
230512
196666
219690
276668
260296
168195
164316
145112
172572
140242
182175
457804
149320
135200
196574
177162
142486
475523
198248
173710
199409
191784
168471
151983
158502
167978
141069
230449
145604
124632
149137
174186
188702
146368
142087
149388
195005
139998
138794
200634
235240
143637
164410
267613
180066
148462
130473
6186595
2433640
2884205
1864106
1152880
158984
202059
162429
156732
160778
192570
157484
233380
160556
152659
141994
223916
173210
145733
194664
139335
135017
254579
152872
173286
215434
367988
386391
145252
483849
182422
190353
232000
133744
191715
166862
192035
216913
127471
211108
183394
153791
166120
406727
210294
159585
136120
188913
212310
206238
216928
220475
222233
176719
168820
174398
170787
158089
125897
160517
138326
229157
140956
189541
156272
150479
131701
263683
213678
141684
211282
162404
203224
182026
219137
289085
267082
179733
122289
258372
125620
180562
192244
259206
270344
193395
182206
156389
156360
212655
226025
113406
220226
159773
357128
244217
194489
169139
146997
209515
215997
405011
3611241
279799
241681
359207
258860
162120
158994
171239
177571
262260
261534
227472
227985
289939
202627
269221
197565
418124
213954
192786
143427
417685
371744
269260
288444
259203
311373
220875
152294
138506
273758
227274
220815
172295
170283
170654
246790
159970
261617
203642
241483
159263
352882
162250
120030
248881
157657
162498
138163
246904
147788
298367
242091
201699
418935
152986
253733
241053
171862
219361
200845
199535
168621
217722
139804
167594
151590
354601
318459
154924
187729
584424
151062
129885
150346
307794
203638
167197
171716
165790
213310
154256
164588
118955
338336
139587
226770
187310
240531
132578
352972
186516
12366858
9481833
5379818
1587025
2358622
1432640
162362
165355
174340
118999
179802
216952
135485
191467
180930
232862
179312
210438
260279
179846
299196
154224
169158
120280
144472
215529
222716
169077
158615
166948
186137
194062
166294
160927
197903
233656
143551
176490
487918
256256
327362
240493
201928
135034
148089
214515
143385
120307
126010
133723
135653
129533
201247
189145
211446
151601
215994
239404
296705
238558
138174
148540
165117
188342
227037
167902
154526
143664
201018
150985
119572
559497
144303
129334
162333
135855
138823
138136
151956
173906
161127
208547
234590
152188
131279
161283
209399
213751
299132
343922
181542
337754
148931
165452
179181
302715
256886
196893
347346
249941
293397
201727
209399
147306
145108
171048
135896
249109
276589
178115
168982
226850
147118
124697
176016
149415
197772
153808
311690
157027
166287
169810
215248
221037
244923
185557
185557
142990
293300
148220
372301
179013
220115
266133
229416
283324
161878
197103
136470
148527
170631
236683
174809
144356
183995
236028
222534
251518
161937
201099
203057
188046
245560
203501
145330
284184
139162
214342
146306
174483
154653
260780
256661
180952
118788
218366
139098
140541
158384
160527
131377
148579
187526
123751
158288
167409
128541
157659
170636
141922
132247
153101
201804
145674
168990
290169
266458
290423
292550
147946
154842
191207
153744
324947
3503174
2233931
1760043
1685783
789818
316659
260356
146474
225072
314044
220654
686121
325025
350927
319451
210173
279650
323927
161045
186785
260915
471836
549368
145641
183070
144252
114931
142264
155390
168627
153863
264699
216682
172026
154722
181934
150726
156014
436194
120317
465524
134091
104416
158769
145425
145602
147153
217057
177367
172005
221763
149645
168114
145892
150325
147717
137408
177437
163505
295159
131458
207041
223162
175037
144710
262499
132778
199106
146115
388575
222058
157066
126775
150182
157413
117256
205708
148642
110888
170956
157421
139749
148879
153405
131624
263918
187110
159127
172846
173156
130441
159363
136349
159964
126014
140938
140133
162458
139900
156989
193254
160177
474603
237755
127705
137402
221361
356862
136281
144240
183957
246026
200392
143108
113164
285149
130882
218558
136439
147586
122321
152320
130527
125333
158233
200130
230141
153467
198140
124646
238538
318682
223452
157804
158175
190664
235156
484790
382820
174145
185273
184018
223185
185289
258256
207526
109616
112954
215848
241553
239716
120574
177037
216460
137976
211352
208202
139123
130923
121028
136316
180485
198887
214725
146459
215665
168934
270643
172591
436807
611753
322967
243813
207130
213836
1895630
225863
231487
176614
189079
188661
220274
234395
207651
169641
158636
2753727
16190535
12737248
8670427
5617224
2743786
126564
425382
496699
4062364
2053327
7853588
11744428
7551453
4775614
574652
178075
155699
219090
172910
398456
1256427
216886
151089
132209
186436
157002
327131
229917
143366
195131
1199515
139680
236215
196540
177253
110802
145659
183678
577679
108956
131186
171252
174378
214481
209396
226434
473204
172508
152998
491421
247759
155132
231922
148039
112799
199176
254311
167988
190841
210599
162701
146527
146300
134639
183640
157431
188850
309815
304018
239416
120828
689311
185792
172918
275145
256313
215542
609987
252909
430706
427400
301419
348915
186816
469798
176910
161470
510422
201022
273317
313228
171266
142660
249029
131042
167725
207623
240368
558248
860965
307847
455435
281331
312319
378590
263418
295868
200623
295471
194526
208369
285078
217032
200836
372026
727900
360961
219007
211449
240891
233358
198047
178888
146714
160467
170230
155158
177000
151705
233267
2678733
186993
1675201
166328
311777
189114
112580
145420
169105
151174
218640
191071
293949
321842
162363
145017
225535
241827
464983
169496
134653
180063
349258
832044
272632
1986411
153149
139008
182797
175743
191274
153667
165104
146438
148429
138165
253032
301323
438137
139526
163442
7531844
3396915
290409
1846219
155662
315892
361836
156223
228362
268655
253369
517236
178851
159046
158790
190237
293455
307076
379016
198609
137725
151974
258408
143311
156616
319630
120245
504685
175692
177556
179349
1135541
3508837
973123
1929313
521829
626087
296949
256223
119419
179998
199037
291749
234863
154953
303177
152255
140165
151652
433075
196746
1016719
154629
148930
217353
155265
202856
179142
179592
190320
275106
130352
120949
141169
166692
137054
168729
135883
160720
146366
214165
163453
197902
146923
138781
166574
176608
259569
132029
142204
125258
132583
146228
187584
129372
114143
186494
134485
133120
253430
164425
663963
136205
155516
141130
130828
120165
134134
189407
295602
257508
209209
244176
196342
234353
177803
164618
183749
209112
150460
193744
209565
175028
180473
346755
200103
137458
153885
273448
161481
145304
160800
209524
144123
147755
165603
128510
234551
136342
178965
240755
231885
134692
132005
221521
443691
231026
155990
156374
166593
233292
207414
171442
171766
137229
161737
159624
176521
130841
142403
134593
122895
155181
287340
134053
329831
208441
162627
296772
168210
142660
149563
235594
128182
200414
304976
190444
126314
220527
151220
270026
188558
533181
143992
287534
237983
233475
167508
123298
160214
157793
255235
391221
245717
267951
176133
188345
292698
188748
136144
133977
187501
147092
132434
144025
127410
141638
139655
139975
136266
199510
153730
153182
204044
173662
182082
206790
190809
145420
128133
150084
156755
234709
137858
288716
227921
173570
178767
190021
140028
125606
131324
513193
145391
197125
112675
8387503
4504614
2113330
1774406
1128374
263739
196621
177633
249258
250944
244968
115179
153659
298050
145153
147353
142576
304264
127566
148878
250196
166970
175669
265992
298782
203573
278181
131247
169548
407656
494206
180925
153815
196154
293009
213928
148378
183711
276346
170607
234403
135587
129248
151964
156391
183466
177187
126710
206990
326853
248608
135391
299519
123745
146214
121435
128659
180880
191794
148930
256674
136738
189054
186792
169201
187527
242855
178212
153596
145227
156844
154849
169072
210344
162671
268699
159368
182914
166058
177151
160441
1822686
217071
198874
163768
125877
222846
142439
148668
213991
215613
157544
197677
266648
350736
156351
226462
231443
190204
150435
166252
135881
167230
151994
122730
124932
166929
120725
235475
175465
229442
196928
218272
174316
189711
254226
298789
327264
140193
267576
318198
194174
386871
155227
282182
179779
152894
128275
183037
236588
262187
210141
485984
214005
177922
257976
312659
310053
242048
272488
218578
277217
143427
172491
185263
407735
194990
510335
188992
161290
170874
162884
319645
134154
447135
208245
217323
207966
229183
150812
161590
227277
274544
265116
157463
293718
193455
228751
233698
168599
142812
366091
161660
144587
173300
179161
146081
121501
153763
187108
185886
223700
125349
220561
165971
191856
272096
179757
157120
131373
293954
260818
159250
151809
144653
4615900
719925
425266
1431636
225492
236232
296776
253950
146189
278183
287065
244798
198198
316685
131920
541288
161713
529899
140061
233856
291690
226068
228336
179557
154982
208643
282105
157322
500790
365496
237613
155522
167662
151405
182844
240164
167544
165317
226707
202699
117999
121429
121893
209276
95662
193424
175668
180955
153459
150771
173994
133435
229827
175205
247643
167792
170660
112127
130216
207447
244952
167290
137944
126498
129470
187529
178258
175662
648368
135397
180955
214373
138300
224089
258444
164329
136915
128914
180403
181531
154708
172039
158236
292655
116399
132678
181993
345744
112625
170070
489263
184570
166050
210834
191657
144055
217910
237392
206931
161842
205909
143232
127789
142358
189991
141029
153314
136752
141028
134383
172614
166054
253268
375202
137003
179959
183275
233102
173247
509188
250989
145631
263283
189682
211051
649557
696956
3399285
160923
227759
135567
337768
210368
173620
247024
159350
230888
149615
225251
220340
190955
149795
184489
180812
241031
196812
168294
156841
4681028
1296241
201586
214691
186952
192197
237936
383421
205188
222758
353715
238415
316479
396857
164430
223205
261969
233450
152836
334396
115375
155683
270060
204147
168891
159042
239252
149484
214531
196837
147657
150348
445130
346350
171505
222216
269245
165439
167330
189035
338170
191528
138273
154957
168058
460720
151595
177752
187051
1531402
3296209
2250086
957975
629006
438637
156163
171041
140191
258704
199173
162481
164866
165642
147310
169375
147094
163178
243490
191133
144015
179498
222991
107863
160217
239171
232854
157575
141504
198144
186834
209628
190428
308887
277863
228252
336718
169809
223982
157528
189834
191047
243004
173955
170796
274276
143110
152003
167696
159789
140391
350387
1304181
133142
158638
138845
119960
118850
191594
140030
147808
150719
239724
179241
220115
424479
168000
163547
249686
293087
145016
190623
112354
209018
174093
350385
139543
111355
121645
150101
123683
125729
113598
130773
207388
150724
177476
146719
162710
109440
123232
149251
127829
173602
155563
151468
163347
104255
112810
112874
141589
162519
140922
129501
253377
158016
173252
125167
147228
142991
126622
121999
173243
144209
133402
149727
122342
202315
125774
142547
194909
199458
125172
125118
124644
131779
145598
215868
157633
138426
188454
245545
188353
187515
198868
155438
176073
176230
160763
138035
211650
195507
142104
163627
163324
159815
161260
118804
345537
93979
145181
234639
216436
163729
220903
307798
162704
129108
256212
142792
163492
146699
334904
231955
234008
158449
161466
153299
243368
185205
314873
319844
394017
269274
2088093
226101
725456
146770
219475
232627
182330
152648
163762
189480
1728354
175130
141774
143501
177319
167275
175480
209121
125244
150073
253115
129777
2936522
1194232
3497355
2799959
722428
192435
182940
173510
212634
259610
247120
161693
297433
244722
170567
168987
176472
206360
370884
166072
214964
370272
229860
154508
179675
202144
210994
160391
196333
112503
405865
180072
368783
165767
136441
220837
162295
166972
277929
143514
211602
344759
155783
166692
142340
135084
147497
149800
140107
182934
143548
222132
148864
131445
145529
215937
163623
136622
194444
151413
183505
176917
120834
192030
155090
169436
201522
162354
147659
158193
163344
403686
145791
140455
217240
134922
177927
155635
148357
134437
223934
177551
298478
127750
135396
167441
190488
143649
137167
151121
197134
342953
164651
163234
158156
344408
154739
230355
136205
171304
130243
136596
122717
120115
143893
132516
132548
132558
186767
130180
154634
131244
110420
126565
141621
395893
159190
127181
142024
138124
176086
130666
112549
133938
122524
98594
138858
120200
220963
127799
158144
119658
188683
122174
133765
147721
124205
127693
114446
160866
145977
172284
283161
225806
136044
181050
251620
129589
112672
158269
262358
196770
182447
131794
121174
222983
132595
128829
138463
211792
118072
378405
130909
451792
161579
222923
139755
137066
195644
151000
181089
164647
294865
162019
139562
179705
202804
155565
133292
186707
1704073
192958
197117
146143
224018
188976
133242
143167
145506
134928
164816
134744
126683
129573
150181
152174
7549245
3799826
2970579
1876411
829528
161174
290152
193359
182642
254909
149979
218090
232410
246088
208707
137311
227220
295859
195156
214690
200715
148010
144513
127504
121819
205533
304303
189653
272711
150198
142635
130729
119376
162588
141579
171833
128415
132623
142847
130282
152814
223121
368553
157611
113536
106108
224786
112837
124460
123484
216738
211306
214189
255473
164653
207684
285402
233283
355153
183455
149741
146093
182189
170484
277224
300078
160670
481907
315270
456847
155295
182031
1629606
145229
165967
512423
136526
199615
199011
174429
156432
253041
151915
298636
358208
202704
113805
161296
143961
177497
178093
178797
664172
258958
289183
156414
370076
185740
127027
115310
327043
148808
157310
333730
149714
157856
124305
327970
159970
144779
284403
349109
364033
184163
267648
217801
358513
114002
278749
121887
164462
130745
129703
104099
170376
230383
384071
300517
222479
152340
194837
205285
193018
244105
177842
216846
203558
127997
248760
248152
160171
134110
163447
278370
155515
185766
205919
119371
156403
129699
190941
159945
336409
147296
132535
320035
160636
391949
1309734
233260
179332
169187
349626
178526
145439
178504
150061
161057
175214
134782
169945
291002
458863
180097
147294
178215
251817
273969
237500
360539
185784
296300
213558
216842
143277
232236
138096
246992
390447
228920
152554
436345
209618
746367
159981
229582
18474172
14377657
10248126
6108350
2025462
1220319
717133
255712
648849
156892
142544
152553
169462
140879
143464
151418
163794
132043
148192
159721
176661
129419
197980
214959
172564
139902
179313
227021
201994
152774
183663
176079
223843
352238
189215
171861
130816
289794
194130
101994
176210
305799
125682
235308
215319
154664
235097
214815
277749
299947
211433
304334
352802
307356
502448
206117
566703
541919
398103
251232
255489
362143
519732
379976
330301
3073267
379606
269701
51588469
47410423
43236213
39093734
34913402
30776218
26635016
22500754
18318626
14162247
9991492
5838940
1677761
215305
531934
253879
3563896
149007
196616
254523
160655
198762
196593
145192
552468
136143
184045
180020
183826
320129
177404
154639
3436500
286838
240333
296960
247984
213544
294103
410496
217403
197441
177474
264946
270621
1123479
242011
242121
4026775
542381
214919
207666
147359
158191
145728
149717
178798
209190
248452
148749
385495
371660
354414
771074
321302
185344
340285
143311
136394
182131
298010
169315
138388
160987
134466
164221
176792
347616
329339
405899
364400
202465
173187
201471
151997
172719
165696
148547
154758
144738
11522992
7351956
3234427
186500
124422
2680154
342236
238584
247565
158711
173455
114676
160704
287600
134970
113117
148683
174257
188219
3351706
174195
149362
238914
206996
175092
151474
189061
133300
243389
346553
434364
378859
156935
357392
219839
136210
581759
161918
305447
6633180
2722825
2705662
1516387
305289
351456
174134
295386
217019
279331
186083
169117
200825
2816027
153315
227481
937196
192867
235441
900026
165916
248132
319554
401996
315271
240807
185242
135731
257214
325310
264789
962569
222768
395798
282449
154680
152618
145738
379966
191660
593257
287807
366851
408009
339881
299545
405353
181295
159685
185948
296788
272272
458339
276265
277205
185169
127285
230390
219868
335278
294027
405159
458423
322468
326590
327473
423529
302511
221317
272348
276179
245778
245695
210202
180843
184632
147475
117974
205547
127574
135505
216901
129696
292926
176772
236265
289333
720863
335712
144199
168088
161816
190284
402636
281276
155720
180882
139239
392124
434127
234808
362985
179213
144686
273221
198963
575090
188967
181725
915454
154402
338697
269754
274130
147788
354628
641714
315051
1908321
609581
245175
336222
187448
175386
168081
230568
194725
185501
163239
172572
160825
154825
177399
168086
187860
299920
124836
111356
137890
144314
155913
189913
160019
148949
1118648
236109
312338
159327
192366
236257
155622
114056
172728
186634
163367
172923
141312
164175
437545
249790
2275846
144214
161797
711476
160993
168289
160840
185447
138824
145239
136066
387412
224872
226049
296914
186083
233738
156778
123997
183388
200880
164918
201709
160538
154581
212379
166278
176311
157985
169394
542824
149584
189833
165486
201152
143054
5331358
1966773
1923063
2856548
1470066
375734
154879
157277
166710
199395
175307
1100486
181312
1412785
200086
184609
154343
176126
178623
182701
236456
184134
166217
145251
161251
150822
174504
147696
544878
106447
170503
169407
213691
134818
158596
126254
208596
132405
176624
138402
124641
140222
144009
267353
137462
201769
147183
238022
130332
128689
1541841
175286
121080
168243
138339
165332
156480
169682
177399
185087
162438
155588
147146
123488
171615
172862
142600
220441
162165
178412
163037
185197
199308
206816
1853643
2422059
151448
235936
6092047
1978372
420820
235455
464711
368047
189922
238638
256790
162216
214723
167925
210699
218173
179649
242488
247862
540410
136520
1244837
138106
248262
159423
183260
227881
190566
148493
678561
165045
180568
195618
227788
187167
161032
168383
146394
138724
135356
793511
143427
247229
147009
151755
224013
158296
180718
116255
136473
170715
149039
159312
135189
232673
146319
177336
157055
142343
191032
151608
174670
148161
244797
158664
171310
135146
367165
127214
138643
250995
259436
163079
195603
151028
172877
136838
186714
209225
173941
281974
225814
201553
186360
186823
441424
180994
197800
117233
218409
154917
124498
162556
136095
217040
187822
156844
153515
150711
142339
138128
415399
200862
194067
321382
173467
191641
204971
216860
451288
304615
225815
121570
156344
120055
160710
137934
195867
188821
154289
186697
18989293
15789982
11658227
7614077
4147197
641761
161507
179800
272655
255298
200298
146660
414140
387723
138269
182073
190123
331164
208106
192211
321027
142232
259542
211531
149178
165593
255928
1807462
127589
234609
131186
145404
200525
675427
155300
134059
139262
125384
122352
153665
117088
141070
132735
136346
155469
136984
132676
141600
133162
146533
358833
132483
119817
243476
227387
298957
320428
220801
235776
156487
167080
138824
175463
184693
238685
134443
263385
145870
199120
121823
172301
183695
222308
124715
117230
159123
202372
126134
204206
644075
251761
17679297
13511033
9380465
5239410
1063412
1882657
232041
239927
159874
160477
226739
136867
166154
176266
224993
259207
133723
130222
131736
130554
98344
122814
262258
133322
262801
136110
137999
254727
127449
235907
171335
164636
138833
221837
141144
216997
145837
542917
234575
224295
199743
149893
119765
149148
122555
101340
119419
136968
151671
134237
140859
158800
216970
172362
135954
129126
233240
162481
170746
144266
125757
164828
145773
136404
266887
249748
161887
143156
168694
126066
115094
182517
136099
128938
115130
137089
126597
139213
115262
108924
165398
124269
113195
141772
303681
236196
1548348
233276
251418
158299
298666
174656
218310
237851
127001
125642
105659
154414
175642
147135
209949
438202
129626
160026
178192
437354
121514
118607
124083
174840
150324
164716
234972
150598
122758
139537
8124950
4273671
883568
2434114
161466
218223
321763
146579
176600
232718
297830
460549
166191
145576
197086
398793
405778
377890
142858
309344
196016
148305
147115
186461
166024
185710
151487
165977
146321
106388
157126
348139
254950
154364
253738
220257
161105
211322
232803
243433
172353
350228
189919
204337
322225
316490
222146
203092
238670
190522
345918
178468
499566
259244
149633
133656
543518
129834
350068
152769
3994015
732276
152334
242975
137311
114391
134061
161855
1744816
345560
407537
358838
153928
215667
127888
154828
209864
411253
229784
313248
188280
405799
178173
340219
129236
218061
197180
154303
136900
130566
178700
224422
159147
365161
149420
135174
218497
138977
173013
140994
202710
260064
155810
506009
170013
211567
163936
257031
272234
111908
164425
114832
222395
127010
177054
129690
101566
147333
149081
143738
128033
154864
186092
250348
318477
253809
157689
207720
305513
183255
577872
355841
241954
1506674
584363
5365388
1233551
1206163
175958
162410
1340456
133455
114857
2958232
132212
178015
137987
162938
135910
189748
139133
215885
7810791
3657598
117104
121424
190955
206348
282443
182978
443567
121943
470416
217146
222710
243247
230955
176095
308841
128803
191543
175097
395052
206027
230108
182592
214449
127827
147773
196898
361366
224558
134957
100635
474099
6393138
2228828
791436
292851
141907
112913
115364
141423
170422
156469
174984
300601
6951705
3464562
2324554
2695035
251201
270412
108414
124179
157733
172710
262404
189079
164441
379000
124288
162216
141680
143539
185018
181732
114726
841523
129837
146198
133085
227379
181891
191726
162294
132686
96361
335770
126115
165614
134755
282391
117517
182027
172338
154624
139998
176896
196375
186361
297389
301128
134464
168845
158323
118049
212738
175384
120944
127094
257928
207613
144807
153197
181060
187437
187433
134085
115019
126420
172584
247993
219284
169114
249013
159544
346463
170393
165059
216612
183443
152313
332756
147594
188851
140439
167774
181831
156960
153225
251204
369157
132077
198547
160084
126988
139055
237815
158456
98746
149178
157068
180657
234721
190072
174417
159412
198280
215821
177179
177743
141780
169988
180734
205786
158876
130999
160180
165342
141193
156143
12841701
8678085
4529934
406607
128322
146377
218468
159404
236502
149992
125370
187366
129853
194056
215995
148139
168286
202291
155323
163125
172878
204581
153139
159371
185354
204033
172640
271545
128114
232845
15410805
11230609
7105952
3104527
207561
5247589
1077696
140565
154777
112787
9802013
5640195
1524947
99844
131427
128674
139789
4472036
302075
119237
184133
316534
134575
200361
165450
114092
101764
198009
156914
157792
153957
147351
194819
207999
144135
100345
186300
162985
146833
123883
133384
209910
128935
304445
109588
167714
103056
132827
155453
342773
135470
106962
13686762
9686165
5552066
1611140
298445
151625
301086
118097
202749
321388
315432
146958
203939
225033
329681
395582
221638
143931
197726
187920
217797
230690
496887
127125
158012
145161
230120
204339
295121
316897
135415
261837
252584
366188
231452
721753
449590
149641
241713
177387
214857
152721
158095
186056
280636
137176
143689
399529
408787
1647336
347944
168296
184741
119958
236778
140335
211054
130426
372400
475064
233890
166171
194932
173189
191639
297040
297930
238974
200414
260038
143349
209445
221079
133619
247180
225345
177703
213946
157572
155348
345932
166873
150921
177246
195937
214024
267904
293842
158982
216187
174539
135310
146382
139579
131114
111214
198062
377456
148354
208263
139081
125040
151564
125541
121263
134543
153487
152097
186572
174231
141057
328204
204928
236635
373894
96966
196660
181475
147643
130817
202055
154935
257524
196832
111084
139209
131963
165319
90959
187009
115393
168292
142773
138814
125012
109996
139046
147218
140015
169662
182581
154930
118165
155931
149848
165797
197987
113965
167400
158241
140354
224942
148085
169761
297440
185307
210120
162518
173520
168123
319656
412566
143267
168177
101844
117437
107057
125758
138896
161378
167665
156664
138064
150130
167047
473914
213171
293933
226940
175210
146381
129839
160405
186275
113546
169676
163602
130437
161099
142548
110077
112756
245000
122159
331429
206728
155774
172428
7688441
3643743
4486567
607445
1407567
460938
151810
251019
173667
260227
174795
227148
232393
251595
148483
168744
212862
661358
310600
173841
257676
195179
365594
247758
309478
152741
140009
165373
147230
177808
243453
307478
142539
255976
281143
126675
114938
147775
212601
138254
155837
334158
146730
152626
114847
134173
125064
146228
490936
162120
177686
160422
257419
221624
236648
223564
274703
230067
232766
220777
173180
256112
124121
232063
284403
529756
310438
150528
249443
201973
205945
137579
137918
233759
161479
199315
322286
225440
178160
241040
309780
372427
197245
210739
239938
193817
509801
299195
218955
239541
192285
206195
146441
302307
229920
215751
161182
109077
221500
148051
143400
165287
96808
213776
142452
140638
132719
140932
175324
128654
125910
188747
105434
139135
98224
114244
133716
165346
95377
151254
239618
132044
165638
198917
203930
186398
131851
97824
125435
132787
135979
212912
101987
126092
146262
194991
155064
102514
105691
109348
130688
164557
116997
161122
130732
278626
170805
119765
140483
160378
158263
210224
116710
147033
103428
126061
190758
165884
102888
104954
143554
178624
139793
163442
118705
110707
151724
138868
282430
202314
168425
224715
346980
124268
229323
110688
154717
150230
160898
170080
305385
134793
202596
101631
140162
121553
153689
120944
149500
127581
149344
121843
125247
132793
137197
174616
138513
329121
6266333
2472259
3130918
1291588
653564
203102
489736
309515
144859
201356
252090
286333
232513
224981
146222
167100
211644
144574
190689
213545
168797
169911
102848
128657
182966
192939
140487
251645
283110
128368
4327049
212886
126756
230308
175846
113716
338034
120125
414142
216683
155728
528097
127768
223619
147166
260114
167219
178761
430755
296547
329489
108724
217263
249444
188317
160912
168162
134526
136214
127284
145585
436619
144235
117483
143483
115545
136343
121056
150067
145370
134909
130327
141597
144374
122687
137730
151190
155573
361315
345337
277120
175361
504009
202680
153496
275287
112633
146088
178208
441976
423164
330339
112379
120092
126141
127201
128669
308371
611731
159220
164498
140434
272612
135456
399943
155550
150120
781068
206477
375065
278367
176226
303161
222146
151289
365687
280442
174979
134558
170036
191756
196746
170596
146228
418232
284909
385875
213202
256296
610178
236485
288921
394756
230452
296162
147232
170604
193542
182556
107075
163570
197001
569223
250814
245526
260013
396611
253792
274690
282979
250093
217078
203098
176640
166349
161183
186899
217735
324696
178507
176873
362444
234884
210221
228968
163564
210000
196211
202148
142921
175352
144245
1724619
231204
199275
206290
447800
370619
527269
192156
379555
152459
191109
139397
188883
326309
260961
146033
250883
212971
261069
184013
195068
191987
202877
153421
498445
143817
2710288
3157256
1613034
746322
307151
175491
233486
426804
427452
185429
267620
356034
179926
793635
222906
343266
236541
210488
388174
153169
232698
249788
545899
751152
160645
455687
615175
212548
217783
171429
209335
295255
264839
325612
207385
159559
218533
143899
131764
158700
108892
167309
152419
183907
180603
208533
177629
201595
205067
98891
187311
172874
199092
176886
186937
1203347
251318
233454
2341701
146649
315755
1454605
289872
214639
455785
219833
149373
175933
201733
271723
273156
351443
194808
142439
121310
109888
116825
163577
7135349
2963288
149344
108386
148681
149803
130870
130392
124146
141420
196852
229628
166565
203817
116631
244033
191745
139741
148650
155942
233710
177063
337128
248633
475066
225770
237197
148496
165453
125443
110633
169117
124060
116418
146850
152598
208371
351385
189243
115182
147255
217815
231637
202598
226270
236569
380072
121468
138828
138888
133369
147429
156813
152820
163373
171337
148404
160899
158171
552133
549559
218732
237547
150025
146057
163789
162777
94374
133274
124555
158425
260346
247747
183154
150242
319951
237303
198903
181703
187654
163242
273899
173207
171150
164676
156961
342422
155576
164617
171274
155708
194306
211263
190323
284592
161822
169701
145934
166612
165038
275794
127175
145714
143082
121543
138273
133481
161958
231455
196381
146493
132994
154402
242057
206491
110118
180448
186358
252031
2070113
7825787
3719222
3484770
1689858
620636
141701
300689
186115
280982
174502
165154
273709
179427
178292
217876
216446
155871
403539
193847
115572
155607
440909
148283
159946
188184
92769
124574
268306
149403
133168
112504
99479
109494
118750
448067
562200
275833
163667
186225
182784
179742
174189
163426
177092
152374
150473
279178
226024
223984
131809
126235
211034
186945
133444
145776
168662
202779
142912
123515
129054
3374091
176988
150484
120333
154881
510722
148566
202943
257049
164428
128168
157290
256655
308407
130567
232884
130459
178231
214713
194798
214170
151573
144686
134458
157456
121691
139937
222936
509308
195387
142230
142399
125584
329072
152474
233358
123685
146514
180732
150968
167917
160518
144105
114769
139770
107376
165597
263801
161634
474415
163203
232738
156413
248700
155194
244811
332071
178540
145926
148333
189308
198299
371453
164924
141000
239073
147201
165309
288179
174151
190950
137252
154878
140630
164732
141758
154471
121515
141593
212546
129410
117385
226630
308101
126060
138820
175222
144782
159436
308150
180435
120388
119693
115852
122581
124789
101060
149107
124959
247911
280623
285793
104836
93348
181225
143852
241184
147178
191498
243510
247478
196073
339121
164313
152914
118423
165496
166162
122276
247217
153478
152637
141804
219265
138513
168038
158656
140277
293720
163925
254904
249754
188319
246836
236638
176823
171931
211443
7220385
4062756
996974
1265698
350009
200396
261699
283593
252065
139339
175667
201076
175414
131561
151270
311141
210925
186355
159016
296499
191182
219341
118241
140899
473731
159036
159356
120677
149027
143349
222786
156779
193990
118398
139967
152617
223574
130841
145705
246909
155456
155339
157408
183689
211569
172570
195774
331497
190800
188683
130822
135374
139979
153535
135651
131457
231103
140879
196311
193689
166512
178614
109624
154961
292865
141604
248339
147552
221797
132686
117494
108124
138562
175972
187531
250498
202954
247565
200452
159440
135268
168917
109249
182183
111933
124204
200455
128884
193267
123312
190637
146515
127245
163139
168007
120130
271104
372912
682236
177279
229455
158953
173020
191966
173954
227265
180928
185399
275077
97657
156703
128893
157088
230120
394353
181042
237513
483274
331612
180204
172393
193354
322883
169922
163491
214405
118018
128886
170636
145433
261496
217549
470166
157835
527600
213066
167655
302909
196449
263011
264528
181783
180100
235341
223655
180188
157097
200435
895899
211980
161200
232990
204708
581454
281048
167545
811782
220504
145421
188363
236892
280183
159931
178744
196525
179588
254066
178368
241241
151556
262406
182073
126413
149851
116152
143145
237280
271218
227933
171224
192479
219100
208148
185756
188948
177708
175693
864795
167296
130297
211988
167016
298765
145070
156943
197241
134424
214275
5659335
1599894
7149746
7135803
3022583
186001
158351
225496
171603
224468
135432
145587
423272
324723
188190
244136
133740
171473
360565
174249
203010
733878
727353
203869
306633
158251
227239
277028
203021
238475
157037
813800
199542
138540
138110
148393
660194
144422
243989
152390
156908
203603
150327
155856
180003
206652
243338
440317
183633
223794
121714
126767
141465
103078
129586
147352
152719
139052
165647
127923
152753
407266
165173
222209
175849
162646
171438
155330
145980
141158
146429
232843
153671
140171
134505
138748
141461
124956
160838
139395
203974
161448
165792
125554
212706
305834
113520
129921
189600
96353
149240
211464
182521
111625
103595
146325
136508
141412
116104
308679
171240
196320
178295
394921
300544
161794
122767
285930
161373
135834
146768
154050
155125
219811
129505
157041
225042
137096
126646
136976
129211
144365
328723
127987
231097
183805
229803
251529
233372
342740
216877
209845
174165
1921085
360525
163577
240530
1090867
102131
164920
150561
338149
272263
195227
154727
158029
324351
156433
242251
177414
176767
173212
296444
178962
322485
339183
423692
223693
219990
170572
354425
241349
208387
328533
162900
312638
740500
333351
211444
952677
217937
158005
139093
130323
177325
369699
167572
114817
159659
597117
235908
323975
204799
250713
222652
188789
207933
166959
212042
155802
164727
267933
442059
237975
209939
133519
599097
175452
278496
5019071
1201450
1640019
1987258
784010
332571
223605
343136
242568
253106
3566617
142918
233247
178217
254408
280592
399969
260366
369023
168076
177557
186981
143849
154311
273458
224684
218841
230680
190661
121203
122858
109484
292938
332551
248156
272645
729058
280065
213529
409977
168804
130627
153611
167962
443380
127777
147786
191550
249618
244301
171791
234263
153516
153755
371591
213953
187713
196861
172216
219433
421377
501597
167234
166988
158048
159947
141662
161842
180036
433843
404107
264096
216287
299311
243148
256945
179384
128596
263525
163825
271747
125554
205986
207117
164333
190815
222376
180675
143958
152485
125969
109767
341535
278757
173821
1321394
302656
150802
128686
115929
177418
195618
304564
295074
165433
143078
130839
247591
221901
185439
349167
192479
379979
859116
245803
248087
206406
244241
251122
207459
133644
224446
165046
216833
151991
224254
897027
120195
200906
137313
155446
166837
158087
386397
209926
117021
235154
310896
131649
213712
153420
235591
157943
205769
170515
266063
193955
117381
291087
133035
156706
429662
190985
393170
154191
143565
242801
136020
167355
167059
213025
222406
217797
126944
167822
2381520
168242
164841
158696
167983
178665
304485
2231188
229776
334660
283473
220525
231068
194379
294549
136340
320819
395440
189034
322340
206400
262459
163918
139444
127999
204537
181352
201024
211932
238363
151930
214029
204506
7744323
3839513
4210213
3215638
2271138
934716
183198
230063
196305
259590
328032
183629
117547
147221
223681
113976
209345
112845
168127
159437
214335
146684
177700
267488
189591
161215
149801
295734
254246
168080
191361
966521
192746
168895
175831
121498
134725
554615
679882
146600
130498
165197
175356
328385
146410
172289
658207
144648
135836
314914
160671
128347
126894
124774
137634
151794
120379
183845
143067
156260
106518
147709
154067
148185
192735
139793
176912
136387
242175
175222
144943
181381
153147
120712
214588
162197
150322
150555
144287
224097
146072
147994
238656
237594
161785
196428
153775
336614
122502
123180
220035
219903
370593
238440
269780
161916
157893
122448
95728
132459
198037
179537
189139
301509
147240
254686
156701
265503
171793
228493
140912
395313
208233
223070
182687
116034
285796
147412
113536
205236
190197
590382
421875
145648
144839
158526
162549
225302
114902
225229
148083
238269
388911
137832
228444
272429
345807
161200
163008
132447
150788
142229
130956
202199
128540
184562
134541
158193
132202
158481
172509
191376
345433
270477
196662
197373
157670
162713
124127
137728
206058
168312
151378
188074
215476
221035
307600
134855
248483
140602
201584
244139
161515
186119
296912
180503
183760
198024
218247
237832
968173
207851
273786
191706
285490
141731
196995
226004
352740
272478
170698
146320
154330
799391
165332
134396
139340
155777
142234
146955
7797076
3961290
4613257
579025
1609659
648599
156174
241404
267101
186017
162424
145168
284764
226855
195883
290553
219944
301259
153823
172764
149227
197701
128627
252233
308668
652698
164608
190787
172962
153778
170634
149972
328630
204497
295492
346387
157434
149904
293192
239746
139894
141842
216954
421801
386640
186456
234057
159912
138660
147736
146335
142103
173897
158372
143215
491695
145840
98603
171888
488734
188377
207313
159378
124942
198016
217490
170825
188818
253960
203112
292574
199179
248717
190119
229720
138983
124807
218148
144754
179146
170800
136589
244029
136741
173015
148741
175401
142525
152248
276510
247221
263324
232650
163887
169489
384017
457394
247691
264387
176399
211840
239676
234093
478824
275708
165047
145982
100372
190890
292172
290944
268116
288518
418521
208667
176555
311398
225112
677181
143953
128310
154093
162682
343940
213959
274322
228270
206206
262696
243560
219283
343094
394588
334861
288766
323810
361805
148376
143435
211609
196545
437561
161703
179808
162934
917575
416400
279360
287444
610189
227079
185151
203687
317130
425503
203067
461331
304096
158745
174449
254459
214861
190074
160776
163951
174902
274633
248043
101591
148746
154751
297408
423892
174027
178589
160755
225565
154382
156825
128786
149368
154801
132092
163426
149353
132447
133989
139933
137481
139503
241186
123376
106386
132935
4806800
696052
124261
108942
97245
6572047
5888568
3005043
1182602
125966
138266
126621
172190
129468
144448
179865
140305
706994
2120152
265346
161800
153078
147829
129074
134117
154283
260415
165668
143977
137509
162397
144695
126125
280659
228437
299561
157085
156340
360407
184567
306132
146071
203613
130164
177358
255687
134651
151538
216006
102983
243753
263670
199279
234428
226795
212020
262027
201506
200886
308247
213821
207866
120501
165724
189206
157462
142219
190822
134185
161250
152044
216113
148422
166922
272098
328947
226272
212726
355491
127489
289165
195252
289547
153621
192136
188017
182546
192286
263160
201841
181366
153997
251261
429786
134076
199204
171912
221917
541676
211838
137129
191384
174756
203523
318512
311665
152706
182103
229121
181060
281016
180532
244425
226078
421879
201689
242292
145387
197393
112572
171332
167017
229025
117717
162166
303002
175297
190432
186167
379875
158817
390275
179488
314623
196389
193149
264000
224041
251390
274806
113372
168228
169119
179761
160594
166134
192703
196416
166926
141924
142318
114005
140526
113630
139351
172877
217796
171160
156065
215802
141016
224544
171701
219120
161387
227122
136705
139258
167899
146815
133921
179679
179323
270679
308859
177671
301415
198394
91525
152510
123285
180703
324196
242501
173665
127215
153911
205604
245078
176551
215606
147037
195030
210089
194535
118898
158671
184621
356158
155819
182276
131361
132587
126678
377765
132235
4406318
3393910
1257174
906205
1425396
184750
236389
147079
6713775
2554978
1758734
1675265
2788014
1377068
725947
140251
152402
256732
259070
110992
182531
145707
123569
137531
143171
200266
134712
669418
104240
180835
112070
99780
155227
156076
328544
149892
124187
169678
194098
178911
235854
193844
195048
112781
154915
142613
165969
147150
157728
133248
180048
285107
171438
189453
155188
187491
125934
204394
193209
279719
253051
176596
319445
158893
231980
312667
181079
176962
177509
495838
361711
183190
166410
202848
211231
240184
146141
994114
245161
148332
323888
271368
259910
251963
138086
234082
179667
158485
164522
183972
146543
185350
240832
707957
163216
157971
173914
203027
307554
127677
939877
872450
237415
173488
187391
255218
146382
189072
166148
127356
143756
146673
128020
181433
139669
149764
178706
228725
328567
164689
176660
181433
151688
136456
126998
165523
150707
163910
171042
162890
154695
131746
209241
119412
181198
219972
236052
245293
143130
225983
133719
172791
132397
147183
255063
123579
147672
117338
146438
147461
269415
288487
162300
120460
219061
131661
143051
187957
112634
149221
118107
184300
230980
123977
142442
110812
222151
105271
220621
142932
165509
258803
215791
109914
126748
160327
138381
168927
220202
200750
271411
142274
156519
124117
181123
143609
127907
222388
163646
210107
262179
197946
452029
288185
128912
116919
144704
130051
654902
12121381
8261130
4232790
2967605
867199
1314645
174627
240957
262500
225028
219239
221682
225378
165902
275598
148248
180675
179175
328892
203828
286029
332145
166973
222061
175029
165195
190429
161076
135727
163561
357124
162992
183668
156046
235606
223355
211198
300816
149510
404360
335645
468867
265258
167213
101488
342908
183862
323261
161699
186149
223160
190047
275636
178305
180456
167500
194376
248605
215351
224109
175926
230032
137538
146303
222026
197851
154610
199829
139465
149965
146824
164927
138105
145835
147809
202272
133032
131820
137019
130544
147738
139550
356573
290099
185422
186074
186669
136101
312976
308076
142628
239070
180120
169124
126199
129125
142448
148122
135622
133228
145050
145569
136069
182600
135078
149967
171426
387067
190145
217194
348444
279218
265109
257768
185019
242981
176684
149324
347703
162945
218684
405395
365203
177380
137152
187781
139004
154464
150157
154642
150698
396015
182064
186732
192114
175306
183596
129159
138334
300771
163275
2068005
406394
221149
288891
211009
149280
191740
153792
207480
205476
389103
147669
155194
139219
170206
195083
159232
97536
211386
120273
173317
159315
132878
154558
189075
236763
228055
149139
1102426
5087255
912891
3121100
536406
124280
142211
232470
239224
131791
135176
196846
123234
127791
136022
141479
127706
119316
120720
240902
294695
195698
207614
151818
164988
220905
128631
155052
115556
177253
169071
5307323
1653044
3315875
2912285
1028175
511742
230247
279412
237458
160211
173004
260443
241396
291825
162857
254490
201459
155195
244152
170189
223126
130245
257615
328051
197824
135719
135256
134892
124797
132223
194599
236986
153405
242058
148447
136721
184464
234545
132126
130703
190052
190326
130542
106577
147799
173124
150915
205928
127322
198924
121051
205826
168206
197551
174383
142950
183732
147389
190499
131573
125547
183004
310807
151493
144231
161044
117393
171314
149899
199377
164589
294020
221053
238342
139239
135904
162721
149934
167895
258512
169315
143168
173441
223775
178636
171427
267991
176380
226075
162631
183589
139024
118519
146437
116794
118511
172680
120960
156991
118335
167091
132783
152360
131019
222022
126840
142500
212869
174278
160806
159194
224312
319616
385316
134870
120834
133311
340453
283696
150258
13156042
8968073
4835977
696537
142137
164547
225458
112493
116830
216962
131941
164128
148967
130192
232661
385066
410543
141258
139243
102583
337541
140442
153200
1223237
163338
129400
184164
139540
206015
165047
167342
341677
122424
129616
124993
166367
162345
110009
156815
120216
134111
257113
293922
143998
123048
132107
138860
109802
149164
2504358
209316
233069
242701
136171
245387
261414
258847
270777
159033
171639
160335
166334
197893
720020
178932
119757
118806
142539
236677
377421
116710
299513
181361
472828
660719
496113
490512
210989
126591
295103
3271592
2356707
1394749
530429
337353
163277
188022
228456
253736
142409
305523
127321
511485
264403
162366
209537
261336
131753
234358
173381
181118
176741
140430
137089
234428
180150
222949
207278
252897
168226
251026
161260
187052
186257
126660
462064
308374
205289
204124
188477
280896
159547
312163
262149
133800
157649
160465
126553
202948
123024
101352
123596
243189
117629
124440
161628
388617
424434
157930
253979
151236
139654
179801
192389
148921
270066
321805
345622
114199
153082
175003
210050
180963
325792
177556
154188
126637
222017
149153
248231
136275
155260
176707
146479
203025
176375
145445
177698
155749
140048
121566
144254
157084
181659
123907
204163
183101
114511
191181
198660
2693701
7398669
3224209
202474
232378
283674
445091
169390
181398
202746
278935
312042
160775
205271
171735
465518
326136
191881
328436
326862
258062
295990
153007
184428
192775
196970
207325
274163
233758
199206
190348
176369
250987
197630
211090
212216
169868
169499
219395
196826
223067
179336
248357
188872
216329
121407
167989
146714
141905
468472
180779
179254
158700
236187
202592
211166
398626
171440
152953
295941
228515
310849
266564
236115
322174
252781
259780
279185
144683
229859
279686
164852
134332
190015
148041
168286
127620
130924
184814
120651
222957
147102
198904
187635
142711
127225
146616
218250
139488
220405
216435
277643
172271
148580
160845
131809
430284
138062
8694525
4561322
4022065
2264202
1875883
185758
267112
131218
182480
258505
140250
223832
258494
312327
162955
198706
158563
151078
188195
180095
131760
352906
135814
134299
207036
123516
153566
123828
162623
175221
356078
143311
184573
125515
113965
159467
124903
213787
174586
139414
240614
152422
192612
205240
159398
158767
128710
214072
239925
202914
179570
239139
167874
125965
135204
157535
131083
217304
121780
145066
232832
130303
174938
154070
339016
111477
222000
283555
340978
145791
199753
260638
199800
299234
268636
406761
243951
303807
165503
279132
169266
143847
209697
118612
175369
193217
152546
161039
105927
193414
317250
181639
159783
155139
213527
155118
175716
188842
150824
171509
106260
175576
165256
218200
150850
209953
131494
139076
140168
211750
139684
275355
132128
194511
146893
194613
367126
169845
196166
141425
136875
255764
124119
111076
139859
126695
132531
141641
136157
139674
170720
150257
218160
189126
297221
187996
141833
141492
136206
144335
144421
173959
187036
170328
291645
726208
186433
153331
208849
208389
162986
124986
148481
136841
179594
183506
130811
195150
150902
290978
448128
270144
182791
158922
228533
172856
276513
125930
271765
464710
327978
162757
148472
130167
132615
193493
129936
115859
149178
131200
152637
161153
242927
246509
200295
174982
151773
145824
117276
117949
147223
196257
112936
162193
132446
188420
127613
151190
138589
215372
6924284
4041384
3331448
4027530
2718041
541378
133455
132258
210805
145265
191899
194350
258769
171051
153316
347357
214120
189766
168838
205624
246921
148081
128217
148828
168522
162021
140898
136248
194482
112086
194548
346213
119417
171490
143540
175183
119328
103823
132861
121701
310483
152621
111541
1149164
130406
177778
179316
133574
170689
229122
189196
167274
145635
150048
140519
132962
135279
142766
117662
138916
142021
247313
168371
180259
190357
151998
151894
231766
128176
168764
137520
192162
207599
159255
143087
155713
291679
232393
180021
122345
136142
183834
150851
140812
161950
133492
120178
147505
134336
247483
165061
135947
197571
197231
137412
188874
139302
116088
129121
124298
140979
122011
124921
118349
145380
143145
176087
203085
122184
139283
163465
170443
187940
229633
131128
373869
172175
222623
155266
210698
211927
135242
233604
180000
199971
299293
284571
203651
204500
191033
301228
180621
172557
167778
302332
175950
122834
298878
238440
233044
147848
177265
170397
291021
156070
216562
188148
190004
235750
350945
210052
221575
179501
275981
192051
153082
196959
148409
186674
184924
171531
118240
144499
155287
269026
137469
167465
134785
338074
113842
176652
113592
111652
134797
136243
142761
116366
168683
130658
205168
167934
130446
165623
176681
210080
170929
220992
150111
306294
163379
150981
151497
180460
123373
114966
134864
174362
203564
156143
170043
134735
6355807
2588062
2860763
1602605
1658039
571066
201650
263598
172438
179197
230494
152790
154119
155858
326207
239194
150106
170147
270990
163026
423123
289434
336461
183589
432879
276651
184483
149793
163060
147014
293697
177800
155462
231754
238931
170395
337362
390145
258831
246795
266758
144794
375855
176799
269535
197462
190966
178436
538230
158310
227773
266231
188686
150396
323286
355177
306992
175135
413600
360411
192268
141998
370218
228302
177025
194704
143160
186164
257548
171817
151830
228825
217346
298468
2707784
4848745
711437
105368
9778706
5775944
21245324
35611389
40061263
50714370
48038085
44052200
44045484
40095802
36485889
33067868
29874543
26848163
22866323
19136250
16289971
12968491
9073345
4946126
1802141
186011
134771
112028
131517
206701
438311
447605
164935
281713
239734
143706
165923
163788
274568
217701
139009
395211
156259
123386
341685
123294
331562
786068
689614
212562
320986
739125
176267
185461
222301
162724
338883
523456
152163
123191
189523
144010
188563
207479
277942
198021
212176
152610
134648
220536
203178
330217
388590
478076
221180
147297
234930
268057
190397
204437
231111
352997
260128
181584
265428
107625
221723
213073
222952
220752
164984
189313
142988
157632
186222
169235
148936
179390
170121
227938
212169
221525
142526
175480
180806
192362
260853
236525
162543
146608
165246
346936
138400
170696
178784
139879
172710
178230
251398
187454
156634
129272
132786
106696
127921
7802389
3858712
1764726
856630
1423003
240375
172458
1712102
475615
141586
173494
149682
184059
138939
120184
152056
164370
145115
160677
161309
206835
368731
173186
349382
182752
146966
165763
195238
364400
139289
258449
269694
192929
164335
161917
177588
142345
165374
191549
173436
210743
149163
118718
171199
167220
127000
525205
134315
148708
165959
152987
178194
348282
111000
137528
250905
184380
184818
134668
244126
133640
148169
277133
622403
279108
243020
350282
170132
123160
118571
157403
180476
437169
152600
133225
176222
153061
127630
122787
211037
167385
146754
309895
245361
155441
121558
139310
293186
359955
145357
206804
152178
277924
194716
357968
193315
189488
164560
197023
336307
150185
132803
185355
135995
311608
167875
122832
152840
137919
190036
117880
170922
143185
125616
140576
125548
134533
134251
164265
148934
149479
131730
159656
145247
186030
221096
204622
815678
168374
118839
166121
210640
282136
187462
186771
217251
172128
166609
162751
166283
434778
372683
173144
174643
120293
168714
2544630
172460
181299
120435
320626
174450
180178
249957
442540
206161
175393
204167
148710
160740
281922
164417
189202
135571
211875
286893
156631
335880
168700
198648
234272
698249
459897
289954
289235
192351
209371
189784
250727
316367
261904
259812
213792
322937
199496
230303
177663
208023
183492
503468
143285
246806
172719
568489
184544
273319
371802
1514434
172181
147710
176294
5597534
1916069
2263941
2353873
1245621
136825
162010
196385
206738
278355
151864
167810
160213
161250
205071
188269
166311
171233
139054
229341
127807
132815
119548
124407
152239
218347
250449
162826
138594
171846
164992
157210
136688
128229
185773
136325
127766
145744
134472
249752
135150
187479
156852
138854
164408
120273
150871
142625
135898
131006
162672
227299
459031
146641
245262
176301
148547
219900
171221
141718
217023
147319
215820
179789
180558
141251
164608
139607
107228
183634
148050
254761
3012202
121664
113311
134043
161919
155047
153457
190556
250653
230539
389859
157093
152106
169394
118204
180113
177115
184894
136598
113694
159042
145122
162512
248992
117540
144773
260185
199401
157232
169058
110586
102125
143987
192182
208379
134022
149588
107964
164420
164708
195227
198199
197519
125731
118617
141267
140009
137511
106400
122338
137406
109457
130374
122367
125597
133719
178498
134940
136328
134708
319777
154150
155573
138440
133577
146778
130865
201855
276691
165059
230759
168301
163840
193303
269220
146884
114287
135200
144807
235518
208637
177570
277265
361377
372263
164717
156179
170256
191885
1196900
127340
122869
113441
102865
138630
126315
139898
127537
200614
157641
145363
259302
190732
257857
210924
181493
285813
175057
283363
283198
186287
345142
315358
236203
189386
131592
168627
194916
192470
229923
288635
185913
230954
196084
253071
269909
156817
269517
220604
5149713
1236299
879558
720088
272860
189930
246347
267269
215937
153934
329801
165467
166721
208157
166537
152879
185528
177708
152782
149142
286981
122904
153919
192453
155801
247146
173403
239331
165195
130820
130092
121516
141022
143612
147119
153992
133924
240073
156533
173126
137356
146336
218946
189814
191592
157160
136580
123017
138370
154285
136260
205621
409946
368626
221268
322639
179143
329987
497545
214875
188761
177657
224640
169413
227358
212516
194138
186158
181806
126081
167903
287424
158237
176110
275753
186861
461447
173239
191571
143684
139924
156023
159063
175080
170582
164709
176258
136598
182057
131764
129852
163632
174092
177752
184651
317231
652662
200361
165931
140814
140427
131271
126126
116684
229412
253143
197615
157626
114698
112805
115136
146492
135776
200360
167422
145688
191952
180097
157957
149596
539899
140145
155947
130565
167172
156887
211582
165951
189805
138887
217688
266431
273546
848946
233822
243228
189884
156426
148931
180252
218343
205867
217091
384897
237997
135848
184183
188883
230071
279880
125226
141586
197764
244452
126049
132425
231071
203899
213521
127989
250789
520938
172252
182438
279381
252797
139913
174621
226004
378592
210425
146467
142067
120388
2677298
110188
148591
169220
141259
163778
166919
153272
129662
154913
152847
307983
365038
487343
154229
113296
217543
165517
177111
372016
170292
141095
300672
164729
183499
144958
10370826
7821047
3790335
1920469
418056
138781
220035
167448
269111
256410
167181
166100
195027
175921
167419
171793
157630
181219
174509
364705
294401
283708
177135
138731
170182
162577
184508
190963
368285
336924
179914
232635
230190
166064
167540
171959
227448
366520
262744
176200
214557
132794
172655
203207
293370
162807
251520
144240
192887
291864
351680
305542
200496
391539
333153
163037
137200
222450
261309
270446
136782
168785
181370
155488
259871
144911
185994
208441
218992
161960
240027
140674
257407
176110
184786
224548
329277
207441
251065
119993
136855
171173
196220
151385
207343
127179
170985
174953
169767
147743
168394
134858
157251
177838
190816
161351
139598
144350
260409
322592
245254
600474
173202
160405
198386
161268
140008
324527
267524
226533
289760
275756
131777
119084
157971
134912
177714
235277
170643
188280
216261
168653
139682
226390
130401
177703
179159
163903
166993
148500
126463
136732
220118
361923
172193
132384
202788
124089
140896
203791
221429
272825
192693
133216
198760
161658
215228
264888
312431
404175
203952
219089
191019
168108
173710
169848
142228
222191
232149
246295
136205
136703
199702
276482
308217
151356
144314
147992
187682
178845
142448
206509
209628
179132
194618
148968
128592
154261
204535
184701
199309
184838
232603
117653
223299
156248
189853
211358
177085
147610
191509
148356
149961
483687
135292
129322
195202
157905
130018
181430
5678951
2444237
3293218
7601489
3500357
832195
221662
226484
174181
228020
195204
442282
333359
221501
193344
233838
222923
139788
185485
247063
201548
217372
138881
322741
774820
134523
106712
153159
253617
158028
199838
143951
194858
176865
160664
128302
124764
163436
123231
126502
274569
140635
132968
190952
167868
320216
312505
109388
173826
123930
111321
124919
117657
153484
150040
175547
188059
135305
165135
264656
170016
242721
333380
218788
337141
349344
179258
166959
139659
197291
215754
154868
202279
318144
144760
129593
155472
179720
130573
133967
130910
139622
112308
140763
126994
278500
129473
174409
145354
153470
127383
141287
126043
184714
170956
193012
140279
262091
329512
331776
180332
260120
216106
247869
202015
379148
184244
212414
226230
205340
311984
181782
194892
177926
166036
142774
132387
216406
190750
160169
167483
155391
234392
143782
108740
232947
191372
156010
379191
158695
326951
206033
192362
218364
178274
181375
209595
172027
218568
154908
511013
193929
362533
133863
359324
134261
128800
192760
175811
127745
177355
160844
198980
290804
147761
131226
216377
166248
178450
404426
253370
112250
170713
317862
353699
446742
223557
213985
140634
255022
186287
191786
193980
177018
144917
129282
147863
132320
362478
163032
219546
157621
154563
128114
173240
149931
132037
169944
170269
152096
147152
190147
195369
151266
195662
183566
142194
260664
171966
176904
139439
10640395
7628252
3471056
3158601
2534355
1037425
144527
146709
280059
165098
268820
286142
218486
327455
121331
193936
106106
126350
141189
138023
118251
133150
122997
108530
201776
127488
156756
158456
167028
171072
131163
147263
617785
153779
148641
129797
146206
162653
205704
148259
130311
116619
124173
125724
199768
171806
167131
635237
158479
115462
156579
139729
213811
177322
171141
162668
166681
199139
180100
150934
193513
149910
124706
141608
129828
288213
132643
135815
157962
154203
164843
174895
334858
185796
322758
204054
196438
167088
168140
153214
133680
137918
125460
142487
160301
257174
255386
138388
150299
140391
211075
112200
107679
129287
164622
160126
189604
157081
169779
179255
183926
161290
286637
210875
191017
279664
176009
161958
172666
157851
208391
138736
193115
167156
175869
159008
288881
213625
161464
134236
163860
111752
147706
140878
149115
177038
135948
213039
158276
113961
114755
209899
156129
128862
144641
164667
210425
132948
173136
96102
172974
173730
217101
131532
132533
122882
214853
156199
151226
157497
162914
198871
143966
208660
193304
153525
189266
177797
139688
175840
140285
159609
158491
193121
330486
183961
189185
193043
249615
313369
139018
238108
293865
163107
147571
198161
206911
152779
171125
247768
535163
170417
275733
151175
167508
121091
306247
122287
157688
275965
142248
255462
149912
163517
148542
138074
162220
188669
190663
180152
127033
10643310
7841173
3720479
2250661
1501103
1262514
222111
157804
267101
169969
234017
146170
167388
283197
175308
202653
159360
150414
180722
183000
133156
305461
208086
166291
301580
160624
310502
250382
195455
145236
208710
137989
262856
192903
216750
284086
149798
244033
197836
235173
105728
140157
153106
146816
162127
173281
141087
142022
161580
215187
152108
219545
144825
160038
190115
196272
296941
211569
159937
199652
163414
286568
249738
361544
272052
152631
151662
416672
241509
216322
184552
185636
221205
165081
277823
372256
190686
178079
408506
251290
143835
171074
179224
159851
240014
156742
356185
247493
140093
231475
151035
138998
232290
126836
119866
4175201
2190150
209034
126931
216886
148559
239818
119223
159296
154703
146360
186736
131623
222130
133424
328544
162368
199448
199790
166300
128331
159422
176448
151206
393594
151220
490329
171608
143075
112842
120566
157550
129044
225616
167965
174908
114610
217799
295185
134566
145486
246385
218318
122933
188222
200207
247297
362278
416890
201979
356330
179855
144770
133223
128024
137796
472297
295835
696150
775334
230054
192934
134507
331899
150784
505204
217293
127482
139665
539215
124310
128891
172280
270266
379567
203173
180953
155181
287583
140525
295251
185004
375625
105608
147051
199831
298416
157596
171250
131547
167378
184351
108148
151009
170267
146292
213489
187527
157827
121387
239947
186720
260217
205871
192941
616133
178531
6376239
2189644
2531044
2263600
1342287
205713
121629
191813
203079
161806
134000
133898
254383
184341
240944
112031
130414
190927
136645
135206
120014
268198
285933
181137
146212
296497
153802
243585
674656
120487
139869
109026
195259
167919
122631
168209
147213
643294
195443
180396
144666
121556
162306
292215
190770
333507
505553
218493
154118
153213
251491
526395
193438
156657
126380
300889
143753
140158
188149
211290
151855
185294
314075
331364
191502
401252
330866
134655
133806
116369
148281
132531
125198
122030
133864
117426
147156
117333
139303
139244
142327
128013
114988
203262
906713
899064
115956
183093
130219
100819
103490
128064
121154
134490
169286
122651
198851
152520
153214
145273
189581
310356
182588
191958
201900
195034
203180
130704
130674
256890
296764
714330
142128
160910
160750
181133
161798
828998
178388
212821
154323
122266
141718
269566
165329
109041
138301
155224
112920
145047
122707
125850
212705
180275
164468
196843
150184
121632
195700
175523
243311
392249
166568
181466
305078
176592
166282
155930
153162
201898
308253
237396
416188
342540
1172079
212978
164520
257812
439221
376350
218579
267420
171908
397312
322180
266945
256200
250248
285304
243544
285114
159082
140111
139386
131076
146823
331490
170505
195697
140092
184779
138295
172191
152974
162276
176029
147695
148805
166589
128127
141545
241463
341179
141197
152031
156620
164302
497272
236492
171571
8106195
4534513
3178883
1362985
849347
879282
231641
186189
349771
148642
375544
244920
271694
326875
197971
450404
181071
213059
227252
124057
212682
251936
234507
155507
144022
128322
184679
121533
138822
159968
105946
121717
165254
165885
137783
149662
132021
240709
132821
122942
195112
147530
225726
228453
196217
226122
213156
177719
169042
218938
216857
474946
285194
223810
213960
384847
287715
314542
176798
307224
1023679
244128
272153
157427
147285
161592
136052
122028
164033
145469
156329
