3058880
652640
392108
323953
404192
407304
360320
285188
297097
300714
267940
309863
266506
222684
238577
178482
196883
229617
168312
177004
186370
207323
179669
223318
193858
203916
189627
168340
164152
212204
175943
193602
175346
193311
191712
164951
182023
189568
174340
187269
215478
190425
187152
201428
235503
189189
233147
187786
184663
182246
165717
202168
183943
193445
203193
185359
171628
212919
176789
204001
179783
200489
245623
228902
191642
218757
195498
216526
195061
218867
219914
259067
249890
220072
303971
405752
282969
413955
322670
380885
384868
295314
47381813
43182221
38939856
34773795
30546019
26330361
22102132
17937906
13690656
9566695
5429456
1294591
259757
209120
294405
330583
280248
246718
318417
340860
250927
230447
248455
362866
274554
232755
311373
251233
264592
273840
254573
279595
304920
268926
276377
232501
259850
291044
312459
377050
291505
214527
305636
219431
270459
246256
250873
283642
259408
254797
236952
259640
236627
273932
216445
239412
237870
313248
306626
281749
259137
286562
355320
223955
267228
299703
207013
229263
292399
258610
244773
218781
243618
308909
217956
275157
228596
251981
194998
266881
269753
282646
245778
234133
267829
205787
277974
270796
474399
227138
432371
262151
331499
206473
228431
260990
293452
297700
209833
235176
314014
223253
280616
344268
240401
286539
240705
266238
223276
260508
236239
323364
331835
277203
385556
277409
292933
218925
289158
256653
282203
235451
325826
231597
282833
314124
218939
251302
319070
233302
271427
225236
275876
271430
254491
244597
251079
329784
206346
315835
210514
281804
349478
298106
242137
283274
254108
274040
210679
270204
217722
300636
245982
238218
255007
278067
253622
283475
227771
319725
235396
282946
260669
228752
281387
252811
234665
241478
274398
413797
223090
240149
245150
312886
228047
249996
255156
220978
227238
214177
228688
240308
305807
302129
220781
313737
268625
319180
328592
311790
272454
288537
271018
230348
190984
283542
274703
264423
258451
290441
317484
445811
236244
332618
264228
265882
260605
292069
285463
212257
224387
240189
349700
238691
310637
224524
296158
291511
248728
241129
237447
258905
292002
254806
249128
248912
205242
342350
268712
315658
242901
32363492
28158481
24009294
19854453
15672642
11578320
7494202
3334238
245933
254579
270192
307174
316707
266236
243509
367466
222288
245945
371690
225959
250033
248755
235072
227981
222057
275731
333193
246073
241869
267612
214387
240590
232341
279608
262196
370907
190410
276407
300376
265972
303002
290127
215060
290950
246100
246923
239677
204558
240564
275809
211235
211102
266122
245262
266020
264144
216215
247083
387934
266231
310895
220769
285530
280978
251713
316908
232184
273080
291930
224529
258302
271292
266215
294325
223978
300294
336436
302134
204992
311101
199103
233758
281640
438494
225071
225527
245767
256901
264721
383754
309314
332206
324215
229412
315799
201510
283224
238875
233543
274847
228936
260367
221143
213478
254260
220531
232698
259153
235809
329814
252758
304225
232472
266240
255118
253288
215422
267852
273515
250692
237774
308798
282176
269810
327682
349707
294754
362596
257193
303707
242396
257854
273994
238049
393341
267742
259442
279256
315902
225806
253136
233873
368389
215778
233772
273326
208000
291126
264240
252526
231755
253269
229635
241904
316774
262338
248128
217910
271652
243749
286136
215669
221466
251912
242983
280918
249538
248771
228448
287889
318008
242794
291683
299348
216140
274030
298966
200018
294330
244833
284107
237674
269518
284352
297878
283517
253007
293021
265847
298992
298728
292754
324598
248008
276019
245798
333879
246450
279994
265337
247634
249799
228945
293921
260594
369819
267681
299508
250264
283951
418024
283513
210908
280823
348846
202702
202662
254522
264677
271895
258691
203689
234522
358041
253856
247600
235774
234054
240133
32412087
28246208
24120327
19951147
15779986
11648050
7515278
3333271
208677
223418
237209
245141
233387
206391
263332
216736
220539
236643
229274
222420
253907
238821
213008
352452
378887
364023
220768
232048
304395
207453
251633
268928
289714
241251
214250
269388
231005
204212
224350
207815
231467
279853
247573
207239
236672
243203
226701
314083
221826
225019
241232
194742
229268
211565
257284
217639
297654
296441
263778
261112
249078
246781
294998
243431
183552
323841
254757
258403
216956
228906
231747
248562
247290
258116
276573
222597
291879
244144
230777
196358
254824
275537
254891
279671
263545
227609
298679
233510
287908
269062
218968
251776
242656
257295
281303
292641
258728
364002
243080
283329
209682
276453
262227
235046
257347
233895
241372
228991
210864
235297
338046
290012
275620
257545
355631
291376
215262
281513
234806
227391
254823
212194
330923
264206
237639
256911
228929
250459
264224
218512
247269
201797
249160
217497
286597
211462
246699
217448
217347
333604
348554
221917
346529
256725
284476
276041
227403
201485
323310
233696
269319
339426
213874
247373
324498
288998
221321
331449
316890
230217
230326
259437
270691
223187
231297
264429
277920
211732
238728
284155
279500
220026
233096
261164
232501
255968
234379
224503
198918
260661
267267
247140
261915
232970
324844
271144
272420
274132
225903
271118
289842
238393
317935
253464
270637
380752
238644
200551
246233
197597
390947
230491
289043
296140
208372
268035
284955
183028
223450
293408
264653
207377
225940
267400
216637
281520
225663
227646
263392
262386
202742
226000
242971
224065
329073
236095
218180
260836
253633
231060
32415212
28226490
24100935
19900478
15751027
11642446
7505330
3336074
192078
239299
309480
250308
233745
208251
302060
206935
355969
374081
222576
211441
188091
244446
262348
204722
310555
255282
338888
242599
194693
247303
279509
302253
247084
346126
216108
222953
287030
241195
267397
273280
362426
252219
232333
240377
203552
418187
259638
265112
254529
244888
226157
308198
278493
229469
224877
257093
227249
265256
235085
256243
234183
345775
230817
264024
250147
209989
232111
195572
283778
247813
290059
292080
206223
273046
239538
219502
291454
303335
282849
263466
296119
218597
252317
345167
189831
327384
215371
220696
256391
215552
226809
261979
217025
281328
254841
256238
280764
272896
321983
357511
241140
244900
231299
219635
239130
236216
322018
330398
231833
259289
398490
307648
247823
245599
268950
250411
321359
291449
325597
294338
297257
241554
268246
261782
322678
254970
187103
212692
212845
294459
207471
284595
263214
259272
279185
302942
272421
271114
280024
328801
261568
256971
238847
235206
241589
273832
205171
252189
216636
235425
245952
215292
308440
281574
243539
255619
193158
273109
244743
220557
206760
264836
240837
234165
216586
276686
286618
252155
268500
222255
244527
210255
237479
285918
288751
212279
274265
241686
249468
237459
223937
195281
298862
227441
230410
191919
265386
248731
231800
251749
217968
231561
375425
260081
428988
296909
333039
272175
222055
248742
222443
221523
278494
309576
252831
260212
329274
226404
278235
248121
186958
245073
207594
197157
325773
257469
254751
250748
264163
304973
241708
219271
391741
341520
284020
198434
291009
325960
183177
32352995
28170149
24034413
19908558
15723009
11573669
7436797
3267690
241930
219009
338621
253065
213922
231058
222125
192029
261416
203595
232163
191203
235160
263454
236440
210627
259602
303710
221486
224290
235179
264299
218427
227317
234673
297927
333877
213895
367912
250010
228539
222560
203460
202270
383159
195026
223521
214115
190876
250086
260977
269053
263516
218582
211665
227616
243649
273195
264344
216799
273951
258465
318376
309415
235713
376371
334816
200119
269370
218555
338125
211968
187910
228258
220786
223941
249523
206632
268180
245130
279831
277330
207325
215045
250480
283298
265848
188533
314056
277173
211394
257319
260114
246802
233605
237843
270994
215450
318009
265233
208861
213147
210318
263811
220662
191460
219941
283757
206669
247945
255740
288541
250049
274003
260453
227245
264538
237856
249306
350347
248059
257081
236837
323139
269541
222766
272040
291346
243534
263092
191055
268496
225366
259980
302392
290197
188510
192376
261702
191003
358111
237673
212432
224686
220641
218677
216979
342725
219500
350939
205937
216170
229097
215441
250414
201921
278496
257960
253407
369697
244432
251909
222201
291583
247070
202302
248441
214268
279299
263545
245974
234031
420952
282277
201160
197085
217069
198292
202577
310192
309082
256899
242507
259037
245919
224835
268094
253814
309546
243584
283339
280462
201872
265101
290495
210546
231603
366647
210595
247686
312274
235671
316893
251624
241849
331697
227125
377193
240186
344756
213927
338805
181425
227246
262186
211906
229622
194550
227407
233727
218396
228404
268138
212455
342016
242583
359750
262621
251825
214626
32395170
28215712
24137741
20005975
15808774
11679451
7551282
3376936
331498
270741
243246
225729
283771
300837
213803
206437
252183
277111
287822
353279
190075
253616
232088
280953
204629
364924
221178
274754
233720
205776
227095
223258
246894
293435
268219
227687
235331
353787
252307
262364
201938
233305
229349
196970
210684
278936
207483
255252
230166
209898
262940
302214
224644
201025
346249
190211
220590
208279
371730
189668
223975
222478
266111
297629
246234
259013
223488
357286
257981
213411
245448
276011
200777
239218
256568
299936
285949
244525
269033
250726
196970
224056
237993
226652
202252
204007
272266
228777
197528
254736
241605
243606
249014
230784
232690
280752
223990
209909
249877
256963
215336
281108
222634
304594
251178
266374
264790
284213
253552
270905
271815
351179
244676
215184
190522
256507
219666
254254
322655
239128
196242
257504
256380
290619
269509
259618
331230
230345
245622
212937
209203
251932
230567
197821
216520
233020
195512
227759
228772
241181
237871
231666
218574
222717
236272
192111
198082
215501
260089
265119
242566
251767
190291
282706
264285
220783
259921
229809
222678
222106
199546
201551
265880
222924
255154
208091
347402
246376
319261
249450
237501
328994
288813
244118
265896
274809
207950
239077
216483
229728
235580
245911
324713
205087
221513
236467
228086
248993
230668
220784
203971
194805
236938
258238
325740
264308
198247
223815
251818
290383
220243
255790
210164
263006
321282
220668
293662
299200
274601
189380
224144
228435
263743
249387
223431
264291
207724
203699
245722
240810
285584
240766
287208
225254
219219
271406
255396
237957
295341
32351234
28159976
24043938
19845622
15663220
11561379
7376744
3191646
192534
222393
196705
266047
284944
299397
245781
251308
178102
210667
219832
242820
262317
247545
187172
202277
230947
228781
267340
239135
322384
309222
251563
381821
253858
232526
239532
341804
219831
275442
217227
261226
239197
185274
256375
287911
240963
319030
293064
276211
243276
302022
252889
195882
234080
203350
237066
250674
223566
329066
291875
224890
221510
263710
294457
225345
207105
235768
238347
249040
224714
192192
219904
243830
213258
218124
209352
221669
256623
214388
279076
207959
198291
325230
254686
300745
446603
275456
279792
177851
236723
255235
193724
295354
211057
244770
270686
270225
229478
280914
205150
263097
267369
349481
202314
235868
228755
199734
284861
274156
270631
254231
213343
301449
334066
235194
221917
227319
268778
292837
245567
229205
214692
294871
219886
176188
328218
209879
209481
244390
200122
219795
252996
258371
233242
250178
202480
274952
3545168
388753
231939
200411
216184
263576
288350
273153
253113
215522
306901
279713
243256
218734
320177
209418
257271
261382
228736
216212
279744
198177
273061
220483
245567
204842
240030
283358
196426
284020
212575
267447
289128
226355
221357
199288
334650
224488
194594
223636
342494
259988
385123
270656
226243
242997
248218
304783
235808
302149
298934
247248
270036
321243
235081
214652
222043
311467
214064
354945
295241
255801
219363
241683
225068
237119
271271
288921
239857
222145
200533
893573
198055
200765
252739
259936
219865
299661
232680
292489
285166
244140
280547
190773
241379
275954
194687
189975
240309
253253
261420
256907
241130
32342888
28128651
24012425
19901686
15702736
11560561
7423751
3231204
213071
269696
307939
226260
256918
235692
229849
319542
324726
214087
458558
219563
207607
181713
196766
250377
319072
198345
195229
237808
298533
307883
239291
251902
228346
245163
294504
206363
324831
325079
189008
273105
285498
268496
235661
204454
279171
293747
216248
328685
231005
285371
226479
226460
239190
232969
259805
230505
260953
207690
218528
197568
272582
227537
249494
250968
216985
224121
235603
208266
258701
276816
231610
189290
261771
230011
276719
248600
304742
215724
203643
274210
258200
210875
221459
229712
259795
387362
184810
215241
265812
195190
247082
253197
251410
239460
255322
243811
230587
243893
342619
280416
319483
200691
246658
273039
264022
314588
274796
225198
202034
183517
339820
323569
265510
383954
260808
234299
209480
277370
367025
215171
257622
229734
255657
253412
279061
267909
219220
273124
243862
312332
279587
316466
214043
228147
342701
242320
263362
250633
274020
321444
248765
240613
294031
245011
221030
238505
283058
237309
274001
256043
299238
286438
270705
319832
235613
265774
244142
241538
243731
385690
280163
243528
245835
208437
254715
283386
257864
258693
274913
322634
266461
266610
376257
302535
311359
247843
206180
300014
208676
234932
202948
261878
257495
209352
200406
229768
230703
212902
300765
299576
274223
254839
230263
209632
247501
270701
225433
266651
380549
222846
262921
412448
246653
281685
266000
253453
259079
194149
235887
253918
306080
342040
246333
215565
294916
269051
218363
203242
223479
371376
259836
238808
265078
286668
216475
298837
258493
320836
72206294
32380732
28209929
24034413
19849277
15734583
11627505
7451950
3267717
185159
271249
305690
344823
226247
207880
234084
261352
253447
215348
239671
246174
240621
219967
228336
271107
261682
238809
212313
286562
317440
261275
197450
226916
233009
273307
199858
207173
232616
231518
190289
229243
267842
192516
279563
203900
221837
265967
208126
241890
229965
201492
247291
259368
256992
303344
261958
219253
240667
229851
222993
348498
246501
250669
240105
263286
224871
191423
354887
200557
260656
246827
309332
238608
219390
270585
229881
244266
272883
252238
226050
238270
244382
283819
226472
210704
216693
238359
267305
262743
186444
232343
252147
199011
244390
218638
232020
271073
226286
282818
199140
224107
184927
211699
234997
232880
208458
265107
246587
313676
232058
186264
284994
197443
196087
290337
267921
239687
233095
187810
237643
271468
225113
239772
215786
206025
260765
221539
255673
263153
254146
213222
248209
267467
245424
369013
183557
263642
227252
230074
188052
225666
218533
245196
285271
244176
322156
294571
229022
206559
236882
307059
250823
227305
212142
242842
284511
242620
234961
265839
204980
308046
284029
297284
273165
282850
231204
237688
211369
281438
214539
314533
219223
208246
369663
229148
196111
236137
221480
179821
244698
259330
197413
216002
174876
232154
187069
237045
255005
209567
239642
210419
187273
301059
239867
255704
294379
294483
250125
274362
452088
199075
346587
212835
337904
267223
311511
265344
226495
231127
206010
226980
235625
218972
222680
321732
239355
264471
291353
228926
226073
193259
254169
232959
226372
199208
219859
238928
224841
207039
212127
32392074
28220954
24038076
19893055
15711100
11626793
7495286
3309656
193252
278970
338771
235276
263737
248257
220655
244553
188504
269433
230802
244309
241228
184474
250376
335765
192408
281168
312653
234562
236084
322329
228038
333184
316167
211368
191754
188695
246076
216789
212072
267046
197383
282812
225388
204156
230977
198874
208581
248754
203116
205215
237614
181980
273315
200216
258459
242463
317011
256465
286915
217261
471379
275137
276900
254381
211282
249265
182180
251997
253521
278428
251379
234966
286148
189119
187063
228140
254974
307287
314872
310512
194669
267652
173888
216230
210564
197910
273705
207849
246365
206589
270631
254194
241758
191520
269177
207722
246714
212695
233631
281761
221346
282010
243402
213562
278942
221972
269478
262649
219941
317772
214108
233449
271256
310236
246788
272918
271363
220277
271366
263471
199503
253204
292223
319766
210156
236521
263161
304246
241522
239324
285295
234206
225531
250320
226268
270925
242425
317615
207571
247334
237672
228571
236353
301296
239694
253137
227486
277532
199005
196568
283520
203567
248768
286575
289162
258384
262159
271379
310762
210206
330400
189533
241886
178910
161403
214868
189074
270949
253096
198243
192173
199474
275412
212312
283636
272881
228833
244828
255964
230697
317326
253335
187961
213208
260184
201640
251138
220395
216842
221125
227213
245556
231158
259764
240281
360889
219944
224288
203411
242035
232936
206219
242615
198042
191290
242663
223353
221978
193602
257942
251778
190311
194064
187948
262665
257340
234486
224648
236432
183240
270551
198736
181828
229949
194520
286403
256666
213053
211987
32314858
28123577
23962469
19821111
15643990
11486327
7322115
3142622
275487
292213
224242
200439
299231
201344
201234
202328
261719
245186
173557
222507
222579
288805
205865
204336
250929
227232
239843
228408
236542
199431
263652
238161
222272
246019
203746
214797
237347
208026
232995
195568
328734
188545
186277
196619
216875
202292
234839
289316
237278
241766
181287
216720
239956
342047
206507
245280
207012
209213
184044
257963
216032
254771
197682
194021
242941
229183
270131
280630
179089
243159
286159
181918
203591
210754
199867
245214
217264
235769
256701
268522
212263
262866
205146
298917
225493
228146
251855
235960
212657
196540
194030
258536
212306
249296
193322
259618
216758
215494
250715
256892
221305
191061
220471
201100
210569
212772
227825
195095
198025
227956
190939
377313
193739
206075
346553
196445
203667
196281
224300
299907
180819
273699
232972
284315
231157
270352
215299
223614
240463
205484
196417
358502
181815
203074
243456
208243
199276
191536
219475
261499
206407
207257
189541
247310
261312
225242
224905
243950
243231
250239
225899
218700
230953
230369
314266
181984
185475
247471
257010
183781
217552
221318
241437
205151
286454
269050
214269
298493
237500
245592
191956
190516
216277
205157
246944
197449
209693
246155
213955
221645
196146
186223
228637
187810
216620
237200
215053
224743
233104
265142
216946
239542
251303
221890
287808
179351
249146
222408
221942
211714
252657
220714
228498
232687
220859
310178
189669
307356
250388
288303
222670
205695
267712
225307
222940
248523
199901
201287
249931
250549
255113
281798
204405
218102
263933
227002
220608
232324
290601
32363312
28188529
24025348
19835891
15645530
11518102
7380466
3151486
211775
299376
253598
207387
236933
227170
198172
215019
213395
248336
199086
232839
209655
260278
225015
345590
271948
193777
254537
298211
197247
262443
237370
226592
221027
209428
186375
313636
227583
235196
357948
230445
212361
194819
262995
215881
214572
231332
286063
227851
263774
224224
258068
237759
237004
206261
266330
253650
216363
203108
386666
229653
196787
243228
270746
221956
205797
188549
255731
199399
243799
269727
257037
181618
284905
187612
226763
220521
333459
300497
285527
192789
267005
246187
232893
341067
191979
253438
193807
237766
272462
188941
215412
287894
274973
291404
310317
227985
230936
250848
275648
225587
229989
198687
217927
277632
193023
191534
299837
257014
239738
180740
230885
246104
201459
338691
201455
234078
216980
238626
258076
219806
208157
259934
248305
257974
284800
253043
216965
283049
190769
197071
284166
269078
187346
202529
219123
172736
183077
229055
216636
314979
324718
252370
242822
229610
284393
257787
248234
234494
258991
252065
327717
239155
294412
314231
337315
281464
210307
197667
301718
208162
209952
219619
179818
206295
224835
219378
241579
217760
237786
251927
276382
219960
339710
233031
298546
197544
244900
276376
316681
241724
194864
280842
310204
198747
288252
266439
182781
264728
233546
208018
178310
341780
201371
182977
203975
212299
267398
314305
247314
187321
188229
182836
189196
197538
286630
287167
196477
216131
178670
287371
268276
250043
263912
228402
188822
355841
201641
240343
347709
255123
310042
292856
263938
291386
298416
241876
231623
195862
274882
32392914
28196933
24067217
19951321
15776532
11637395
7510501
3369727
304500
213353
249889
371538
192611
245980
209930
217953
239142
241090
220835
230852
211024
338167
212653
228304
230606
314747
201332
312649
254425
282628
232125
237626
277807
262305
223147
181560
221959
338959
269922
285750
221445
240733
264606
243754
264378
314538
221599
335391
257384
218055
195872
241525
359397
224587
240215
212640
309407
298951
209058
205805
201131
205664
242990
245553
271534
373320
300013
246574
270433
205687
193559
232576
287739
222952
231178
238395
243482
274933
301734
252475
235892
222678
166366
326966
233538
273034
210099
213155
247465
213895
190046
210369
252377
252952
288144
304143
196787
432875
259449
219279
270161
294447
218320
209515
277289
176400
197895
248599
181477
234695
274640
419929
262067
197998
289399
268146
211781
249134
228466
195018
243133
208982
199182
316137
276560
207940
237637
271192
358530
208612
181805
364406
271049
196367
189920
205199
222628
207391
238462
357245
207932
225106
297655
228235
277045
192019
255377
196246
301616
274682
267568
190375
223349
240658
182702
201658
224672
287121
215612
296406
199588
224473
255582
244234
290755
224589
234456
258607
272543
217243
221849
291550
186183
207937
262358
275108
425197
266050
281414
247499
306049
226975
227475
308416
289004
204391
217858
208113
197137
184165
245656
224345
270066
229527
261488
236608
201496
237366
189323
192489
185557
268704
256603
201038
227323
216300
231426
194167
205268
226625
228102
194532
230086
186773
265770
269844
255719
211406
269940
187886
244741
213706
194698
242988
239764
308442
197873
165482
32403955
28157976
23888243
19770375
15578359
11444288
7300430
3075800
273147
217592
205943
212450
192126
281909
220982
229630
327917
213459
286597
235788
270082
250622
214801
282257
281776
170693
202336
240196
240363
273565
232219
263431
258451
219830
192446
172665
195482
225751
277733
216440
173017
214349
351969
235565
268411
234437
190326
218720
216741
241080
317052
226487
255352
183711
201570
307871
219661
191085
343491
235179
196001
206917
252452
189322
279550
206764
175438
226821
251539
181822
230493
261751
229671
273702
227817
186128
208014
192703
189396
247571
248667
258041
209655
263261
214643
321911
225028
205029
177317
253083
228951
189078
208672
194192
242208
316762
214794
252213
221745
225039
258871
189300
210139
277762
296720
254582
190640
197822
181121
197973
210840
215825
229244
271749
185349
261499
223830
284510
251568
219958
218697
321174
249881
236027
205855
226593
283025
246777
202153
231886
252472
269207
243613
171108
197543
261055
231101
195974
185367
224435
216229
341829
200503
262204
182015
227842
237680
220020
246054
200691
254375
193785
234399
187723
214123
246959
237184
179352
222346
223025
209549
179948
184687
183492
247246
198844
209237
259436
266860
210696
238211
253609
337779
184674
207952
229868
258971
306284
263400
220745
241633
212857
210821
252033
216559
194988
187750
232277
233181
223961
260691
262267
250511
199666
269846
265221
211548
185434
205580
267497
211734
224619
198541
198202
265999
218701
241977
233674
252475
208147
261837
256242
271488
261012
237477
232226
228215
234938
238715
257088
209164
283338
386220
193204
226057
212718
185609
212424
196662
32347289
28154567
23995390
19857152
15668807
11540511
7411689
3233519
257622
177175
240436
190281
229554
175264
209913
237106
248371
187781
205269
187180
242086
215528
271425
242553
282971
243515
215503
283376
230894
240314
203522
287937
217554
260504
221567
231336
256395
281932
211986
290051
282664
182801
236003
191366
198892
236641
331502
196654
204389
221505
181168
231020
231929
251088
228109
244115
198233
226299
256280
237111
230214
226232
211679
204822
315714
257352
224206
222477
208432
224012
185484
253363
244257
185984
216196
183098
272236
282303
327251
200067
222264
271105
195301
213110
224455
266415
216784
190774
264074
173406
192264
321979
198242
186325
203060
213007
214279
185642
168806
198108
210666
236987
238002
188775
243194
244438
174395
274814
300207
199572
224067
221180
187083
223122
225942
184758
256015
236004
347117
237113
215665
194883
205596
186598
268444
224840
287850
248319
231256
223644
261641
221463
196618
270286
200689
220332
203595
234491
278150
254092
252700
199059
220319
209617
192186
210323
179644
179425
211099
359167
249778
214013
270067
199346
177634
236085
241126
206201
216819
249047
298333
249523
194620
228031
382529
191953
199963
245952
243941
201275
217925
295804
251906
241117
211842
191481
242022
239017
207266
367415
197244
237494
278174
203469
272378
231065
226160
233967
246558
217673
239804
199165
208370
250807
240638
235669
269692
279632
259612
283286
232693
202972
268446
207906
237647
251297
277288
245402
184514
264730
282307
240269
232221
233654
266903
260864
281184
229806
273168
284262
186986
254217
235790
192283
282250
184682
212687
210429
231620
259699
32375508
28196682
24064235
19953129
15817549
11716790
7561306
3410464
199345
218247
200951
186270
263901
211974
224896
268027
213236
257478
237630
368300
347516
182043
246889
239398
181450
190643
213941
220078
197239
209919
230409
194647
259646
232232
224354
189408
234682
338547
255549
192001
203099
231226
215762
211209
207142
506520
380351
252546
237882
208738
259826
225636
217566
260958
245671
237242
236245
341089
248307
243921
210533
254895
202390
228535
185556
239637
279033
179805
208355
261865
221996
262326
222994
305520
264969
300651
217804
239426
211250
316111
199108
200554
175445
331563
285553
245441
256813
209527
226159
252350
264463
338923
308537
242002
322497
208340
233623
210528
230929
279819
241127
239682
203385
246328
197841
209987
208930
379953
222930
213505
268701
218285
248959
217277
184012
233689
246756
237303
221932
210867
170219
250697
219054
237601
189582
239063
207638
203284
243772
235363
254416
205270
221736
212176
166103
300493
205019
225281
210262
224512
255507
211457
277442
229579
184568
234371
264271
250302
263824
446543
190924
241336
205813
213282
235218
226174
253501
206466
230667
192365
194521
239706
205828
202005
195823
260968
203259
235473
191603
185616
193193
239038
219746
202689
228088
202003
230044
322160
221622
193328
253050
209246
215344
318756
245749
197268
231885
193466
256248
231939
211012
213372
249015
222191
182877
260910
192583
220754
201472
178743
323972
274500
199526
211789
250244
225836
278164
249904
235671
216438
239969
195708
270331
260436
202256
230069
210271
217665
229144
204578
185173
196451
189152
337397
285579
242250
192196
225648
211639
32363973
28174723
24044990
19889180
15748402
11612230
7497703
3318725
217574
223905
273359
242803
239987
263034
278070
228097
233100
252677
190152
190567
228829
210592
289815
232573
185489
268032
201811
247653
182302
286417
204891
265201
241790
251397
205100
220973
259844
331112
254420
246559
258850
170805
207809
219408
224293
186450
260054
247710
247610
306168
242485
223833
201584
190112
320930
223608
292005
209150
248945
219521
231628
202587
222414
226599
222091
246601
237720
212400
311095
254331
241532
248458
261226
291728
229516
198885
179142
250145
214269
229977
252809
252159
247605
258872
225283
236807
200818
259653
209723
208374
217717
215772
220613
221796
290324
199268
209540
182902
216152
226526
228310
233525
196016
206842
220452
217919
250244
205036
313537
217215
215904
210139
217105
336305
237170
273309
200813
268449
200484
208990
223764
272041
279054
231361
223457
202328
234474
302113
227978
233136
256069
222363
318228
289555
217791
326197
227359
270755
317071
253042
245632
304166
262897
232246
245175
303749
243535
221216
235588
316778
194738
229071
316455
234507
256672
279103
232898
213936
261033
290227
193068
239234
219091
209709
324299
249811
187332
260460
326991
254425
208379
227871
172604
261803
248729
205885
259404
272015
225941
316859
227241
201569
219067
302462
234095
260468
241608
254218
324539
226085
247210
222156
269030
250179
215878
237062
220796
268556
237775
328042
250448
173792
211094
388511
308081
287520
260210
309014
223166
337707
255671
222527
252778
225355
258893
271166
252563
187959
185445
195628
210396
268178
259289
257360
231466
239243
226281
264323
291658
32390114
28198558
24057599
19887675
15701913
11514577
7409357
3222074
226770
197471
257929
200453
268835
234388
205502
264910
191072
228190
235127
255743
258237
198370
182461
176927
228655
242630
221320
315583
355080
234215
236791
233778
235027
211210
182587
258795
239873
208748
212072
284852
204640
219290
232272
237290
250158
177547
208088
226927
234022
197603
176226
231839
267096
307967
211770
211331
203671
278763
295333
214721
648962
211973
238258
237594
256799
263692
209268
218995
239963
232178
320889
305817
218471
214732
299067
226597
201631
229013
233057
267685
261850
293121
276687
229130
207480
225904
195330
201423
231912
250235
200378
215796
219990
213253
237115
296998
234599
208072
266293
224166
187741
217778
242058
273145
214215
250762
219484
231026
297194
254775
353453
217770
252321
200389
231462
235605
251548
235125
234947
185506
289755
255261
257336
218064
197089
241770
226708
195650
217232
308646
238288
259648
190954
225366
247139
219779
228439
237812
202740
246489
228150
231196
236245
232736
291887
273925
213064
194470
206463
210860
282826
323359
227163
196102
195168
200341
276779
245448
203776
205831
293515
338355
216935
217850
186115
175684
222330
223316
206869
284278
277375
267397
208916
253779
245028
204562
302659
228643
344580
240982
214296
209555
284986
218527
215319
227603
209236
265456
277347
220968
216523
217961
225681
335479
242546
221748
261801
274075
198994
208396
193956
192252
278955
361054
225646
240536
198726
325506
240830
327702
205252
207054
201766
295625
238232
173031
218716
289547
309512
246647
232976
183009
221042
327577
234339
276665
203346
241383
239287
32359117
28197473
24078961
19961728
15780936
11656517
7511187
3348913
315001
194171
278003
269125
240243
236654
333014
244050
221975
233023
249595
261779
285480
205895
379584
298851
252050
287668
274678
301485
229980
228434
239199
225491
304556
236836
204826
244527
213630
230456
268570
278371
202129
220522
203439
272865
210264
271915
281286
207313
204737
236300
197067
277372
308872
253777
328579
216873
225262
196587
211830
234424
228675
211552
199036
249004
323271
239432
254483
260148
216440
275799
341742
277834
243548
251190
182270
217811
281279
280394
246857
192750
236179
372076
174168
187200
314126
211325
207467
185086
226020
248119
251821
212673
370542
402586
276045
235448
294141
171765
216382
210182
242058
261894
177269
276757
226423
207017
239934
216173
189084
204859
203811
188445
221669
230533
229746
205644
276965
194315
207820
207143
191832
229205
214921
305173
279032
272851
206366
244923
187872
246913
355565
297398
272744
216181
189978
249347
298671
278482
239672
205269
178647
180429
350261
195407
269296
219454
189542
276133
229607
294533
220022
222804
199127
192309
191528
262571
288132
250748
319649
264500
237590
221851
246524
244238
254551
270013
213650
189708
259761
194990
277944
263116
342421
242034
253915
272628
234396
254053
251789
296592
232145
170052
270506
239013
204106
174056
233397
202328
303154
182480
251340
207448
280027
235556
251805
231115
258344
205735
236098
228943
191039
209241
264694
186198
209656
244351
210191
190759
341331
244272
228973
196493
222628
226166
221110
263016
327616
241473
269678
324836
182982
193615
198271
221561
265034
200327
250527
203819
239503
225564
32365450
28180922
24003638
19870949
15661941
11524553
7439682
3261929
241845
207245
225149
197342
232351
351817
227023
206343
219722
233315
230551
219446
236672
219785
315449
234724
248682
267687
288955
169798
289601
183282
286806
220313
264172
258465
182700
220549
215825
236433
212250
197707
231508
244406
269731
323002
188323
263899
229150
269872
207406
231373
219373
239036
252074
210851
207371
199686
194411
251723
245341
230277
218918
219470
217605
222136
222212
205855
264143
211796
297728
265017
208827
231028
224567
186182
249730
230207
254918
232660
260443
193984
213831
276046
245641
340416
230217
256114
261032
195018
305264
261010
224479
349078
246348
233879
234354
185062
231662
194656
232783
185982
246886
191244
347632
235549
214118
220350
204294
267736
265396
227824
181877
217666
253347
288132
201825
265249
217487
215367
214905
335190
284166
199708
290163
236996
227726
250412
251264
280626
295357
295619
202001
244157
242916
238643
251630
277633
251215
218182
265545
210959
257022
206374
275679
245865
206116
235021
218748
319984
232795
269397
184360
248079
332138
188070
214730
210218
198823
209437
218497
204462
235818
240430
202680
234742
205848
298488
276244
227456
184365
251923
185801
232204
182702
229618
197614
298231
246957
240203
219997
351347
205467
233684
300292
294539
227007
228542
209647
203466
204688
211848
231258
251140
256136
211172
202984
230183
220972
211512
240373
234249
323587
258019
303578
199866
212021
199405
237493
250585
224207
216330
247814
243077
305852
213852
246035
263155
219598
243768
221653
233553
300925
218200
224187
312389
214884
243449
188128
207155
223138
32365482
28179935
24047284
19909589
15720443
11603111
7481173
3306178
512643
184935
259870
261354
193175
240827
198255
232930
226853
245412
237453
188317
262020
207625
234484
334687
288886
228699
320363
304030
209156
247238
246976
242608
197992
229151
189025
298627
216463
231268
218567
186909
232919
269797
197669
261874
222628
325388
181274
219939
236993
273735
243845
219349
271323
366074
256291
199045
273805
241904
179701
232048
233449
182102
235449
244305
261447
271884
195469
230502
255881
285270
217137
202919
314505
309137
225950
184330
171702
206453
223142
215482
245516
197306
247958
178300
247195
201570
200487
347501
190801
241509
227432
203896
229024
192231
291438
223159
274305
264441
241652
249591
321913
217470
172858
187371
252285
195088
244520
297081
210224
273317
198064
257580
238315
265998
229776
259808
201160
192293
233058
290759
260481
208588
380578
250203
191675
176790
190358
237502
246603
317689
184410
200842
231948
218169
243626
202031
181479
303805
205663
191031
258659
192952
278264
183786
232290
313069
231163
186878
232845
219814
210666
431188
214127
248144
225474
242290
223061
343023
209515
269505
244117
254233
207390
286074
236686
211403
194265
192803
209414
221062
244647
248116
189286
246391
251755
304145
366932
181232
237475
280304
262144
268709
200022
207308
244159
233826
212601
195563
219179
397052
244955
226149
256020
261370
202230
183906
198564
253765
222461
202831
235392
362301
215402
215134
227014
202127
269442
259142
236201
226850
216667
202766
237001
244925
206783
282875
219807
304751
214328
180605
219840
249741
191136
243853
231828
250119
274977
202183
240599
256147
226148
32392446
28201602
24038679
19890964
15761983
11627844
7485144
3242191
239030
214406
230966
220923
198251
216069
185060
230480
256746
219772
204796
274131
218909
262290
285066
244409
189290
242183
246050
207682
231587
246835
257614
212860
265751
265060
247160
192963
200034
241359
240599
244765
291189
206517
216163
212705
238348
172865
239772
219878
250522
223915
228083
235354
225996
232949
188581
246483
233741
237947
206559
233860
201697
236625
212703
205936
247815
221061
194983
221792
235688
237215
239063
272377
199027
264681
343601
245429
187721
251370
227451
217969
207539
236153
221500
231545
230327
199645
336910
208873
192276
206542
246155
288971
210527
377716
215608
228349
251437
202919
290005
194285
264756
274136
247351
293767
222844
227151
277029
249922
186468
242150
216311
266621
235768
246880
199193
205596
276722
279392
199057
219882
224141
217241
200760
206815
278022
233669
252651
271593
218525
227566
225622
216844
237270
264349
252880
215244
187747
207503
251900
246571
259674
221556
235546
222727
252143
238490
264056
234583
234020
183027
243803
232404
232079
274956
231782
215479
195105
271700
221566
222664
226414
242854
305073
240250
211738
269211
190125
217457
245015
215114
330321
201561
198786
201832
289945
264294
236698
221929
217165
239322
282819
252615
292210
298078
293957
233963
261297
216975
231487
292892
216350
211456
243564
248785
227744
375455
199514
261142
296030
188386
212288
233852
241489
198013
346955
197257
275860
221444
218404
197751
261578
205678
257757
261753
195068
264153
201105
356979
198059
230345
225809
191381
238357
242769
279185
251412
217528
217396
223812
226055
32418067
28210775
24087014
19940222
15784507
11620067
7458315
3271697
253741
262920
230495
267759
248690
388095
222229
230793
258231
240272
301746
203726
307061
282042
241072
242319
224220
239093
244706
266712
238385
240934
247030
280161
216185
235620
266522
209998
260160
228115
241209
231739
247575
238566
258633
218016
227185
235420
217143
201911
234188
228693
214529
204235
392802
229922
294468
246966
220412
202221
244541
282866
192270
249698
207660
204696
213665
211189
307220
320693
214097
357911
264504
256803
315876
218077
233601
199065
231422
222139
201256
216084
203127
245892
247075
242122
214473
258189
213382
206529
200376
200059
221092
246268
207501
207947
210037
185147
184221
323943
215562
230506
301925
245097
191053
221432
232327
215716
216491
216285
218072
248740
264871
209471
340311
241338
261448
327365
233992
196550
276006
308919
187824
268739
232797
272567
225768
224696
204289
233372
213425
201584
302440
225346
205742
272823
276262
267503
200833
217481
183645
317387
275179
269929
210274
264142
188870
257328
367183
232250
287267
228645
171520
281839
256702
289634
210445
246708
296991
325489
197774
220138
330116
216723
222463
247369
281460
293068
250069
232026
289599
281222
236474
203814
266511
230143
257779
226838
320479
344899
266783
255426
267006
191729
231729
254263
257794
215749
210914
203571
321828
232870
266716
218247
249578
223974
258584
277071
257323
221826
204434
313795
232539
357979
218685
223941
222545
251213
280768
272203
242777
222894
189623
199224
207367
215660
227429
229026
249395
289433
216861
268320
233963
281010
231128
238207
214491
195561
301319
290132
214401
32362955
28189490
24086217
19951624
15780132
11633681
7506954
3376806
229352
226211
229662
237416
203593
208768
293244
283208
203260
208330
224847
221222
191691
212462
196534
275047
180023
237677
272419
220484
306606
247059
282725
289674
179851
260525
228259
238544
187166
266403
204628
300407
234407
192982
222203
196508
202895
211807
205159
248046
232982
265672
229365
269645
250158
231868
249426
279418
315654
199753
261364
269620
193053
202695
242720
218853
213360
269061
314782
316067
197807
239967
206076
223351
209972
240415
288319
306317
244163
388851
187446
254054
213356
277370
254260
266551
222045
253378
250044
252915
249814
233950
204696
241459
270669
219622
288681
269901
320755
224805
218322
189474
271152
242681
280667
264753
269742
253855
247758
251899
221791
219781
261553
244616
245753
223875
265813
243258
245099
242570
287515
233160
258521
193280
321775
306188
320509
209041
214961
250196
220876
244046
292856
269917
239875
219595
273105
189544
270843
223507
208844
252487
201668
248229
213212
269365
248097
246146
249846
233038
273015
248605
264704
394999
283760
194005
221904
245125
330534
191473
292012
358106
335659
269767
237851
193476
227187
190983
261399
208246
221434
236179
327763
256058
336475
253236
242688
194170
260334
295236
254382
236377
258414
211398
242489
281938
250932
197829
295427
218396
180558
291793
201765
235405
269176
249118
261935
255947
220953
257740
235691
293142
225916
233351
201985
222825
221236
229430
230723
271060
257884
253238
303756
239951
225933
257429
249764
244056
233156
317677
229519
240210
198454
251712
254700
232497
212958
245906
242854
285822
274051
209498
32365409
28142050
23977746
19843465
15663517
11509693
7379063
3195571
281217
283804
206881
208055
266195
284294
215070
219158
269467
201795
263384
278112
250239
249089
314849
263133
289852
226524
305826
241474
216720
270377
271177
214565
219086
247861
272988
278601
204718
186666
241799
262428
240375
213133
393908
289929
224973
207781
225177
255654
300304
254138
284254
200308
281326
240262
239747
275774
233645
207549
229035
223331
251718
237608
215696
293791
216089
232605
262089
202315
240842
261026
261225
330992
199403
278925
236150
190402
222133
224562
246415
221707
208378
212449
190337
261210
360789
247759
220847
218005
281498
235310
338250
240487
183169
377227
237113
228097
217039
348580
271602
261983
207259
372832
217479
190900
256174
226751
211919
272834
278318
227730
233418
208382
290869
220246
242159
261215
232531
217614
238764
226934
242624
253941
255433
202214
182327
312370
262753
194959
216456
269339
234604
203898
224415
232500
235892
328631
198142
214922
216582
261899
201990
222571
278533
235926
346364
209738
216218
258758
194335
244769
232748
279910
211648
207940
254868
228229
220255
289282
181900
210230
255307
183202
302771
232412
223251
209388
201462
241427
278074
192665
296366
180964
208309
257264
209079
367775
202656
235517
194260
271329
274654
221182
219422
279180
210152
254809
239939
284744
259715
200547
297116
269205
206866
207807
243530
199759
289916
256540
272518
209305
238148
202092
219708
229697
191096
217759
276757
193271
270629
200657
256778
253774
238059
229482
216592
242759
248210
294999
193323
239148
246655
269179
248107
322401
250330
216533
249132
189795
254708
32373364
28212763
24077017
19942785
15769886
11682353
7573144
3412461
215518
284976
268065
214658
279669
205057
225108
232766
338731
255502
220627
279398
227190
208964
241253
239550
187095
243375
267845
240438
243289
273415
282748
269155
283355
261104
213699
229462
237943
268652
199361
303651
230025
256040
326489
287716
204958
311822
212054
206164
227025
225329
219837
296740
213725
258593
232915
271699
305750
231730
233322
238805
209122
280180
240048
240825
289210
234206
290759
217953
270227
196024
323390
285782
273883
282109
242453
298490
216135
263028
214498
238609
287412
252908
212800
255593
263157
253940
321343
302128
216883
202560
196898
207506
263256
267811
220042
216577
215362
294989
217371
302857
219714
215331
327963
196476
358484
254037
434450
296557
234193
193787
247349
290359
285319
255761
218766
221564
208672
345996
285484
291675
258679
213411
222536
273413
204409
204442
317419
323093
196003
300200
298788
203407
208768
229826
311958
276766
199198
248353
251299
239052
289731
228710
242458
239584
274139
283470
247459
207934
189862
241961
209380
264985
201834
268055
235063
215929
238751
217048
217236
343119
223115
246098
263277
251988
231803
195672
338388
254623
242789
223863
253426
234203
243396
253835
228240
222817
218328
260065
281867
227304
210600
267228
236740
226226
245758
261387
245680
223942
216205
246771
229242
241226
234103
331038
272715
275785
281967
203056
205302
239817
216641
209596
210395
242997
261834
200861
260673
271328
260377
213127
249451
242844
257167
251737
176754
249058
241349
246426
212664
227040
234128
258152
227653
244528
261933
260909
189745
277779
275618
32349858
28167116
24037393
19906883
15777021
11656695
7524713
3344724
190200
181948
226356
215799
348329
295456
255632
229450
242984
212903
255094
457138
212375
260892
272445
205371
246121
311570
321929
226459
231130
249093
272645
280781
297711
329991
281546
302086
244726
274174
251746
232673
257057
216341
239515
253944
257079
242012
245134
342544
189639
318683
235726
233812
258385
287561
244476
206125
219698
245132
360355
292843
295668
341666
222209
257326
320620
280982
268877
249899
218545
215195
299913
275041
391969
197198
234304
243470
369102
253365
336104
213028
241610
239184
249349
244492
194036
234707
263911
192070
210839
178977
192514
275333
237747
221742
322349
197543
206898
252912
209221
264690
265680
235566
303795
270602
215260
228087
275972
234215
250016
294322
250482
253913
226564
238205
238293
273781
254531
237342
206614
230593
218897
394116
191629
251562
225995
211796
200736
186229
199903
310142
237605
200798
242428
244868
236674
228205
240316
218213
221253
197910
434850
238408
206565
289673
256839
239849
235741
283593
231841
219936
250208
208844
235581
222307
228545
207331
209573
228577
316517
294818
361732
295166
253287
237393
229304
226675
212498
385774
232541
215231
249381
219667
240163
221777
200796
222304
214603
296268
209048
260993
243348
202156
197842
219056
223895
267741
224350
239106
314969
206856
239357
239781
216745
245873
321251
286832
192008
226669
217996
249562
177505
279883
228747
245372
200073
286718
252040
245454
255831
270536
263533
299275
236760
195029
238339
230067
234973
217496
195746
224936
277337
209857
228210
212352
234893
198845
219076
270746
201007
217381
32406444
28202212
24050219
20043306
15845286
11682449
7529592
3323925
277294
219315
296367
241544
225963
267794
202690
248749
247503
242326
191151
205118
221277
211221
207297
258285
206873
347787
198976
306998
326565
233540
265345
220892
285643
193852
207616
259398
231100
246747
267590
214456
280462
254525
227171
196834
249520
237082
215385
206470
238153
212592
245629
255356
270635
266522
209886
182274
232367
276585
304484
268472
308815
251125
258820
289365
399978
179980
263774
296243
246196
209537
394537
304584
253422
243124
237445
251178
218999
222958
228086
249492
258414
283275
224665
225111
183264
256009
268389
234173
269523
272456
239429
296740
332347
372837
240639
245298
216872
272207
309954
257940
210717
206872
237188
285736
248760
317715
212905
309977
226682
245853
240527
236089
227593
229783
220163
201068
197475
292290
202049
217030
192889
200813
266682
193388
366331
222862
240238
239866
217157
235180
256414
228670
227787
241072
253764
196867
200343
248182
240793
250383
375401
214998
331535
266141
365389
359527
264416
278965
221024
235748
298950
211190
274111
277296
204458
227331
245398
212539
246633
247856
289643
402210
233056
297865
208559
221676
221638
236600
191398
262120
218752
189871
240857
237545
216644
220934
297267
213774
211209
221276
253357
213879
229923
211630
228688
259354
181071
233207
300318
332768
291638
245601
223492
198096
199779
352535
185054
762305
199373
278427
199692
215341
252648
218446
235414
247753
327541
209443
177455
373192
202820
298771
292644
218231
328640
225761
224223
273193
208527
219022
210946
179402
214906
221244
252994
233461
224008
213306
220553
243239
32352016
28141071
24051416
19955726
15782199
11641186
7548928
3402356
358748
192826
213357
241475
261125
205597
208082
282378
260201
256868
235430
207874
253510
213428
212073
236181
253911
283046
254027
412363
241229
307457
243947
205242
231179
213619
248600
249541
219565
234300
360397
273871
276984
220886
237845
204772
321252
254319
264067
240959
241161
318814
300854
277275
218771
192576
264018
242173
304924
268302
294446
219905
265034
256845
288855
220713
221697
362486
327048
261810
207806
205791
236384
285901
241815
277512
239314
243413
310202
206468
227462
238860
245146
217021
231468
211684
347750
292108
265763
262500
234593
227630
293442
285344
183458
245668
196788
201647
218208
291661
324923
315082
243059
237775
287176
228545
212110
339127
197045
214484
256885
300570
275717
256525
251902
260494
244393
223384
204252
314496
200790
247108
299929
235563
287168
259552
241091
326696
267094
183789
254302
255913
264531
218815
219826
253299
257718
291378
231279
280934
233087
203985
234343
222939
212428
234911
229379
221821
183183
226380
254832
231139
251940
215226
249122
295444
260397
234762
279407
212241
244934
283011
322611
183135
229634
262836
253701
215292
331680
242880
287333
238996
221858
250592
293585
340495
260239
246321
268515
272869
272911
243853
253092
254161
209663
308846
239769
221177
295182
228537
217695
209419
251983
235405
242695
621839
271108
291598
257092
253034
247406
266648
207442
326949
190444
197921
186953
210454
275487
199875
187610
292868
223312
185057
213039
271259
246410
259601
400604
244248
222205
206490
210800
250165
318656
210160
263574
323179
250106
268838
252137
32385364
28203501
24047138
19904395
15738800
11634085
7495554
3321292
248868
193193
219345
204190
227112
206667
223729
258428
237939
205391
244654
182536
217026
249385
304187
197127
228233
242926
253920
302836
257842
228727
222541
221878
224126
213485
238837
341177
210836
197828
203973
231777
215326
247781
239755
253498
214143
288638
257148
227294
244002
197701
204005
207258
217582
279724
200198
220416
249362
197157
186445
196686
217363
195098
220489
203846
243430
239414
192318
192691
195627
268732
270410
220798
185681
260135
200028
202925
223798
250791
376662
223474
288156
204804
254836
329753
197638
225109
220849
283422
302471
222528
240378
268907
203351
321418
240835
422744
203704
270114
252799
198625
196265
247205
182282
212500
283575
224236
291425
348219
204351
207863
269117
280582
328628
231838
212101
295982
195524
191739
179424
207527
199524
268650
295103
308334
236277
276644
193105
270302
210736
273209
235187
300931
236984
203911
214955
223660
242663
201631
219523
223616
226103
248148
232478
245189
270166
218719
193531
222336
213508
201887
231948
223237
188018
169239
239051
214915
170020
204389
210736
233301
182085
231610
200044
192466
335985
275928
203136
184436
195384
281538
322912
236199
222681
193542
194837
221216
222541
224158
203034
236565
221620
225626
243286
189319
170299
228633
260827
193310
212460
200318
192574
225845
220986
239030
202542
234856
289844
191726
202273
258473
253122
212567
285044
205157
187940
256274
247149
193559
204652
213910
258993
236523
225931
220405
283114
229008
201788
208103
214276
244107
200885
290846
240807
283859
277206
220140
211408
278786
198904
32366798
28186744
24052198
19923833
15794939
11706252
7563279
3386984
218674
350897
307531
365601
257083
266920
274978
254461
205957
304945
207013
221016
334287
239991
315334
288950
210388
274427
270294
187663
253563
228517
183849
191397
209053
208880
311231
200656
211757
249125
196869
207334
276280
227438
250254
246242
344041
332646
289983
175933
280250
207469
202088
230128
269940
222612
189338
228658
239723
196462
187233
250756
229249
240838
193623
201445
196090
228840
272567
484457
229995
355941
383118
251244
248076
253166
257988
257218
196184
202379
338109
223417
184201
307709
185264
189047
248526
267256
219058
245006
199675
271025
232152
207739
217600
215857
240365
232548
249747
205351
256424
209739
215081
264541
256838
227243
247518
330128
296983
228776
236273
209781
200341
282623
286157
239226
186903
283572
219467
229767
247998
230263
260038
302098
247879
192931
194770
269811
287504
209706
196544
344277
212279
252295
264983
241116
228393
211431
344627
246777
214767
212912
208883
198629
240673
220785
220637
210299
304656
244116
194646
338970
226686
208622
255317
195353
196555
214126
245272
204301
230725
178496
194158
273797
236941
252443
270134
244276
202340
188198
241290
207799
253921
242758
340602
226040
225357
191605
232353
268902
241577
192723
192023
243418
297458
237514
219310
288062
203113
249297
212036
328437
240109
199657
277910
264682
268276
241551
212822
245426
273848
240237
172772
287833
190427
266254
242322
239629
206081
291586
338331
203751
266677
218150
282951
192226
259216
221947
215439
293513
245417
273782
200006
238893
242128
339553
214673
270577
226218
209227
258965
231900
32332904
28142766
24020127
19909391
15723336
11602016
7458294
3300407
182938
199181
243545
293796
278767
189973
282586
242210
180419
203922
220691
247580
216645
232257
261262
290667
237262
222170
341708
283732
256225
358190
269246
258279
334100
315114
188031
230689
248563
237005
277444
296908
195040
220213
189778
242728
179511
212853
202127
208816
210957
240673
219029
212756
240151
400524
234107
225003
256456
329643
403393
313383
213247
249969
221179
226364
241476
248332
245666
193492
217604
217444
230988
203820
199414
217720
250184
293575
279642
230750
228671
231880
241281
240217
225247
226156
188269
197047
222893
176641
338933
265648
203124
314373
296875
285579
227577
233115
254031
233707
212642
326466
189980
209120
347617
240149
223692
235299
240758
256099
250053
243173
209185
184821
222308
249927
263728
226463
206771
352292
238691
358126
174626
333656
213751
197178
268189
196572
233684
225969
271301
261234
225017
271231
269966
270782
274607
270631
298431
178156
204958
274175
291702
245646
326949
204942
256499
218909
235576
264743
187678
186160
280008
282705
230650
197220
196016
230144
245663
224288
249796
221885
244242
278623
303058
260256
207237
218300
238624
196475
209342
301459
173266
271363
276990
239529
223857
248060
222228
290237
257517
220696
272092
206997
244536
241640
259185
287740
252089
223770
343626
218380
235294
281301
193994
262934
263252
230304
192662
226216
343527
231742
219664
264333
303833
293447
226398
260338
247871
217333
286999
249598
276475
224257
291580
188859
244314
221431
186542
253125
200225
207956
240531
223929
224720
267694
272992
196118
248816
267869
249073
289640
32364505
28161266
24020803
19856091
15652656
11516588
7419715
3244896
279210
192697
218125
192721
300809
217646
174630
204224
207914
238323
214821
313303
275478
269477
230890
220003
206140
213058
215918
249311
217874
288083
316170
234127
210877
209332
230434
212883
240724
258245
209112
226162
337230
197095
263921
413976
216356
233979
235290
354647
249956
228515
211501
265967
211657
199404
295116
194435
200656
219415
201663
257005
280326
311889
275724
235845
249993
268029
307793
316016
208295
248113
245906
216718
223992
245590
243756
208442
275649
213079
255100
221360
214547
267626
337938
213597
199446
266602
257703
306291
235619
228069
306116
262004
274415
186752
240139
269484
194249
323557
265169
273417
233666
184115
301646
278529
227778
195905
211456
222127
219526
209134
282885
268570
225176
198792
285440
277777
212149
290865
295212
228464
225484
340888
264770
231138
193047
246487
184649
226116
213948
252933
210938
220245
255227
273341
197095
241351
276344
208984
228662
217444
241613
221008
225225
212402
188149
245428
285929
213097
222148
175535
219771
254449
244765
201170
222528
234891
200512
199101
254166
227583
213978
177734
220751
244607
220950
244261
279713
220199
226102
238271
184576
203082
279416
219758
220340
199831
209230
259599
291323
238233
262190
190681
228665
217647
203668
180340
242873
233828
219809
260129
332530
313194
236825
229999
194877
237785
289142
229370
258281
334131
208799
259937
233947
182470
262569
217144
247454
221234
260348
264426
324783
291385
227857
238397
355898
222979
267667
224495
248102
231724
274781
235064
190085
191847
265848
255412
203022
248073
212390
237863
32359918
28213226
24087101
19931765
15753826
11595674
7451136
3274749
205374
240912
226510
209517
207665
271015
206660
242476
242753
191691
257459
215053
212463
179890
209055
221065
208400
288829
244184
197797
280832
220873
269893
225867
293670
194274
275162
191273
248204
226096
189263
210905
198938
206787
299538
178515
257127
225166
247604
204093
222556
202360
217949
200496
290364
190174
282986
247965
291243
192556
213420
244896
303581
261851
245773
235157
258462
206397
277704
163606
269670
211472
250805
209282
227541
443839
254146
377445
252529
206030
205564
275547
220974
201389
229706
221063
239316
197258
213438
188746
199128
193511
207822
243501
243856
192823
194519
203957
260958
204837
301295
235079
251133
209322
250484
231599
180889
223831
294491
207980
191636
223899
209943
211196
226617
209878
230000
279861
225134
390760
282732
260476
255411
213004
246440
231824
242304
275354
240219
206659
202144
235753
208599
266863
227820
261427
252855
234332
225718
211840
230212
192787
230525
285762
240298
250618
190673
234193
243657
183491
237722
188311
208409
207673
224723
259470
243132
229484
196804
241196
226693
200835
254413
203014
206791
226638
218070
310210
214756
243610
185027
233988
251970
270870
304999
233034
233070
203432
300405
212540
180196
209541
197746
225798
239942
197325
245335
193124
251595
256539
257792
323384
268879
241083
207279
303489
257483
246658
264448
250334
229459
175683
194227
248650
194287
220055
284084
270194
295567
243875
291243
301633
182441
227900
239728
238636
334646
206586
254052
201324
403431
271603
235444
194051
247207
271312
231009
196439
222662
229064
213965
32355419
28124545
23991637
19858062
15648407
11540204
7408711
3222475
234479
283827
340098
273018
251985
275894
272859
234921
238302
252649
219264
220844
221087
214101
231316
247867
258073
229706
270967
377869
246402
211998
259050
239348
264830
239116
229574
214715
315871
212183
391548
207494
260011
261869
213130
354987
202807
191594
366745
183633
232085
255248
248083
195542
214362
212388
244943
194042
238796
213457
197040
303401
436723
270244
242037
229891
234359
255956
336558
218406
244111
212296
218348
291887
322774
264388
246660
180226
247444
243465
286048
207235
227223
249414
292716
243591
244261
233976
179626
270245
235098
233313
250430
206990
183064
382108
324910
242076
268093
273040
200757
247104
338639
217673
247416
234244
277432
255488
218999
346982
254110
214277
278247
228836
187149
240668
246346
219486
233662
246361
305431
209725
199071
266021
248648
204685
273098
230725
255804
316722
204843
225907
231984
289651
209370
246277
242538
264358
216373
199095
203390
235452
206646
251942
243612
267166
232240
200359
222761
226501
197923
215586
189432
214120
233113
235426
212002
217756
235113
197188
247598
240747
168401
238964
287925
225471
198078
245784
220422
179113
255193
216495
243598
212195
216106
251631
239507
233717
262580
229744
273577
229194
213209
194094
216415
242220
230410
344824
211809
266558
196635
215299
246075
232777
219043
251107
244840
214065
236361
200871
224729
184270
183578
292639
232218
232897
244291
235656
239480
320849
213277
233987
260792
235629
210482
296174
187989
203710
242926
283997
185276
248175
238490
280997
285000
209835
215522
199540
201387
235599
218720
306754
32333855
28143174
24014793
19863070
15712471
11584277
7427344
3248130
255790
298549
256138
226087
201285
197052
267669
225037
243279
193914
197520
283658
245269
246171
219380
336309
272753
282110
222739
239514
241982
210781
279508
194212
307347
271987
276646
204766
210220
235287
221891
241591
202418
281451
208895
229228
231292
282201
250434
251750
213074
254968
249478
365638
264560
286635
259212
202607
203454
245806
211125
228959
204678
208129
265581
282808
215322
248018
224872
228939
251929
208438
189995
228781
322435
357786
258228
212703
235183
221452
237548
209288
306866
367953
247159
212180
219025
222208
241443
275330
235027
201240
295002
257741
186749
204714
214927
227299
190441
224537
234932
190997
253323
410970
205117
232842
225001
324359
223644
270265
242964
231000
201643
342006
266759
209460
240619
217641
255736
239333
220334
311919
269722
293948
221604
272713
333789
232182
241205
250252
206494
242980
242399
245541
219776
196879
254947
263399
293782
219836
229530
278346
246875
248297
221395
192209
228002
206743
211029
270233
255783
317121
281936
295468
220101
273783
247033
224615
197945
211242
238081
305924
247398
209099
204428
257449
267247
263960
261852
232548
254398
233860
208548
276169
188823
228604
209380
283865
269508
249352
252701
231585
284875
264755
244337
197468
228871
236343
319600
230188
223289
232297
233829
211222
269700
208469
236726
212608
296868
251046
310061
195232
230205
245013
243543
297701
184115
226227
247146
235858
225638
195985
276534
270336
206805
197128
222830
288107
272937
236805
223127
206151
197324
246841
270302
198026
209373
214331
332146
325723
229313
32351063
28158716
24034618
19854275
15634729
11555311
7474266
3314767
345119
277775
223573
240736
226886
273696
243525
262548
282824
264802
216564
270546
288626
268334
269154
246065
287423
223181
263249
200020
203381
259308
225950
353098
224475
285904
278045
344105
209061
235945
195201
245012
197313
231600
282611
211493
295100
246247
227868
277569
232844
237897
218471
230445
204045
209849
226769
196928
216482
221734
224172
211753
250180
216099
215392
244152
290019
310874
215024
264993
258225
285144
181291
213451
259520
208744
244545
208341
202180
202060
238481
234909
318384
219397
364796
230254
270928
234998
238232
242278
188294
249038
220850
256363
199565
239070
235997
281074
203426
270467
213585
220394
222459
211468
223001
237610
234486
230318
338298
211276
193934
315139
291169
297752
277907
243041
301389
290751
247353
253383
243421
238768
291353
227986
198895
277409
250028
197357
218859
292292
184487
243412
247374
296087
233367
202653
213894
293859
395877
209499
249147
264012
190818
202093
226525
224879
227172
222340
257731
317255
259427
231288
263014
268138
289576
279641
227874
192949
256249
254833
253073
195877
446147
239970
246220
258088
241213
264409
223401
252052
210655
236046
257273
389159
218163
209334
298907
245325
230199
229106
201121
213244
254185
208450
202188
224790
287335
272434
227507
274350
266952
262171
253856
264161
183623
224021
199800
274285
183653
258889
195102
345618
191380
208349
208919
259356
267604
235562
258212
199953
235652
447024
221085
217216
241380
234009
247453
216507
230246
198714
246069
190143
234508
242407
216749
233028
186598
219632
258300
222377
239407
233927
32330016
28127668
23977679
19809999
15635794
11492414
7401803
3202324
265243
222955
258919
267743
259048
257284
217156
284172
227092
215769
223622
191808
225097
221257
192645
284169
211690
246608
252869
354515
315896
265397
203896
234669
242590
217600
276818
286433
305179
243347
254029
224491
185880
238062
236361
215023
300286
221805
197502
253558
200313
356460
313692
222430
254165
219215
270721
254787
228307
238224
215646
215323
251475
206165
276313
252812
334721
300239
245084
213199
254126
229621
266041
300022
259443
229956
207887
205211
222678
226575
201134
206890
319391
297720
190913
292074
267673
384731
198288
217753
219174
215268
234518
282983
244214
217525
226964
200854
204380
213376
187795
215274
217611
205185
216387
217275
222405
198248
217732
227700
219987
214111
267599
208636
297698
205693
232940
216879
198316
300256
239325
230005
217595
227792
208022
206316
226214
246195
190413
251731
288362
290345
192978
307000
259212
212624
260938
225666
227542
197661
236340
257996
210144
195413
236358
248456
253593
296394
200136
229331
214207
206947
210234
449362
207507
203996
188658
194455
233994
190885
187135
239515
241340
204092
213316
284338
329723
205613
262203
259899
271559
227735
284808
237737
180792
282666
208234
193236
222483
283654
385547
264733
221276
194123
261423
285142
298204
253396
259758
244008
225548
216555
216682
223192
219628
213081
258785
193362
228614
176317
206172
331438
227967
281341
185948
260748
260426
184073
284365
294197
231775
222148
194599
233763
239813
301900
250231
347577
250444
254639
204609
257706
223003
208731
258633
399182
272629
224814
204140
284608
225203
32363108
28185064
24069379
19971737
15803533
11661787
7516459
3329815
206808
254816
288627
245325
192252
224376
208332
271735
187662
279525
201415
255874
244250
203298
269749
233318
182316
255557
224937
271843
204858
255585
173770
204402
260997
281038
222987
237925
220641
286118
256983
267203
259086
344004
286441
239779
256282
285135
267114
221663
285310
241820
251170
250731
215958
263723
336295
214870
232998
229026
205087
247404
228264
307870
261743
204500
217940
226088
197794
228077
222282
291275
299809
252390
254222
244546
215986
217808
284965
249569
201195
228006
269489
313245
205416
209976
220604
268560
259601
196045
234454
260854
234109
257207
197811
242108
248096
257462
219203
193008
237381
255117
305408
250585
634979
212895
215250
317592
189054
180391
191792
198410
244232
315658
229645
234597
229462
223852
209275
192397
231546
235052
242604
213736
201478
214984
225960
176869
245883
252753
247148
261781
192558
250841
239067
215907
200312
194937
235375
252428
249726
364719
250508
226372
201182
185810
241488
231416
203213
284848
211723
210181
252999
225317
224359
201159
236216
211071
225462
194466
241477
219642
197554
227105
248115
226027
187907
339906
228063
249283
195345
201023
210307
224952
221833
216726
209951
188831
180720
225804
290123
270232
235912
216221
215080
220838
187443
286143
239026
233252
248658
266572
232306
242974
264088
211692
255745
227716
306530
221156
226515
250629
301932
182055
262599
198973
242000
216756
242092
249941
237691
231163
218228
248593
219162
321273
222821
224574
242109
283637
196271
198784
225592
267424
191625
208025
203960
205063
199626
224652
265849
32341931
28115223
23983967
19880671
15701155
11562143
7347253
3174000
1165506
257268
200038
279133
232868
363113
244170
246891
208356
263297
245424
242591
221435
269950
251669
198463
209877
291762
201334
218711
206463
221424
324918
240050
309723
284266
245393
357467
277789
181883
215515
241100
224506
264315
187203
204410
267085
229366
224727
283756
285139
286035
193529
241622
220159
252126
256492
249074
236913
207591
210646
253975
206541
249315
234263
237903
292621
334720
196793
187161
191304
213440
207365
320722
219045
264326
267113
178567
223006
228520
196031
207569
279648
255937
328074
240943
268430
235114
226501
249371
230128
243651
234254
327583
237805
231408
194654
221271
233378
254473
328401
223254
337533
241746
260756
214817
194793
227662
227824
359718
229338
230611
199053
251647
205235
212890
286442
309734
205469
200761
197087
261630
263148
271556
241004
233723
254361
232315
262214
212902
223764
267842
237763
173596
219382
187002
320763
269989
243361
277028
232232
288486
278285
243250
274976
220777
193959
259386
183725
329598
355033
215907
227917
307669
188612
211619
213660
249329
269137
195508
288687
305010
283574
235503
245011
254854
270470
291998
235273
188674
234006
200485
285918
275996
246406
182147
303222
240053
284203
410411
214811
215254
223797
274491
257894
251066
200715
230350
267191
229741
247198
198523
204529
371321
181955
298603
235994
239274
225995
246475
205938
221073
214662
209666
221644
277176
222756
257866
262878
247676
189580
200676
235227
196387
190468
214113
221982
234357
218315
255746
301818
285121
324550
224181
233393
236497
204142
373584
229145
191860
32331027
28094360
23911833
19736513
15531193
11358605
7268994
3117322
307995
269522
204362
216567
427706
206604
302507
301019
289995
238960
192335
388618
211864
182928
271057
248520
198882
230484
228184
224574
231028
211647
300453
195766
321257
235049
190708
201751
336859
190136
210170
207799
253788
203272
231258
234668
312334
266782
205822
330513
220627
280662
237097
237253
337031
212552
298446
188943
239957
230365
206674
187802
248867
230672
190292
238961
252024
244330
218861
221349
311386
202684
216312
236884
274620
219426
269219
194895
247423
202687
213048
187664
223924
194957
262236
185377
240095
209467
265998
187842
169986
306004
240360
181760
205982
334300
273823
233402
226332
246990
278817
213743
199013
257827
283256
333418
281265
293703
306977
204549
209658
231391
237700
239396
225569
210711
196821
253517
269639
222608
236757
220437
237341
310554
251840
256282
227642
204195
245937
186067
261517
201605
234990
228674
267973
214621
212547
233941
256204
328147
185869
194698
242760
173488
241832
184210
244040
208700
208989
229797
222987
183993
231801
279780
237730
234645
255379
241192
267791
215228
268134
264350
255313
369866
212570
211747
261668
213293
221407
353347
172231
222209
200995
259660
240235
240090
242240
399933
337263
208941
242223
237021
242344
259256
231233
348482
212808
223733
196486
355611
187027
374930
245871
251582
300597
255528
191878
186912
257794
229722
321106
253440
251552
282248
406994
251248
248727
201129
276455
263595
228363
214708
329245
250884
217775
272690
210626
186715
345615
231319
228453
241193
194060
319589
187059
389417
250250
194688
258853
197628
34836569
30615159
26481656
22315432
18182073
14044558
9902836
5677826
1506891
227382
230931
244405
203604
309803
241658
199934
354548
213133
218708
276002
223160
275228
310829
215859
268658
295989
295315
317077
269229
225970
214337
187889
186686
194982
211834
282048
198568
205739
287804
260241
228042
266595
254171
258650
251152
254332
194970
196941
253150
245807
226442
233080
204354
301100
269995
254101
204864
268472
168695
271233
237264
200326
184949
220555
310028
239119
192057
308980
258809
243232
261076
252392
230102
217545
190696
229887
209532
230849
227006
207679
195506
199875
266851
244499
343698
191502
234517
179270
203393
223989
255760
218406
195755
270146
253361
218043
222302
214277
270536
241734
220269
244371
241198
223238
246093
224452
227891
326134
256795
257299
264487
216150
246297
243948
221758
260913
268450
267362
236560
282875
197255
251468
189347
251354
254116
231072
261842
197083
241365
208417
230908
222978
211679
203519
250298
177802
259762
288730
212423
228127
226049
263150
311716
261819
223576
229712
250914
327474
284751
248556
334738
224814
235007
260242
274453
261769
208982
207327
226058
224113
230087
240918
219330
217828
265889
261765
233256
234409
271401
215278
254290
204937
229995
196517
223400
207408
347076
240812
233242
283807
215122
213882
252148
225652
288653
276127
212946
207997
211638
210820
209838
223128
295096
286222
242669
192647
233497
211135
248986
250231
290560
251582
185303
234913
240030
284434
204292
281401
226614
326668
250844
260883
198008
269328
229702
258986
201200
198625
240273
333234
238213
204335
222376
303838
249036
264068
244408
237494
222058
32273022
28057360
23959204
19812101
15626515
11494445
7383167
3246350
206258
215702
289196
259686
247936
253593
201489
250020
219836
245179
232736
225538
258711
287493
220023
255043
265215
211034
251029
335927
237891
226482
229106
241965
229859
263825
310301
192705
223882
342296
235074
192771
236953
306367
207733
185267
268161
222587
187091
294134
296122
246847
347409
263098
238462
290176
208243
225133
276673
214556
230786
205832
278329
265560
2719462
222100
267731
245062
253238
197843
205051
213120
293466
186738
302893
211179
247120
211334
266258
220397
245130
196943
203411
192913
234202
206308
270570
525887
195804
213330
211352
183177
277830
209934
225363
218325
235454
257901
296877
203678
257425
268018
195536
238558
213128
276911
201058
200779
227590
320606
185776
247217
300738
328170
242885
203530
258005
191576
276501
236668
196038
232493
247601
189262
227763
246817
202531
274406
217056
213799
203670
219055
303348
205985
234387
185017
247573
240766
189777
247371
229176
215319
201449
344107
245048
253880
243950
183565
267851
185846
240308
274542
244196
189001
217413
192639
245591
236987
198016
212979
207856
191506
249890
208249
221079
217628
231958
314702
230637
382471
272392
241374
264922
194385
263934
329578
215505
224250
238901
297775
314494
252302
212013
338492
369106
194229
204489
220797
339921
207373
230890
195330
227404
224688
207440
281414
308059
210956
204451
197073
375806
200446
198077
295649
232907
230036
297283
253061
226355
194060
204830
351322
234240
365595
207604
242057
278443
202822
189718
259997
220062
261591
262611
254975
220408
230309
294397
221816
236650
206280
222639
32339708
28141739
23951118
19769167
15581418
11435755
7301581
3114358
269939
246457
251437
193662
208642
265901
276926
231082
243277
227618
223731
220172
196469
223233
211160
239691
233336
257934
211990
301485
202088
224725
230665
325409
253253
184308
230659
219858
230904
212760
205580
193793
225164
250643
221455
210589
289489
260741
219865
208912
219426
236586
239514
215140
218042
251904
218376
252870
215451
272100
206421
