3852298
583100
1002492
980503
953797
644510
512797
503372
505203
602387
511887
662569
453213
716313
793683
539972
715018
545798
807060
544141
388403
557141
598938
700118
600917
495789
443208
532240
428450
427950
426572
526885
436967
594800
415739
709750
323591
409253
528637
880252
492887
681836
477862
887196
591189
901425
722737
370158
707487
569856
865889
442535
391326
422297
400811
983391
296339
578969
278924
789441
869850
369843
400769
812675
512513
746537
520665
595138
854610
682212
862069
886352
547109
392509
435994
930672
410737
606209
341405
688182
678488
542344
650742
791907
664921
430168
413244
872185
472536
778930
759394
488334
520709
582815
406833
370122
380054
461625
407639
906846
665967
425043
535275
659485
586338
673292
673657
355879
572985
854523
438985
422201
415827
851997
498794
777819
509146
426013
782382
513843
594366
323750
520536
480414
726242
589207
397226
472496
616592
506209
539962
453145
505655
648151
512370
335683
814802
692835
720144
494815
789566
409275
724521
510934
1254647
499435
725210
589411
832348
395634
1024043
771676
359078
418960
690043
316807
420874
732529
491134
312113
369131
650950
745798
569452
452125
509235
494523
615214
416864
653754
472042
468091
463432
760118
1169123
519012
819640
486691
896043
1096028
409121
850280
1311691
771124
682140
841975
1011927
1159390
1067451
923017
968894
1022865
866457
1004131
964040
1081915
561954
748877
599768
583920
537102
354185
416146
760230
862442
1095785
1063462
1085357
951697
1097700
622532
969367
841326
1079351
907093
504261
696976
587320
832555
513692
674695
482569
1311813
1016083
399433
449964
532387
712832
809134
487104
453279
783832
684965
913510
679588
440115
671200
485167
691313
585239
447849
514926
726158
614183
725605
409954
492709
506852
866296
581031
559260
629361
476036
566695
439044
511745
613069
544834
746305
360934
793882
717259
721948
926813
820975
889895
813394
984342
567966
437804
441886
637470
573629
875792
410759
723109
703384
533007
888208
295849
658940
445995
652790
698285
498353
588010
889786
483955
640745
501115
500699
474470
566437
383151
423674
749308
502918
601592
411165
433259
721906
523034
275773
909215
733785
957059
386428
548408
416782
372264
526734
277026
865124
765903
249094
504660
549459
661490
850427
827916
642007
327644
391587
296407
498890
490601
459264
449542
552621
760061
484148
862479
478195
553854
425089
398284
455679
426031
822040
880528
598741
493058
365649
495931
484291
489454
944593
768254
298890
580427
395771
658685
449543
504129
423989
436447
550522
369740
388864
335750
760332
637816
565761
421028
416297
448820
240064
805666
725012
502558
804712
485258
564777
659566
611382
598328
702511
494859
446662
614455
511581
603391
540021
624562
510058
490331
377574
661170
390231
356527
478233
499250
801047
785055
467878
513519
428804
754629
541771
582145
413815
425091
413962
446744
540734
440866
394465
346478
417378
933992
286318
403647
599126
376009
307487
560840
409750
777281
435348
456469
549064
586582
556513
409963
507010
717372
595968
586911
422478
505512
230357
686729
706537
437212
589917
405726
594312
479250
587474
492734
663164
818098
540106
415903
495115
437051
630411
414052
452435
447047
452622
545437
694597
393540
726448
586914
606870
605879
411303
372118
497754
774153
762187
778880
771576
713717
407508
751201
443504
620969
733900
460630
366725
958920
417884
401298
302961
643195
478845
325704
405344
395617
591804
696967
883154
652866
444448
783859
871408
445673
410081
581093
438510
495524
416912
779150
479145
509529
456677
772236
507316
473146
504615
550972
323059
370033
349179
430591
507536
440634
384870
385913
728511
635343
689491
1016177
419012
388167
483852
582734
707884
373858
365280
562134
689099
318256
377871
278374
982440
548206
954441
526560
496901
506731
474796
398725
581396
864210
528766
432023
381692
563982
689902
482075
702416
622188
404798
477154
348330
663544
493567
477845
442762
555277
473854
791405
674641
741921
604659
721536
604823
755692
697354
477340
396170
475128
385898
522171
617378
414195
720108
442955
751300
599280
690983
553645
657733
421263
726331
544059
586909
419697
704926
351163
423787
427916
756520
721372
404656
346458
839638
854022
317247
991662
778461
529158
549914
766760
870408
568144
615436
658925
476744
761017
696462
796174
446993
510920
219325
435690
598307
650239
466187
635432
709243
483160
879098
799697
364678
699513
795741
426151
215853
455770
432881
683404
745651
561480
354969
404801
515619
469794
698465
409993
785878
483563
478530
439184
886786
445184
564102
417902
391861
455262
553227
502252
511549
274148
404562
360459
361449
385700
691394
420434
486734
418949
540042
635228
878205
761116
402402
522512
783136
350413
600776
436079
644481
916486
353639
468712
634384
848863
921322
864933
535494
570419
540152
693480
835076
777118
391198
461856
257834
407973
391055
743905
553324
451376
730705
709074
284192
360820
420793
816865
508130
594427
601462
825142
526056
408517
796287
757166
781928
603159
509908
492669
335375
648601
625852
715616
420910
570584
626169
421268
624140
521449
703283
490649
408777
523105
662693
648215
484976
605876
1076313
427248
408548
574859
701068
586684
549338
644779
1021567
860616
289127
493761
467444
683819
491871
438825
1049127
639881
497889
437609
495267
793726
393396
682781
340685
474224
431159
500604
521787
459868
408302
323469
982178
483979
820435
371688
683908
674208
1043621
761271
544176
652256
738753
685725
427636
327216
749359
704399
539047
923164
707338
300051
709872
612861
566503
254228
531936
418228
678303
559657
459418
407109
490203
616928
576139
727071
336085
331384
621648
386771
454745
531916
1075319
834536
1024405
632038
539044
565332
709085
223005
591991
644502
560203
537880
4121893
452072
532037
444247
382487
862316
675159
382232
821364
585089
322782
287824
579593
643433
482818
519052
484176
427379
637025
959682
1144039
508741
507040
560051
491147
731814
499874
383595
310541
496864
527925
596390
598277
509172
1064380
454759
589872
521636
370064
791301
753845
504807
235636
389359
553355
714216
589684
640425
546561
703498
706278
479385
492760
625932
341666
371806
494831
590759
292872
282542
485154
769063
470356
596092
604962
842446
856435
607709
434849
460738
858482
704595
647472
521938
831723
351002
910783
418858
807074
513059
406324
392418
474088
625522
596170
652231
770315
665950
767225
341865
933111
834039
922790
762160
648784
571207
411546
812306
504540
304573
617651
515217
618706
562430
334198
519704
629278
704631
382904
753715
267356
1104824
277430
781374
485502
453585
673919
709474
500257
348441
588692
644398
598521
813178
364149
580181
454726
442503
315924
778740
376562
665070
386079
348549
415396
525484
486656
525492
527230
367692
821487
749709
604625
675787
970532
1158718
953908
818094
696577
495822
468276
558454
657233
644379
481169
410425
999741
747503
493586
611708
563551
510955
833488
507407
468095
483628
889103
547302
470241
820152
801124
592400
591882
313557
306400
485673
367077
362081
920931
733144
683966
577631
509244
762393
589450
435945
784853
452858
323656
381431
468911
724970
736249
802860
483526
862285
737673
348581
401898
390684
933013
667519
503283
454066
627308
713125
504196
503756
391126
385178
381646
599298
655132
897822
688063
765541
882141
357463
916342
535767
342572
386516
451561
531220
421575
409901
816598
455495
406075
518052
765091
534607
773361
680123
404032
584262
428230
757956
748827
472897
485582
519767
544771
310090
603248
444047
554014
281334
422762
387038
355550
611950
634649
787922
343922
213671
468572
712688
386778
375170
714309
503400
539004
457673
491794
402332
543604
720015
665799
820109
563509
424160
340587
481495
671893
570811
570688
737596
536219
392668
469673
454995
454784
646323
443562
321568
645121
443346
614881
517116
670247
360531
731273
832454
459484
525828
750532
429432
386244
312157
376771
455429
820279
477917
818416
387758
440702
426485
548034
421519
491669
425008
393965
539283
941993
671993
378815
479071
597828
449885
517707
607863
530108
524092
375214
459475
397516
395861
513710
423838
641972
741384
624856
642342
539368
302950
450708
391295
802463
396433
764748
468974
517333
477718
531069
525472
613558
317698
449570
496613
459342
568398
644990
628155
316413
388755
334001
373937
683415
466764
291173
370431
276008
586123
341703
604400
475124
265791
520321
423300
583315
822937
319460
533155
752826
381316
461553
434976
753667
405064
704126
482707
580141
430849
497275
572878
638478
373101
535538
655720
690369
427097
361239
607721
425377
960003
415554
450840
326397
569406
476596
618931
373785
389625
795837
602777
462067
415542
657797
527115
894172
671118
397758
929997
690510
545245
593574
618428
636479
461887
437401
414613
386819
891884
560560
417296
740085
333794
345602
447791
297650
625006
500847
424295
626154
539391
381912
525333
771876
677634
763455
382292
460149
776167
937619
447118
678781
630051
395169
943145
627962
393695
801261
889754
494817
661800
402735
464844
470779
367027
472997
522526
564725
574535
461386
445576
401260
815422
771194
823994
536178
342009
389282
449123
521806
426689
642267
646693
463075
675853
486173
303629
302265
742212
692619
347887
513257
427685
302765
435614
416608
449466
607086
500768
307908
691328
881957
444675
464866
406963
501775
825533
353808
377638
445239
533743
433993
472511
405484
648512
686415
727902
415345
822543
754757
528400
508141
467765
523917
734756
508746
562887
697038
671006
777292
443824
608236
688614
436427
808277
564709
764116
684395
642444
565357
345227
717687
580867
453777
732102
655123
503965
554818
514189
594850
646610
563359
364296
742749
405398
610519
731081
485831
503338
409582
338190
311673
466092
560396
949568
851124
718144
701754
623785
366925
460925
468121
373133
507779
501289
735858
407553
435704
672599
740232
554934
385675
367301
803567
568500
630488
627189
561420
465055
633998
495607
321617
579957
459454
819214
552281
543095
370312
544521
508686
822397
883500
755213
433539
866414
490640
549759
398982
424278
485054
386493
371882
606454
699742
643493
430135
485590
291507
338039
754167
713048
473531
460467
889455
627017
399611
579886
560150
438161
479972
661956
488846
833327
387066
464370
447297
505535
469040
546413
426782
565271
433040
424174
464404
444030
1000081
375747
332407
820626
365952
421401
383260
799401
546824
482366
509842
692811
312410
441529
553305
710006
754764
443562
713680
607898
544138
499972
740095
503946
375979
520637
510212
417106
634922
298014
756954
785698
708620
461005
319557
415424
485338
471684
658010
268712
530738
674071
323331
440527
397790
410485
745965
672241
449801
409116
671154
681983
430280
261023
396776
460737
486746
736967
262706
473571
549385
711171
428492
558132
611820
333103
758491
481029
471229
806367
291348
439376
460059
522333
714767
904794
985021
559886
552051
679772
751886
551353
403611
372774
403847
533205
425822
660544
428446
816296
427253
712030
446411
772623
764402
605494
669922
432522
436206
323050
428409
360386
583222
419347
408290
364516
805341
840361
443661
781761
911811
668339
299532
613100
543689
379740
536748
628155
850279
332598
415097
770450
300854
581146
604551
654292
669610
420095
774868
341918
718602
335166
336793
542972
643212
465455
570620
375096
311685
786506
496870
488585
314909
868265
295155
608309
912239
430559
247948
381966
782012
389220
683666
367181
520403
555996
707152
622241
364002
457033
526135
423937
403513
463786
434835
388172
583473
889603
587637
708750
433493
372955
625827
928597
393593
510310
428784
437932
438640
493754
469828
465736
497695
533713
649746
400437
611794
433764
752537
536332
705272
432832
398885
427786
884916
493244
440318
342887
674061
615350
438846
609091
530045
474487
555686
313760
352364
840014
287082
433544
730734
381906
707835
776580
557419
285058
427634
556154
367206
381278
653026
372334
396812
420193
393248
580898
336283
402096
447536
370776
561758
508750
431033
372516
857594
468423
671783
422507
685998
456568
230159
426488
464997
716503
453818
786048
751221
789749
408165
397402
793932
242411
418980
719415
405621
370089
628199
453060
527502
583598
282918
703123
675640
307921
280732
347170
406255
564848
848391
457476
500643
434291
461061
386121
609339
492139
517799
345873
581448
512162
399026
1278741
605402
340834
423859
715294
760024
433521
425281
553599
352766
665934
775224
436813
280819
365754
656994
476964
426190
422664
801495
745539
436973
795453
378058
637438
368370
700006
771988
555017
492875
438664
385720
438797
607443
757198
698648
520797
502060
472107
460457
446900
406077
353118
429321
568649
722120
1304821
578191
850998
886560
640581
443863
440952
395691
1055887
504258
360155
477337
406836
514326
653342
264914
454678
425944
611869
487652
889379
754546
403072
898716
618581
514778
298853
472001
385499
480947
561153
757513
442036
423370
486718
697884
708591
310915
327866
618956
467533
285877
391100
367514
290038
345598
601449
547977
749808
448961
407826
410157
379205
458001
305446
728978
716034
553882
445287
521004
524155
452252
346703
590323
469091
258657
489798
472233
322736
749122
368430
263541
546221
480808
287255
545280
429275
974751
574560
340345
409199
752276
710115
449571
329330
607009
292867
427564
770212
550501
701238
554852
418010
996378
1056348
450761
712325
815534
418841
393162
386255
623602
565769
417533
423759
473746
502504
454795
547346
446832
435745
621222
216430
495695
410427
1007106
659426
715449
675806
567340
736559
472362
417805
398295
687585
372849
308538
327715
494197
434642
583388
287230
549616
304531
330432
512360
390615
344135
322236
476901
498991
436080
572178
459616
410486
896242
423962
766000
702823
485659
321867
298443
511662
564204
661918
470560
980041
556109
565024
380292
603735
438285
399301
320014
570345
394496
384702
364394
444631
454679
391537
533574
808376
179393
394895
369044
387603
377196
856896
678477
481560
545899
638080
471099
268339
393572
512481
528465
665065
432950
779163
747019
449025
427939
397278
790233
616556
769203
298006
358029
445863
921742
395665
568959
532156
388441
442237
781632
549302
350215
636412
559974
408911
373562
371806
302774
451125
424948
440801
635927
414806
905693
489940
612692
960874
353121
377497
431250
518889
371326
352490
797988
555892
468462
510005
788885
450271
844002
464333
338667
421077
444598
605538
487804
445596
650893
505683
702896
309349
684323
759689
457153
364079
392019
542074
331742
346894
615374
481671
692802
405046
493984
502240
525264
487724
438685
499772
389443
622357
195094
326523
550139
392184
725336
752379
900226
537084
402999
428411
789014
771715
910646
875169
743812
986587
936300
457830
384217
360443
518912
483042
435764
709692
345901
769167
815718
312736
702650
406493
634576
389892
444532
733946
562441
494327
565214
637275
1098902
644007
591965
541567
802210
449710
606502
1006643
572260
844963
937687
454981
802780
807858
682391
522480
573359
644626
583786
608983
560751
847576
464950
400461
716720
680692
606050
430743
656097
460100
1038722
698914
504207
397442
358214
873873
536585
714055
510889
559868
475035
425675
384198
385461
605641
508614
448056
453454
857494
596020
554286
538857
253763
782345
418367
362021
544279
542350
425786
563188
962651
924504
676793
496819
471079
426803
454413
568342
598834
851825
447335
622950
747611
401146
586979
459346
413575
559420
563176
844746
713120
412759
883131
894388
420208
583563
450206
358011
733334
474420
529762
1023498
626292
458402
730354
664160
290651
589360
494400
584257
665389
518193
396773
476485
802584
620008
895640
717837
533141
355323
721075
901643
371848
495650
390426
950532
471396
605710
408832
1181169
545346
619916
490019
229078
550049
561469
557550
1133778
283231
749833
467515
690881
747463
568209
755464
372171
332971
828396
571165
411538
694826
649861
718962
430456
917415
375806
708288
491675
546783
682967
812014
527485
637104
780332
390121
363430
490541
672821
474869
412490
714252
614820
738556
541843
426618
420553
895334
434162
781067
431720
451501
438921
368890
285919
881939
769186
956734
863690
709211
449580
594569
867270
494129
414387
528640
421194
771206
522995
483681
804507
516131
511930
709637
440037
236699
794145
691743
537186
574706
465310
805187
558582
506290
1114339
425714
657796
724993
422257
357918
550449
792466
666705
707381
504944
1091871
429623
514033
730969
610638
533762
255293
471708
493654
466329
979865
581654
504354
355314
537982
863204
442413
602704
376476
370332
326755
437414
460150
415140
567931
440236
569779
621353
456691
537313
370989
518587
1258654
740131
682250
696489
438619
411252
363244
433066
495749
775213
471808
400400
499844
285667
568676
820452
335530
649345
545609
547892
373800
374556
513148
535127
432613
867554
665155
369946
429676
433706
364039
686686
522004
454808
376299
879741
454228
594530
412956
754451
172704
596691
993436
626537
726798
497035
366535
298623
670550
530233
422442
982602
383762
430128
693087
419963
523608
541511
295068
489710
955853
621421
383414
396404
423446
874055
712787
626378
678143
775020
689809
481104
787163
923200
780450
552691
758360
950731
399620
462111
289172
569859
443591
768893
537893
395905
692699
798657
628438
456082
872462
690915
1122362
622859
443097
522134
556497
573245
675967
428330
728433
669691
340989
718223
758130
524665
646999
205669
497514
596154
449132
880232
589426
596012
964778
387640
916396
452103
382285
883952
384506
436848
472288
555319
821151
567451
540384
840858
477723
347583
352733
482117
276304
733478
870272
666907
479478
494394
397501
485130
418349
646636
720415
431916
417178
440707
597659
405145
1304804
737219
653073
710330
668648
361063
764066
296171
509699
684412
885417
361744
696715
678048
318187
493524
587992
625936
861014
480979
548597
742525
666239
545749
194724
414069
981313
482535
431714
350516
697802
672876
407691
1051483
700091
341806
711677
624164
404121
690980
736395
378674
436663
785977
628800
382151
453538
720687
234609
526903
626348
437009
664235
345580
677356
831370
305667
1110990
657159
560528
753237
362744
649241
469899
405322
477537
743061
431450
281168
432862
350272
402914
372847
784354
1084706
877395
671418
378933
493336
549669
412894
712134
454166
434792
713134
331666
570482
502191
532588
2614073
614644
974177
1833997
830456
679261
959325
803541
693303
533645
565720
444913
666879
535370
413334
513707
562294
648878
320789
341449
491949
490107
542922
648914
440506
510157
599033
460129
546151
273081
1198099
687609
560514
469665
366571
377717
482859
557404
1091011
570826
727875
623908
805320
310576
435946
386087
343424
532336
740917
494114
573779
602392
518210
353539
680121
481961
741686
613678
328628
6689663
2496331
431383
359525
1025317
1308788
900379
926344
1006433
897222
999875
1135660
569661
424586
580200
692600
1085393
432713
505556
583275
257171
456906
413409
679447
339975
338824
598560
540669
479699
440073
422392
756885
402733
388460
610548
842080
1045072
648453
393961
535877
356785
525675
276073
466796
596915
488257
765467
722118
595785
396876
721267
571431
322506
540564
516205
758194
510498
509755
559070
324892
749922
745327
671196
519033
417844
848684
1212365
285927
410841
446530
461216
813253
929520
823176
782393
756671
980846
469693
1094073
631092
872938
866889
505199
839852
629326
925315
432615
419449
572678
475882
909997
514739
827866
1137959
377167
474905
544954
386082
659709
452601
370111
623663
359356
820228
673331
302546
703719
572041
1214382
316188
458511
551995
615525
675562
368683
344864
271545
561158
619836
685304
623147
340544
657004
707487
370707
856234
621702
520358
866143
338202
487592
575717
377141
367374
1024492
1015484
988666
544557
453382
605573
510047
793677
569372
770033
434099
580853
730440
378275
924374
771383
877704
1212210
674152
430118
306016
696004
653230
588390
624430
712372
757960
694898
278934
683618
780705
723186
642348
487647
577111
727688
843528
484341
602921
748409
720657
461027
738399
775371
704917
652614
447024
921616
458132
429425
673443
649207
442085
466410
707024
383257
421813
731595
447760
519332
542866
233658
459331
434226
410990
474515
930421
1009712
777034
672819
2758654
509660
649870
386800
590777
434197
724156
312981
413627
476403
424397
550050
549038
479886
838133
318287
450837
346209
416901
692813
339700
512732
727221
589844
607847
880137
615506
543974
659785
451404
786094
1182087
419920
810091
378461
492540
637315
746814
959432
487985
354553
1724241
686955
608958
750825
1032797
550723
588043
363795
579345
524646
872893
478473
440934
621899
327862
614015
868130
1020663
1687768
433423
608358
1059180
303821
363961
749882
613062
413562
573555
614266
1405648
1000327
1018254
629894
560678
483577
442805
510978
588054
701134
445112
431583
529519
511489
616270
867165
867848
513397
658419
318965
638804
786127
581134
382175
401960
796300
638173
886822
498846
437449
687558
400941
511547
374706
561468
418085
390651
289741
621292
678041
678951
1007138
530053
1483134
739540
863155
877471
520232
1303573
305948
744284
675903
938242
710645
680237
838028
546053
879540
701623
933410
840535
674342
887329
500504
659738
860118
531575
603799
623288
363884
642383
590220
366031
615991
419386
969317
543915
789669
668805
567480
560325
374773
2824724
291488
558137
640044
551644
568632
646538
520347
468075
761878
715373
855962
430085
481726
1011253
684026
643240
377959
389691
530453
672233
791999
792670
606817
852298
329594
842142
857104
657101
691704
416946
655750
470993
612697
610550
514526
608052
444771
691895
1152031
644114
409756
542251
802490
419137
1121588
737213
546679
510982
473737
455639
726123
847726
509930
585524
670215
745159
262479
530409
377817
392823
406575
566177
739253
562734
908107
526631
1012756
839716
506062
725538
548943
769567
580614
1078189
467926
816871
546120
365739
479269
499615
477987
371750
608451
399685
406912
839931
642119
894770
905995
454873
667076
1155237
573551
700313
403630
397603
748750
772006
869383
496825
353330
509954
719395
431172
681160
340533
412110
432570
562448
434714
370438
386652
241044
764674
555342
403819
377104
329962
650047
573993
355049
639921
463617
392830
548700
498015
551618
641581
583307
729125
579196
352614
392977
475356
629939
380717
579675
491543
692071
415491
823598
405967
536314
651345
822273
341032
1083223
398046
674659
484669
619519
447155
495354
388502
422584
820623
753494
847704
277705
448214
323385
389518
301720
697379
594264
361615
772857
548927
392133
787496
683273
568358
787702
726741
615668
424713
476115
625246
702626
580506
693831
618889
756365
426862
557276
574021
372130
548984
468888
307498
491499
294725
308170
710583
769866
485093
686507
404189
936589
591747
558560
371149
471220
666239
683679
807742
683510
470665
709177
358381
288405
685598
335453
552300
578249
414571
411840
432038
516530
397808
395371
402162
276643
640426
509349
505307
640318
622229
416923
474027
593549
776611
648213
444220
660298
498239
380291
501928
334968
423905
663153
816248
460768
689988
466684
554443
527815
539372
515533
325944
447285
438616
412722
442612
383414
609815
361880
650180
685908
681390
855146
376104
827533
453582
467607
850797
454645
902981
331954
555584
817456
530476
1010059
542908
442639
416811
458182
1023066
517235
502346
894023
563642
622013
902351
463177
272383
440260
468233
601595
612873
474594
551612
415953
329705
453983
471975
256893
475013
1021373
489710
742055
534904
388143
814939
636024
487254
491698
567963
708539
408479
561117
568204
601425
437077
703082
683324
422293
1134930
590617
311478
596767
623457
726704
1036251
443836
430267
472911
359912
433904
500135
980394
640434
549830
650661
688000
488536
830992
573616
478440
503615
629225
214676
712073
209172
374098
369698
415590
624725
550337
301265
892125
455518
464579
501062
483034
415899
560321
674478
527434
792783
392442
1718104
720268
666154
501963
630289
750944
441703
464115
303591
375574
269749
588641
567417
646277
493776
770387
501564
397264
466593
643357
1546270
569515
661691
459863
492177
292169
301032
517989
568685
625546
1016926
428546
513177
396300
537699
434775
565079
309056
629468
715458
469517
516690
415220
437229
722052
339488
542156
603456
956064
478884
607301
355029
359613
299273
1114992
503401
547993
418224
1277129
1037110
629920
1115959
665237
406145
520253
839699
430492
387899
670375
517215
470722
288432
686131
295765
1071766
722384
757924
929192
406880
491002
540344
439920
365268
282963
445612
403852
1078158
334690
592009
570936
338528
433428
650336
703926
681356
770406
433974
486673
551312
286909
503908
786476
493669
448536
447806
607296
593624
309640
359286
369605
535903
613271
485637
604836
810079
513777
344432
518014
354177
740027
488332
570679
652387
370890
453062
668289
539561
628896
592456
984054
1071292
702252
869607
314110
874119
393593
589773
275907
627487
437792
371893
809135
826747
710113
363199
287144
850310
902390
428395
520530
648229
627402
314598
905482
486003
801206
1184402
531352
653981
504044
796818
762542
949374
507940
686199
401983
1061502
696550
460000
361597
780871
373632
556292
417517
393663
470460
1150574
356539
880729
584729
327054
345630
488925
690971
378160
369769
380495
550226
608802
510255
623339
566682
320361
1051247
494047
877691
577486
476050
1211271
342399
975283
626453
453919
551485
808432
473439
574547
485326
307475
422149
323387
363210
588687
781662
503232
595971
613321
401065
646816
369479
506080
730881
379804
755977
426449
539662
405175
945758
918721
498028
405862
435890
709305
396869
996071
1022313
956057
625405
517047
596555
921996
768765
986940
212957
647711
420842
381757
538739
436485
403089
611758
481802
484583
607739
498709
626171
570953
554955
688203
548711
400205
1040487
470696
889710
384126
891289
1031006
770383
623121
1013042
1029685
605812
688567
374468
816645
1008506
607881
679773
781021
761026
412790
521597
864725
577245
288511
651143
535229
441097
602206
510119
780548
593544
529800
740098
602051
697991
531753
648707
470862
1161185
683792
462021
393756
506521
685957
456920
614098
345335
463738
676843
572004
665172
352149
429905
432624
519131
347389
903537
459542
378790
564808
406542
239618
431014
530137
316606
627089
307394
370689
555191
581618
217264
594667
656561
948412
908834
483769
882953
485187
510727
363216
658886
628854
488179
902624
528521
514415
684447
769140
711913
414048
313308
457084
369421
361492
619345
1031608
803703
781714
332377
352045
289742
467391
796406
769326
877708
863237
473105
638232
762064
437699
629348
925528
797156
918716
437252
528474
802714
800174
444130
542305
734372
716871
472769
373181
653182
491173
437068
516711
453954
484153
617313
1064188
399773
826428
511541
511617
452646
396451
360618
605687
809502
592148
725587
1071571
339763
409039
383225
797934
318698
358710
514919
653384
825252
758760
1136236
1025749
599909
780692
695788
634117
607153
426272
609062
657056
743621
1065148
427510
676170
758166
942072
1061181
461741
413209
406609
906025
620645
642915
479678
424218
472231
415900
369485
553673
650867
1008983
296895
843082
711261
432700
444152
499784
860226
351491
436690
423187
496733
490848
532079
537364
512158
324680
633714
529745
881753
798622
299692
428211
592833
397439
403251
564163
523679
402861
423351
439270
538769
184568
307569
506797
451043
353459
407545
753930
513793
473528
491836
415392
460626
382923
370216
963079
939918
829407
601757
719019
464842
546187
582656
658193
403433
492503
550788
518051
570838
327973
508274
508533
400394
459932
417635
526593
866405
527814
620877
638432
899826
589188
813880
443318
581076
498838
364727
1189875
466884
804721
579429
459452
392160
321987
698334
514691
481588
564943
485588
779308
393857
672540
575473
587271
790743
639888
985595
783273
718057
919615
1167145
848117
357228
947442
696251
495623
696309
508521
693500
377760
768210
393463
690033
497719
386008
276375
674535
293849
592731
457635
432124
377179
1095412
653310
796316
626801
370641
478411
662325
553970
591129
319795
686948
691157
673668
701122
446245
799629
556858
410180
292661
667895
404534
627611
654202
648824
723640
390295
266913
654561
465391
475818
181940
430148
728713
561472
440301
700288
798635
783707
591648
712790
877484
801353
424798
411036
911217
680323
664067
420947
457389
486885
400411
547359
499091
655691
721212
351188
766214
602378
438422
692657
352357
1033101
517095
435027
368279
264245
468827
539642
316773
1072770
370931
209544
551802
631853
462333
338535
385452
502482
454163
714051
443959
410487
964031
369053
410549
405428
934282
414853
677436
708015
580131
514325
395550
452780
555703
872969
593437
650558
472123
653102
598516
264430
569852
623213
381115
736019
485556
1063839
791762
741951
409400
671622
508329
586638
742565
550700
546735
512383
466203
544875
575919
379802
462461
461150
440942
489766
366969
566141
593733
296943
898293
406158
394330
509519
444476
513528
445573
582304
589190
851970
794394
727963
313722
403765
353937
407783
721937
655515
420981
259866
644590
376237
541874
429381
882024
568281
429958
564844
323360
725530
512574
361158
306985
628087
338388
305404
558229
593193
686982
350175
563392
634908
692499
727803
395156
660937
320356
482421
447386
351400
366349
758894
506113
622129
687111
721396
905211
424759
502161
502485
566513
466281
427536
381252
513494
340149
522461
425864
402786
223598
277633
788422
489963
417733
318742
1277637
986594
523356
678958
1052430
601374
401189
477916
847995
258776
335273
765318
411478
371704
753449
476918
391849
516940
623367
754295
403524
542432
356879
365705
364957
460357
407563
668503
427683
396693
722724
337856
724700
379375
351540
330277
364171
446428
561285
533364
744551
403240
863011
587223
594286
666762
422001
433353
1036558
326401
423808
560621
482615
480312
236979
2317768
551586
642438
365945
594309
494498
549471
500401
467182
896989
913383
409399
397735
511321
488334
594668
347634
371505
788678
579667
832346
543081
270783
549383
575472
529500
812390
869864
913197
327224
222258
383092
949321
654012
292099
472339
677751
474791
841522
556860
516604
471800
459930
391474
709607
781633
982579
845287
519346
674777
567047
387037
851102
491082
527451
535042
351819
730234
348735
422674
619307
299400
549734
1096463
970380
495381
764785
764751
618062
517517
632627
456639
535763
564842
498510
303918
1059604
823890
319025
611493
759121
639182
525979
470432
471798
501247
642093
791756
762034
667410
744595
346511
419099
430828
653334
782426
404427
366052
567088
733478
419446
353479
277505
517837
458001
672737
591141
524312
415662
471697
361794
520840
585203
373258
213140
523518
700693
468872
464945
737277
752813
680441
606543
418990
481996
415444
405890
540370
325266
346329
421355
519881
644594
661715
777357
601349
443365
546226
1914400
359348
546073
504614
811411
597818
639421
504885
423939
581016
603979
417486
485953
372956
400297
638300
592147
674990
588006
276494
241037
997006
369738
436315
840147
755149
498077
253897
400974
636291
579017
498569
306559
453725
316924
425117
420685
994242
527191
411081
435229
509250
526869
485035
475450
944372
612563
610631
351009
504859
442988
358518
429399
341595
372761
425259
396431
356685
404652
422365
664648
694250
301743
690824
778513
864396
360723
661793
465712
552440
656807
539598
270196
208260
550235
738423
496872
328863
382106
570617
515504
379492
601897
422805
514010
432531
874124
712406
656190
755601
316027
378053
446792
427590
453154
384997
351923
644694
175664
881218
775485
791144
453306
492672
383382
497296
727716
438882
414313
385470
752463
256511
682365
571581
661993
434914
508517
780430
682565
908987
578090
662996
574464
496049
497750
435059
392902
255495
390562
949504
696106
515382
590683
539011
346699
341334
414792
359238
659721
578607
561479
453487
271435
188259
654434
723460
927650
362377
738656
413534
494645
509490
363720
587236
713552
351324
487685
406046
625609
354895
880039
573160
450297
690346
1084406
438287
553861
467454
605689
673767
410065
467810
499994
830721
555260
753769
507606
709162
432093
559185
308430
337399
378656
415065
873074
793707
446496
368099
400064
468658
334474
433902
499665
789174
702358
610697
370190
426484
416234
446146
490738
693794
730259
672251
384310
475001
773431
438658
416516
446199
557787
588059
453095
463290
286989
497098
370806
686472
787309
418285
827629
724211
352237
730269
806502
378072
524652
840058
802426
315190
548716
474448
739035
447812
540394
581456
764347
535152
615027
523869
374046
564379
319950
532933
641364
400635
749104
762249
209098
407601
629718
1050478
847802
544087
221344
599131
421652
586193
398162
299346
391924
378805
522755
421557
446867
209784
433496
777163
449797
677965
627378
831087
733991
659370
344396
367062
525540
409899
381750
381871
779133
525540
299221
515357
763623
312239
398084
522507
428260
471257
410318
708510
163495
641590
486113
376420
300687
360338
457840
538281
569361
430255
698506
367204
420631
409547
480439
406880
426725
570355
333971
440317
490727
527700
527264
802269
501249
638010
710484
534666
562545
300963
718803
517809
419685
225476
731632
646564
543295
613754
683574
725350
342260
556716
925133
905417
322717
590534
474863
236493
565954
384154
497153
398140
550549
428575
646000
777558
428374
659394
843050
527778
253417
483156
304170
391669
644242
561061
442943
653648
806980
688620
414169
408828
338259
369298
360181
637984
450019
290689
471836
353857
670711
291097
720192
530493
917039
428554
652982
809958
551002
450129
503228
513790
704345
357440
660703
503849
385868
700470
287714
542732
769790
786031
519550
497713
804029
665625
575813
894133
474234
388973
794346
512606
376479
440680
671565
382224
844557
629534
356051
267910
322441
761258
487523
689572
613373
763811
1102340
841032
937395
309810
823523
279440
555877
411988
661460
367154
572459
451680
493310
294271
676410
808015
638805
315662
523449
538607
997173
373319
306214
451284
496035
364983
877862
614378
377332
403507
664038
544615
801838
434436
457489
386399
425809
913177
339956
406431
862373
433498
419237
484939
438924
399159
571461
645322
825948
364528
521372
917640
482014
615359
431531
512066
443041
319375
433142
498762
409295
465516
652745
575436
346319
361717
528907
527998
840399
604632
907991
400135
797423
193785
618362
623833
381429
368025
752893
464570
844906
779825
369279
403888
382925
383488
733411
300473
422289
411789
272082
365225
381835
277001
429727
656784
259909
436844
371418
783745
413039
849294
677515
485512
499112
594198
329231
214980
816789
462693
989830
294841
611030
313392
855246
585384
347328
563759
311134
715262
357466
425001
735174
818288
745059
489711
578725
650502
380675
602830
577540
386514
534643
790304
528337
838434
700704
634860
794136
908292
799729
526571
298909
393283
721539
713873
372876
489350
374229
389291
363858
455185
751867
478294
475753
505845
626313
545498
418247
549037
423595
574702
742636
663624
527346
423341
727508
284076
599015
303325
485094
741969
800793
747649
385360
400883
741975
405710
431372
471822
433256
511805
399697
279498
524356
631029
783037
416191
268881
628637
285138
566246
495040
453792
378769
766877
375712
550273
403927
642033
456646
410489
479480
312580
405651
372715
825704
390642
494744
427260
458145
731251
434391
650592
1472411
438566
575720
393046
632846
584904
622501
405199
570905
1239850
281291
295460
730633
602956
680419
463251
459352
209469
503665
494883
649019
449788
392916
479089
399409
343533
583833
492190
394128
750763
718746
500958
349201
566040
642816
556070
350412
523636
371452
754281
573300
992758
543727
757494
769426
496812
469474
473952
498674
808338
324750
425254
527431
429694
682110
973416
415396
552902
572106
464604
411248
1440015
482886
312319
700965
551595
418480
395558
392742
647955
1168269
587622
518053
875410
298984
391560
422210
626071
894370
397664
364023
288463
407161
385787
745330
427881
428257
515265
667707
465753
303818
704813
481857
735819
265236
354758
424586
323760
560037
464608
376314
521655
442721
246322
561885
483890
511147
855707
428122
398736
404105
774831
505977
554119
181158
418207
605306
506230
478156
548867
401740
547189
525797
613192
835165
544587
720165
590506
1125286
528817
380491
428141
504368
318990
813666
571025
640049
809294
896790
651881
418564
714821
415779
594760
538544
683331
461441
690398
572355
483002
398828
665758
562048
639628
512595
421555
997252
456494
746296
416339
633763
298988
463034
477963
710006
393307
424185
344149
524944
1080261
437377
381148
649352
389896
395771
359509
531407
484857
422846
315145
545338
562233
822348
439379
401460
440806
506855
461898
762178
893691
573417
561380
713974
368487
327266
393345
447229
410856
541609
597468
642885
420202
539887
660391
404071
690269
223307
472734
367967
588478
733673
496259
360985
513919
416710
259377
462340
2287046
710901
819746
443065
895183
375972
601783
567336
338628
504746
371852
648413
520456
424893
483276
397670
848325
739275
804211
631345
466501
317759
701194
632854
619142
785161
333077
367663
355673
395701
1072116
562990
967680
386566
706129
493589
346758
958952
464788
706234
726043
497171
700213
427455
472334
458005
451506
457722
555231
689227
545629
701491
535595
406535
272255
394579
837084
288065
279432
495031
475199
782864
747640
904814
427953
416263
450825
722482
175116
734368
475082
443705
356288
411919
345479
478736
677139
347507
768352
652301
449947
614168
961480
355728
400068
618532
649514
503275
454135
896416
659705
411112
848155
639932
602246
845610
814816
437655
781170
447526
791070
436816
394582
600596
821299
631427
592143
519953
787922
716791
429662
314729
696116
556659
393797
361795
658716
339908
517312
288830
492379
627360
391849
410359
539541
354702
466700
563138
471520
332377
523921
497724
421565
464926
345230
680145
475349
693723
378136
376762
441716
457461
418431
706897
377569
396447
212473
479824
487163
355501
408524
660782
512071
736798
422455
665891
464409
637762
391470
588602
320432
543506
558406
434585
373066
420381
399968
553435
429535
385327
449118
307574
242428
494262
365506
399393
423736
256078
459534
323483
685788
779484
313649
679501
577644
709737
445746
288468
409984
489991
596845
396511
768441
648653
385426
572945
413661
469999
847119
360710
219757
615916
612430
307257
222788
707510
738047
387119
380552
778999
427408
377854
402844
656724
484023
627988
567089
420385
778017
356190
460995
360660
567594
842982
867908
676214
745891
408181
355974
465981
540807
342527
427810
349882
385633
622431
394294
505223
510856
511677
719727
370024
640881
480764
687229
570553
392900
441237
654392
437829
734945
471975
646624
1011152
496695
385260
348902
408564
444209
653989
428607
440076
713232
637535
338013
634871
893701
461008
406150
648292
390236
564380
577560
190657
821171
387068
652646
755704
345055
292832
638418
855971
929871
428082
445110
380064
443781
559183
682566
888604
725591
797774
583839
398977
434791
792717
614798
487697
802065
394533
604943
389653
462532
523671
387231
452427
485589
699684
469008
450131
555662
629827
496110
1011281
803877
697851
636375
384274
719578
796906
450875
518096
635120
465141
360878
388778
552018
566882
370118
855583
449674
415988
370849
610871
641535
403847
353798
423562
558164
770527
458406
536174
521537
672661
517379
867258
422389
882796
393279
288048
241402
562588
945067
425466
589727
528211
636371
726701
465133
400268
637900
374669
304081
385525
542783
553758
532897
669602
425434
393455
167872
328912
713306
739812
794665
596687
585439
281430
383742
454158
335765
650494
535132
391825
453282
364654
315703
227043
494231
574034
461300
623069
415589
507242
635085
843686
375327
396771
443038
436054
373375
826832
489803
560178
358901
408911
299880
469795
710457
382454
480015
347926
303171
347913
852575
657062
642291
377839
813734
569433
497045
289498
717082
669886
875762
373341
364043
326393
369027
496758
468319
441037
362670
375874
466402
411612
517178
343050
299829
473913
849377
387830
675765
504499
544076
368629
714971
908579
614093
354989
284220
518286
399730
425903
409293
568993
442649
601309
270636
350795
516704
512965
485963
665649
781089
466887
719079
278227
482252
426257
688102
621020
395522
621228
359308
531685
813155
399948
779136
625127
760288
380077
378753
629613
429661
609103
509491
421890
260772
402135
826894
460685
441226
647891
451071
749065
1354217
402158
508254
475058
465773
381664
468958
454133
392306
646448
661578
716935
575878
648890
571794
342854
573690
559757
499949
830638
276338
235460
674381
460731
466158
447931
545835
1475371
311207
440439
394141
436751
412517
444613
619519
346211
369614
308262
738986
591478
199341
665418
483511
610848
687314
406261
748900
571387
541831
881483
373389
553888
515185
246652
512739
530283
784286
400202
434181
437952
612465
314258
378997
326870
332547
340567
819254
682799
396175
503633
308954
442745
805565
366292
419571
571611
330692
577925
711087
413791
507842
314315
388941
254570
465540
391609
293654
651782
398851
565299
404755
624491
584200
422837
683405
716726
692514
398970
636776
686987
308195
487148
543185
488727
810471
405713
599751
632942
375829
370837
378969
383789
302511
379353
802469
587550
515835
372500
608599
365953
549114
410622
2645991
530959
771034
453410
365300
430106
378889
561703
523232
556757
871005
1101858
950622
384528
500591
820726
1683812
711686
665075
388106
532219
809641
852717
394607
668895
657075
467828
506147
308205
589859
711621
324346
342163
869955
964605
1193676
412372
643776
336197
670809
389642
605443
289755
594876
722317
550726
454352
946792
1211226
393986
844211
954739
403887
852042
806662
1139295
410452
353653
740800
606943
581562
238954
586823
640254
764799
1069051
456266
550272
604318
354182
1000549
412652
393896
560751
706725
330832
977607
1532174
880336
515291
526596
401557
790791
851547
506828
549745
511190
516684
236506
278576
556534
374992
783025
328166
389012
459119
444317
504688
669983
828292
922463
857061
649438
442809
720436
698388
426656
1012419
702333
462378
395938
415665
508239
693082
509491
616983
823715
800777
302777
555885
572651
389075
392013
310565
838071
785599
889575
1270163
706326
544354
829813
495238
651311
414956
438377
434458
690859
313826
363162
293894
597548
595749
676607
1114292
595173
613853
351912
772454
807949
583239
718928
499914
538757
260516
996974
578968
654327
901761
828140
778848
1197264
877612
904251
490587
845125
644488
363793
899800
1235044
264079
662037
857558
864829
947226
816957
884051
734622
645424
583534
537770
463547
475878
429061
851083
925120
887066
522648
620560
452018
883247
461596
579945
465993
460298
660544
745402
355263
846508
410018
731922
832796
595849
686738
612178
820627
698056
430271
315378
591935
520051
836162
342039
482217
592674
938279
630347
419096
446162
866167
604620
867617
745188
796262
581737
270966
562273
450276
437343
533303
1076281
688181
438189
799542
644557
571645
645206
717250
645474
843513
723514
1074136
793518
1116157
876721
830711
486806
810732
527357
594384
912786
590085
456890
518476
482168
354769
857436
598567
430425
536662
889019
918503
989831
809360
1071791
879375
927637
1053223
1036789
930937
427444
250423
884673
429564
499190
261540
572808
758233
742454
605279
1063982
200818
458616
556285
567374
498156
462060
2382455
4653799
1333086
610149
389285
475139
377716
650664
824119
195183
574073
404257
406556
542231
327856
499502
609231
827360
601563
1092731
789720
410147
618714
933053
747365
429373
603933
424767
573424
689602
1042954
535407
229169
661175
523139
440684
652979
332777
240081
534108
389807
733486
603015
585852
487413
261971
682025
639953
526317
534580
606257
447669
554969
315014
357579
312157
529356
447705
497191
540821
523089
909961
367510
926264
458585
810451
709995
770250
537752
300940
385178
540690
858176
846422
862440
522259
1051931
1101306
582730
870047
741028
720490
1071486
950789
1032082
1046477
917130
407689
1009946
231185
498196
1089070
393620
450405
602878
768395
609851
432523
584362
443378
351321
755873
499842
699318
759630
429973
775387
688933
400204
375002
649220
533107
950512
554748
668313
546552
559968
454417
379998
329669
534385
448906
545180
382115
651217
296950
415874
363895
494603
735354
430877
611837
554425
590371
605283
390744
531674
564322
710494
312861
622613
521556
668175
363749
633356
416845
438784
602576
764672
756623
538237
699188
428751
392912
271257
552176
617856
391758
687408
394029
697311
438151
443649
351351
526800
481875
456355
698915
850244
530163
884923
333018
511290
598155
1369904
771980
606908
327493
354903
991145
1120605
728430
602443
760020
662055
402233
512628
568562
493886
501105
537894
564276
741187
396733
513346
723300
532740
818568
1305827
981192
538510
629779
640549
774064
467262
575265
1012587
828291
701063
590526
729062
802722
884446
680397
759953
432007
756894
503932
535177
445602
380937
583938
437250
589207
573874
995455
858581
511332
883397
227165
695838
592637
612983
832580
888775
387774
577951
374762
309216
443472
377923
457530
718439
961197
994746
831525
795389
607475
872887
653457
516942
344225
618981
845621
462720
770937
455576
314352
659931
694437
400895
655196
595201
565481
616825
474630
955736
855140
944787
1050352
514660
901488
315365
602457
484773
370058
807595
265628
625800
769731
724286
455184
575533
601916
468292
388385
729277
381866
564484
557461
394837
598565
885069
1020940
795599
983797
767197
539136
639924
869758
568672
864464
616361
569066
614383
617396
649140
552164
493631
866013
787035
820027
608556
400647
1197983
930477
951408
663799
488935
609458
792675
505764
477683
375726
739358
690260
970284
339714
417470
655551
497462
376275
620474
477248
400546
344778
759783
405076
781879
837811
773360
959669
600032
366596
491852
542374
847568
588439
536984
984930
540996
524563
445205
684748
661496
411473
524310
556891
632045
397312
727983
628066
621517
327248
379055
495828
442715
559623
491739
526624
392766
749668
832619
445446
410801
737952
412804
742376
778917
777763
857606
652199
608579
625456
515600
906546
663329
714900
934432
305572
456930
562061
259179
462323
442883
478314
418715
643283
465026
273878
696208
321822
722136
663084
630075
575029
408629
339497
578947
725878
430053
674736
656280
435944
356938
516443
405750
480372
288288
467995
700684
438491
368693
445409
263359
655377
798504
507296
378948
690902
444883
549124
462117
699926
348282
386539
492816
416393
633971
612718
870424
389405
706688
651386
861858
513554
436434
403681
430805
481078
231453
918075
367894
376522
229912
367274
837573
371752
439488
708340
337189
490236
783795
650594
336465
642033
507527
446618
398374
531969
456341
349848
465764
464030
552875
793596
464054
438128
529923
713512
693349
436824
365731
690346
652254
849930
1206453
520600
369282
365985
302995
760337
555812
711323
435639
437711
890124
884616
981010
535398
597202
780148
413880
749449
628439
416264
452709
753183
509399
501229
246919
400268
807174
707708
702074
419611
400261
404848
818816
451661
601363
383158
442516
753225
522566
407422
460388
559167
428097
380406
612795
368473
649991
350976
567370
531301
497728
944332
647657
536037
554259
1014984
383390
368174
293175
381530
495352
274453
456578
430878
847677
871322
415504
579521
630798
621998
704786
591683
438460
555489
702202
811857
324081
323482
404634
793293
454700
761450
444717
582053
437766
428336
1183590
542149
340652
452988
499580
418102
329156
685273
519126
325571
666036
485024
618976
889373
702036
550374
339980
537248
606984
520714
728592
631565
566336
488879
290209
409811
367558
700641
400420
441945
562181
801055
704666
412066
510416
570772
590636
409282
632341
425552
868885
813203
425014
478814
415471
278191
476343
514635
453313
377516
417989
273905
471596
846498
584563
512992
519907
345766
501938
555896
651285
519892
612563
205788
406551
718164
588264
678796
667966
552869
455641
262959
443167
242526
462909
624627
673066
566117
912394
415989
710149
688869
433155
446153
572538
501618
588295
211764
250850
386304
924042
777456
793694
392647
473861
669254
768288
671133
600814
414941
659498
720303
367969
604989
617622
793384
390894
674245
519269
430510
843122
433999
2297032
561132
708566
470272
372406
494192
529283
961533
506832
295087
382821
403592
264641
422924
360142
528787
775799
887431
389274
1176793
567228
447171
895419
775426
437109
353527
405779
512333
817786
620244
735680
521321
402695
493311
540828
458492
568258
560053
578243
450100
521628
454097
657660
648572
318857
587803
612698
955027
625892
398466
437906
425574
732832
313664
1010528
596918
361317
590080
919651
649325
684696
354416
466121
496749
371822
384815
471184
350197
353024
765182
549853
596966
362909
520163
559478
600199
491995
289766
689485
725835
346179
449703
398074
422585
389030
284772
661964
600280
548170
309910
536650
498032
672838
703142
397649
458445
446733
632461
589112
294952
480958
367735
440754
423607
417426
449559
863676
459454
379236
349536
1112627
593129
589049
338685
405044
590880
443440
458819
695815
739838
450296
525801
683991
626297
378638
802337
900818
611456
784023
826817
531901
929687
503670
416723
600643
382653
317539
1085939
337994
831454
457533
850883
617202
325980
470902
455790
755848
509497
789263
306689
652624
380946
1071686
284010
478527
750115
586427
622610
492047
370289
394907
546142
412602
403289
940009
488838
521314
698435
787312
1043646
371573
281800
446715
577029
253960
442046
756754
678382
542385
637321
591739
374556
745239
305211
720007
597745
498870
441315
760011
602339
430234
409931
353685
773071
267931
309285
556981
319132
930259
358340
493904
769364
274531
477568
588897
340133
400991
364873
383160
478113
458543
299419
292391
532393
427592
386694
367682
732624
443844
381800
502019
651165
1102352
436906
733319
567800
791468
423332
389921
936279
842512
577918
369614
363947
592833
668586
350831
657742
946777
302805
412761
578755
436818
412180
560443
489236
775787
441211
810173
861430
640434
760701
399572
596262
572216
471330
325318
466490
660672
1287535
367129
702248
711869
444355
795422
401142
446020
250495
573774
354864
588395
406038
587099
592823
1179385
475136
491936
833610
443244
509503
844691
629719
580683
550634
599103
309601
863005
740530
816050
489502
605188
593516
362832
478679
542225
607982
572965
695744
449236
435099
620824
498110
579548
399958
620714
757957
747846
628349
789061
549505
334936
536487
499762
574329
400926
582980
398807
757914
428712
286173
614785
247683
439948
740848
874514
467957
701429
409673
384903
435458
393547
345895
418591
353068
386421
417052
639555
411151
458270
452099
611527
1010283
583919
665529
545013
523623
464540
1079228
1014603
398488
336435
489460
844613
382263
448270
399754
407815
369853
400531
725276
524820
346825
374906
541113
750149
494398
909988
277491
401781
662597
468273
471862
280162
834004
502591
405022
746525
326576
294762
431747
521884
434750
847285
361364
572875
887081
502896
435483
520765
371607
554468
574487
403695
440778
517474
364549
805348
403533
342567
688436
421649
501795
513908
824240
654683
632788
685362
653157
418249
673833
685949
368167
846671
693379
816259
593332
487614
741539
461046
598725
528219
577002
631317
821918
1039646
622256
589999
771170
319618
657537
580619
696939
669522
454157
348528
740999
663498
613488
632421
539377
635051
502015
791806
761641
425268
494372
875230
441959
635986
675349
394107
378464
500147
728117
948234
467885
664734
472941
417403
779518
817731
630103
425637
459011
542426
1027546
697256
580291
1258547
1015135
749386
288946
828865
500291
654118
846252
695617
783292
637848
873256
679423
706690
619152
616896
689480
685378
661529
412602
805703
385092
727095
322530
611028
660725
792937
552767
294706
577536
797890
693916
1157746
829102
365094
640024
822543
228194
519971
184927
904428
622396
462200
282865
623904
478075
825915
465894
511927
352396
441072
370671
712639
265467
358541
480054
440235
879638
508609
390494
783955
512155
925087
536047
355233
748067
363194
1028528
622366
1056245
937017
694113
662786
457507
302318
841592
914947
179205
455947
472955
463202
560935
542749
437559
348183
783490
450053
312566
285342
875313
626929
298027
456759
657698
968612
931983
565711
368170
569634
364265
531460
393950
472980
353950
594317
497585
421930
464346
364205
595913
1050971
1056464
881457
867553
1055273
1058400
375403
543917
442165
1549427
961306
452532
374555
309200
389403
644317
701972
403390
535878
428165
477130
674947
1121326
1044808
421560
690390
539510
448628
699320
501423
465819
501370
537573
524635
645887
432140
548629
790023
378304
452727
565404
446535
413667
515230
776932
958656
1027587
675957
376577
616350
772484
710285
479326
637459
597901
837999
564588
402450
516567
424831
524840
678422
462602
1209359
564786
675315
529011
358615
630174
364084
541421
465943
779528
1016868
555022
477736
1301039
601247
405608
1120547
1160181
353523
350015
792863
421686
685064
356381
489546
332754
623510
755150
382322
460616
883896
487563
1125868
730176
230416
462138
813902
624187
474562
400578
446737
498431
360033
2389473
263995
306856
364900
607841
784021
826223
924386
627360
750334
339407
342219
374709
537226
491411
370762
434544
369540
707624
497155
313552
348126
1014170
407921
726308
511248
493639
457635
616222
294364
296514
711581
445905
442550
591813
506413
727532
594382
404905
292774
623141
385437
637662
677701
903279
674041
552366
632806
527150
658874
369533
398082
645888
590772
988084
690938
337354
336021
365788
741121
868184
408596
1271747
758251
409964
367839
236148
505781
487055
596780
890871
1020654
729844
865067
411241
670335
468889
1061257
600403
588560
480580
716405
400133
821252
434203
440001
866210
799450
687646
642256
546879
482070
527201
916465
715158
311179
775543
665671
483702
275569
361727
481053
854959
657351
268581
708197
734620
772557
833751
704504
560735
908034
473623
608776
487801
672359
764150
940485
295130
314977
662087
526438
449363
622239
1265257
455156
372715
371904
546373
457798
486321
796563
502454
816536
547057
484339
737184
694422
398506
566994
786279
1213230
870604
785878
469923
2787274
470597
933763
789303
828225
269259
397235
401658
392228
418464
339585
740588
431258
739735
539508
555449
408927
546081
362114
515188
506798
635314
816559
588312
485096
460099
314347
425821
541277
695309
367752
481134
725870
658816
616601
534912
771573
260802
348458
414814
404732
979666
686138
439535
506910
617035
700170
962809
661985
278416
426326
689958
477862
445705
601948
357784
746496
370892
718226
666636
336245
917912
630080
357086
450892
762834
436121
642683
693186
361976
490419
398380
679021
426804
676691
538548
692750
697642
771055
403327
816104
620229
509278
809197
791294
550778
419255
439659
582379
816524
454908
647119
439788
482324
685542
802090
623929
530206
572137
485320
495738
411884
315211
684534
781021
312384
687894
300723
417833
827451
545318
465194
589830
402767
470705
962516
548236
468905
743065
453387
472437
497659
343094
711352
806872
380323
641673
312189
366913
366730
375859
803848
545983
443399
468767
402225
656988
304087
767883
463869
379387
381971
439280
858646
529181
779412
748170
595284
639372
467146
364913
436990
503975
873194
508815
526557
529432
405668
683322
531649
409546
414261
362948
418336
320298
477989
365733
303727
629989
436988
369712
457508
773179
496740
350854
603696
339843
357007
513884
474073
409983
490082
367179
696901
705754
670236
600653
388832
536909
445827
375916
912573
613648
553602
560918
709315
249914
610807
573576
482439
995764
284754
604444
400625
383930
896203
841030
763921
858892
692056
342504
554629
296908
508255
345672
700898
352029
302773
448054
474735
782551
356804
365502
635828
540686
761565
307734
801589
230224
549993
809962
403308
498511
530191
849693
320019
408514
982133
353089
455797
374386
349094
756477
397609
377944
304258
240086
689030
832814
364934
319761
580342
540531
418631
409724
371009
564836
411186
729969
368349
274536
422725
787585
443746
688951
688897
284037
361740
370502
663471
293586
418751
303375
566618
425440
378621
765605
404553
495801
436940
324697
396791
604111
497744
246321
475028
276957
220239
544363
416103
445825
353296
302394
345522
533437
808061
444014
386540
704845
422393
396856
398355
342859
632087
419116
501223
491269
402110
786356
471881
490099
404981
390350
471389
638462
467842
649368
421949
264811
599171
489397
470187
226986
426630
382852
376165
306758
219462
545198
324341
666411
410279
361707
294304
423110
491472
539277
427842
444715
531373
472622
485892
421648
418445
380635
328115
600515
382450
669361
391636
452773
425567
490817
1070951
774984
865062
478784
864784
482199
776076
918656
330524
607539
372325
304400
359934
392558
495417
344347
754465
368774
661964
741147
294190
457300
486952
398083
291381
734885
874125
896885
508885
583046
610347
678490
879386
456863
434598
359477
688805
593311
478828
566193
522243
362803
600547
477895
351727
265015
448311
873682
465013
355102
439673
535817
603068
263263
394295
711101
891537
705194
435148
369065
523402
464257
549054
458536
484084
509219
2780960
490092
389750
615423
528339
977972
827234
442004
671660
471291
405494
491190
634913
687717
806902
1051253
500674
614331
739825
467051
420289
525135
665808
338400
432410
611323
618641
390449
487008
551720
512623
236344
643963
624124
904535
377754
353977
494179
623725
505990
529408
424539
540266
833771
451366
685307
653691
520466
789022
787524
571421
680996
591465
977869
534267
309047
511583
518572
634148
501839
473689
961527
468789
671980
721813
410865
933412
510035
493022
453124
501762
379775
2419310
293044
595814
560138
318906
599668
626835
809225
486413
473237
546554
398451
404272
524510
325262
814786
649407
829892
840669
812022
359292
668892
694562
645879
812692
386621
527218
828039
415839
495910
668309
543821
505764
462304
570353
710496
386441
997445
305929
455564
1176818
575373
900516
311873
606880
385100
734771
498751
729752
206125
535592
461944
365338
607315
497342
410038
299852
403633
538660
407582
734796
463592
712476
503319
258652
374424
377802
375365
538012
691875
526279
1599467
684285
290504
690581
1003500
324115
674315
696815
722251
405860
340835
1457934
448029
483792
438172
357870
379391
517874
548411
496585
492798
215528
731198
439011
486230
518935
493001
541091
663362
1090032
954994
586627
850507
394408
392761
370250
423304
824884
823373
429288
362774
620882
475362
580733
742736
474331
393151
256433
435304
524265
566178
325485
434024
1289356
419501
516414
494946
796717
463464
386795
358126
434023
561335
384314
844987
424498
735790
550311
369614
441583
671062
586655
1231711
767239
232658
507128
290749
621723
577248
897936
282715
657539
553397
444763
380390
485452
561799
619072
556989
405572
387487
237926
450974
536189
420318
332987
421362
427603
512915
457347
808129
506724
701924
747835
647651
677015
809083
520245
630632
1039081
197928
482123
973358
364238
615057
630434
430570
639381
516307
520980
452245
531443
364561
280533
622453
700871
626830
483239
464956
596401
396040
546941
442503
571904
509187
744960
886591
393055
613454
657946
448008
579425
349390
479211
428303
427584
666120
482473
1010034
384965
638201
420479
419209
614260
606951
848312
536620
354361
296845
502607
367557
639745
909848
455554
746351
521576
522420
588899
456797
571025
420395
681744
543926
950330
679504
384087
300774
570854
728810
602679
446979
506178
709824
401548
431771
485932
430745
366364
492044
946153
415724
303580
337049
505898
476730
486322
801472
786447
418961
718124
492139
582528
537424
891433
337351
548058
383881
755078
376352
399275
831882
363530
495291
777165
506369
357481
535759
573721
652892
617407
384305
780111
415620
365049
258331
635258
663111
340858
211336
506110
760616
636516
372137
349212
547484
556610
838609
504163
517393
541795
590721
623154
430905
1055971
458550
645636
857962
718845
383294
2003628
481572
898443
628430
456291
670381
810516
372292
480935
551688
395538
542364
697425
381703
667451
470934
691961
612846
851475
360961
395437
315867
499250
480865
440841
362128
459183
789611
938266
485726
502861
406134
304789
597810
737077
614031
670798
485081
492212
886958
454840
668372
319122
326773
349841
439827
432078
395969
593296
536229
303037
512197
505883
701872
594283
340443
722156
721864
637066
413816
443173
2274655
453566
604085
640369
666860
445359
534810
477590
703642
523901
432941
616128
643898
264729
390998
631395
551783
340064
577402
480632
322005
567806
772694
790533
441061
534403
428600
713188
713293
699746
443282
680136
823191
791075
491258
382169
456448
495054
616163
405885
416644
716507
309761
566427
637550
396465
692855
986995
1048139
329560
756321
653737
762122
284351
398789
521046
639930
770334
369676
463894
892073
529850
736600
1100875
406075
359064
807178
621769
783113
771023
444327
536004
559745
492114
264173
548280
362448
832203
423288
475188
419046
341662
477010
640251
398837
401205
1299778
489637
647400
606874
667277
489236
618776
383008
504386
378382
503821
450087
754196
697348
463624
870459
1144254
362673
907021
578750
564592
432159
685652
326808
465066
937279
437951
688264
530468
236412
656712
869692
565219
514084
375921
505171
536968
407588
769510
547018
615267
522601
566838
580010
730954
582158
577287
594034
652066
473809
418470
349797
226999
525617
298362
619787
791461
426192
787915
760036
654471
813873
627409
506505
624811
695192
708178
262107
719865
506360
517041
377106
402135
383305
650281
854661
757507
658924
438831
590130
448305
479324
548771
862629
552384
1051857
386454
458090
352402
643742
997598
1234203
1030043
468425
872619
887194
562721
629738
716681
429893
536699
523208
481315
380512
341569
440628
883427
486384
342873
401021
668063
1339867
732089
615745
481294
427062
620149
986342
907799
412943
584613
585958
558216
789520
504370
588935
800883
724657
537413
443595
1104347
1092616
1110764
822967
330208
501428
480038
636876
596578
572206
415313
379661
416378
541352
420884
566958
479266
719729
827497
792919
394889
304911
269523
324446
879053
803337
947646
1286801
451761
236082
375462
391185
893624
428797
427535
459937
739655
652337
839238
1109295
854162
1187942
761553
223320
594627
464887
482764
463371
568471
480054
382511
731469
359692
406977
527308
933883
662269
540868
490968
424957
595642
346842
604986
655683
638539
341468
1154259
1001150
1116680
944048
908379
943689
956878
890785
366660
429542
377787
426331
372688
574847
373560
641054
701546
299479
706492
561785
348786
467257
591964
585678
831197
387050
924381
544483
647688
384939
428732
522682
473357
876408
834546
1118911
876026
281672
333180
531006
1017274
1038529
926568
803891
934842
451326
577899
798313
649823
450027
665710
738264
757795
399075
493890
356503
982226
368224
595939
501263
606072
702896
693698
797821
1088694
828857
290474
390971
506651
821962
817226
392615
532957
629065
566197
802116
424986
632177
644390
516697
272517
451694
556888
593004
818463
423136
584364
944900
627673
622025
625299
640432
869865
984419
769352
564230
359922
864554
803136
806742
854141
851517
771800
932585
605393
889918
876417
1064102
944180
983779
885860
745108
1010893
1026369
879415
424736
640895
899284
817499
913734
477299
752493
874690
928275
872846
1043539
876406
647167
659639
746419
685850
516936
688546
613186
566099
483620
345073
517055
488016
688286
690940
881676
333302
614186
823014
633562
768800
399024
646463
713472
335699
385473
1249217
1121015
725413
873724
761027
589884
714815
790979
823022
614456
870357
931165
634933
1032866
965200
837649
855401
622033
876898
686881
600930
377945
572762
708052
897326
757766
532213
740035
959550
594115
821288
866297
318559
439883
496015
340311
445681
399151
851989
540108
825857
828408
547109
717466
865207
825977
547679
513919
509635
497333
361469
951649
858710
463033
454921
238987
651339
588624
601012
702991
476943
639486
592517
588123
2512965
393782
1220066
417540
505686
704689
523314
374627
478202
599739
538459
556627
353750
634555
464702
476601
611540
593750
654790
431617
572098
479888
358715
429698
440818
205066
626333
710418
469559
544445
248838
621405
407106
548994
372985
588764
626433
399613
483231
778984
692741
502433
486587
434130
667707
355377
535420
477566
255479
469838
663564
500410
838698
752007
539099
993356
740470
371492
437900
432887
251498
621548
737335
758293
377109
628006
554695
1114653
658942
446529
797730
1218269
704386
570704
441402
530394
783617
483579
789367
783769
557386
744736
360289
367614
396962
388423
818943
296633
434439
695378
382445
773943
439024
755906
768653
483564
711863
399791
756870
574781
428757
457736
458380
409894
401327
449459
766020
690475
533124
421533
658634
1105719
313817
500075
691502
422506
496818
257987
385559
663090
513589
587760
722834
938220
969435
952580
943798
779429
936721
1301682
931632
675487
746011
342539
430689
736292
532144
404188
536154
698205
613213
764135
199681
604600
627878
481479
570018
339230
326871
460424
316668
845731
485536
469005
389274
1872905
456194
306447
504819
425297
512626
562528
804909
586196
502305
806325
586213
834045
1238671
695245
505594
664018
437008
338405
1214756
672848
477203
366995
412591
350171
547032
843159
469997
814946
384810
284359
724888
403208
384094
551343
857408
801554
970064
645482
728128
986251
603292
789598
562679
578306
579300
419155
551038
745427
721093
323128
609499
751362
590051
506256
379475
557755
502616
684692
744776
507073
544122
869255
526943
514973
434523
331065
533352
558546
446143
517805
418434
563202
616122
512122
408664
869594
655988
764650
786198
489468
765862
631806
748888
527681
394428
636456
712221
740614
781872
333542
584860
291130
385240
468132
354732
497073
828342
399251
370207
507627
467904
494080
628258
807304
571409
1756418
594092
534021
422751
406726
371863
445337
644262
753466
590364
685420
879708
685468
362360
490708
530548
651408
389256
654661
390088
413290
521743
584633
954745
377753
590088
445245
584106
441370
231621
636295
651967
780435
485849
471436
384382
711050
794576
567097
771926
461746
383214
651738
533963
648734
514734
362326
201434
599637
444299
418520
521949
573005
567183
530612
264504
382362
457575
197289
662875
535523
457258
658735
648333
332701
318014
416524
404595
493594
315076
449641
458199
537093
424604
878080
929831
819732
419518
513542
498143
421449
396138
397732
484856
462773
393004
509427
511343
416822
671208
361905
308095
473673
602841
386089
415816
516553
572564
398865
600564
409395
650768
616730
641325
444194
511421
586211
376034
267795
525180
734084
370393
519938
655000
599407
697141
556556
284902
657449
665962
450367
338103
456419
591542
603267
458608
461295
581853
240912
447544
593857
850554
317729
645642
450303
611398
407639
406374
610789
389247
407670
638969
679428
531418
802809
580264
595593
694875
409658
585836
834810
656465
500285
507242
877359
1132070
566981
698277
787839
611940
587156
802277
706553
412616
447450
376143
571814
332202
652390
635694
732579
827575
553371
675250
397261
386353
1110949
661992
872881
667537
539244
791173
574180
642081
608659
676291
960964
703578
481681
463835
409679
485448
391043
627095
433295
341450
488485
578500
342408
308872
538336
756194
653562
258557
421884
240238
554030
731913
447113
420460
522264
488292
578988
426534
844203
1010200
478590
601439
812003
702692
524997
765717
326319
425179
325519
649102
438589
558147
573938
686116
496662
539333
759363
988748
491647
305281
423129
654501
506254
320460
619422
791804
665634
639223
651105
540989
596823
494077
600830
580722
403818
557482
459543
392081
620737
506012
613129
742456
916946
534010
310859
815556
1460156
519855
343743
533276
722111
588304
546737
792802
695346
390117
583849
496399
680141
504416
375668
1222974
370198
811825
740302
217694
626090
343095
498436
628316
289741
453064
424014
359621
785363
579558
785654
468283
439835
396702
399752
285266
633306
585955
410310
538527
717489
348608
640603
319656
447827
819176
960465
616349
1281226
1223826
480620
646295
1003189
527382
948695
514490
716690
995740
439383
532034
540928
590164
651537
675728
578607
392690
370336
569694
370095
538756
514958
816974
507977
707865
472743
744380
754270
576462
439135
404343
1130112
361246
298050
292266
451310
562728
571603
680726
710576
626855
861865
804506
395495
578904
310740
963130
842693
571040
775456
558564
835302
364535
670167
964080
312337
584745
449320
570533
403017
508293
256358
514410
339035
446841
470850
486426
507393
538841
711919
562060
314727
541998
396328
657656
594060
635258
1513367
704923
408048
910866
401231
423347
487650
493570
458501
391455
505200
488681
545617
801903
637592
638604
985723
982462
806785
337932
630736
584752
802665
404888
660624
501986
410124
543577
633516
653129
448709
771733
653237
601091
478064
421743
410911
894113
446667
444536
701048
444374
416007
681710
304981
500187
401474
825315
764512
679755
935429
465251
561435
526118
878556
490678
1312178
649569
728329
478637
408033
928856
433224
368821
439810
428164
784204
603544
561873
620213
296774
454537
661048
393794
548506
420784
400411
461321
579326
391587
339483
632850
803562
1027561
1248622
761003
556135
535683
313323
370232
368962
588280
260458
349775
318878
593026
438587
1069638
381852
329662
352662
896773
731036
622618
903077
940152
837001
920534
446360
296003
226787
480502
473106
466689
730379
481394
743201
579706
471674
1259937
967843
827493
838477
928855
393451
611118
339048
1196562
376928
333726
332522
662981
437021
407841
212173
741921
706656
460980
637704
500875
795748
358824
638215
430762
692282
505860
593939
523182
417278
461937
482446
316513
480713
652755
422319
541767
734715
487235
722251
698480
620076
708957
551058
973412
732303
478014
431014
707267
663667
487947
415008
556223
745342
549823
298163
553376
1015737
632453
636353
1109487
1478449
708636
457448
367357
789529
623668
932696
428796
563751
778810
498497
402216
1019902
1015242
719252
573966
399893
385234
965599
851589
1276979
994786
712068
431846
797255
915364
531573
703821
657787
686794
508523
749827
532025
352397
476991
443309
580734
319127
473784
575260
404936
373564
476160
542062
940544
376775
535602
650195
751664
807818
313342
330286
531950
773668
748312
789800
842226
561161
1173807
768725
1024436
936814
978979
704397
346107
423175
1379880
456963
829962
496097
935233
624404
598084
1158145
512480
799192
717688
933264
884862
437254
707876
268695
523703
317223
428734
417171
780914
475085
560367
831147
701410
663280
762700
570624
735545
605817
711990
1131888
433861
990310
352090
1173993
604098
354825
327214
423522
644620
395005
571119
476449
597545
953639
738108
745964
553052
515463
424665
486099
922000
396956
522283
703555
936987
412056
608213
410855
453121
776221
383944
526145
545477
405601
742287
378049
615028
481901
430403
416708
661007
1034971
890338
936832
1073672
503810
457486
600175
885714
432430
655590
456020
599355
409493
377451
663969
779006
644681
519664
681830
457129
245333
395531
428003
419915
792566
654034
606073
711192
316130
731316
485963
709433
434814
522650
518174
756498
636939
651145
611521
624059
203324
461730
697944
425042
634624
371218
491779
526784
384849
476038
586689
356787
698906
410060
408517
379042
555149
657732
313920
454172
406219
445221
425410
893881
598489
584737
300281
461059
611070
480433
800551
704305
814543
476991
373060
924880
427368
292282
965102
721049
699493
674080
496349
497721
469235
357068
442257
4508244
