6566569
59390210
55125528
51225389
47107054
42902244
38755588
34677958
30645739
26553526
22358185
18168640
14185002
9982821
6093346
59282738
55097044
50962054
46809201
42597227
38451893
34261588
30079970
25914501
21766754
17562269
13395204
9239893
5038097
6616494
2440376
59432912
55194979
51045450
46840769
42557683
38394146
34242135
30013256
25778663
21564687
17332360
13175149
9026121
4847653
59106519
54925960
50768450
46617301
42422960
38289867
34128640
29921363
25728539
21508616
17303170
13163470
9003273
4823191
59921053
55744607
51588193
47375415
43126375
38900056
34670412
30398996
26149956
21933304
17659950
13440977
9204026
4947542
59653896
55402552
51199762
47037985
42817698
38589056
34396392
30175120
25956348
21721680
17545649
13377001
9119422
4904292
11057990
6770388
2576863
59603914
55355735
51165199
46971119
42753886
38577310
34373590
30107967
26040106
21873541
17662486
13486498
9307154
5091729
59190443
55022247
50920990
46663277
42464575
38287832
34063654
29858467
25698669
21517344
17297855
13113609
8962242
4793173
59487281
55330880
51197840
47049412
42819306
38666284
34463719
30220714
26033022
21837471
17602842
13416895
9223121
5000938
59521971
55301166
51135366
46955128
42739418
38549764
34392554
30159274
26043932
21881311
17660056
13559750
9981850
5803002
11829505
7594249
3412835
59560744
55336433
51151572
46989680
42737191
38579884
34452291
30211196
26041225
21864292
17638692
13487601
9350542
5164738
60351763
56137123
52565419
48385902
44168350
39956443
35769026
31470362
27284396
23066225
18883842
14688768
10523817
6283406
59538482
55307295
51110245
46939817
42710554
38525018
34376075
30120603
25921613
21718603
17403659
13227588
9054940
4859400
59457745
55293992
51193920
46989588
42741127
38522137
34287750
30038801
25839397
21615022
17386880
13166248
9032174
4867188
12378349
8213816
4095791
58864459
54648600
50497593
46362712
42175567
38033570
33895288
29719348
25581745
21438347
17269315
13142742
9005393
4806712
60137368
55906847
51751970
47599216
43421506
39229371
35049256
30818538
26605244
22409128
18170573
13985578
9780845
5604780
59296264
55115551
51014143
46870393
42704943
38525290
34342149
30112160
25862285
21649979
17403448
13223070
9046074
4856586
59337161
55176121
51057614
46923489
42761614
38556377
34348360
30090519
25886173
21666757
17380130
13168366
8946866
4737469
14117452
9949680
5801201
1664707
59406911
55238780
51148906
46990292
42765646
38626243
34436666
30231821
26028820
21863682
17643277
13486756
9308840
5093226
59962867
55746009
51636496
47506627
43262502
39118414
35115413
30787642
26740403
22618064
18369827
14286156
10176531
6006721
58946735
54754592
50616160
46485490
42311750
38174731
34028774
29858392
25685740
21512998
17287495
13074716
8872378
4697281
59489243
55282857
51138689
46940331
42749924
38587740
34996835
30748423
26652289
22518139
18363498
14139702
9941986
5753902
11425327
7243924
3088132
59122819
54911077
50722052
46511634
42282522
38091368
33871618
29691699
25545390
21406113
17222994
13103397
8976287
4806649
59114437
54946077
50835190
46692245
42506992
38389776
34183515
29966532
25764311
21564551
17304778
13077629
8916294
4741671
59374712
55169165
51049935
46895537
42674123
38473026
34233467
29995855
25842640
21666358
17449138
13262918
9064383
4860211
58879930
54662686
50543907
46407709
42207735
38058419
33909252
29720888
25588735
21451227
17255710
13111331
8969404
4797971
13543334
9375461
5254893
1093762
59203011
54959642
50831007
46698475
42453683
38314001
34107107
29878007
25725070
21588871
17396117
13213302
9021517
4842635
59438799
55275740
51107638
46947957
42721544
38515133
34332117
30107575
25915796
21716956
17447106
13304665
9169823
4971826
59560160
55369455
51161089
46917431
42648641
38434838
34266279
30019344
25843998
21669855
17438632
13245935
9039746
4811551
59372294
55161688
51017101
46850851
42662257
38549517
34224767
30006977
25807588
21561902
17294617
13107001
8917185
4685500
10187231
6016403
1877273
59349086
55108364
50912791
46717103
42448898
38286918
34105354
29880933
25670631
21438391
17312653
13152764
8981420
4841546
59216101
55035268
50917788
46752125
42593947
38392264
34192921
29994767
25852709
21686971
17461333
13267105
9061943
4829444
59057234
54834861
50641130
46437142
42207742
38023350
33864379
29706995
25578691
21441508
17230350
13100804
8958357
4791036
59321173
55156583
51011712
46856405
42659554
38491825
34341489
30143581
25973997
21780525
17543289
13342913
9142459
4914997
11882796
7651057
3451373
59541640
55311651
51100786
46893805
42663419
38456328
34249469
29998981
25804025
21632393
17413972
13302811
9163709
4947836
58995099
54760769
50608444
46476125
42296584
38157563
34020957
29848570
25695248
21569804
17397092
13258174
9142344
4992970
59505797
55279447
51082586
46911798
42716632
38520883
34317532
30083395
25898110
21676359
17435483
13207343
9001523
4829811
59034685
54866329
50768789
46640265
42444327
38280800
34054123
29835077
25697063
21572584
17403021
13265770
9142572
4967984
13573769
9409885
5304807
1105095
59171579
54872358
50648518
46494968
42253060
38047530
33889495
29711982
25593890
21419088
17240972
13131610
9004017
4835226
59536514
55380989
51270599
47090203
42859839
38671118
34437822
30181560
25982020
21744620
17553803
13420304
9272258
5034689
59491801
55249339
51032743
46938881
42938871
38691940
34467367
30357607
26118836
21915992
17874785
13706387
9581115
5546037
59163688
55013445
50901293
46766013
42533577
38359112
34200921
29996533
25827052
21631838
17382606
13236492
9099921
4894996
10690330
6516033
2449023
59369070
55196041
51111609
46927594
42687664
38449751
34240713
30005617
25791236
21567941
17328837
13189812
9105133
4936884
59262607
55091587
50938352
46741720
42498335
38276975
34065142
29811720
25648429
21491571
17290706
13153946
9055926
4888203
59124105
54956851
50802134
46641261
42407324
38205750
33994383
29751938
25551165
21405323
17210486
13018300
8865669
4698827
59358449
55196151
51028968
46861929
42664001
38490157
34313939
30083302
25874589
21666512
17340824
13130412
8937139
4720875
12064701
7901755
3735296
59384180
55176604
51020046
46823542
42625779
38451181
34316372
30132368
25959588
21769104
17529012
13337289
9135375
4904178
60308454
56075592
51877241
47679305
43445004
39254693
35078476
30846413
26602947
22399834
18127840
13917160
9729850
5541224
59100062
54872463
50723198
46569835
42404596
38233558
34068992
29898393
25704767
21565025
17305512
13157340
9028765
4862815
59375897
55208865
51070694
46917068
42683823
38442328
34583879
30317165
26111823
21897724
17632291
13431301
9227171
5047853
13164503
9002481
4879891
731819
59307252
55101063
50902687
46697998
42417546
38216273
34048472
29821093
25632624
21501866
17330092
13161095
9025067
4858491
59049879
54900298
50790137
46651179
42453710
38303048
34127385
29955539
25756867
21573340
17339048
13162985
9037243
4877469
59193788
55007057
50772339
46651365
42474880
38327706
34157025
29945691
25758534
21567269
17362233
13234170
9093291
4916440
59281595
55120329
50998427
46872112
42673362
38547659
34393345
30162334
26001808
21866385
17621207
13431884
9228590
4985615
10835867
6600638
2417321
59182327
54954092
50765200
46579783
42332864
38144618
33932417
29670329
25538083
21422781
17263963
13130342
8998169
4832569
59339883
55171919
51018713
46816704
42567378
38385910
34230536
29912896
25708842
21491300
17202533
13048623
8864231
4697741
59276984
55125080
51221989
47153360
42931415
38861192
34727068
30530728
26435675
22277546
18050973
13862577
9691466
5455636
59439708
55288911
51280119
47277845
43092888
38971628
34819234
30564012
26395055
22222975
17946348
13817387
9658617
5456352
12107107
7904207
3783856
59229836
55008875
50846500
46656246
42381838
38165753
33930175
29693810
25541167
21384438
17195198
13061818
8918463
4753609
59215112
55024113
51015088
46912438
42673082
38502453
34353543
30207769
26135464
21989698
17826040
13713076
9664230
5453326
59652610
55484491
51410647
47286447
43045022
38882189
34730122
30504800
26301662
22088494
17816823
13662448
9476374
5306826
59114940
54953455
50797280
46654650
42479905
38304871
34101923
29830030
25628597
21484866
17313815
13138227
9002324
4836365
13880172
9636182
5493656
1290495
59175205
54972479
50812884
46689754
42449650
38307382
34140293
29971316
25804152
21669778
17449883
13314628
9183697
4948407
59602463
55372149
51287587
47163110
42967275
38810075
34672862
30453624
26314966
22121939
17882286
13717265
9519819
5291195
59668438
55435578
51270489
47065230
42808661
38590706
34364214
30112524
25900980
21729882
17499047
13368620
9305981
5142682
59153474
54983606
50835640
46636377
42399194
38168724
33940779
29681821
25505660
21352444
17175728
13040974
8910221
4741418
10717346
6549495
2416636
58873139
54691614
50568632
46432964
42193505
38063004
33919946
29758880
25615873
21475473
17308700
13181187
9053480
4880757
59525810
55364274
51375955
47292159
43124874
39008255
34925095
30695566
26616275
22455319
18271352
14025031
9843028
5609084
61284494
57064726
52882382
48692599
44443671
40246494
36107155
31867593
27680631
23416927
19173459
15010462
10904778
6699979
59389321
55231744
51495054
47416264
43250746
39089795
34936129
30703448
26554167
22350321
18075675
13883265
9744904
5580574
12321088
8160496
4046609
58910581
54736649
50593474
46465890
42289687
38120411
34000266
29786778
26749470
22868092
19946676
15818583
11679724
7538371
59834853
55666296
51517885
47322409
43071023
38887551
34652363
30405715
26169244
21965017
17708531
13524522
9296904
5068512
59409983
55169911
50992932
46833788
42658012
38495535
34291899
30064350
25867640
21679135
17450867
13246145
9037584
4805505
60067721
55834737
51668636
47496696
43256273
39138178
35002204
30755114
26653329
22419176
18240819
14118743
9936726
5803035
13576428
9365412
5251821
1122443
59191106
54951405
50737235
46523439
42275895
38053360
33858941
29681995
25570723
21439294
17256734
13124959
8997576
4839777
59368315
55204226
51070452
46929970
42764614
38577243
34356829
30122245
25898117
21673759
17460828
13317367
9242057
5018990
59622657
55407816
51185421
46986782
42757413
38560130
34316779
30064494
25865678
21634660
17394610
13207743
9061723
4840437
59187770
55014537
50901165
46779155
42611201
38480734
34259515
30062055
25887489
21678347
17417711
13284367
9118669
4912111
10783697
6570491
2467880
59220606
55012985
50862452
46663864
42436675
38259637
34122228
29870830
25690813
21490621
17263957
13104334
8954042
4782010
59780288
55851126
51656225
47700756
43534699
39300727
35093836
30866626
26614171
22380101
18136897
13926245
9753620
5569868
59399410
55227727
51079115
46930336
42719401
38530296
34318179
30073379
25868169
21650371
17420274
13238481
9053379
4835990
59328011
55161631
51432853
47333833
43168371
38988452
34845447
30744318
26519220
22239586
18021039
13822778
9614224
5459253
11745060
7544481
3393681
59069671
54843397
50658919
46523205
42272084
38087206
33907039
29723586
25587488
21459979
17244542
13110893
8974477
4804985
60098548
55928018
51803310
47680630
43467427
39262180
35081125
30822029
26619424
22397443
18147569
13933272
9750134
5501973
59619905
55390342
51192721
46997560
42731467
38518514
34342548
30142842
25959738
21783628
17573050
13392111
9210327
4995279
59214170
55035116
50911817
46769723
42564091
38388199
34199628
29993696
25808547
21630729
17364883
13200830
9051253
4841518
13012922
8790063
4645723
472052
59168865
54988949
50823910
46631004
42419293
38238548
34072780
29895498
25712785
21577372
17358802
13204546
9036787
4823394
59184876
55018096
50889410
46699179
42446062
38234256
34031557
29763602
25587991
21432067
17256179
13119463
8992147
4817232
59177600
55011139
50897385
46796239
42580728
38434938
34257303
30059546
25886991
21741330
17464410
13334007
9172630
4994761
59313078
55143252
51028560
46922539
42747314
38639247
34349603
30054443
25853195
21662423
17452316
13308392
9150659
4935631
10423117
6216725
2061985
59521122
55304204
51128561
46879586
42594404
38413240
34265540
29998788
25833110
21680904
17506000
13378854
9201065
5001801
59679282
55478347
51548575
47410549
43211635
39140219
35027879
30807993
26683497
22453318
18154125
13953264
9761615
5545329
59904287
55634465
51627678
47618340
43372027
39121262
35003690
30790513
26616324
22399769
18135794
13978702
9757007
5493717
59908832
55671391
51446903
47234833
43009298
38820163
34600978
30360889
26155137
21946933
17706919
13496368
9243874
5002443
10420019
6183758
1984485
59711860
55434604
51246018
47042281
42817066
38601166
34361557
30135607
25942460
21760559
17508837
13321762
9153646
4898967
59796031
55557523
51354061
47134628
42874294
38675225
34407423
30161947
25967396
21747264
17492110
13287764
9054994
4816731
59413510
55161472
50968863
46755459
42515632
38292776
34114325
29828160
25641934
21489926
17262041
13096206
8947857
4771622
59608472
55458979
51555709
47463873
43262483
39127405
34933765
30685128
26519060
22310110
18058249
13936552
9711342
5473933
10284517
6042487
1847804
59557938
55318540
51132971
46929047
42689056
38512901
34309779
30022995
25837886
21676090
17462530
13295773
9125680
4915946
59509157
55296788
51130028
46982015
42773431
38590543
34394175
30182483
26037875
21837554
17600717
13394945
9189116
4926582
60718163
56464575
52305271
48133909
43906295
39717282
35530901
31282147
27048513
22821807
18580320
14388094
10185259
5963170
60669189
56419265
52247712
48046613
43812026
39595622
35393172
31147329
26923681
22713545
18466981
14259975
10106057
5826970
10108134
5878954
1683992
59838930
55612281
51415108
47226957
42986068
38780642
34577421
30317981
26127076
21927970
17686075
13476114
9249818
5008703
59660724
55400502
51197053
47021329
42765467
38575794
34414811
30159748
26002731
21821913
17589693
13467121
9338160
5166976
59824321
55654937
51527187
47381839
43170958
38991242
34787650
30564026
26399594
22206890
17979047
13828907
9659773
5436271
60425802
56198910
52226559
48005963
43893236
39827649
35639454
31465264
27227830
23002176
18764061
14573296
10369462
6196029
10343450
6133635
1947396
59978256
55750393
51511412
47271323
42987524
38829727
34486251
30250498
26063543
21855680
17611106
13392070
9181431
4960284
59555051
55317997
51174415
46987159
42752060
38566112
34363573
30125170
25959124
21765629
17529791
13312937
9104345
4885481
60139940
55902713
51678268
47444877
43212337
38997788
34802382
30619351
26380326
22202578
17973601
13774895
9565658
5326309
59439267
55188115
51001224
46797214
42529424
38310413
34094576
29851767
25709537
21532257
17302278
13172939
9032277
4855474
10360979
6190205
2068097
59172693
54995645
50848372
46718071
42528048
38397293
34247291
30045377
25859609
21663454
17446359
13255814
9040300
4825099
59771108
55548437
51375122
47172916
42934127
38736140
34527543
30284513
26092828
21874002
17637592
13430831
9248616
5009994
59615825
55413259
51441473
47268068
43044590
38838321
34641879
30414985
26200072
22005554
17729654
13527015
9327574
5096743
59723346
55552931
51575179
47366842
43094029
38955830
34776618
30518635
26365936
22247125
18030298
13848926
9666660
5441582
10817419
6612875
2475120
59424455
55173445
50995818
46791626
42574293
38378916
34175973
29945915
25788543
21651384
17461182
13619236
9613436
5384604
59770186
55547759
51720607
47598531
43363318
39248143
35084757
30812229
26660987
22429971
18144832
13976765
9788555
5551829
59848507
55606362
51573794
47413906
43173770
39059158
34859605
30640786
26470398
22244435
17988497
13842121
9651354
5427964
60072971
55824964
51643280
47448461
43205953
39051379
34878113
30650455
26468985
22285064
18067410
13893186
9691310
5464439
10918110
6691039
2499692
59729056
55492106
51321641
47137685
42909531
38717573
34529953
30296626
26095829
21872244
17627908
13451173
9234221
4997136
60594284
56417326
52557224
48355575
44184816
40057005
36039741
31998098
27747947
23606601
19501839
15284606
11097070
7010658
60177434
55982654
51837341
47749531
43537244
39520930
35463970
31349659
27189612
23035769
18845794
14657092
10437074
6265943
59411749
55197562
51023892
46854201
42628676
38444929
34228092
29973221
25806912
21664697
17485114
13348902
9205174
4993466
11611312
7351758
3187147
59651064
55423794
51241415
47053678
42820822
38642629
34487296
30261775
26072247
21886513
17621522
13470404
9284374
5049742
60384110
56143964
51983561
47808196
43559441
39388804
35236821
31006165
26816532
22595363
18368892
14219825
10081255
5915765
59580748
55411478
51255998
47063538
42880397
38632516
34410090
30133738
25933098
21713914
17523684
14871521
11973662
7834366
59682501
55489153
51379284
47213748
42997402
38809016
34677014
30395072
26147511
21937123
17657767
13445503
9249477
4994322
11856404
7629042
3421896
58784451
54543755
50398696
46258276
42082932
37955986
33814579
29642002
25504630
21369632
17211803
13083558
8966359
4802771
59309331
55346534
51312019
47212641
42992544
38900729
34769597
30536158
26375303
22175735
17985546
13817964
9656460
5451249
59574264
55374215
51276181
47164739
42944563
38782317
34605838
30397234
26252220
22064012
17827891
13628695
9484889
5248331
59681617
55438303
51254023
47035638
42813384
38580771
34377904
30116624
25902264
21714133
17457743
13277626
9096372
4846259
12876617
8636807
4441428
58959735
54695087
50508752
46296377
42068865
37920716
33768108
29593306
25453220
21318923
17151352
13021090
8881080
4712177
59530587
55362930
51195393
46994575
42814847
38569743
34379103
30127038
25913773
21691134
17463322
13248315
9077113
4794901
59773362
55566989
51375093
47146105
42905959
38689271
34478338
30218285
25965842
21773141
17531302
13313241
9100926
4881531
59812962
55583300
51420697
47231497
42997573
38797107
34525077
30253980
26017579
21775998
17508828
13306610
9089200
4870000
13155984
8902663
4711337
506950
59729077
55476820
51292664
47086289
42803415
38563819
34348595
30086662
25886857
21685984
17462572
13269008
9071571
4847616
59320909
55111804
50968021
46789966
42561580
38399444
34202512
29972970
25779142
21609069
17405874
13254505
9102763
4908546
59697335
55472277
51280290
47074010
42770190
38610895
34427645
30197101
26012443
21792914
17597491
13405826
9217513
4976910
59624680
55345895
51157204
46956410
42728257
38542047
34340456
30104078
25963876
21773666
17524025
13331843
9152524
4919003
9131497
4913480
707855
59630219
55380852
51200648
46997391
42765192
38541486
34342626
30107535
25909112
21674792
17437135
13234780
9038590
4800156
59579415
55367175
51161637
47014187
42843094
38680281
34506700
30307663
26157133
22016669
17727221
13532698
9302998
5071763
59876890
55644814
51465967
47256004
43002330
38812866
34632689
30379152
26187967
22022027
17784210
13589712
9429139
5158788
59732669
55474123
51290931
47086894
42836323
38650710
34468363
30242044
26039800
21855998
17616046
13415119
9216236
4977017
8838719
4615144
471581
59489900
55215662
51034349
46855255
42613157
38452691
34240199
29959509
25806812
21651582
17450551
13286988
9094843
4857204
59595180
55403904
51240387
46998074
42749936
38544332
34349126
30115305
25886127
21708795
17426698
13262238
9094744
4884636
59855552
55609099
51396160
47181991
42931489
38757882
34517261
30267700
26087394
21792104
17556901
13361933
9178549
4936717
59843873
55631181
51494060
47247069
43004273
38777328
34804189
30708440
26453808
22310966
18161834
14074930
9856538
5594774
8608320
4352388
59604720
55322831
51138508
46981677
42752850
38552756
34363121
30116564
25919126
21766393
17514396
13346330
9192538
4939602
59534555
55279682
51092732
46919080
42676763
38411621
34213601
29925443
25720513
21543940
17335995
13169460
8985366
4767925
60030290
55876349
51729118
47606307
43385860
39259630
35052305
30841235
26663076
22475054
18288671
14123244
9975185
5798883
60837130
56648610
52521289
48379715
44176304
40022046
35899526
31699274
27482732
23321873
19127759
14957862
10781506
6589904
13673312
9472901
5325584
1160916
59232477
55045264
50844208
46681766
42491680
38345864
34141597
29966629
25824342
21664197
17456176
13272483
9103430
4883765
59827802
55630815
51500304
47325649
43081085
39187115
35125992
30947642
26731893
22916194
19019316
14821048
10755975
6676563
59018192
54839890
50704769
46616435
42411218
38282062
34164537
29978714
25860019
21759744
17568020
13419345
9287990
5075521
59857697
55639661
51435110
47218043
42958921
38700520
34448519
30231393
26094104
21893596
17631695
13424811
9246604
5037458
10118937
5917570
1737826
59696934
55467708
51316289
47059921
42837037
38646329
34446321
30198639
26004998
21789027
17557082
13751277
9658573
5582429
59756579
55503558
51298174
47083105
42814944
38617856
34437043
30225965
25931210
21717183
17472762
13249078
9065152
4871750
59632805
55408318
51210467
46991067
42736739
38542492
34350847
30107994
25928567
21726352
17460559
13242673
8998574
4738180
59647279
55450071
51296041
47035436
42818441
38632396
34456159
30198718
26014269
21801673
17579569
13370797
9113249
4892035
9944721
5726525
1551116
59553924
55341497
51167602
46999774
42770749
38631089
34418745
30201746
26027737
21842062
17618457
13426589
9228875
4995247
61113508
56887163
52702599
48513050
44272754
40127402
35840650
31557699
27335711
23115366
18872371
14679209
10476507
6310196
59871753
55621644
51413756
47251076
43003006
38863402
34654937
30394670
26203517
22000838
17763183
13538606
9343617
5112116
59632522
55365042
51173026
47053229
42826291
38672739
34515187
30318869
26113559
21937767
17721073
13566074
9376212
5139961
9885621
5702165
1574685
59318574
55114472
50937520
46785021
42567809
38415263
34225626
30024940
25857937
21686609
17460733
13279907
9068276
4851872
59769657
55543214
51426494
47298778
43077298
38899856
34807174
30573670
26404742
22226970
17970549
13836953
9641211
5401239
59710061
55479426
51354253
47170292
42982972
38789065
34610258
30379629
26164043
21951813
17707309
13513789
9375604
5109595
59578594
55358179
51166634
46965747
42699349
38501683
34287237
30063284
25932167
21790167
17487303
13266884
9079825
4805162
10211556
5960610
1760390
59922245
55675402
51502249
47289426
43041594
38822458
34536216
30286226
26074096
21851652
17616066
13461938
9276712
5042919
59616721
55387862
51208761
47001800
42745490
38565321
34316342
30054268
25860276
21685800
17509302
13382187
9205912
4945718
59458236
55203261
51051808
46881161
42657801
38549517
34378014
30163483
25989980
21824366
17612079
13465871
9308955
5090942
59431693
55220219
51049540
46882384
42650446
38458489
34280567
30019612
25864229
21683226
17478436
13310651
9129298
4889905
10395719
6174872
2019118
59485161
55271779
51120032
46941046
42731506
38542500
34328189
30091075
25922466
21732694
17505020
13289998
9086663
4845226
59606637
55406983
51210559
47025451
42778619
38581655
34374804
30088272
25899343
21631065
17373687
13182038
8992681
4770777
59966659
55723965
51580728
47356909
43112890
38898618
34696074
30464300
26325668
22189932
17993872
13818371
9640677
5391022
59598051
55374876
51238599
47088039
42851589
38698091
34441618
30179325
25963227
21786856
17566395
13383101
9179902
4930608
10738656
6510795
2308708
59455438
55261513
51111040
46973051
42756794
38581048
34437890
30156546
25966282
21765981
17547811
13339669
9126084
4895804
59915590
55699496
51610992
47505603
43238312
39111584
34889996
30619252
26422219
22240339
18008413
13859707
9692878
5451697
59532103
55292143
51102056
46879931
42625375
38404885
34189648
29967245
25764986
21575701
17352557
13164679
9001016
4765078
59526756
55321348
51148112
46981879
42768401
38610021
34415252
30221262
26052871
21854652
17638923
13434193
9254610
5010419
10860442
6645495
2424948
59432537
55192813
51019624
46807925
42563115
38394519
34202349
29928289
25759090
21607810
17838249
13709614
9704417
5612717
59531023
55316915
51150000
46971908
42743146
38563468
34386819
30158319
25968537
21706172
17503532
13335891
9122966
4900061
59545223
55341742
51118492
46930511
42702687
38504261
34307885
30043592
25834357
21639976
17398534
13231328
9084512
4882509
59694422
55514443
51303054
47105976
42872590
38666326
34461293
30213656
26001145
21817969
17566983
13347146
9142639
4917036
11228228
7005552
2923252
59318956
55087902
50899485
46709130
42479953
38285014
34186132
29980706
25862378
21738587
17571433
13407902
9213260
5002479
59536726
55338843
51325452
47270538
43076596
38929719
34818233
30593469
26479361
22360879
18129335
14936873
10785299
6533863
60130573
55881243
51696993
47444754
43208094
38986954
34792773
30554411
26350802
22158444
17922351
13708910
9514118
5278053
59150353
54907734
50744366
46596973
42324755
38167771
34008791
29771898
25559743
21406519
17231533
13097968
8950904
4780530
12203920
8056227
3969323
59705073
55501940
51329626
47137046
42897443
38721124
34526012
30307794
26118005
21931520
17707738
13550060
9436921
5188273
59606946
55383527
51205333
47016051
42773884
38555759
34363725
30095229
25898779
21695245
17463784
13314615
9147338
4931358
59296596
55063018
50860081
46702111
42497135
38373297
34190509
29992111
25799122
21656935
17413729
13241895
9094536
4922632
58946000
54779182
50664296
46564136
42395023
38236460
34042747
29828795
25649437
21462413
17207061
13051246
8908936
4727250
13292525
9124604
5019323
879903
58751271
54575098
50491942
46363223
42197465
38081745
33950424
29781032
25660646
21526284
17320988
13191378
9057143
4849802
59547597
55284984
51203758
47054103
43893903
39744909
35564010
31345484
27213209
23025011
18774131
14572581
10394230
6175506
59669906
55471550
51368594
47269091
43036183
38861992
34712209
30486683
26332982
22171695
17915965
13793917
10008345
5882966
59820492
55569761
51400856
47223229
42951444
38771152
34630527
30477556
26235243
22074956
17910982
13671974
9499732
5290870
10273114
6070624
1881442
59582549
55369957
51364372
47312828
43103602
38892699
34767137
30585101
26466979
22306855
18099594
13866930
9668603
5440648
59662576
55411871
51414558
47225784
42986579
38871164
34787428
30569824
26366218
22205435
18045793
13813417
9705071
5510502
59567536
55320208
51108650
46909738
42666756
38463905
34248923
30040314
25833890
21621447
17380689
13192659
9019132
4790012
59877516
55636534
51422730
47195627
42978180
38765643
34565650
30312958
26172919
22014287
17793387
13634641
9420800
5179303
10358532
6114818
1922228
59676004
55406576
51225308
47044312
42808291
38588198
34371241
30118746
25910387
21774265
17557431
13392259
9197270
4972399
59660731
55437164
51255173
47068529
42807027
38603116
34384568
30159824
26012770
21825775
17602315
13407729
9212810
4994106
59542828
55301274
51133561
46930231
42682526
38451903
34241403
29985569
25804599
21648984
17395529
13211100
9022353
4794366
59633707
55412529
51189912
46989671
42751935
38535287
34306809
30083599
25875564
21671449
17433276
13250248
9070423
4839742
10383166
6140743
1954671
59759976
55507417
51313969
47112291
42867602
38730506
34445453
30207289
26060366
21836784
17602241
13421978
9254781
5035286
59529686
55289415
51088403
46859799
42605235
38416444
34231512
29999445
25829949
21678254
17498324
13349153
9181951
4953507
59275212
55033442
50783619
46559092
42301774
38110469
33972309
29798147
25670507
21530013
17354471
13228610
9123359
4954472
59270727
55102984
50974518
46844867
42666590
38462508
34309634
30043141
25917050
21704617
17458301
13268519
9088087
4860673
11077091
6855640
2646474
59325717
55093023
50903245
46730532
42521675
38367640
34202972
29998128
25841676
21639354
17433703
13253843
9059938
4883027
59366229
55156442
51148675
46991219
42773725
38682270
34496586
30283187
26102803
21838012
17622011
13485098
9295495
5073053
59907192
55667101
51464148
47259965
43012032
38781963
34554133
30310598
26127829
21908288
17636869
13431624
9212722
4972909
59496754
55229789
51049416
46847530
42620721
38404052
34191996
29990841
25799678
21649482
17377634
13203812
9046096
4825415
11506674
7330617
3176157
59599424
55326295
51104049
46873451
42600703
38440673
34247868
30031217
25866855
21687334
17447421
13274338
9106754
4915309
59381570
55169812
51013145
46898308
42686676
38562674
34634587
30372436
26200437
22056641
17843497
13606827
9531111
5317264
59828151
55651668
51695751
47643304
43444210
39289086
35107039
30878976
26703299
22600628
18369390
14188249
10037134
5794712
59951471
55734973
51553497
47378685
43086691
38886880
34680702
30413636
26104217
21840755
17634227
13449316
9244211
5003551
11539853
7298389
3153717
59638289
55397133
51202508
47047646
42719825
38482301
34268132
29983180
25784417
21578640
17342964
13178786
8997057
4795686
59889230
55659729
51570301
47603600
43367354
39221258
35055477
30751740
26631430
22563735
18252233
14099312
9974352
5803770
59483900
55259476
51078993
46891383
42663350
38484261
34286616
30079004
25879434
21681949
17462256
13274781
9114509
4885624
59848685
55627750
51441517
47230038
42987541
38712581
34464344
30218453
26010572
21903591
17674017
13503935
9296896
5063017
11393633
7158462
2997644
59629137
55415224
51213355
47064817
42831035
38634070
34421801
30178839
25981338
21843888
17612904
13426662
9233108
4998233
59563244
55328836
51130525
46915314
42675920
38476292
34229290
29946090
25756975
21545958
17307855
13126615
8967686
4742177
59886655
55540850
51357603
47203616
43084845
38843812
34695207
30478305
26433728
22289626
18069292
13965147
9759460
5571809
59733673
55500347
51306811
47099214
42854176
38649345
34452474
30224977
26056358
21800761
17564150
13366181
9193936
4966451
11105232
6863660
2700694
59637171
55368759
51191332
47002705
42766596
38539438
34349537
30130512
25959351
21770916
17546785
13343973
9161885
4922391
59540148
55337403
51235269
47042425
42916355
38885765
34730298
30485222
26306903
22117561
17893248
13709086
9555341
5360226
59780167
55530648
51613866
48145344
43931128
39768174
35538640
31278464
27097879
22938603
18709618
14530996
10418024
6215642
59558769
55339695
51151610
46957193
42735896
38533204
34594826
30390444
26235077
22080157
17869177
13700402
9548321
5336671
11386755
7145585
2936322
59565423
55320787
51148319
46976669
42750379
38792593
34808025
30819550
26682797
22522697
18263842
14150318
9973284
5741520
59614672
55388609
51217264
47026743
42785220
38613419
34424877
30164644
25944462
21800166
17620387
13459361
9265458
5043925
59095467
54890111
50737655
46538688
42311467
38128688
33967901
29757056
25603936
21441492
17225089
13074982
8896697
4727622
59066261
54902714
50775164
46643414
42446282
38269985
34135916
29872080
25739190
21502553
17333346
13171030
8991909
4822443
12462531
8284655
4161899
59255562
55061337
50912909
46737390
42525649
38348465
34166098
29902353
25773459
21650966
17483765
13277102
9130906
4940191
59627339
55384628
51145986
46924136
42675550
38454219
34293594
30015467
25833240
21659379
17456928
13289859
9130252
4831003
59533188
55336706
51145184
46947008
42706913
38498120
34280607
30072447
25884169
21686444
17479945
13291436
9089854
4861913
59611660
55347828
51163854
47440504
45843782
42547153
38364957
34193179
29953441
25736788
21496759
17282633
13093879
8891721
12991626
8784535
4831355
59525146
55322042
51166990
46984248
42751937
38496027
34343177
30078620
25871054
21659278
17446864
13295073
9133264
4906504
61068353
56906302
52744961
48671241
44414950
40295848
36064586
31980223
27832460
23598455
19462485
15350083
11143150
6959133
59571031
55346457
51130988
46909579
42655860
38439849
34198252
29973452
25743544
21543629
17299532
13071636
8852841
4666187
59278905
55097812
50956022
46780345
42573773
38403819
34224888
30012665
25834464
21679414
17466393
13325781
9165240
4954264
13658747
9422438
5270940
1101567
59302120
55081599
51081427
46933024
42782946
38580163
34487890
30426538
26271355
22128762
17919647
13731975
9568229
5420962
58953593
54768866
50632298
46466010
42276786
38113320
33939755
29722060
25552407
21391648
17190984
13006052
8896663
4720890
59101824
54918108
50875563
46743094
42525341
38384962
34205126
30012374
25874536
21698335
17448757
13342485
9194997
5013223
59255209
55051811
50896923
46721522
42459519
38297421
34165557
29956800
25765227
21579232
17372129
13210048
9046506
4855155
11133203
6933242
2818071
59346859
55144103
50995214
46827621
42598505
38383719
34074131
29827597
25674380
21530149
17346558
13217495
9068261
4891856
59469354
55229797
51052799
47519411
43298163
39113550
34955568
30730097
26514350
22326265
18102144
13900427
9746104
5556337
59171275
54952290
50804250
46634431
42429441
38253169
34079063
29837540
25661728
21497144
17314133
13142885
8961693
4752199
59168806
55000609
50867219
46704291
42494657
38350577
34169821
29946848
25744747
21538653
17322928
13119086
8956298
4771245
12516928
8346935
4207789
59230511
55013945
50944699
46827494
42606153
38473518
34285594
30064160
25945964
21712706
17520340
13327880
9119755
4976085
59345325
55174684
51047386
46900109
42692672
38504322
34311133
30083233
25895273
21696587
17460136
13268794
9093197
4876151
59000771
54784193
50602208
46411930
42183496
38001646
33853305
29677832
25531424
21382580
17208217
13075351
8930294
4760118
59540104
55330826
51127766
46930314
42713328
38546966
34363364
30138134
25934769
21768649
17452219
13292635
9103119
4886122
13834840
9621487
5451954
1277830
59575476
55372075
51212494
47011768
42791592
38640197
34446465
30223847
26039143
21863647
17606605
13430868
9234664
5000734
59780691
55509753
51296281
47083722
42858749
38669206
34471736
30227251
26029278
21856025
17614153
13414974
9203497
4963218
59582426
55361375
51176982
46969498
42720687
38555251
34364990
30121228
25932966
21767582
17504427
13332985
9178436
4961640
59534275
55286610
51091344
46883969
42634750
38433380
34293600
30095322
25922179
21754983
17487425
13322123
9163210
4934375
9907101
5695079
1504758
59765353
55504657
51297051
47060945
42807090
38593021
34386149
30139094
25943999
21730117
17483245
13280153
9085307
4863224
59898265
55632598
51609145
47447600
43311269
39079737
34848107
30619075
26415962
22189458
17973613
13717801
9529057
5348714
59806205
55572315
51358698
47135894
42878809
38708276
34399110
30190858
25969350
21779529
17550206
13346411
9136250
4901620
59527745
55325352
51135407
47078696
42839092
38711150
34544466
30274902
26075903
21878749
17630946
13420542
9258158
5060077
9395499
5201365
1059576
59731506
55550441
51345758
47174511
42911243
38731442
34551138
30300260
26136455
21949605
17732926
13554899
9344014
5121546
59970255
55703178
51501489
47329891
43064978
38868828
34680724
30387244
26193505
22061908
17798883
13628527
9426651
5161546
59842286
55601686
51413405
47191948
42952566
38737565
34530877
30284612
26106358
21872275
17591847
13397681
9176984
4932103
59806309
55621476
51462542
47275082
42992358
38816588
34596610
30337909
26126685
21923150
17682490
13471206
9234603
4965443
8809895
4576451
359763
59829742
55543856
51323944
47128026
42834125
38622941
34399710
30161854
25978385
21698010
17478237
13318549
9068208
4829865
59963316
55715513
51514989
47290877
42997426
38726355
34525632
30286438
26089178
21871926
17619161
13400507
9202522
4952348
59600158
55358743
51159984
47000761
42763761
38566601
34338531
30084898
25882193
21653014
17439395
13297924
9078184
4882372
59616034
55390235
51240653
47006850
42770128
38592099
34403486
30177691
25990785
21793874
17567629
13350070
9155778
4907577
8240596
4000146
59444893
55222868
51041163
46859371
42647647
38453754
34308196
30064086
25887385
21696765
17484367
13295801
9092130
4860795
60718371
56459092
52311802
48120665
43916696
39689504
35556957
31291486
27045474
22855581
18661575
14415694
10204720
6029151
59798070
55553994
51334449
47135563
42882093
38656633
34430884
30190210
25931111
21721604
17494561
13266088
9062933
4822349
59879070
55621332
51398830
47216657
42947323
38716367
34497593
30213017
25962656
21718554
17486087
13273310
9056791
4850877
12021438
7792529
3570987
59025069
54761775
50567185
46339873
42098752
37947662
33815467
29671510
25552170
21381018
17256851
13127092
8959516
4831825
59192036
55032198
50904709
46774115
42576337
38397163
34199215
29948013
25756287
21568487
17317381
13111671
8962904
4792325
59167063
54998053
50879404
46765081
42602974
38477525
34315770
30095794
25962018
21744234
17509873
13279898
9077053
4846819
59623608
55396619
51230347
47031627
42768602
38585349
34365667
30121759
25942498
21734375
17466770
13251194
9046300
4807723
13288501
9058731
4884089
704671
59585354
55343299
51173213
46936925
42720039
38501534
34270898
30027075
25826284
21601322
17366792
13201358
9033006
4805471
59556473
55361553
51221573
47069394
42853560
38675815
34433815
30167242
25984238
21713661
17457554
13248887
9079566
4887017
59832644
55597852
51390726
47148290
42951537
38731470
34544713
30300496
26092695
21871196
17570202
13401976
9234012
4987248
59502981
55323896
51145906
46958340
42721128
38529198
34331375
30094781
25922060
21728284
17493983
13336243
9150852
4936317
9222526
4988078
834807
59266075
55060043
50938279
46772206
42553219
38412541
34264091
30041080
25885320
21724549
17463891
13325456
9154658
4951034
59381108
55174021
51021732
46856377
42637730
38490681
34310729
30100781
25959941
21793442
17573733
13388982
9166426
4904660
59518430
55328409
51176870
46982703
42764925
38568742
34370681
30108754
25934922
21742139
17496404
13320817
9125584
4936048
59538492
55288259
51108479
46903086
42636712
38533197
34311598
30071416
25937801
21721973
17482918
13312477
9129042
4920731
10203021
6035799
1912463
59411019
55170570
51002963
46791341
42540893
38366734
34163049
29912844
25737017
21510535
17302286
13155268
9000073
4807924
59256901
55062027
50920217
46762159
42551507
38423512
34232184
30016712
25847660
21663839
17452788
13279968
9135687
4927598
60000166
55826274
51698192
47574609
43407473
39275913
35140718
30977856
26857482
22715344
18507723
14335658
10102889
5890347
60419063
56186030
52004793
47862345
43639804
39469965
35281126
31079224
26933750
22780972
18583366
14406493
10216093
5985552
11671815
7462859
3300639
59556552
55338042
51202178
47028656
42746942
38585622
34408385
30199051
26051392
21787892
17509922
13427279
9194282
4970381
60051376
55774141
51550546
47353325
43155223
38917678
34672801
30391447
26161674
21968322
17694824
13454055
9211676
4927531
59641696
55434672
51269057
47122270
42965955
38811479
34634563
30417764
26229167
22019839
17802854
13615685
9415731
5189424
59337220
55121093
50942156
46758596
42541738
38352332
34196216
29984984
25807367
21624787
17410810
13253851
9027699
4775281
11704149
7463872
3264092
59521156
55274160
51075067
46888158
42662735
38595286
34393921
30308271
26153880
21957763
17783750
13638681
9390543
5166556
59452982
55255741
51083749
46889943
42661834
38470190
34275571
30054483
25866637
21615151
17376573
13236964
9078498
4854753
59543066
55321885
51130099
46913556
42672169
38459025
34255426
30046943
25830209
21613868
17374190
13202759
9053201
4796712
59304534
55134254
51005195
46874129
42697780
38553610
34368036
30117031
25905472
21702794
17473548
13297296
9118073
4934887
12275046
8049768
3888959
59349477
55121092
51005458
46822721
42602064
38462813
34251944
30028161
25852882
21667566
17442916
13245694
9036884
4788282
60552735
56355225
52191278
48003918
43719593
39536103
35358930
31145738
26980045
22827865
18574843
14389004
10270202
6034169
60030731
55808662
51627200
47408918
43194938
38985442
34781186
30534210
26310379
22091973
17849474
13639128
9427075
5202597
59660366
55417598
51223545
47063285
42804537
38623012
34427047
30172978
25961350
21764099
17475922
13310782
9148471
4915677
12416011
8149005
3994079
59503980
55289354
51119166
46945905
42723794
38534270
34373318
30148523
25951079
21757334
17518072
13292566
9059927
4864201
59666752
55430475
51252514
47049098
42822878
38620534
34429915
30193011
26002315
21797190
17560052
13354373
9135495
4904767
60015153
55785151
51606045
47292302
43036080
38816452
34595536
30329222
26112896
21894816
17671644
13445444
9218801
4952118
59809387
55542088
51320154
47052049
42798694
38574663
34371833
30142880
25939195
21709046
17468053
13282596
9066686
4833749
11947741
7688498
3493387
59833264
55600407
51381313
47183532
42950564
38759626
34545925
30304085
26228974
21966885
17708614
13450978
9265573
5106906
59786788
55523147
51299243
47072797
42845006
38672989
34483199
30253635
26058217
21776959
17522508
13324652
9083333
4855719
59399705
55209293
51060761
46909387
42663086
38471215
34269461
30047780
25867946
21673021
17449627
13273587
9074309
4876105
59832366
55583715
51382797
47173128
42949706
38747206
34532537
30285644
26076240
21864662
17620645
13408334
9191310
4939440
11562370
7345801
3134645
59426493
55210994
51044662
46842897
42608315
38414305
34247699
30031404
25849146
21686315
17468742
13284475
9091859
4881857
59398224
55201648
51048057
46846208
42628849
38436954
34231286
30009665
25842961
21660145
17405415
13223871
9028088
4780799
59134092
54903479
50699557
46538337
42363094
38221598
34079259
29901961
25691727
21538290
17336088
13132299
8981783
4761490
58875091
54704901
50583679
46444540
42241286
38060377
33913267
29669663
25534864
21372497
17199493
13068680
8928452
4758282
13078833
8892962
4711014
500043
59625474
55371342
51181975
46988413
42748214
38563264
34349039
30116324
25931858
21768426
17550575
13363693
9166024
4945707
59604439
55386803
51191502
46989421
42736181
38516378
34321724
30088094
25898255
21747562
17486120
13322732
9125592
4925689
59507263
55288944
51119636
46947438
42718527
38518728
34346873
30092690
25937281
21743388
17502709
13292666
9153554
4881408
59797910
55558678
51364617
47188253
42939082
38728517
34545715
30296595
26058601
21805590
17653087
13460564
9274850
5069828
8907263
4657939
475305
59883881
55655316
51462160
47279307
43039014
38852532
34663481
30433206
26246898
22030159
17771787
13555440
9320883
5089490
59857829
55586118
51519937
47438164
43221990
39143457
34967000
30733166
26530428
22345689
18060247
13889359
9663578
5422706
59784419
55522191
51311913
47086292
42835557
38637259
34484909
30237506
26026665
21813099
17565952
13385496
9169513
4921403
59464429
55213660
51011793
46803397
42552045
38332609
34141834
29957068
25749839
21616557
17390330
13211016
9077345
4908644
8610125
4443684
59388749
55158965
50973010
46758171
42491267
38246885
34059843
29835468
25660613
21526448
17359009
13222985
9043911
4817769
59680291
55508734
51354232
47227682
42966771
38708082
34442788
30203771
25991759
21826233
17603130
13389567
9156118
4916288
59572311
55329831
51174726
46973349
42761418
38582474
34366363
30120656
25914867
21741619
17512567
13298970
9096257
4897356
59625252
55381139
51186289
46996855
42750237
38544039
34332492
30098694
25889314
21667521
17427893
13227761
9033498
4779738
13063951
8824465
4625196
434720
59494825
55324199
51095376
46888376
42617026
38407989
34189058
29960991
25733783
21546416
17317986
13144701
8957338
4742678
59438597
55220333
51082977
46895045
42652249
38508976
34297906
30044133
25869642
21705231
17524562
13330345
9129209
4917798
59635657
55395287
51201016
46957128
42677949
38494940
34245770
30044741
25882178
21694329
17512654
13326649
9135917
4910658
59741586
55508146
51309378
47098831
42872175
38680168
34480360
30245397
26057853
21856882
17610687
13420780
9201180
4933065
8963148
4707169
542338
59535474
55308376
51097630
46881931
42688047
38438402
34198619
29929069
25748649
21533737
17277787
13139495
8988398
4819713
58937821
54776522
50671487
46528780
42325094
38149731
33947311
29713146
25523898
21325568
17145532
13017262
8876351
4707926
59337812
55118364
50928538
46732173
42499448
38309785
34109498
29855052
25671259
21494719
17318214
13181779
9019918
4809147
59137575
54960827
50834518
46700474
42508570
38358391
34241015
30015872
25856420
21660950
17451933
13253647
9077854
4907370
10289857
6126640
1970553
59560912
55382646
51162027
46953463
42704588
38506192
34364724
30089764
25904485
21716408
17472179
13295867
9109781
4880266
60718814
56478890
52298158
48150102
43920019
39717143
35471348
31207567
27018719
22819052
18552567
14371500
10162326
5981048
60124016
55890046
51698457
47510338
43290031
39111574
34876415
30633516
26444220
22252833
17994361
13805870
9536340
5292847
59884664
55671907
51463891
47232333
43000399
38798992
34588739
30378347
26180350
21959608
17735793
13556521
9368880
5149183
10409721
6190616
2002895
59583489
55356399
51192742
46990798
42746334
38546299
34330742
30093512
25896251
21685281
17458571
13260191
9068648
4838552
61584566
57592128
53383039
49494493
45382807
41205834
37058339
32866503
28683405
24513626
20329802
16151600
12021626
7878355
59037027
54873012
51919201
47924817
43760609
39635669
35485851
31311843
27164074
23034061
18840549
14666304
10499358
6239660
59720167
55527610
51445636
47344737
43132653
39001665
34903942
30675455
26532733
22421447
18172339
13976551
9836817
5609007
11592652
7358515
3185463
59479420
55265927
51107237
46928349
42658088
38468067
34257289
30014745
25822325
21647300
17421915
13221672
9035104
4823313
62690427
58480468
54322360
50087281
45843785
41664589
37497161
33266950
29079141
24950936
20704008
16531964
12330465
8117815
60303431
56200978
52049586
49459613
45239861
41029353
36855110
32683146
28447234
24253002
20043085
15804126
11628361
7455599
59689651
55512829
51356581
47197560
42970429
38704631
34504721
30273787
26070351
21844300
17580230
13354023
9122463
4901152
11783746
7542007
3381133
59626855
55362081
51200655
47011922
42769212
38568512
34363940
30142828
25998694
22000255
17752471
13593207
9374280
5179923
59443274
55186873
51031801
46841230
42593577
38387880
34704735
30470124
26263544
22132115
17870668
13706933
9540377
5309102
59534901
55308803
51148960
46948960
42709028
38515607
34289647
30033990
25846797
21658255
17402270
13233374
9046494
4836285
59511504
55280835
51548282
47382445
43168207
38995505
34862386
30687220
26520746
22295031
18116037
13877879
9667352
5494145
11908818
7671984
3519447
59811804
55557240
51386901
47179666
42972011
38803087
34586554
30331396
26123515
21930866
17683434
13469187
9267772
5027398
60558631
56351310
52157346
47951115
43684106
39488671
35267307
31015993
26814036
22588863
18376960
14192585
10015634
5784752
59892562
55662860
51312446
47100692
42890611
38700205
34482663
30246539
26041280
21824012
17541664
13344427
9137329
4914645
59571611
55384702
51360777
47269720
43102501
39002982
34897253
30636746
26526543
22373795
18155677
14044193
9844822
5672529
11777118
7558439
3379559
59681994
55446979
51358986
47190786
42939770
38908517
34681137
30502207
26286976
22056731
17864852
13676376
9468565
5223966
59622664
55391264
51378448
47336454
43091218
38955746
34783416
30499505
26345371
22164497
17925379
13820180
9689679
5475808
59134579
55008831
50914085
46803327
42576400
38458720
34346216
30134322
26053138
21903080
17665244
13623829
9577394
5407232
59432359
55264120
51709201
47574967
43392163
39223132
35055938
30827857
26639471
22440620
18226226
14044442
9853250
5614383
12265462
8034699
3863604
59257990
55021042
50989163
46853479
42656322
38462352
34314817
30147481
25918350
21728751
17585961
13376992
9209782
5127532
59477199
55272519
51106330
46920156
42712023
38549481
34390088
30183051
26023279
21855118
17617699
13438044
9195033
4927637
59639968
55377745
51193041
47008321
42774266
38578118
34343642
30111341
25894213
21706457
17420328
13233700
9033037
4801093
59557242
55306810
51145186
46938270
42715547
38524823
34306951
30131596
25960803
21787898
17564972
13365842
9151872
4895779
12856478
8626228
4439601
59801909
55558352
51354283
47133786
42861884
38633145
34417154
30162635
26011427
21779611
17551368
13367812
9151620
4881982
59837513
55590195
51366274
47134731
42893807
38699207
34520016
30313390
26144210
21995734
17761711
13569550
9381641
5154386
59313104
55101671
50897765
46709151
42480070
38270489
34085613
29872281
25679133
21482663
17279448
13089991
8886580
4711585
59012848
54848662
50710409
46563535
42391124
38229402
34029473
29793378
25591718
21434666
17254816
13115617
8965750
4793331
13646745
9477102
5358039
1124805
59744995
55512461
51349425
47154065
42923521
38735576
34527689
30232177
26053885
21886650
17635881
13452777
9238731
4987759
59587200
55357989
51179864
47004647
42775909
38659537
34475311
30299769
26083364
21900789
17643587
13445366
9234702
5013046
59600213
55357152
51170980
47002182
42737400
38547954
34365304
30122579
25951237
21724776
17478477
13302602
9177438
4992947
59548319
55355859
51156382
46987381
42791421
38546181
34372724
30162074
26018919
21810337
17538500
13344981
9143763
4902384
9510858
5264647
1060468
59696005
55444443
51201712
47018776
42785626
38585758
34358434
30121273
25904681
21717601
17479545
13285749
9080480
4826782
59658941
55450550
51186412
47015872
42809313
38584910
34370291
30092299
25889481
21655259
17405528
13225008
9042575
4827146
59572442
55338084
51141721
46947259
42675601
38503465
34288634
30017941
25822635
21595173
17364232
13203141
9025361
4802083
59480461
55313959
51189634
47048769
42847161
38658685
34415893
30121387
25949376
21792516
17527833
13338029
9166005
4954479
9398595
5176380
988549
59378222
55151855
51000358
46846183
42637135
38469152
34294442
30024116
25846694
21676537
17442342
13309601
9113717
4898211
59534180
55329118
51172029
46985087
42766519
38577561
34391263
30214472
26001357
21801711
17571481
13367894
9204647
4977277
59771389
55480735
51301409
47099325
42830714
38616111
34394573
30139725
25936544
21746060
17529175
13325161
9093376
4883609
59832652
55599077
51409364
47203157
42940203
38735671
34525588
30262950
26016076
21799503
17524434
13294736
9069875
4781108
9371677
5156657
976841
59806312
55548661
51354845
47187441
42937052
38724778
34560620
30249420
26092057
21884846
17666260
13513129
9295872
5056546
59821441
55629725
51498001
47310372
43079200
38868471
34669167
30416109
26249138
22007017
17775549
13616773
9423872
5176887
59634299
55396607
51200253
46987857
42743143
38533510
34330361
30086857
25879894
21677976
17444217
13244363
9073703
4842790
59783699
55553437
51375720
47189709
42965034
38766055
34519652
30232818
26073973
21733663
17466299
13290462
9081685
4836679
8830547
4593822
376936
59791877
55560925
51367463
47110572
42813477
38618367
34419910
30171861
26063555
22170694
17943528
13841875
9900683
5686427
59841115
55619973
51724825
47686435
43528129
39235406
34986267
30728814
26533201
22231497
18058003
13893543
9658421
5433322
59643594
55423550
51216879
47005249
42753066
38537318
34325605
30084824
25922400
21735042
17495458
13289806
9125409
4922019
59807327
55593397
51423058
47231167
42993198
38838771
34644181
30464359
26312298
22164728
17949349
13784971
9589802
5376667
8770251
4617766
432550
59635131
55365373
51203651
47028353
42793341
38599530
34450699
30250711
26053121
21935852
17651165
13455334
9278226
5042646
61560136
57340444
53147913
49051216
44815921
40691597
36433762
32268082
28076854
23882103
19730428
15546128
11340194
7136955
59325811
55081261
50918840
46759342
42519252
38361485
34206753
30020695
25855072
21691619
17513655
13357601
9167282
4958283
59683536
55480399
51698261
47618927
43345824
39188732
35011996
30714641
26542724
22310403
18065313
13859882
9775026
5539242
9193131
4983212
803183
59668656
55425853
51227972
46936458
42692346
38501275
34308479
30079975
25894959
21692401
17473597
13288557
9093363
4874440
59394460
55180753
51025365
46843289
42618657
38450933
34278824
30064691
25841962
21585540
17316545
13170863
8989535
4776866
59834459
55601008
51363788
47128955
42870740
38696587
34502114
30211297
26046820
21864325
17578824
13415453
9220885
4979007
59497502
55277832
51109339
46909775
42672016
38483379
34305331
30088448
25917138
21710498
17447845
13274902
9091117
4862019
9257305
5033239
862156
59217958
55001337
50868102
46758616
42538568
38430731
34292341
30118543
25977133
21832844
17612889
13471145
9352981
5183886
59728221
55496696
51298715
47062492
42871680
38696915
34531729
30263104
26065866
21862764
17600937
13405561
9211191
4987048
60125248
55875483
51712854
47505830
43271988
39079820
34917930
30663336
26448108
22296640
18064624
13845210
9639719
5396795
59671577
55439008
51246665
47037310
42794963
38610366
34404123
30170830
25987853
21788328
17546718
13357009
9155422
4919016
9621997
5375582
1219697
59872308
55629142
51434950
47249006
43020543
39053528
34929850
30683101
26618462
22415122
18260075
14167094
9912057
5729360
59676658
55428378
51259937
47079936
42835362
38651401
34443689
30197793
26032691
22167151
18094642
13934692
9736993
5622297
59678578
55459238
51268282
47103141
42794088
38585274
34358428
30116033
25963951
21736729
17505377
13315975
9130376
4900067
60268924
56036539
51859845
47707023
43480496
39291610
35087005
30829801
26619146
22416232
18147515
13949496
9714734
5454928
9159880
4946649
759258
59795592
55566281
51347643
47120220
42819359
38654978
34391153
30099423
25922208
21734632
17522188
13357599
9171139
4947643
59579531
55351382
51182681
46993804
42759923
38552706
34351904
30106732
25913108
21714539
17447781
13248343
9047387
4886060
59938298
55691042
51475934
47266809
43027658
38847029
34675558
30427787
26216895
22004665
17755271
13542587
9304684
5045853
59863353
55604656
51453973
47270217
43198283
39138047
35003755
30860743
26686205
22387254
18212360
14055212
9874766
5652055
8563542
4323629
59370087
55232364
51066169
46906928
42674812
38512976
34309097
30212648
25979966
21789562
17616465
13401365
9225542
5086250
59822722
55665528
51839579
47658203
43465044
39283387
35022478
30781237
26576305
22357613
18138740
13914139
9667376
5453074
59648458
55405080
51234473
47151153
42868953
38676477
34503171
30265737
26053017
21846562
17611401
13403561
9201584
4978627
61280847
57052084
52888718
48743347
44521384
40308577
36108577
31869329
27689154
23545235
19283825
15119523
10877602
6689563
12671078
8438548
4295732
59312482
55139866
50994580
46848469
42625767
38433545
34252974
30012074
25804700
21651124
17469775
13302265
9153589
4895947
59917023
55664596
51441264
47247364
43008488
38832210
34644844
30408452
26206146
22040973
17738170
13582769
9367110
5135280
59771816
55560810
51623110
47543415
43289494
39113386
35001394
30717739
26536474
22380861
18179254
14009901
9774597
5563530
59857296
55616958
51454920
47412608
43195956
39057530
34891004
30637774
26446881
22238173
17998680
13759476
9627265
5453880
12716043
8493930
4318839
59591720
55348433
51173657
46985434
42750559
38610946
34345667
30099999
25897466
21700047
17464474
13265166
9056477
4873576
60059588
55816429
51626132
47433826
43192534
38975035
34778732
30519732
26288312
22058515
17828949
13608441
9434354
5227190
59769688
55531259
51312783
47098689
42852398
38650344
34433549
30186235
25959559
21783609
17534175
13333538
9108339
4862617
59707948
55493802
51309467
47083375
42885266
38674572
34449133
30223028
25993780
21772105
17536729
13305570
9133970
4910456
12542235
8304537
4148772
59762281
55538462
51286924
47084930
42862910
38687566
34522293
30275677
26013116
21817923
17556930
13359301
9144161
4921440
59634803
55371189
51445644
47398542
43167745
38966313
34791710
30569398
26382022
22221915
17972273
13824044
9693412
5420551
59920240
55675696
51589879
47511993
43252077
39170927
34994957
30693202
26484076
22269222
18036367
13829274
9620626
5376560
59986898
55747271
51651609
47581587
43322406
39097685
34989736
30732936
26523675
22373040
18101170
13968461
9756217
5530967
11728208
7474420
3266844
59758753
55490398
51329223
47105996
42830480
38667118
34497149
30260794
26038902
21863006
17641440
13451485
9269983
5026951
59507911
55292740
51095929
46897596
42678544
38462167
34250907
30003453
25826887
21638029
17379867
13198014
9021730
4809977
59391916
55153911
51003336
46835008
42627920
38444291
34264200
30059164
25863756
21689797
17483058
13309890
9125111
4888531
60084245
56051299
51847188
47576681
43446817
39201126
35034806
30856069
26629463
22461371
18263492
14032020
9861810
5692407
11931945
7756013
3573828
59637306
55392757
51205096
47057531
42806201
38631531
34470181
30255378
26068248
21862189
17603911
13421231
9218144
4956659
59853779
55612506
51438522
47227062
42997146
38801171
34591110
30332933
26121567
21909978
17631136
13401139
9193015
5017205
59758106
55539122
51397272
47189118
42971289
38820553
34564698
30336461
26147867
22028491
17803851
13674931
9526682
5290754
59854799
55629064
51640145
47557071
43340157
39206471
35056814
30815055
26602046
22464116
18177770
13989516
9798357
5564333
11917109
7712054
3599257
59621984
55396357
51196556
47009268
42785563
38607771
34430385
30184574
26011578
21827665
17607047
13430540
9252836
4999613
59881603
55645552
51550601
47461789
43178584
39077821
34953368
30718551
26470270
22346220
18306598
14267276
10041894
6068352
59834652
55464945
51254989
47044533
42799800
38606057
34413975
30190659
25998208
21808995
17581016
13394277
9181193
4892117
59832975
55609235
51618140
47430546
43164986
39074112
34964777
30742186
26610172
22479604
18201927
14032438
9853689
5625836
11496896
7253483
3057096
59713725
55461541
51266134
47085162
42858139
38671617
34489184
30244499
26063592
21857371
17620657
13411260
9213062
4967793
59835925
55565521
51380179
47162025
42914279
38689059
34463804
30215478
26007426
21787741
17534635
13308013
9095039
4862056
59475052
55257570
51204231
46959627
42768748
38572249
34383106
30127715
25977621
21780770
17561539
13380246
9182589
4956807
59654833
55484251
51450175
47435942
43198262
39237503
35104599
30889840
26695177
22475252
18338851
14097240
9843451
5697809
11339795
7075613
2882381
59549311
55298242
51089716
46894217
42653291
38477035
34313039
30082826
25898501
21698801
17494946
13311603
9153607
4949496
59610117
55462721
51362926
47303943
43099527
38932573
34723615
30504253
26318728
22119076
17906768
13683110
9493959
5254485
59847168
55606589
52860143
48867031
44625843
41063914
36812942
32620279
28498018
24310256
20221307
16163344
12050317
7806801
59615142
55374029
51184899
47013795
42751594
38520114
34295479
30052680
25853965
21602518
17361449
13179513
8998545
4770395
11237898
7079803
2880266
59429087
55164760
50974579
46815974
42690322
38850809
34762328
30551211
26382068
22281717
18055021
14006987
9832567
5795087
59821166
55598050
51407073
47205603
42967331
38777335
34565163
30308086
26138949
21907008
17705585
13403894
9203412
5000973
59871462
55620709
51399000
47191864
42954743
38717223
34507304
30258034
26023771
21790168
17535335
13339237
9130017
4918692
59638263
55393265
51244804
47034074
42798338
38585843
34373275
30104549
25934280
21679976
17476276
13309368
9136212
4894356
11072826
6875381
2889189
59529406
55317117
51158676
46941846
42697752
38490048
34322495
30094037
25903788
21719428
17491060
13312011
9125145
4920562
59737382
55535394
51518987
47386039
43158089
39068158
34864247
30618121
26455668
22285830
18049583
13868184
9668526
5421590
59607022
55374129
51362793
47277000
43034786
38905138
34828848
30633288
26512154
22390977
18158825
13987636
9850505
5630251
59703923
55475275
51298770
47099182
42853097
38700417
34507569
30281788
26081874
21896840
17661044
13430489
9207168
4956783
11278364
7050072
2825316
59582867
55314438
51140305
46921592
42685649
38485433
34276982
30052210
25844773
21621464
17407684
13236080
9088450
4882771
59644928
55470737
51288418
47168672
42923855
41080907
38202776
33884447
29692006
25522204
21294721
17174851
13004795
8805389
59577608
55349737
51225950
47257572
43039592
38892650
34769967
30542698
26793552
22658151
18611665
14433690
10380810
6505488
59777150
55522611
51734138
47607638
43416183
39235044
35014233
30784431
26607217
22451290
18223071
14051919
9866375
5627276
11092846
6872563
2672647
59331162
55099651
50901093
46732361
42524360
38349969
34217014
30005406
25860535
21703077
17526405
13374767
9208142
4992825
60053421
55838018
51673614
47517655
43219987
39046357
34849334
30626051
26453219
22193539
17977578
13802384
9600288
5351705
60398193
56351497
52282444
48259823
44339913
40715626
37127309
32859354
28628750
24432162
20232371
16025764
11869342
7706887
59597103
55373036
51195365
47002928
42781243
38584111
34383036
30159628
25971194
21799524
17563324
13368404
9160958
4925932
11565081
7278789
3074489
59604068
55377167
51209833
47030741
42786627
38574977
34339637
30108370
25917574
21726657
17491589
13294992
9196453
4974156
61253668
57243023
53015852
48836745
44702841
40524366
36404373
32267390
28093554
23970492
19844488
15672390
11556511
7497517
59393757
55181782
51008203
46835194
43361251
39145204
34903419
30754670
26539489
22336045
18193980
13986157
9801413
5606470
59250381
55028216
52086445
47921982
43698478
39524984
35439629
31228203
27071091
22910230
18733597
14571624
10374029
6137683
12774088
8597549
4452725
59229395
55021252
50833226
46626936
42444979
38293859
34103969
29881186
25724875
21528011
17343258
13136652
8950440
4789401
59572256
55347874
51179607
46990383
42748034
38597548
34384876
30200429
25997010
21780259
17551689
13359661
9155416
4926631
59559960
55351325
51152978
46918336
42693871
38493885
34266282
30048927
25879650
21692117
17491663
13307600
9130242
4914168
59452574
55250213
51091628
46934221
42737016
38567676
34426954
30114416
25930113
21762459
17533602
13310585
9122219
4884287
13595784
9344607
5143410
962138
59430560
55212871
51036389
46848194
42569131
38377272
34210247
29996228
25852542
21676061
17447903
13253221
9058708
4843490
59402157
55197568
51066789
46894026
42667938
38494520
34319779
30057936
25892377
21694631
17433445
13228770
9013782
4767614
59797391
55557505
52534636
49051508
44791044
40625106
36393188
32122664
27954933
23775081
19534428
15312341
11093567
6828510
59637093
55361028
51188187
46972008
42731977
38552635
34314603
30048815
25910708
21715695
17457211
13301193
9086353
4874130
9566536
5399736
1242982
59621339
55387280
51292008
47076526
42795124
38614467
34380998
30134877
25985237
21766600
17533170
13336446
9163312
4957678
59557897
55345609
51170515
46987992
42770030
38624561
34385034
30145203
25944687
21696383
17452233
13260368
9039457
4791589
59571082
55338695
51163387
46966172
42764094
38608374
34406301
30148966
25960239
21770633
17541688
13349337
9163104
4936104
59382865
55160705
50978014
46801820
42568360
38401416
34231841
29995284
25853896
21678856
17468466
13303198
9138981
4949140
10061323
5874000
1659514
59244857
55062804
50909604
46724423
42507531
38356583
34195018
30001635
25858955
21709784
17495436
13293892
9098820
4852357
59752616
55541382
51385928
47082669
42882606
38683824
34421932
30146938
25964574
21767651
17552410
13339057
9152767
4913717
60577852
56338758
52157600
47965732
43720883
39519783
35288279
31072143
26870615
22689413
18431609
14240721
10074999
5877996
59592741
55421231
51271474
47090789
42831785
38661172
34490742
30241482
26078141
21848531
17644759
13496790
9316620
5431460
10187721
5976478
1815287
59334561
55113836
50962223
46807611
42593608
38401150
34179554
29937438
25800753
21589066
17374940
13180868
8977381
4771295
59659073
55416109
51245730
47059084
42828602
38635049
34415309
30141673
25925954
21714029
17467846
13273315
9081351
4837457
59907960
55669820
51458437
47251016
43004964
38804654
34588009
30320147
26082005
21861986
17607254
13388084
9155457
4947933
59926250
55687759
51480765
47252947
42994963
38735113
34523621
30257522
26028569
21770201
17518924
13316599
9106713
4876481
9873284
5674341
1520636
59607062
55399609
51228841
47028191
42810858
38621935
34438998
30199349
25993184
21762660
17509377
13310705
9142662
4939442
59898365
55658807
51457726
47275285
43032395
38836766
34635663
30391375
26166976
21955160
17720840
13563485
9377594
5143288
59772585
55519126
51336333
47122789
42906195
38735164
34521488
30283394
26066266
21828724
17554784
13352795
9196010
4946797
59750494
55532797
51274911
47099979
42862477
38661169
34461667
30167758
25975993
21773634
17570914
13363855
9163652
4957515
9555071
5328734
1162992
59258060
55040438
50869594
46739963
42533828
38368480
34197235
29992861
25849405
21720347
17471973
13307207
9172798
4993808
59656536
55424459
51232664
47057967
42807164
38600702
34384982
30152500
26007345
21842178
17575210
13392485
9168700
4934277
59716153
55459734
51243912
47018878
42770151
38548574
34365979
30128846
25940652
21737099
17495889
13274990
9049527
4797756
60010460
55749944
51533009
47327456
43083791
38828382
34652973
30419602
26248645
21968042
17672595
13487990
9261684
5015924
9671282
5387839
1180769
59827880
55603013
51448504
47176314
42965345
38790698
34628245
30366412
26112694
21935918
17684731
13441899
9252085
5007623
59675959
55447555
51230709
47002683
42732200
38546841
34368797
30105078
25943504
21763444
17524121
13336594
9139960
4916375
59611771
55400967
51222425
47053298
42829641
38642723
34446128
30181987
25993454
21747722
17522649
13367737
9178957
4950611
59613574
55389617
51214444
47036882
42799133
38632815
34472353
30220877
26015012
21802646
17567367
13379859
9201706
4998036
9641244
5363281
1212070
59702184
55454304
51260947
47051788
42773461
38555324
34334540
30094290
25907556
21713386
17489163
13304180
9118042
4918317
59551675
55350161
51166211
46980476
42741830
38597139
34339420
30131522
25942480
21677487
17478567
13287008
9095765
4902950
59599601
55370831
51183046
47039950
42785085
38576248
34397836
30178293
25986812
21808807
17584045
13416824
9235731
5029864
59515969
55307442
51142034
46969027
42746772
38589774
34436163
30210821
25992302
21828340
17539333
13349248
9106182
4922151
9768514
5537138
1358225
59599737
55379652
51164955
46986570
42760815
38570159
34358294
30119522
25921634
21722321
17485110
13315851
9093173
4838845
59649706
55378397
51182516
46983035
42733328
38516328
34308389
30043794
25845687
21645521
17378625
13185573
9001343
4782744
59621947
55377504
51184751
47003732
42771743
38581145
34410744
30177652
26005381
21845309
17632275
13455281
9263323
5032495
59597989
55397813
51282764
47079906
42841063
38677535
34501569
30268316
26134069
21946022
17697933
13519009
9480098
5235296
9771520
5526789
1336204
59737604
55481418
51294636
47095521
42858484
38647410
34426717
30168848
25966474
21752110
17514038
13285508
9095803
4847825
59756265
55505011
51285529
47085679
42824936
38606682
34399109
30127275
25949053
21738637
17502094
13292730
9120646
4884503
59792847
55540271
51342737
47141825
42880136
38669337
34478003
30246961
26051357
22633142
18386881
14265746
11577934
7343376
59696140
55428483
51427682
47211009
43107818
39011032
34934275
30754873
26515558
22366066
18154282
13941735
9737619
5552501
9214769
4986199
814270
59377347
55161276
50976556
46820994
42597091
38432863
34244737
30017803
25844104
21657046
17445139
13301908
9115927
4903656
59461053
55243521
51079420
46902146
42719831
38574905
34405489
30188085
26011777
21803110
17547070
13331043
9103823
4915418
59640723
55418119
51353391
47167352
42940563
38859634
34658573
30427282
26362778
22152317
17905630
13761357
9561545
5316674
59930486
55679648
51581720
47388835
43134128
38923458
34691150
30398386
26201039
22028054
17813936
13596543
9440211
5251332
9552868
5321245
1136130
59622191
55382900
51186187
46985284
42754034
38574302
34377713
30148967
25997847
21799896
17569169
13388462
9231171
5001260
59374172
55144581
50966830
46769619
42575420
38383429
34189704
29964461
25787623
21592830
17376192
13235666
9093513
4905823
59375063
55128338
50912974
46730310
42508668
38335095
34159716
29905960
25720836
21507518
17285362
13153494
8982783
4814530
59324196
55155030
51041900
46891645
42676260
38550083
34312933
30116673
25959274
21710713
17445939
13255970
9064862
4854733
10333515
6102425
1899792
59644240
55409675
51209674
47028228
42785143
38572561
34367935
30126618
25911787
21706149
17448211
13249247
9127002
4913870
59412833
55205270
51047228
46861813
42634723
38438828
34245150
30032312
25859315
21676162
17431803
13237723
9039230
4835664
59364915
55195498
51001239
46813644
42610159
38473538
34318510
30140108
25920081
21749805
17524262
13374876
9182626
4951768
59509265
55316641
51158461
46987507
42759734
38561121
34352081
30125013
25926108
21735135
17496350
13299647
9140694
4929936
10992761
6777741
2548834
59576772
55331187
51132223
46917314
42665890
38460145
34249604
30002365
25826866
21628744
17398199
13203854
8998353
4778219
59745330
55517459
51297959
47091955
42856675
38644077
34388018
30175275
25960692
21745603
17489520
13260406
9088840
4849476
59645268
55451545
51280830
47077137
42827255
38623737
34418497
30154573
25989533
21807348
17556244
13356731
9209789
4933094
58828306
54609222
50436412
46291018
42123306
37983111
33838360
29664892
25529472
21393170
17229420
13096215
8960681
4792087
11623292
7455809
3310189
59515802
55228334
51041250
46825865
42547747
38362241
34214713
29989744
25853216
21729718
17533992
13370320
9182681
4953561
59887573
55642722
51464580
47251554
43016612
38825145
34593221
30328095
26109585
21888781
17632525
13489723
9236218
5017437
59603638
55385829
51372393
47336933
43113167
38926959
34741746
30494549
26246842
22062457
17840012
13676614
9485154
5257395
60584129
56362012
52201779
48051047
43833602
39664465
35502953
31273477
27089136
22964478
18717822
14550599
10374231
6124728
11818595
7573509
3398241
59593921
55326623
51171011
47022689
42786391
38610388
34407280
30202034
26030390
21840325
17649555
13392184
9169530
4946067
59915975
55656489
51456914
47233835
42978089
38771660
34572478
30337545
26122691
21918378
17676361
13459412
9241217
5011738
59985303
55768605
51549059
47325396
43091222
38838563
34625393
30387608
26182549
21937642
17676575
13452265
9221108
4954448
60111040
55880425
51673937
47448054
43139442
38980788
34636784
30339957
26077189
21848100
17607968
13437504
9208573
4949299
10988697
6735401
2580759
59686717
55404025
51230770
47048752
42820849
38587258
34382525
30139713
25935684
21757030
17527609
13345090
9125530
4906823
59717527
55491701
51319846
47097456
42890740
38685669
34490782
30238474
26011209
21751298
17541254
13348818
9137177
4918653
59434302
55207809
51026180
47331466
43791326
39548548
35679273
31801972
28068412
23861212
20082954
16173475
11963715
7983088
59518751
55317295
51287597
47169930
42945442
38827031
34704026
30426992
26329787
22191127
17916904
13826157
9692589
5463455
10982979
6812731
2693062
59483045
55264083
51119317
46927395
42695329
38498713
34255277
30019125
25819488
21691259
17519488
13396096
9252351
5047935
61041412
56832272
52675843
48555863
44285818
40102844
35970500
31681460
27480040
23335436
19043978
14848580
10662253
6451036
59508005
55266859
51062722
46870060
42682848
38468672
34269662
30031991
25823758
21646734
17415466
13235957
9032461
4799217
59569971
55346801
51154874
46985666
42787390
38607196
34395637
30189699
26058936
21835466
17580934
13379995
9192502
4959156
11464013
7223519
3058180
59410337
55234325
51103681
46986445
42800336
38639613
34492697
30227257
26085886
21902763
17675726
13448818
9255616
5033581
59766716
55530470
51332835
47134178
42873964
38676702
34439782
30164848
25971416
21751174
17468131
13306740
9133279
4913806
59565493
55312455
51893011
47663812
43401939
39214331
35033933
30856550
26615602
22472037
18207363
14066713
9889789
5656320
59455237
55268982
51248524
47146449
42936703
38816209
34673068
30452094
26275473
22099413
17869437
13698633
9535444
5320705
12085694
7866380
3684347
59276118
55047685
50873981
46702352
42475839
38182541
34010584
29790882
25609525
21475421
17306392
13165955
9001473
4837976
59248662
55075954
50948324
46789875
42585647
38454826
34252803
30040096
25855725
22023888
17860187
13799450
9692303
5474311
59228817
55021785
50840388
46621389
42373389
38203412
34058143
29883794
25699660
21517664
17297016
13162473
8977330
4805817
59008883
54844141
50721602
46593815
42418549
38282785
34137865
29962355
25835483
21688882
17493604
13319921
9135543
4908754
13912299
9698146
5518435
1339189
59487476
55273843
51092764
46905794
42683352
38497351
34322553
30111347
25928623
21735845
17507725
13321603
9073096
4848174
59784906
55576003
51406364
47211256
42956171
38776261
34495219
30207125
26044285
21846713
17668240
13482644
9289336
5041984
59781516
55568346
51386656
47182373
42921791
38755029
34573796
30351522
26177316
21985413
17759115
13567812
9346862
5082647
61041990
56828864
52646439
48412008
44146398
39918917
35699856
31482983
27238718
23027189
18851885
14590067
10471826
6532958
9475341
5250412
1050320
66651481
62367925
58172420
53939438
49645156
45425478
41169225
36909183
32674883
28490001
24265661
20074122
15844275
11640011
59240702
55030235
50892255
46718513
42530530
38379793
34222837
30045235
25899007
21761743
17556312
13395888
9257345
5083618
59371067
55134299
50973852
46795863
42579288
38405853
34232885
29990300
25825666
21656242
17451972
13308872
9154546
4976609
59075507
54910713
50794385
46681826
42519573
38378385
34243728
30032970
25842264
21678298
17465919
13322341
9164331
4960659
10679748
6479367
2331169
58981768
54797270
50662996
46514690
42327424
38166428
34105609
29893330
25799353
21713006
17578598
13437963
9356288
5153565
59139505
54943415
50792916
46618313
42415324
38251027
34078253
29876177
25720587
21568646
17359231
13183120
9032921
4838170
59266886
55048516
50904375
46734267
42522584
38366383
34207137
30001667
25835518
21665902
17479855
13326133
9146860
4904084
59599960
55418041
51292127
47109253
42865199
38653072
34442830
30217302
26041710
21784026
17520576
13312927
9074034
4792259
12144154
7875191
3738242
59136037
54909565
50757821
46602166
42400442
38255914
34100277
29894936
25729749
21702706
18346447
15651700
11515354
7373876
59050146
54862420
50730706
46584949
42393236
38237908
34101816
29913729
25752725
21516928
17247486
13093419
8922162
4715763
59258173
55086115
50902958
47713867
43490268
40117040
36775744
32576580
28428919
24275815
20081267
15948748
11779548
7586533
59343658
55124569
50970935
46790554
42567432
38381421
34182767
29991843
25799710
21632685
17382467
13194091
8995589
4774153
13738529
9543616
5428178
1276063
58970673
54778814
50622638
46442903
42275620
38139257
33984388
29775858
25617205
21446988
17259240
13129243
8993151
4812878
58892784
54693952
50548121
46409691
42234093
38097574
33948925
29777326
25652477
21519797
17361738
13174606
9013230
4793212
59158328
54962174
50838690
46686067
42477996
38294478
34116349
29912115
25758314
21576786
17370803
13213619
9051518
4852938
59894266
55624162
51454706
47213208
43001218
38806651
34630328
30421989
26195994
21941377
17662906
13411203
9155307
4878761
11128889
6917139
2761852
59243262
55026885
50849963
46691685
42489199
38295489
34063935
29809676
25635806
21479475
17283863
13126742
8978697
4806656
59436258
55212203
51036687
46858103
42634088
41135176
36895304
32718442
28529469
24307707
20173205
15981978
11777860
7626571
60630197
56443868
52248410
48033124
43779451
39557315
35341312
31087076
26864518
22641665
18395301
14228106
9983818
5782762
59813487
55567601
51357690
47131427
42987975
38769534
34572088
30353543
26159027
21919787
17662250
13433023
9194914
4931195
11427094
7221207
2987674
59589344
55342690
51135985
46957116
42671942
38473967
34257446
30020722
25839778
21635716
17416899
13255251
9102365
4895402
59296081
55077195
50930603
46761976
42545417
38402098
34136807
29924221
25766113
21588534
17371693
13205682
9033859
4831300
59373342
55166047
51085183
46926911
42723334
38490353
34323161
30113962
25986791
21772649
17576134
13414014
9231773
5017435
59573412
55360415
51190293
47013946
42803100
38637935
34453008
30257878
26057522
21826007
17571756
13344462
9180404
4918352
12058744
7809605
3637736
59624930
55380678
51177076
46996012
42780985
38575136
34377378
30155119
25954304
21724436
17461622
13285056
9092172
4855344
59791313
55562325
51396513
47209160
42990105
38750016
34537967
30256361
26060457
21850838
17621719
13357786
9138474
4894767
59676987
55447608
51229510
47010667
42741733
38561666
34354730
30151610
25937941
21732087
17503192
13309512
9107837
4892607
59702502
55528032
51283364
47075305
42813491
38589674
34373284
30119328
25917601
21697689
17453619
13232375
9000099
4794485
11854477
7649070
3409445
59557328
55295326
51118802
46965553
42744498
38582019
34403208
30180267
25974878
21782241
17561961
13372240
9163305
4937705
59388067
55157466
51012261
46824789
42616764
38430855
34295798
30017876
25842714
21668594
17459236
13279622
9106353
4935514
59232600
55034685
50878569
46719713
42499673
38342758
34148399
29946434
25779729
21613493
17423391
13263247
9083399
4861412
59622946
55387979
51183063
46988850
42747531
38550868
34361517
30151939
25974680
21767546
17550687
13270672
9044795
4773767
12365168
8147925
3970710
59575090
55344610
51167987
46962937
42744297
38537489
34390603
30159076
25953750
21739743
17505798
13316785
9117576
4899386
59375305
55179529
50989579
46814137
42603315
38459759
34306108
30105885
25931788
21753338
17540662
13364140
9153479
4883702
59818505
55579835
51396734
47173170
42913198
38691747
34480843
30233515
26042614
21872510
17551149
13336330
9098882
4896897
59677021
55437663
51271246
47055867
42814107
38604387
34365079
30138351
25927676
21700798
17449709
13239723
9061071
4847914
12355427
8139637
3943672
59777071
55527330
51303373
47018045
42809794
38600192
34367709
30046589
25831485
21619730
17375752
13219957
8959181
4723976
59804017
55574204
51386312
47164265
42937917
38679737
34456979
30216459
26024636
21821103
17584138
13372301
9158197
4904124
59797879
55532806
51382477
47180187
42929171
38711371
34475245
30253772
26024391
21797534
17557362
13378108
9166118
4922641
59740803
55503527
51324591
47161831
42906991
38699790
34469984
30249701
26017534
21813007
17602111
13360793
9175151
4953500
11830384
7614546
3427227
59475069
55270040
51202929
47005933
42797502
38626549
34448652
30238689
26064232
21837444
17599063
13417585
9253404
5002629
59947680
55749830
54188163
49989398
46117183
41927071
37672442
33524281
29277400
25032844
20850703
16652753
12382127
8156460
60123255
55920999
51650438
47427976
43173928
38952683
34730955
30493172
26258919
22054467
17827394
13632857
9423824
5160926
59625732
55363552
51098065
46931455
42697144
38486471
34323513
30088831
25855473
21657660
17438943
13245824
9057541
4840998
11476275
7254879
3144316
59574527
55356267
51159924
46987805
42744004
38537990
34356325
30123834
25909290
21734722
17509405
13326982
9191355
4930440
59771033
55535112
51373315
47181029
42930356
38704441
34562715
30259300
26072177
21856630
17608796
13379244
9191298
4963180
59820773
55739489
51588107
47417403
43155930
38944115
34759503
30508890
26314047
22111725
17871080
13695235
9580641
5339492
59781664
55553566
51349080
47169169
42919917
38728025
35111374
31823072
28478167
24329954
20124402
15891997
11688102
7496629
11469565
7200292
3035384
59595286
55364275
51163763
46971801
42720572
38485556
34236822
30007597
25817392
21640596
17412267
13242389
9065956
4863953
59337605
55105076
50944497
46795352
42586953
38436582
34274505
30053855
25882696
21762760
17532771
13358231
9184776
4903547
59957594
55726870
51535552
47311073
43101745
38866984
34634855
30371054
26137977
21906353
17591506
13377858
9174389
4934737
59568987
55369091
51175220
47012262
42765772
38561472
34354018
30127679
25960115
21768354
17539914
13353025
9362823
5148692
11428846
7201982
3039464
59763327
55542263
51358854
47170398
42931425
38718364
34497587
30274677
26032842
21802422
17574475
13381962
9216571
4982148
59637459
55365303
51401244
47235549
43012574
38852607
34673294
30497484
26324889
22130223
17912092
13662036
9474581
5349122
59430977
55223893
51055626
46897213
42684852
38513395
34333143
30106384
25903383
21726902
17499725
13251518
8998510
4767863
59536497
55264541
51108166
46945295
42732637
38555376
34361502
30175807
25984807
21781531
17539262
13333856
9133708
4918204
11519702
7311502
3145066
59560650
55347151
51145056
47169421
42954771
38812977
34674150
30507194
26287226
22101484
17940333
13737244
9539667
5288229
59898493
55642491
51559390
47408676
43220979
39031930
34884226
30645936
26503642
22717082
18459286
14357375
10179677
5928601
59744452
55513259
51333130
47107356
42864270
38657771
34456002
30164454
25954303
21780179
17502837
13318580
9123221
4888780
59686344
55461532
51277750
47252121
44374461
40131529
35879253
31670424
27461520
23197901
19000988
14790915
10571592
6394550
11198666
6985655
2753035
59563496
55331185
51114764
46926643
42704158
38528910
34356024
30129610
25948473
21771339
17520917
13311782
9115662
4893497
59653830
55437697
51399003
47196641
43104445
38860270
34606876
30374378
26148450
21942063
17764581
13505060
9312991
5125740
59644404
55427290
51301984
47086692
42826353
38605443
34388311
30152737
25984066
21769946
17534164
13294703
9088373
4859231
59572502
55302485
52325263
48151656
43928097
39744273
35549394
31368328
27197346
23021537
18744293
14519983
10338074
6118898
11391135
7216686
3056691
59721165
55470275
51255762
47036902
42786135
38540550
34359674
30133819
25899456
21727532
17524347
13342591
9183194
4955210
59652139
55447903
51514349
47383010
43136382
38934548
34784272
30565580
26357474
22185411
18662484
14423401
10267956
6110932
59917673
55759102
51629414
47555470
43318307
39129000
34982366
30764347
26581317
22362762
18105567
13864727
9678821
5428564
59400448
55216044
51082740
46913514
42681491
38504941
34266776
30016485
25808585
21595059
17396149
13167231
9001348
4812443
11360837
7160355
3035113
59427220
55221137
51047492
46864137
42648457
38478830
34322048
30110083
25882130
21709262
17388083
13204859
9007456
4784052
59152842
54934824
50797234
46645712
42440957
38257243
34082809
29892831
25722146
21539762
17328222
13177487
8996632
4791552
60207208
56003514
51827918
47632512
43403485
39206731
35011209
30775769
26601343
22423997
18218387
14052601
9863234
5668867
59342018
55134805
50956973
46774291
42551070
38369658
34191673
29993291
25796679
21608750
17394834
13200246
9012164
4796116
12574117
8362821
4209781
59296614
55084593
50900424
46715113
42479281
38284651
34108547
29922465
25757888
21590977
17395080
13240218
9055403
4846446
59342516
55141319
50985299
46822182
42617705
38440584
34261552
30049392
25852598
21667548
17463161
13289636
9090750
4869059
59928988
55704799
51485297
47270434
43025438
38791941
34578143
30336414
26124870
21857096
17602220
13361317
9137242
4876542
59785243
55566079
51391334
47154325
42915810
38682788
34459860
30211086
25979711
21754093
17502471
13274911
9088025
4844769
12623284
8402505
4250390
59062611
54854852
50698292
46547922
42339939
38193242
34061824
29858772
25695474
21570681
17368296
13211171
9047918
4849865
59341667
55143729
50996916
46844479
42648254
38494814
34328566
30110184
25901598
21725803
17470581
13238029
9035241
4822584
59661730
55458911
51301495
47144616
42874750
38670188
34436545
30181153
25928473
21726739
17489106
13286481
9075729
4841493
59663577
55438847
51275346
47075394
42838422
38590996
34407387
30172468
25953196
21738661
17503531
13324834
9108396
4884517
13325851
9151512
5001129
865901
59542262
55326249
51238391
47032872
42825542
38720367
34505617
30355633
26198745
21955500
17780189
13589280
9362389
5224354
59591140
55361355
51192956
46969315
42682277
38498100
34254205
29987493
25796883
21549547
17344287
13179894
9004290
4839415
59571030
55313486
51116055
46911527
42651899
38432302
34201217
29972913
25763160
21509313
17309436
13130089
8932901
4738763
59357070
55157006
51002231
46821295
42590028
38386573
34215526
29991262
25866631
21684073
17473820
13292232
9089981
4953829
9633865
5417219
1297826
59586000
55303850
51124509
46895220
42668683
38473470
34293283
30077541
25904665
21750123
17537013
13380254
9165022
4889819
59441283
55242299
51030139
46867701
42666554
38438467
34255169
30003282
25779924
21601769
17329693
13165954
8999665
4789895
59519135
55317130
51163181
47065105
42836067
38692734
34454969
30245137
26034487
21848778
17630286
13465906
9325988
5119019
59060683
54858673
50691800
46564407
42363949
38199569
34022836
29827075
25654489
21493679
17299418
13135658
8997783
4776143
10379502
6170399
1988387
59341001
55139867
50953378
46773265
42558679
38381271
34167818
29952758
25813656
21701490
17496097
13317160
9141775
4928897
60057182
55860731
51740023
47584228
43390504
39258259
35089126
30900456
26718697
22559902
18364975
14197543
10033743
5824169
60118615
55885572
51693923
47508615
43288520
39090451
34869882
30648917
26497625
22332769
18116817
14015128
9766282
5607286
59540181
55304854
51121881
46912815
42668361
38477369
34282408
30074745
25900113
21717110
17505496
13286349
9100451
4875990
11365196
7141805
2970752
59826989
55604137
51424784
47227956
42996651
38792645
34573738
30320306
26195591
21992087
17751438
13535207
9358311
5128543
59852360
55622890
51387866
47133598
42861569
38690249
34453602
30198784
25958681
21741103
17533847
13331244
9155402
4936745
59452001
55294929
51281528
47229465
43012740
38912854
34736947
30536335
26373018
22201217
17985874
13837117
9696598
5488001
59617436
55447078
51276323
47139758
42898017
38693437
34454283
30238680
26034660
21816782
17570937
13370010
9187720
4963363
11501365
7243766
3110418
59393010
55183982
51016687
46839169
42610687
38408349
34230648
30023514
25844522
21718533
17502221
13366292
9196794
4999815
59945547
55790727
51642628
47534020
43282714
39080923
35044726
30826239
26668751
22484457
18174925
14003473
10438599
7554010
59524258
55308331
51325593
47206414
42938707
38783548
34606628
30376620
26218414
22041719
17803966
13642457
9481823
5273270
59431945
55257869
51120593
46953129
42734526
38477236
34244710
30031801
25843281
21638511
17408858
13235854
9086218
4885163
12034151
7837484
3715335
59273319
55003970
50781557
46536357
42323372
38185889
34008225
29808973
25612092
21471045
17293752
13163772
8979198
4787173
59374066
55152104
50994528
46859133
42646538
38494064
34317346
30092633
25911977
21723019
17504104
13478350
9480273
5294780
59715738
55514685
51289848
47055466
42783799
38616592
34378846
30133876
25924103
21740874
17469651
13231247
8992736
4774821
59387281
55206195
51062343
46887316
42706333
38529775
34357258
30148441
25974610
21794057
17586567
13410257
9199362
4959223
12731636
8547423
4413806
59359443
55155299
50978733
46795078
42577572
38380389
34210917
30005993
25841888
21593269
17319028
13135241
8980317
4757911
59757829
55504897
51312444
47112975
42890112
38709085
34516797
30220503
26033085
21836401
17622722
13451271
9248866
5003259
59793144
55557019
51336187
47139975
42881461
38691586
34436522
30192386
25976601
21773316
17521969
13307329
9088950
4833250
59571170
55357689
51147486
46924668
42675022
38490846
34265557
30019409
25850257
21628572
17418700
13218756
9031112
4808214
12817050
8612695
4442172
59459495
55229650
51054951
46885774
42676767
38493628
34320386
30102078
25900647
21734913
17497156
13325215
9110486
4863970
59460873
55266495
51115422
46941484
42728119
38567165
34373031
30097857
25856675
21701123
17484755
13319195
9138719
4912550
59597551
55363180
51191035
46995734
42777465
38558784
34355069
30106016
25913295
21728035
17445565
13232172
9078153
4852853
59785687
55521705
51300706
47109444
42830982
38658927
34420653
30192958
25963608
21783688
17542318
13304570
9091255
4861152
12929690
8693146
4477952
59936178
57712530
55297753
51105555
47014928
42920540
39016813
34753948
30749432
26512438
22388170
18381746
14167011
10046790
59430333
55212683
51056755
46879490
42670492
38509150
34343012
30127524
25950393
21752568
17548501
13365692
9165243
4955535
59699282
55462424
51260673
47042864
42817566
38617806
34372243
30138092
25924843
21717631
17462277
13273992
9083528
4847424
59605777
55388896
51219406
47032499
42817698
38641456
34452106
30234283
26044963
21854045
17594033
13380703
9147573
4899236
13010712
8764654
4683089
598837
59676309
55426279
51273974
47099203
42871149
38670349
34483052
30251999
26056897
21849624
17641373
13438967
9263094
5015716
59459127
55250837
51060589
46878621
42648885
38462304
34260540
30029076
25844209
21658426
17426204
13230187
9047188
4828380
59139083
54938516
50785497
46656289
42449767
38280915
34111783
29901916
25863694
21727988
17525546
13417780
9255957
5049731
59816340
55571928
51387010
47177856
42952201
38762985
34519339
30246358
26059744
21907905
17688281
13531213
9365391
5129966
9081629
4857613
680724
59136682
54927579
50823181
46672775
42464021
38336476
34168100
29938630
25806840
21652662
17439888
13291342
9134355
4958565
59540778
55357151
51208078
47035467
42828401
38656432
34390677
30083166
25971268
21713161
17439432
13272489
9155702
4970143
59605522
55410225
51207986
47010325
42778518
38548003
34313749
30018528
25813114
21614976
17353357
13158723
9010564
4829744
59495562
55316313
51111666
46891002
42656775
38433656
34248138
30028715
25830869
21584577
17361680
13176105
8968827
4802045
9769679
5570229
1411726
59294149
55096851
50943323
46740984
42533056
38374531
34194019
29972646
25777547
21623379
17350675
13199818
9068325
4878335
59322830
55064744
50894742
46715597
42497245
38326972
34150702
29932824
25762354
21589968
17386066
13218761
9048622
4845988
59283353
55087920
50936137
46770199
42594254
38412289
34232441
30060524
25776804
21517910
17304451
13126705
8920523
4715804
59696364
55512146
51451904
47322761
43153744
39050938
34828604
30518330
26288660
22048872
17810511
13633956
9452753
5181648
10643045
6468793
2340113
59269474
55060846
50894943
46722765
42511501
38359513
34203172
29997805
25832869
21608333
17405333
13182721
9043816
4847798
59206975
54999259
50843655
46685314
42468677
38298231
34126746
29919301
25746850
21580955
17380708
13219978
9079988
4860467
130234983
125996381
121798433
117614815
113373902
109186605
105053938
100821828
96666915
92489731
88276849
84092461
