5557783
199296644
195064732
190953349
186814285
182648926
178506724
174347493
170186189
166084738
161900553
157754101
153607114
149418177
145283182
141089896
136896026
132741124
128588743
124391465
120237540
116095082
111898095
107745303
103599269
99434172
95251978
91107780
86929407
82764125
78577303
74354220
70152239
65968244
61730818
57534105
53328044
49081136
44863617
40718708
36506889
32339809
28157932
23985354
19712758
15536326
11327317
7105765
2916919
247191618
242943896
238785281
234622051
230427046
226273379
222130254
217937281
213717244
209561397
205357696
201191164
197000221
192831525
188613378
184422203
180257010
176046336
171877940
167693106
163488440
159316493
155155247
150941435
146760602
142587816
138368260
134192577
130036982
125827262
121669771
117559188
113362006
109172583
104999942
100793685
96604679
92444407
88235629
84079274
79904846
75691650
71528619
67358147
63144712
58990816
54813552
50609389
46445152
42255159
38050299
33873065
29707450
25498755
21297927
17036048
12816350
8634430
4381318
248445657
244246166
240100103
235962203
231792570
227652590
223504946
219328878
215195162
211040238
206847219
202677798
198505655
194300946
190134731
185989001
181781431
177625845
173463841
169257053
165087677
160912542
156695654
152526353
148364162
144154736
139997648
135839045
131652383
127491432
123324792
119118810
114950288
110772904
106567377
102405804
98227833
94020752
89847857
85680144
81475186
77381061
73194029
68986919
64792787
60640117
56422445
52245324
48066131
43864340
39728948
35591311
31369249
27171174
23005327
18802541
14650175
10473478
6263673
250297518
246088632
241943525
237839618
233642116
229543533
225432370
221248990
217127047
212990134
208797089
204647686
200477851
196301911
192144294
188008962
183785576
179610679
175437230
171218091
167029809
162851770
158535853
154289634
150101742
145887908
141687894
137523651
133306084
129130561
124935795
120717706
116542053
112362423
108148796
103971349
99800896
95588800
91404148
87216979
83001402
78829821
74667659
70454026
66298491
62096870
57892317
53733172
49526250
45318398
41132934
36931835
32724865
28548284
24260240
19959438
15731965
11550091
7275808
3106463
247221652
243007775
238875457
234734350
230555486
226408805
222284095
218105174
213942089
209765088
205500991
201318744
197122058
192908978
188690324
184509195
180296635
176138034
171926890
167673088
163453263
159242507
154995791
150794919
146578184
142323703
138115447
133908596
129659588
125489030
121286567
117045657
112857477
108655129
104407127
100222031
96025830
91774926
87559938
83344123
79103550
74918547
70728073
66515291
62335338
58140061
53946460
49789295
45581960
41348702
37195799
33022603
28798359
24533808
20321344
16101125
11944814
7793364
3576087
247531669
243325203
239172051
235043933
230859898
226725494
222569419
218371956
214237261
210105057
205939384
201769482
197609009
193405918
189246306
185146231
180945382
176780123
172609306
168405121
164238743
160067591
155857756
151683827
147492080
143286308
139110510
134920755
130696539
126534330
122347070
118127773
113957645
109787188
105577477
101400241
97217716
93002140
88845982
84649815
80432178
76252585
72088112
67876829
63721924
59536653
55326518
51136534
46959362
42762746
38591872
34416497
30211233
26026909
21815396
17574508
13440628
9269372
5054125
249214795
245012979
240850263
236692913
234431559
233016394
228841182
224718988
220702800
216529076
212467871
208341240
204433490
200258947
196183342
192059655
187988513
183919400
179815775
175797371
171603965
167517888
163391861
159185806
155021678
150931552
146721624
142561630
138478965
134269257
130102545
126018285
121811297
117646740
113530034
109301244
105183694
101047693
96843421
92696193
88574021
84368508
80223945
76075771
71940113
67806231
63689790
59562716
55365004
51220190
47189688
42987623
38820890
34725108
30495587
26379701
22247771
18035439
13866100
9670938
246609732
242413941
238271787
234092301
229894544
225739326
221597980
217380916
213196529
209010387
204795380
200619506
196463685
192265924
188104792
183979233
179761382
175580494
171425396
167205681
163037445
158858807
154647723
150469871
146279104
142036012
137814784
133596236
129332802
125127721
120894500
116619737
112404743
108172826
103930577
99703703
95495242
91249039
87048306
82837267
78627808
74407226
70171895
65927486
61724163
57437298
53187304
48975421
44762526
40550915
36373746
32145798
27904960
23686407
19458742
15208087
11003159
6792258
2541067
246663646
242418789
238228410
233962758
229692655
225517579
221343919
217119412
212904267
208635774
204363470
200160983
195952881
191715220
187538586
183326596
179090919
174893743
170723916
166462263
162263246
158044358
153801066
149597710
145376386
141145978
136930743
132710184
128461592
124237769
120010887
115761231
111541202
107332248
103092424
98899077
94695258
90457033
86255351
82058981
77825592
73627572
69420103
65175094
60976896
56777085
52541727
48342643
44132793
39894863
35704399
31457300
27226210
23034556
18797765
14551080
10334407
6158638
1899934
246284884
242052790
237905804
233713094
229480913
225317630
221130093
216953508
212816093
208669115
204469157
200309114
196147552
191944120
187784413
183605752
179420162
175255253
171087740
166882775
162702483
158530681
154315644
150149261
145979537
141764063
137581903
133409165
129199262
125005349
120839356
116635543
112472913
108306472
104104614
99944536
95779602
91588980
87431276
83268467
79060778
74865928
70665038
66462604
62252481
58070721
53865781
49730966
45524005
41317036
37138160
32941730
28740570
24557155
20375825
16168042
12001321
7813442
3604600
248012792
243808010
239660573
235499998
231287220
227138305
222985620
218815291
214658173
210495337
206319131
202201937
198033944
193810214
189675007
185498024
181269974
177068608
172866088
168644291
164447236
160241048
156019384
151828825
147678678
143504595
139360009
135218178
131042058
126879672
122727733
118506352
114343447
110134111
105893076
101698256
97538705
93307385
89097090
84903185
80615447
76406116
72207103
67989255
63793866
59585630
55361905
51164808
46958376
42736153
38531893
34357798
30134502
25932313
21722255
17497488
13309497
9099363
4875782
249449812
245237335
241067207
236938274
232739034
228606817
224485789
220295485
216164850
212031552
207854138
203685738
199541775
195274288
191090111
186907150
182674579
178475754
174271878
170039743
165874827
161670611
157429631
153243097
149048681
144825083
140628630
136441315
132217203
128048654
123854009
119636204
115440655
111238023
107042508
102878916
98721171
94528344
90359930
86136511
81900300
77699058
73486404
69217466
64997631
60751390
56515237
52223298
47981015
43777587
39545684
35341714
31107140
26902035
22704600
18492802
14276726
10058571
5827881
250101767
245873990
241693975
237566423
233362067
229230818
225069487
220876276
216726199
212584703
208391770
204216925
200038614
195846449
191679416
187559471
183350530
179180895
174987754
170779197
166609277
162441805
158228503
154050510
149859773
145645927
141462925
137285229
133070891
128894375
124770788
120554217
116390499
112210700
107995348
103813534
99650670
95436004
91269312
87089371
82880763
78704365
74576216
70357061
66188325
62020571
57807115
53636156
49483986
45274381
41118448
36958775
32749339
28579122
24408546
20187841
16022432
11832070
7619464
3450742
247452417
243243775
239095346
234924453
230686047
226528521
222327706
218124659
213954300
209782513
205585294
201438626
197275809
193074577
188903279
184711821
180463490
176276068
172092277
167883232
163704772
159534550
155325211
151160041
146988885
142779913
138598089
134454858
130215323
126008281
121794265
117559316
113345883
109149065
104884315
100665894
96465289
92202348
88006210
83795108
79548897
75375640
71149752
66905518
62701782
58533304
54298029
50103653
45883997
41662365
37463119
33300895
29092486
24881627
20646608
16384817
12142924
7901744
3628174
247774290
243561260
239378088
235190127
230990534
226836538
222696242
218523062
214401162
210238551
206039125
201826745
197655411
193453810
189307093
185149429
180890104
176756446
172562257
168354353
164180806
160051592
155821962
151619973
147369670
143142303
138953226
134781424
130556308
126379420
122194889
117990044
113820569
109654638
105448959
101285006
97170110
92937022
88766433
84614172
80406217
76262899
72132711
67896211
63740553
59596543
55362767
51170961
47025214
42822649
38665924
34504607
30290027
26127069
21952689
17730797
13561230
9403932
5179976
249163201
244941373
240765647
236627750
232445269
228305723
224171442
219999822
215859271
211716334
207535735
203355480
199194743
194984117
190811928
186665717
182466559
178367857
174202751
170008400
165853391
161680834
157488091
153322384
149158743
144954376
140754245
136592973
132382642
128242548
124062453
119858309
115698789
111529844
107324531
103150899
98989329
94796278
90611043
86429704
82221392
78048482
73874339
69673944
65509829
61325654
57115939
52936897
48781343
44590354
40512679
36348955
32142855
27988345
23817617
19570593
15396817
11207798
7039969
2879202
246954586
242752991
238610415
234445167
230267075
226133810
221991995
217819131
213682166
209536436
205311244
201147654
196964487
192740239
188554457
184388561
180188431
176054858
171882826
167659274
163463197
159328327
155098512
150850514
146656746
142431428
138253006
134085990
129855682
125667349
121476600
117301936
113116474
108932422
104712440
100526174
96332864
92110290
87910375
83715479
79491894
75253059
71021894
66790381
62598468
58395055
54146500
49958073
45765189
41535534
37339214
33145150
28925199
24724015
20521170
16324991
12135083
7935015
3710042
248019245
243800727
239624984
235473833
231293048
227113199
222953565
218761322
214626667
210454249
206248104
202097175
197953300
193778964
189639281
185488841
181316326
177188153
172999505
168803617
164646184
160494788
156320832
152179566
148042360
143868518
139729496
135536930
131323239
127119642
122964511
118697478
114515062
110291046
106026627
101852230
97676179
93452491
89265417
85061248
80864854
76668686
72528236
68312049
64124899
59926822
55751132
51559426
47388326
43188308
39022258
34823918
30602273
26396243
22202806
17973576
13792207
9660623
5404225
249761526
245573994
241429575
237264415
233049268
228923624
224772184
220602173
216479508
212340544
208168883
204083440
199901941
195703658
191545584
187388268
183190614
179032678
174900577
170695443
166629753
162506405
158306047
154140246
149984425
145783509
141626482
137464300
133265439
129099404
124935619
120757564
116640265
112513130
108317399
104146949
99974519
95772586
91722816
87579758
83407877
79245975
75084269
70881193
66707032
62547898
58386201
54231729
50070415
45874987
41724148
37551990
33366474
29212145
25056737
20861503
16738308
12574747
8364979
4205917
248057964
243867548
239716950
235540746
231336782
227171513
223016219
218806514
214660680
210518826
206327806
202199139
198058681
193879529
189746982
185576600
181365132
177189035
173021924
168857818
164749061
160620931
156439464
152313749
148175965
144000839
139866020
135748554
131546755
127395914
123238813
119043070
114883681
110718160
106515904
102384564
98254066
94090407
89958419
85771327
81593860
77423921
73257077
69060447
64885366
60700240
56500471
52363595
48183174
43999236
39852064
35699906
31498561
27337042
23620038
19583880
15566874
13429084
9255707
5097758
246407562
242215026
238037875
233887701
229677972
225546685
221424125
217260526
213112831
208961333
204768500
200619541
196492416
192304186
188149035
183939250
179741111
175600979
171461380
167262707
163108387
158962399
154741362
150575816
146416276
142235190
138082932
133943356
129752745
125597043
121430013
117234746
113074654
108902355
104710104
100539575
96375484
92179548
88022321
83855272
79655063
75493745
71341660
67144981
62982816
58813284
54608183
50455615
46290358
42092131
37953144
33751983
29580787
25434684
21261355
17063520
12893043
8756037
4554817
248570356
244352053
240217204
236059758
231852351
227717678
223616064
219415867
215266975
211097822
206898808
202680224
198457481
194266425
190049197
185891438
181634671
177459208
173215605
169017097
164775227
160623117
156429790
152265282
148098025
143906918
139685733
135520071
131317590
127093181
122916286
118717923
114496067
110327180
106063641
101890496
97686552
93431596
89219279
84994426
80735881
76568911
72403998
68192080
64026863
59788745
55593669
51419925
47200238
43008414
38843197
34677963
30483865
26333859
22105953
17906504
13756407
9570358
5370462
249711685
245524106
241381459
237235877
233044056
228868283
224724132
220556321
216396764
212267822
208059690
203901451
199725561
195518393
191337386
187175338
182968874
178800519
174638190
170433983
166270567
162086683
157884812
153714177
149551376
145350691
141178345
137010603
132802883
128650930
124482620
120281049
116139589
111966627
107761219
103581333
99415765
95203965
91039394
86833268
82654080
78482254
74327186
70123023
65970827
61825015
57628812
53455564
49282501
45072680
40946096
36795755
32553422
28364689
24175403
19975032
15814077
11633755
7442541
3275444
247468945
243266937
239119622
234964452
230762174
226631641
222470464
218288167
214123566
209990084
205797159
201666503
197497060
193302566
189147522
184980255
180787215
176636762
172471163
168272399
164107798
159947430
155756301
151599219
147427112
143220866
139057750
134893764
130699051
126527708
122366108
118172791
114018806
109871585
105667925
101517139
97357018
93162757
88974188
84799650
80601239
76443250
72286715
68066563
63911299
59745810
55551692
51382498
47221052
43026917
38862039
34704351
30513904
26351222
22179582
17977654
13792638
9609186
5405427
249785568
245539134
241331638
237198487
232958333
228850195
224717312
220550217
216400036
212229382
208015561
203844192
199668782
195445815
191240968
187110802
182916100
178761360
174594001
170398205
166241262
162077428
157807812
153573733
149404114
145146162
140981242
136767004
132506529
128351203
124186869
119986504
115822633
111663570
107462396
103294451
99058564
94862115
90700216
86544137
82345577
78187403
73969236
69766542
65607548
61438849
57237163
53003348
48835420
44578312
40410015
36240497
32041886
27889183
23724805
19523090
15359137
11190485
6995471
2834420
246950534
242699215
238544419
234356873
230150263
225998727
221858163
217691927
213531234
209370390
205170986
200981566
196789204
192566926
188386509
184225089
180024375
175861670
171691883
167493586
163334963
159166783
154976944
150810278
146616397
142340228
138150630
133948229
129725421
125535712
121338864
117155298
112935293
108790347
104601123
100372654
96184561
91998919
87777527
83594916
79452644
75173807
70987630
66808260
62583868
58398375
54207327
49988545
45779318
41637783
37356358
33187220
28987959
24759293
20572320
16401237
12229807
7996708
3805818
248050655
243830406
239683430
235554933
231365381
227286500
223155481
218985084
214863054
210720527
206553828
202364851
198192192
193981288
189829056
185662002
181445690
177254822
173067990
168863876
164683571
160483942
156257542
152070692
147874820
143675610
139508140
135322934
131159897
126934886
122751253
118596214
114385211
110229781
106063347
101850756
97692847
93515979
89314245
85142686
80956490
76773727
72545368
68390122
64258738
60050386
55889659
51723562
47517466
43346059
39174703
34997193
30822724
26618025
22394715
18232831
14068720
9864554
5710838
249837706
245644109
241494745
237404380
233209882
229036466
224896494
220728757
216594537
212454973
208274567
204128195
199996822
195800107
191657528
187495784
183325388
179162905
175015677
170821888
166667990
162530724
158358255
154197042
150025484
145839102
141670090
137506817
133319870
129187139
125031668
120838192
116673270
112508023
108313553
104153419
100006226
95813359
91670158
87514112
83327163
79180201
75035420
70836095
66674594
62536706
58375191
54208183
50057404
45861647
41690456
37520855
33330906
29159769
25000607
20808213
16672356
12522576
8323177
4161436
248302396
244116232
239977492
235825026
231624992
227490788
223362435
219193715
215067385
210925517
206739153
202605043
198452302
194258803
190115602
185968151
181753932
177601061
173442856
169242478
165068028
160904746
156702576
152541124
148364823
144164803
140007212
135846957
131646296
127492551
123325083
119128246
114955709
110785701
106599535
102431525
98229587
94005353
89876918
85702216
81498155
77317853
73106060
68878939
64711812
60543777
56340477
52173262
48003620
43802460
39656747
35455758
31253275
27100977
22917530
18740232
14558996
10367799
6143235
250315528
246115035
241961550
237832388
233627407
229463065
225259403
221070858
216920059
212786429
208597220
204423564
200256820
196061545
191920933
187759415
183565044
179389434
175219170
171028799
166866776
162700492
158512184
154358161
150199346
146007667
141845245
137694895
133503029
129348245
125191930
120997674
116830082
112657671
108461586
104305757
100136776
95949452
91799910
87617163
83428659
79250957
75082974
70886918
66721901
62565946
58402963
54246536
50061093
45857974
41684095
37485505
33314877
29130388
24938138
20733815
16575179
12398034
8191526
4019944
248365406
244168468
240052053
235892823
231686992
227523240
223402218
219242675
215104062
210940600
206748286
202566230
198403410
194196961
190026483
185880462
181673511
177495322
173307780
169103148
164922386
160745347
156527409
152370733
148191283
143987366
139806043
135627784
131439025
127255514
123078436
118878106
114721892
110550490
106351717
102177709
98014526
93805111
89639194
85458267
81254578
77090118
72921702
68730802
64592927
60406985
56147675
51947817
47777110
43602655
39420922
35236105
31030057
26857283
22665766
18458800
14299028
10067002
5848118
250242768
246076521
241911455
237769618
233594063
229482124
225337477
221168877
217034346
212870487
208671680
204508314
200380313
196183314
192059776
187927396
183733665
179631026
175471863
171270002
167136576
162982730
158817016
154627623
150466898
146313398
142110694
137943087
133758190
129554407
125374741
121196879
116993827
112854363
108692258
104488543
100342247
96191600
92001871
87853090
83693436
79495812
75398879
71240043
67031042
62920850
58776713
54580340
50430613
46270294
42069846
37915885
33756999
29561545
25421325
21273172
17086119
12952010
8746118
4541618
248308887
244110962
239933804
235756016
231547673
227406492
223313867
219117601
214925848
210707235
206449131
202217037
197984986
193794343
189665260
185513344
181320112
177175379
173013803
168850979
164669414
160479162
156282942
152128867
147957837
143809861
139553145
135397990
131247828
127045865
122834409
118674096
114478370
110358074
106122125
101925568
97801966
93636948
89437806
85272140
81034414
76771753
72544558
68372030
64164989
60030636
55864678
51666562
47520069
43356795
39157947
34997294
30838233
26581079
22428179
18299825
14039052
9876947
5653965
249866000
245676744
241533039
237402649
233220794
228978961
224833784
220675111
216646846
212450552
208335592
204214373
200029201
195899344
191748911
187575342
183418163
179245700
175013343
170841962
166696176
162491811
158337829
154190915
149988725
145825552
141660441
137457285
133286672
129114175
124902068
120736357
116558242
112351329
108186518
104021325
99829926
95649829
91469645
87266581
83100821
78948502
74740954
70576178
66408150
62205248
58035600
53861918
49663708
45500159
41325088
37129103
32948414
28782046
24569965
20398383
16243296
11988588
7796157
3589441
247455617
243226202
239083239
234807847
230562348
226443987
222305140
218068525
213909365
209720731
205546921
201312580
197114579
192882580
188705270
184513331
180318178
176193792
172022834
167815762
163641055
159482276
155271800
151109600
146969154
142743921
138552936
134354422
130141498
125977801
121810442
117606719
113444788
109291201
105092367
100934705
96765544
92564899
88399954
84242091
80042162
75972842
71808068
67601390
63421197
59249234
55041064
50862686
46684674
42489439
38309860
34138982
29911969
25672762
21473445
17246978
13078026
8912346
4709069
248744801
244525706
240356388
236227811
232019936
227864032
223730628
219543697
215396542
211215339
207023151
202868703
198678211
194489891
190325520
186144205
181922452
177746205
173575716
169366939
165220572
161048166
156823028
152652433
148449276
144226794
140034382
135853428
131658593
127435477
123256833
119068595
114855026
110651878
106453963
102229874
98005676
93848890
89615617
85410667
81211106
77001932
72778133
68550510
64339657
60162532
55973438
51760834
47600714
43435374
39241888
35077406
30916950
26731121
22564792
18447842
14258069
10054167
5888340
250089348
245868933
241663914
237501540
233303481
229136115
225063734
220896072
216776735
212627173
208453432
204239961
200072023
195841712
191661700
187469716
183240236
179035773
174843016
170620693
166425494
162228424
158009465
153814313
149617520
145448079
141236411
137048889
132822589
128629464
124426972
120203258
116002148
111896662
107724684
103489381
99334185
95050754
90919395
86732235
82502847
78308342
74130667
69901990
65716478
61534365
57363382
53118823
49037802
44766404
40565312
36382629
32161377
28014549
23776818
19557914
15369889
11163436
6939368
2743737
246791835
242575819
238433807
234287909
230083938
225949844
221697922
217501468
213293653
209085142
204862052
200700179
196540578
192338854
188172616
183995880
179775516
175600062
171408092
167207180
163043871
158885440
154630685
150468557
146298474
142042498
137874611
133656373
129460875
125313819
121142583
116944042
112794750
108627842
104432075
100281735
96113916
91919600
87762502
83609781
79414821
75273046
71179905
66990497
62825153
58650720
54461604
50322115
46168998
41976274
37819237
33644464
29443152
25274189
21118623
16923206
12766566
8593115
4400853
248571536
244381872
240236966
236090677
231876365
227714610
223585719
219418647
215292429
211127268
206918133
202747027
198574313
194360172
190186308
186013490
181807427
177630046
173447885
169251374
165062440
160883177
156671847
152487018
148306514
144037042
139797818
135623187
131418454
127181175
122935402
118760554
114530699
110306180
106079047
101917379
97745482
93535227
89293610
85147163
80899615
76661016
72430619
68224310
64054711
59859176
55576881
51337209
47079655
42798592
38617565
34438596
30232321
26031731
21855120
17656237
13498555
9333914
5128880
249525229
245333304
241194996
237069905
232863482
228712463
224569446
220408652
216252364
212092405
207906751
203766765
199606282
195402118
191227970
187052560
182876768
178748944
174582727
170373614
166214880
162057535
157847104
153669950
149497726
145295171
141089602
136908299
132700498
128522163
124366605
120156117
115930968
111760539
107536826
103362529
99212340
95006300
90818645
86635097
82400339
78193485
74036549
69809604
65590596
61425505
57233638
53082085
48928823
44686807
40535617
36372355
32149894
28004606
23842668
19644580
15507758
11344237
7110878
2944138
247056391
242866281
238721488
234572866
230377881
226223369
222089680
217886627
213724131
209551354
205334690
201154959
196992058
192791352
188625493
184448580
180202636
176066337
171895818
167693091
163538341
159358568
155154562
150950715
146800732
142586458
138436838
134265983
130066571
125904597
121766287
117558782
113390446
109234470
105038044
100793247
96606970
92384828
88194637
84019692
79796953
75614491
71485306
67266494
63076983
58894580
54720545
50584625
46447410
42271748
38134940
34001124
29829727
25694800
21559614
17388699
13250898
9105583
4938667
249058593
244893055
240780810
236637474
232459018
228320258
224143733
219973320
215846157
211705867
207539721
203356177
199184957
194990432
190838386
186710977
182478456
178346013
174144982
169916613
165735187
161579542
157408053
153211347
149020789
144797266
140619544
136423475
132196033
128045258
123855181
119636803
115450948
111293998
107070705
102871445
98677309
94504885
90271033
86081820
81858235
77666714
73484969
69247308
65057980
60866388
56640936
52454727
48294338
44071402
39936477
35707515
31487493
27305853
23146628
18949061
14819611
10570699
6348583
2169686
246343939
242179478
237992051
233866621
229700224
225568288
221430299
217262391
213095621
208916807
204745428
200526678
196381966
192175014
187957577
183789412
179588625
175419452
171238835
167037713
162873901
158677712
154471149
150277388
146087959
141885790
137710381
133514565
129295377
125113937
120920175
116689522
112532745
108339680
104118716
99939827
95747459
91529694
87339927
83139645
78959668
74752460
70561643
66336634
62139870
57893098
53663230
49464427
45264966
41041010
36855797
32712706
28439240
24245574
20047673
15829369
11656770
7514354
3284116
247529486
243306130
239135359
234946487
230715183
226581143
222370371
218180284
214004282
209843627
205637408
201443853
197250538
193078902
188881064
184747350
180540696
176373315
172212178
168009532
163849737
159690446
155492792
151326505
147156227
142972014
138793675
134631538
130422981
126241815
122081042
117869918
113705399
109512954
105302664
101142611
96950020
92727984
88555081
84371876
80155597
75976118
71802154
67594575
63412032
59238473
55038126
50864817
46663832
42456967
38288998
34087629
29880690
25699086
21530635
17330639
13185492
9053994
4833173
249217740
245003744
240839947
236707286
232526699
228399515
224273678
220103445
215937660
211789741
207566641
203416777
199267296
195073881
190927868
186697721
182504096
178346400
174182957
169983578
165828577
161665412
157459496
153289502
149124523
144930441
140767096
136679478
132480608
128336590
124193525
119994668
115848854
111674579
107477054
103322102
99150817
94951883
90792515
86638417
82441661
78278971
74124727
69928464
65775727
61626079
57432917
53290148
49131847
44931185
40767079
36584813
32384062
28224325
24067985
19875038
15732488
11556704
7355792
3172156
247120021
242924815
238820231
234661663
230468661
226352351
222188831
218013784
213879362
209749016
205553915
201406279
197245439
193057799
188912573
184763252
180575769
176421654
172267248
168096874
163946024
159796035
155598964
151442641
147288064
143091093
138932907
134772920
130570390
126400736
122227197
118028668
113874863
109713756
105514451
101347543
97179581
92978873
88801781
84630830
80430006
76260134
72097510
67902751
63748038
59590615
55398845
51225168
47050325
42862468
38690903
34520491
30326981
26161916
22000645
17835272
13695094
9529216
5333386
249736710
245551776
241430538
237334791
233157359
228991233
225012154
220937157
216843736
212675014
208477703
204321130
200158010
195972694
191820064
187661585
183465774
179299405
175129824
170933015
166780036
162638662
158414822
154382783
150207333
146227554
154668002
150481124
146456763
142707196
138520719
137614972
133412520
129275720
125119517
120971659
116768480
112645179
108483515
104282456
100097269
95919921
91717425
87638446
83472873
79268750
75146539
71013143
66806636
62678921
58521071
54319327
50220496
46117744
41959200
37797790
33676133
29506016
25347737
21238690
247703301
243537303
239346012
235170636
230960547
226899244
222801917
218636464
214555796
210396485
206175551
201978049
197789796
193579950
189470754
185295971
181093742
176949896
172793138
168588514
164451695
160264867
156090330
151963084
147825842
143630298
139468434
135328186
131127680
126968047
122840565
118596510
114436287
110288838
106079760
101911976
97740324
93518538
89284880
85087460
80864681
76698096
72523800
68317210
64193635
60037829
55835636
51658763
47504690
43302019
39137748
34963085
30765629
26587429
22410896
18196774
14061451
9889368
5633263
249448143
245252224
241096173
236987385
232786947
228671683
224560415
220390406
216264943
212149391
207951390
203786277
199676409
195480157
191317775
187797223
183603993
179817394
175718844
171544468
167497158
163337581
159130804
155129345
151063271
146979986
142773831
138603706
134461051
130371752
126260682
122053194
117902754
113840639
109721157
105505068
101391295
97244918
93128984
88994684
84801499
80723758
76570864
72375476
68295094
64134304
59934878
55799970
51693516
47496332
43336489
39194535
34997435
30845438
26693292
22547377
18354356
14206847
10032766
5834475
247365397
243169964
239045598
234896823
230697689
226562157
222401622
218223506
214088642
209940881
205754663
201587807
197421669
193219726
189059851
184912492
180715686
176570306
172390125
168185568
164028155
159887599
155682095
151471802
147292171
143089927
138906754
134754999
130581184
126377116
122207713
117989922
113816648
109655540
105438616
101271489
97085696
92910030
88691823
84524013
80315499
76149424
71985745
67777985
63619861
59441709
55237000
51062035
46895113
42692596
38519744
34346281
30133420
25958144
21815335
17574535
13410812
9235461
5025210
249498208
245344031
241224815
237163107
232987219
228847289
224851536
220672612
216517997
212371301
208173812
204030878
199867397
195691007
191477781
187307911
183083968
178924887
174769732
170592117
166406455
162275554
158105354
153935784
149740687
145515730
141354703
137154677
132983301
128858891
124776119
120588756
116440703
112286700
108062917
103888471
99695966
95473181
91315569
87120513
82899331
78759449
74595537
70433848
66236082
62071755
57938902
53720549
49559681
45391792
41199147
37074360
32907976
28684509
24495493
20354885
16135126
11997838
7794418
3618959
246840022
242623171
238489792
234317833
230127076
225982558
221847726
217675412
213502751
209328447
205151218
200971075
196810385
192667771
188465474
184326354
180202109
176006682
171848780
167682211
163491329
159349787
155185980
150987523
146835688
142663985
138461777
134312459
130164276
125963742
121856329
117685483
113487548
109345679
105201893
101009118
96850450
92689103
88494920
84340381
80214020
76016084
71871681
67704528
63512942
59380122
55206977
51019286
46861665
42736747
38544998
34408812
30269757
26079332
21917074
17833921
13636416
9480029
5343589
249230737
245035711
240890347
236750718
232544913
228460870
224343525
220182787
216055076
211956146
207758931
203609507
199458606
195265854
191124339
186988138
182881231
178839923
174742595
170568503
166425929
162282943
158094981
153944010
149815453
145630257
141482751
137344649
133157144
129024852
124892687
120702189
116554489
112400140
108201747
104036765
99931027
95745958
91607176
87448477
83260189
79097792
74952016
70758430
66608751
62443771
58240196
54059136
49948750
45746129
41585227
37403049
33177350
28978963
24746569
20543277
16375508
12218056
8011979
3840191
247283189
243078300
238926976
234789937
230587520
226437831
222354113
218181627
214047857
209937769
205773115
201646402
197484475
193294073
189182755
185019205
180846329
176692827
172556767
168359323
164222245
160072093
155883005
151755433
147599629
143407691
139267775
135140871
130945047
126792017
122652286
118458986
114307784
110168529
105971672
101817272
97671830
93475838
89340734
85180805
80993112
76828214
72695935
68489636
64329110
60209861
56024017
51847026
47711433
43509745
39367752
35227718
31022855
26876796
22708140
18526442
14425037
10268894
6079870
249776792
245595695
241463959
237308605
233142662
229045288
225003099
220828401
216731092
212630767
208447552
204318720
200204848
196060519
191857710
187770351
183631266
179436222
175279935
171186210
166977162
162813036
158640836
154433043
150280888
146111367
141909971
137748792
133623961
129430289
125279204
121113350
116917228
112738331
108559599
104379953
100161324
95988918
91835976
87636024
83469418
79371819
75166571
71001760
66884114
62683883
58475341
54281549
50024842
45835803
41667297
37408565
33225492
29030003
24788983
20600345
16426977
12208690
8001927
3828944
247005984
242789690
238613472
234447980
230188578
225996548
221848526
217671698
213510343
209359059
205154456
200981599
196826054
192619184
188472737
184313337
180110265
175947101
171804319
167604358
163433942
159260395
155054637
150886191
146771505
142528052
138389530
134194797
129990753
125885685
121671811
117489244
113274431
109114683
104918969
100754907
96598237
92386063
88164050
83990346
79773550
75598806
71420051
67208833
63066191
58895922
54675653
50507605
46353158
42176785
37969415
33766517
29546898
25359485
21201420
17018415
12845539
8645051
4433810
248369323
244167640
240047501
235927043
231693217
227526817
223395203
219263494
215124102
211006385
206841236
202626194
198458808
194319110
190120190
185976259
181801829
177594403
173429450
169320570
165102857
160939768
156747142
152529934
148348774
144188028
139968571
135783607
131589900
127359834
123179009
118988383
114791495
110627097
106479067
102278085
98140395
93964555
89780285
85614043
81473036
77303667
73130951
68983605
64797240
60650318
56483732
52270699
48132127
43971085
39768296
35580697
31422997
27203165
23010834
18831682
14609999
10431302
6277723
250044288
245833554
241661207
237514287
233299321
229196773
225080753
220912424
216796061
212661130
208465163
204287249
200142034
195935563
191751849
187586188
183382673
179213762
175050476
170832714
166677212
162505171
158303987
154161819
149991027
145794728
141665051
137528462
133327228
129168152
125037379
120822351
116663692
112553116
108351800
104182339
100007637
95817298
91657940
87527734
83329524
79156372
74992580
70825799
66637682
62522063
58374874
54306676
50177486
46001441
41796330
37622518
33461246
29254808
25094986
20947720
16748370
12577013
8422748
4214760
247724005
243556363
239398413
235318266
231099375
226971347
222832958
218690763
214555540
210395251
206184883
202040518
197934540
193695280
189566125
185360542
181157159
176985813
172881786
168643652
164477430
160324623
156121715
151999600
147780491
143591458
139422885
135302788
131094326
126926001
122743123
118534396
114360409
110203981
105995343
101844067
97669557
93460142
89262736
85136770
80964258
76777662
72647595
68429402
64212649
59997725
55771869
51583133
47424636
43215745
39063140
34952462
30746293
26544796
22344257
18160579
13984905
9814017
5585642
249437870
245216451
241038623
236845040
232647640
228538139
224384980
220211205
216117358
211951608
207697709
203549421
199377885
195124568
190953985
186727262
182465296
178257572
174030818
169765660
165588917
161410899
157131981
152930941
148695214
144446177
140225234
135989871
131723224
127494596
123297057
119013596
114789316
110553442
106287009
102074535
97885352
93639258
89397135
85191320
80933157
76705584
72459320
68192908
63984549
59806920
55537370
51300950
47067841
42805729
38603817
34326466
30079357
25857516
21600633
17341161
13129534
8910413
4642985
248608549
244341553
240130898
235966913
231772590
227622814
223481218
219313879
215172838
210980452
206716480
202469400
198251230
193991846
189831663
185654182
181456740
177272202
173122123
168869024
164634368
160405002
156151923
151978338
147803355
143548421
139375210
135161014
130904511
126747711
122568188
118309888
114128462
109951093
105692845
101518407
97284028
93086154
88913889
84742787
80544217
76403357
72215940
68008831
63838787
59674039
55414729
51229642
47064374
42803258
38572416
34387626
30221701
26085321
21905391
17676042
13457062
9244140
5021607
249330736
245107513
240957277
236783137
232527706
228183615
224040628
219849114
215719148
211572668
207363613
203204897
199042427
194841992
190676650
186523636
182326726
178179128
174015644
169832478
165660607
161453572
157218291
153066904
148920995
144719820
140556607
136385566
132182871
128017235
123847345
119640443
115472706
111311924
107109516
102952598
98787759
94587039
90420818
86247343
82049219
77881515
73711602
69513469
65339233
61175175
56973699
52798321
48615635
44417709
40264250
36104037
31916511
27757636
23592103
19388017
15238621
11094602
6895378
2726730
246894094
242695878
238541685
234374743
230123467
225954152
221828880
217658582
213464777
209270220
205100172
200865378
196701231
192444625
188232621
184077923
179820745
175602367
171489664
167234728
163071991
158906467
154704631
150561493
146410815
142151869
137997978
133851184
129653148
125508450
121334180
117073333
112894378
108673968
104417021
100252438
96087431
91830195
87612335
83452181
79195196
75031386
70807189
66605236
62436936
58254599
54059366
49888805
45644505
41387522
37221115
33000093
28781231
24588049
20417738
16190160
12018354
7834778
3615951
247826543
243604711
239518455
235300467
231083420
226910851
222785473
218606346
214457352
210300647
206069145
201881373
197725011
193527745
189381062
185239278
181070098
176868693
172753077
168514165
164348617
160188331
155978927
151812336
147690566
143493335
139352493
135220681
131022859
126872033
122727940
118539586
114397885
110268829
106064136
101900012
97750241
93558290
89386168
85250381
81055991
76895472
72749361
68553863
64400577
60256582
56075756
51917955
47756512
43563611
39425557
35277635
31092406
26958402
22801299
18615171
14483207
10335453
6129561
249861170
245686972
241527653
237387068
233211608
228982848
224868513
220700928
216547786
212375596
208177078
204034765
199888343
195689176
191537193
187394218
183205715
179041354
174861198
170650470
166566404
162425478
158199067
154025804
149874114
145649764
141469540
137295502
133068557
128887499
124717896
120542207
116315316
112131090
107915890
103734229
99549699
95320316
91141616
86964271
82742145
78553428
74362733
70138490
65955097
61844216
57623322
53432477
49244851
45025879
40844014
36680266
32458929
28278765
24100848
19876609
15699115
11526175
7350707
3099544
246803340
242574054
238399564
234218147
230019597
225899059
221763323
217583902
213457815
209340810
205165076
201026275
196867403
192670717
188508599
184339904
180141336
175978900
171807779
167624890
163447087
159239571
155036138
150888098
146759951
142569530
138401771
134242121
130081081
125913756
121742770
117542446
113373188
109185178
104970255
100790299
96622175
92401008
88216440
84029925
79821246
75653251
71482488
67269980
63166708
58956258
54785062
50645204
46437949
42310704
38146642
33931093
29747046
25576375
21353014
17162051
12981950
8760676
4570839
248583253
244394158
240168542
236028791
231851642
227720393
223567457
219396368
215265615
211118142
206916762
202748020
198580498
194370934
190234161
186071827
181860263
177691432
173528527
169324918
165166934
160981610
156772164
152606204
148427868
144223773
140062396
135904661
131696076
127515078
123339174
119136032
114950770
110783667
106575805
102393248
98221435
94016263
89849426
85676136
81485474
77310100
73203313
68994861
64830515
60621082
56413691
52234645
48002682
43789977
39619755
35468760
31293381
27134310
22977547
18768071
14608406
10341942
6086251
1916834
246127825
241850138
237688049
233513577
229295180
225132088
220969860
216787582
212648854
208484091
204261891
200070035
195862353
191636784
187459356
183272712
179060670
174879131
170693848
166464181
162275938
158122207
153903602
149730987
145564814
141362741
137196771
133011628
128817109
124660880
120486344
116293061
112123115
107956137
103759162
99602810
95441217
91238175
87075230
82926097
78734997
74532942
70372575
66157797
62003608
57839228
53641719
49487356
45325112
41128842
36970960
32794381
28599985
24375072
20209057
16016808
11857970
7697121
3503209
247842894
243654951
239545691
235423743
231234619
227108491
222990193
218816632
214688598
210524163
206330700
202168102
198015137
193820382
189614080
185454710
181271176
177117738
172954870
168756139
164588499
160430080
156234247
152068497
147898197
143702848
139540509
135376972
131184491
127025973
122856571
118660768
114492073
110325877
106132015
101981353
97761627
93571923
89407331
85233103
81039862
76887967
72718823
68526075
64368203
60205227
56013900
51843113
47680747
43484596
39326686
35152469
30953359
26795783
22635259
18444441
14236958
10072874
5877280
250259616
246071999
241933977
237807583
233619009
229475176
225355769
221186386
217044598
212880420
208680545
204529239
200328146
196170236
192040499
187842166
183673732
179515008
175316610
171156172
167003609
162802616
158640992
154455571
150310431
146097941
141935130
137806613
133616738
129446321
125267939
121065280
116907481
112793758
108573027
104402322
100238382
96047558
91902356
87739697
83532631
79360074
75200482
70998293
66849168
62702503
58498849
54328595
50166702
45941805
41776623
37622386
33450373
29287399
25143788
20946010
16800821
12643360
8471018
4315659
248102583
243901354
239757289
235605566
231407504
227274406
223102967
218904772
214735501
210570303
206368338
202204817
198068935
193813899
189629046
185449282
181251936
177088134
172922162
168720969
164571024
160386733
156182627
152017571
147849725
143621538
139452112
135284625
131080608
126930658
122749978
118520513
114348673
110186437
105986392
101823663
97655412
93431221
89289918
85112899
80872852
76683538
72500915
68326851
64155194
59977198
55769848
51590908
47368815
43145762
39008103
34795852
30575108
26414211
22247553
18019002
13862314
9690548
5492208
249678452
245477687
241328647
237187476
232977877
228779261
224635417
220440492
216276079
212135840
207929943
203753524
199654349
195481645
191319963
187094459
182898567
178741996
174524011
170311210
166185164
161926483
157647903
153468205
149224521
145049756
140839864
136636916
132426020
128247894
124078482
119870933
115679280
111433235
107160077
102926427
98665905
94400698
90222133
85991813
81731989
77504600
73277546
69008192
64793624
60571252
56308724
52135818
47899419
43647719
39417334
35249008
31008506
26802009
22570210
18325854
14115048
9887682
5609940
249676110
245462771
241215193
237048775
232853215
228734039
224593014
220423409
216289088
212140945
207941960
203803108
199655843
195504908
191385186
187241465
183077374
178920398
174783421
170614286
166427967
162238182
158053346
153912152
149728681
145552902
141388621
137216551
133014008
128834367
124662584
120455218
116283842
112117578
107915126
103746459
99569075
95364783
91204963
87027407
82828322
78646389
74480386
70277166
66088637
61925361
57694531
53526912
49359993
45161691
40990270
36810091
32610371
28442852
24269699
20063931
15907748
11739199
7537164
3356955
247674426
243496226
239356431
235224179
231035375
226901275
222777102
218605568
214463364
210309985
206140809
201998232
197855948
193657458
189520502
185307041
181102010
176932403
172750863
168553900
164420256
160272681
156044072
151851589
147668198
143486933
139310033
135177811
130961946
126737074
122561484
118339162
114151529
109975017
105770673
101592384
97417847
93198304
89036825
84855380
80651562
76464459
72291960
68086149
63913217
59751093
55547482
51373980
47206775
43004360
38806283
34972268
30771705
26736367
22612054
18419756
14278343
10134855
5933655
249850829
245654979
241523574
237327447
233139917
229035656
224965198
220862162
216926866
212810731
208812266
204629757
200574187
196555363
192347083
188296809
184133566
179932693
175832149
171774329
167564742
163410433
159192898
155122970
150922135
146717087
142547713
138438420
134239152
130026105
125869179
121761280
117620212
113351337
109120641
104913412
100818366
96585803
92377214
88216428
84098964
79828586
75623524
71494129
67226990
63062145
58908809
54757858
50575546
46406378
42205969
38089212
33970839
29792972
25671450
21488030
17278317
13098955
8938538
4727293
246584809
242411784
238268374
234047725
229788550
225637968
221513410
217324473
213190206
209054679
204864015
200693294
196526088
192360881
188209776
184063129
179895798
175815512
171640911
167448483
163288291
159135495
154943011
150801155
146630310
142436219
138266622
134111444
129910596
125745526
121584753
117373750
113228853
109059550
104869551
100692446
96543725
92350995
88182797
84021333
79828286
75666663
71510383
67315325
63158065
58986497
54790948
50639640
46477189
42281911
38119055
33959733
29766893
25609179
21444002
17255875
13106934
8944965
4753937
249180028
244995835
240877018
236741821
232553062
228432166
224299604
220104647
215958654
211857980
207685928
203546121
199370889
195170260
191024755
186861609
182639996
178467209
174304170
170095383
165942374
161791235
157608015
153497166
149333786
145128062
140938619
136824594
132616000
128461270
124282385
120108190
115959271
111778749
107570486
103439540
99264572
95058613
90897512
86768384
82554781
78391881
74241567
70033941
65891370
61701178
57506971
53362950
49220222
45005613
40801872
36624887
32402737
28227029
24049292
19825072
15712201
11576016
7342070
3138611
246883889
242665035
238479102
234363842
230175884
226045721
221899265
217709889
213585171
209464498
205266639
201154737
197000398
192812420
188671800
184539249
180353959
176201006
172040731
167846972
163668967
159534652
155344037
151184293
147027176
142839720
138689035
134556943
130370945
126208627
122048409
117852775
113695282
109570758
105372922
101216131
97055487
92802084
88634198
84465657
80268865
76108935
71951454
67751074
63595594
59429246
55174569
51001000
46818613
42542506
38295004
34112881
29849405
25590862
21443974
17176597
13059114
8760481
4546076
248588807
244433647
240177640
236048374
231874446
227748188
223584509
219408962
215266818
211080887
206854946
202722243
198562768
194371640
190224463
186094637
181888577
177730907
173589315
169380992
165206496
161025907
156817559
152635666
148464035
144258433
140084811
135908613
131701864
127525153
123345233
119074654
114889601
110704466
106493543
102326222
98187299
93977631
89794099
85511460
81288021
77093386
72913219
68718302
64565239
60394397
56173001
51983505
47791139
43568333
39385216
35218006
31016442
26853125
22664182
18440977
14284231
10113764
5894584
250220681
246000097
241827462
237708096
233510124
229348119
225207180
221021616
216896037
212761072
208573863
204436596
200257081
196009115
191827527
187644647
183467504
179332992
175184310
170984724
166842598
162638235
158434203
154247036
150082391
145910368
141735743
137503852
133276821
129085567
124890414
120700893
116522948
112359089
108136725
103920075
99722379
95488289
91320960
87060960
82829310
78632564
74431298
70184277
65976563
61764915
57513542
53284548
49071162
44825930
40639540
36453101
32236299
28058815
23864567
19638284
15455536
11257307
7035926
2854438
247033647
242818518
238640703
234497513
230249209
226102262
221964420
217790085
213649556
209477483
205247871
201093122
196936229
192742084
188531316
184315285
180139804
175953935
171796758
167594391
163444536
159227221
154971476
150813777
146655788
142396477
138225661
134001072
129802331
125580650
121354528
117159077
112996142
108839948
104634559
100470398
96238024
92038950
87801878
83571845
79370076
75204831
71014296
66755758
62549356
58376731
54115776
49950713
45780836
41578460
37421775
33188985
28993880
24766897
20615069
16413477
12268591
8099637
3904738
248072872
243878600
239754201
235608254
231420323
227270380
223125082
218948861
214796755
210670611
206478383
202307662
198141631
193993849
189791639
185690322
181582905
177432638
173250859
169091499
164919887
160728766
156561664
152370195
148131473
143926668
139784360
135506032
131350532
127167075
122946221
118759875
114573487
110352360
106171770
102062971
97830737
93683720
89486730
85267348
81110388
76922901
72703938
68490376
64253636
59971744
55748623
51577016
47326324
43130022
38963181
34764460
30615513
26432677
22210881
18020541
13836871
9614861
5434088
249284008
245087238
240984218
237029889
232834478
228708549
224600659
220437431
216289321
212166227
207945509
203766520
199595150
195400829
191239969
187147910
182942820
178802083
174690144
170488919
166390891
162321860
158288061
154080376
149943360
145791409
141673971
137535240
133314864
129145678
124957300
120728664
116531680
112345418
108127507
103914431
99743406
95519341
91382928
87221528
83091796
79004254
74821861
70859710
66676693
62448057
58450677
54302266
50157347
46035997
41759559
37676476
33478398
29301615
25176521
21079288
16985139
12711023
8535485
4348800
246389822
242211281
238094586
233924144
229650997
225507218
221386163
217226627
213072308
208872306
204669040
200494405
196353445
192143677
187973219
183823545
179630183
175454967
171300132
167085959
162916949
158767438
154559465
150377886
146229834
142035109
137805824
133594128
129331898
125099433
120918746
116750175
112504901
108278156
104063541
99874342
95700267
91439082
87279729
83101689
78834495
74601545
70425415
66207737
62040607
57875094
53652373
49462570
45302980
41087917
36907236
32734408
28516531
24338758
20173040
15958410
11803028
7625918
3410392
247294744
243071776
238939992
234728783
230492958
226361652
222220450
218051204
213880270
209716326
205494023
201340220
197196466
192998168
188846017
184684087
180495840
176314729
172134796
167925886
163750409
159629979
155447158
151271664
147111066
142906512
138769897
134628549
130421778
126263578
122100705
117896356
113727844
109595844
105388208
101178752
97006454
92798699
88622045
84464364
80255272
76030572
71877736
67676215
63506101
59360200
55106462
50931794
46768819
42557906
38418613
34282166
30031681
25849455
21704062
17495785
13282498
9091791
4854706
249023257
244839899
240690656
236545040
232321624
228158325
224025036
219848081
215706182
211565726
207363155
203190872
199004366
194781660
190652254
186452083
182246006
178084927
173906972
169705129
165543396
161366899
157151856
152970414
148796393
144593499
140422590
136263011
132029832
127849049
123666742
119462139
115292064
111107921
106901562
102731477
98585800
94352553
90211994
86005354
81799981
77632162
73475376
69269951
65078677
60874441
56673148
52496819
48334366
44138398
39968913
35797614
31589927
27410546
23259126
19026701
14857589
10688744
6487309
2310522
246561976
242358112
238239806
234013528
229808820
225644914
221537189
217339542
213302048
209063111
204837080
200674399
196602926
192423686
188197674
184012926
179833531
175604352
171403268
167220804
163041439
158816352
154663732
150458305
146266742
142091424
137868080
133695698
129534552
125337302
121131490
116940808
112719429
108536837
104334158
100109227
95895458
91687631
87465182
83264872
79071927
74841938
70648878
66473171
62251263
58098302
53941688
49791553
45606017
41382247
37214497
33024083
28854766
24645896
20481996
16282092
12108988
7927688
3705069
247339169
243168144
238965368
234802663
230579869
226438022
222298589
218094797
213925737
209794684
205597829
201450727
197309021
193121953
188969363
184823842
180642433
176494768
172330340
168135824
163996883
159826635
155632642
151468178
147303587
143081082
138922269
134795608
130598132
126447845
122289445
118095028
113932709
109794400
105599845
101457506
97295584
93091901
88924847
84755515
80552414
76386192
72251102
68056660
63941824
59783764
55521569
51379392
47208718
43016382
38877219
34690338
30529629
26377906
22237577
18026687
13868746
9690773
5489493
249170592
244969325
240823822
236693821
232426791
228296283
224168502
219996574
215851852
211698811
207493075
203370686
199187395
194988098
190823723
186678036
182482544
178309301
174161710
169916270
165739665
161567771
157365397
153193692
149011903
144824864
140649520
136477140
132274009
128086185
123900661
119694022
115532038
111350349
107153619
103004213
98841577
94655501
90500043
86355437
82155780
77989494
73839080
69633145
65457266
61274950
57074725
52909741
48741972
44532466
40361321
36188823
31988431
27829065
23665822
19460242
15313462
11148548
6933098
2751410
247125483
242930117
238795246
234654070
230443293
226322549
222185732
218019277
213859451
209696646
205510571
201356675
197199101
192986209
188822909
184654472
180444524
176273869
172084659
167877295
163704895
159563634
155357657
151189122
147021427
142813542
138633197
134457975
130241518
126092515
121911672
117709672
113496090
109321235
105104101
100944271
96774806
92574398
88401507
84237199
80031404
75867889
71746493
67536061
63316824
59122089
54907412
50722667
46556410
42350094
38185143
34014778
29817129
25641963
21461909
17263186
13133310
8965832
4745540
248968871
244769231
240608530
236490210
232295289
228164411
224040740
219873047
215750660
211623338
207438598
203281659
199126481
194955266
190799814
186626349
182455151
178328652
174170407
169967601
165796750
161634666
157434389
153273334
149108878
144904199
140734589
136572740
132367358
128208545
124039404
119836166
115667968
111510144
107303323
103141570
98970427
94770343
90605981
86441305
82243948
78084695
73922022
69717279
65549697
61395758
57186947
52987021
48817372
44636269
40468169
36294242
32084965
27913043
23731579
19528342
15365355
11201732
6992712
2791588
246836408
242647886
238497338
234366005
230188384
226074033
221944184
217771393
213645032
209515376
205333001
201165366
196988298
192774883
188619204
184449900
180243570
176069526
171902265
167694343
163524355
159360074
155158591
150989751
146813159
142612783
138448118
134283979
130091119
125953912
121775613
117583295
113389376
109187094
105014136
100845809
96631253
92456505
88285528
84063114
79890975
75698140
71517037
67309327
63129756
58950079
54742991
50540025
46359269
42155213
37976771
33792355
29582680
25396541
21251949
17038383
12880488
8659040
4426716
248825399
244632369
240490203
236375100
232229878
228055064
223925083
219788308
215620046
211484603
207357124
203168589
199024128
194877975
190692353
186547251
182393993
178210005
174071180
169924834
165740641
161581173
157428796
153240203
149094483
144945164
140751432
136597220
132464076
128276564
124189410
120014267
115823859
111665678
107514990
103322131
99179919
95020596
90822472
86667424
82522155
78333132
74181450
70017432
65829143
61661378
57493857
53296813
49155422
45000856
40811556
36668551
32493054
28305449
24144279
19994577
15808009
11645317
7474604
3275733
247350063
243149398
239004194
234859584
230689668
226539203
222400340
218232133
214110162
209941068
205746279
201581640
197410546
193221134
189062729
184905803
180712553
176564937
172422956
168233902
164085036
159931557
155739994
151584493
147422309
143235151
139084935
134927739
130736249
126574466
122415390
118207990
114051300
109888474
105696099
101533829
97389148
93196894
89032654
84872373
80680298
76528089
72368432
68172883
64017265
59869906
55681599
51551583
47401498
43199293
39047533
34890005
30693896
26540717
22378278
18189206
14058618
9900423
5707958
250074986
245891051
241753536
237613689
233408929
229238905
225104106
220925300
216799162
212669388
208502140
204349010
200167330
195964895
191805069
187642807
183440285
179260404
175146750
170952457
166792220
162642552
158441265
154289287
150146105
145913021
141729736
137573091
133349677
129163999
124992981
120767686
116596404
112428652
108204822
104032095
99885403
95658999
91477398
87295431
83070602
78933506
74745504
70515541
66325046
62153789
57924942
53734933
49544626
45314046
41119933
36930438
32709687
28523655
24288893
20035323
15871144
11697200
7468632
3278770
247119696
242901726
238766029
234633580
230406533
226296652
222146511
217971449
213801217
209635357
205412853
201265258
197101829
192930271
188750818
184622126
180385454
176200981
172039335
167830720
163667947
159489642
155288196
151107011
146967446
142755577
138591525
134447150
130239557
126070492
121901979
117695895
113549800
109363916
105139316
100923855
96773379
92565168
88389378
84234555
80030790
75876682
71740364
67526953
63341424
59165519
54959477
50774518
46627622
42416194
38270377
34092940
29858568
25634714
21460750
17240961
13108162
8875804
4649440
248585126
244381188
240228280
236056198
231855741
227686377
223528323
219357820
215213297
211003883
206784630
202779917
198573342
194592026
190621279
186450933
182323895
178113982
174002071
169954698
165771519
161588169
157423198
153263782
149075226
144936247
140763692
136562831
132398540
128216188
124028101
119862525
115714551
111517850
107393136
103228674
99007499
94809831
90584383
86400870
82230650
78051259
73833569
69728454
65655722
61434429
57307008
53085156
49183553
45169895
41104538
37019454
32841991
28645284
24563651
20343018
16186808
12018529
7764236
249986515
245769319
241601660
237439837
233175021
229003257
224798130
220599730
216402495
212182806
207913086
203693702
199457773
195215516
191025502
186826906
182586456
178390007
174169695
169927750
165747450
161523742
157301387
153115253
148898953
144694823
140545880
136397766
132143106
128079101
124007732
119782357
115603620
111491887
107282621
103090924
98993215
94901663
90743285
86539743
82345651
78131848
73905882
69748750
65531801
61290171
57070360
52898224
48720175
44515714
40316192
36098122
31877930
27722520
23486369
19273023
15076156
10826137
6620147
249924887
245683432
241521510
237294992
233013666
228791649
224643448
220395491
216198401
212021137
207798151
203622393
199439979
195232321
191069800
186906804
182712845
178578285
174407173
170214773
166039221
161875073
157669703
153491806
149307899
145045460
140865269
136664489
132449629
128259548
124062001
119805456
115636018
111450882
107227834
103037238
98780580
94559172
90374022
86171784
81953391
77767045
73588389
69366265
65195005
61019364
56797241
52597666
48400821
44173309
39982844
35791139
31568099
27378053
23179992
18963046
14781692
10611273
6359794
2140653
246581570
242328217
238186983
233960222
229718390
225568226
221409725
217197510
212963648
208743649
204502890
200247192
196095492
191837129
187630525
183403210
179170769
174985739
170801902
166575495
162370825
158160647
153973086
149727326
145530057
141296309
137107979
132938753
128674741
124479254
120279064
116030307
111825808
107629948
103392493
99156576
94964941
90719096
86532402
82332899
78093590
73896037
69704883
65475888
61273763
57086579
52859483
48656685
44455559
40214434
36055893
31807881
27610720
23382325
19177235
14947086
10784996
6546979
2323927
6666220
2414688
238006133
233807473
229648244
225525707
221354550
217191056
213025759
208816849
204645925
200494607
196293902
192148062
187967507
183787984
179637858
175487805
171283766
167125542
162954550
158763810
154603158
150446275
146250597
142088815
137918553
133714146
129564653
125376206
121173557
116995306
113529593
109342001
105209000
101061476
99202641
95025999
90821759
86654666
82478660
78278736
74102699
69940291
65682263
61520133
57325329
53126091
48952013
44770878
40561681
36386903
32214868
28024125
23797172
19557850
15295761
11121836
6955218
248322658
244130113
239938157
235801499
231596664
227393368
223255538
218931794
214768018
210575954
206309572
202085412
197845563
193588503
189375350
185148922
180890330
176678719
172550381
168274531
164090989
159918542
155695617
151572784
147353527
143125967
138951504
134762536
130539268
126347145
122156175
117932887
113730305
109537838
105330794
101142091
96893931
92715369
88453575
84280379
80039504
75862122
71656131
67422803
63210974
59032865
54969027
50733491
46527418
42302086
38045600
33836373
29623564
25370319
21153650
16932580
12675030
8463365
4238818
248209008
243952928
239774009
235639436
231425037
227255792
223119920
218948456
214821696
210688359
206501868
202336810
198179543
193983327
189831858
185698609
181539090
177406756
173271089
169078822
164916290
160747840
156549275
152384213
148220193
144021432
139863617
135704939
131504979
127342339
123177379
118984835
114825968
110662981
106467143
102313361
98148243
93955839
89792591
85623067
81434591
77277686
73116573
68918632
64763836
60596631
56400437
52236245
48067906
43861652
39703243
35537498
31343911
27182513
23017394
18821979
14671357
10504283
6311551
2157769
246459817
242267759
238134978
234032966
229843793
225725343
221608763
217437052
213280535
209135918
204925198
200777225
196618045
192416559
188275529
184105738
179932263
175704563
171512286
167295751
163159265
158980726
154711331
150543097
146364881
142158343
138014483
133848030
129643422
125470083
121238716
117015098
112817655
108643517
104465217
100292329
96063523
91836039
87642205
83436237
79225488
75024624
70858116
66668348
62541356
58411322
54218790
50058851
45885795
41720947
37567442
33395514
29142382
24961011
20763960
16551510
12404221
8267754
4045169
248127914
243930435
239787661
235615292
231421643
227268900
223108109
218935249
214794432
210641103
206418653
202278156
198137215
193964448
189827950
185684123
181518824
177381475
173240139
169062642
164911028
160759155
156566032
152419563
148275616
144098745
139950249
135811100
131634395
127496140
123350083
119175320
115040166
110881575
106684109
102517040
98346513
94180482
90020387
85858634
81683951
77519272
73348142
69169259
65007168
60843350
56646177
52514713
48361018
44194634
40024695
35854643
31657369
27502617
23330399
19137278
14996548
10863655
6628039
2478760
246757830
242585350
238430730
234287348
230092784
225964539
221817694
217636616
213497130
209331180
205139274
200983294
196838262
192638636
188503236
184345406
180150890
175993312
171850486
167641061
163465919
159327137
155120373
150953537
146775145
142571052
138368580
134202395
130009476
125841781
121672685
117472922
113308056
109124731
104924422
100753063
96580961
92378071
88207144
84042220
79863463
75708834
71519059
67307109
63156354
58993699
54799431
50636373
46438335
42200768
38035146
33874432
29687238
25537678
21370145
17181205
13029894
8864120
4653602
248912193
244730733
240592426
236434673
232239913
228085448
223952008
219782462
215643601
211490552
207312304
203141909
198968270
194770122
190615138
186443769
182224618
178031080
173845696
169643288
165469869
161296270
157086132
152931176
148768318
144570844
140407937
136221796
132030733
127850282
123674717
119466674
115293170
111109925
106908410
102723730
98564153
94355022
90206706
86024710
81801160
77603357
73407366
69185306
64974079
60769049
56542807
52354882
48114336
43889821
39688528
35498977
31270588
27072846
22867010
18645749
14451843
10262296
6040566
1867997
246431576
242246054
238145695
233938438
229743760
225603484
221468497
217301458
213124335
208991988
204752182
200614574
196424465
192225278
188065165
183914918
179711089
175552561
171398284
167206661
163075635
158917731
154724276
150558260
146399273
142211322
138058886
133892836
129702727
125548003
121381159
117193118
113056972
108882881
104693039
100539953
96397255
92201788
88069364
83932818
79735424
75583629
71427963
67223287
63045541
58878793
54676372
50541275
46358992
42164345
38016274
33855491
29654902
25408729
21241763
17037740
12863190
8635649
4441596
248291055
244082098
239902750
235721187
231520034
227358039
223286060
219121723
214997479
210826962
206604706
202429656
198269492
194069638
189918459
185773480
181587395
177445519
173296788
169093590
164919321
160736324
156534757
152359888
148233784
144012354
139848422
135678596
131479418
127327810
123170344
118967486
114802110
110624215
106421165
102247216
98081262
93853932
89689436
85518328
81321216
77128810
72961631
68757317
64597025
60471886
56275269
52110671
47913249
43690051
39530457
35353717
31139808
26981432
22814117
18615055
14461988
10271669
6049062
250120450
245904044
241756063
237599099
233418159
229276812
225125159
220935918
216786091
212622127
208452241
204277619
200094373
195875717
191695587
187489951
183285017
179153533
174986585
170774246
166602015
162420902
158208372
153988629
149789047
145572699
141395229
137227579
133020780
128833371
124646327
120430059
116280361
112096306
107882229
103673117
99490937
95281885
91079451
86887759
82674940
78493296
74306285
70088082
65951425
61763220
57549590
53360905
49174833
44959580
40791694
36611246
32412648
28237348
24056603
19850463
15688166
11507755
7308761
3132733
247544301
243347218
239202207
235106030
230930986
226806415
222668615
218500036
214374035
210209568
206004017
201985533
197788242
193701852
189529627
185327143
181240508
177312678
173099578
169055609
164906101
160702134
156547208
152384219
148186001
144010692
139837548
135638092
131465855
127305991
123104853
118942779
114766853
110565305
106596532
102527550
98388676
94203111
90104569
86048870
81913495
77713973
73658555
69494070
65377737
61275130
57077642
52942825
48853909
44664711
40527373
36391054
32177937
28060066
23891697
19693152
15618500
11557577
7460272
249915226
245740933
241660326
237535351
233332526
229191305
225043155
220826512
216789260
212720142
208595040
204379883
200264165
196100228
191872653
187791175
183619784
179406021
175232897
171052772
166869057
162688156
158505687
154297815
150114032
145930336
141712773
137528367
133330214
129125605
124944948
120761048
116543240
112361857
108165280
103947169
99755495
95557973
91338184
87134718
82953323
78772933
74590598
70401760
66184567
61999459
57805878
53587468
49398573
45177136
40964001
36790594
32598925
28409120
24234545
20053317
15839276
11664346
7471055
3246559
247015824
242829840
238628113
234480993
230215160
226024014
221868424
217651356
213516764
209352848
205165534
200970843
196797966
192578974
188400010
184221326
180023551
175806879
171609319
167415947
163264707
159031234
154767013
150596176
146439792
142240591
138050804
133879789
129664881
125483517
121305907
117106189
112939665
108752913
104554993
100387754
96210194
92004116
87824741
83657910
79459419
75286986
71129937
66931619
62746684
58587463
54387587
50192801
45989538
41788594
37607029
33405783
29193665
24989252
20801381
16586930
12415296
8244485
4033227
248310081
244116469
239962858
235841263
231667818
227540971
223406384
219240386
215097453
210959120
206757359
202590266
198441261
194253670
190081178
185936223
181743982
177598169
173437400
169224906
165060109
160908673
156714762
152564795
148399924
144201381
139985318
135787667
131596481
127439220
123273494
119085241
114938463
110796170
106600881
102438926
98292806
94095313
89940094
85791925
81599533
77438764
73299186
69102851
64955345
60807007
56606303
52450360
48292739
44038348
39890917
35725057
31473418
27390355
23244147
19038826
15866620
12691669
8486383
4260879
246072364
241830822
237663116
233496384
229284812
225158687
221028362
216854066
212725259
208555723
204337675
200142661
195948214
191721243
187532293
183340837
179119440
174928305
170753529
166551630
162373615
158175012
153952585
149812571
145562634
141355081
137179457
132995629
128776895
124575281
120381799
116207526
111954996
107805665
103525950
99338736
95146184
90972114
86729728
82527292
78309080
74165955
69917466
65689224
61527972
57381959
53207334
49067937
44941049
40732819
36558718
32374200
28146644
23936645
19784656
15578568
11303095
7109306
2885463
247280736
243062343
238890033
234718709
230471966
226327370
222164897
217984646
213825738
209661764
205457547
201291211
197123103
192930425
188799316
184664026
180469746
176306809
172176394
167984458
163839121
159672552
155480721
151325982
147165219
142974260
138814147
134668456
130477659
126320686
122189837
117993629
113832631
109660634
105466268
101307334
97165103
92953155
88801137
84639941
80471935
76318265
72171652
67960596
63807005
59645061
55456313
51282985
47088400
42890174
38724265
34569511
30379721
26226963
22076677
17888091
13752862
9592265
5374213
249459676
245268825
241120238
236964969
232752834
228588395
224436175
220256768
216123714
211968283
207800322
203674071
199525848
195351157
191219796
187050119
182851070
178711470
174560067
170375416
166205612
162051219
157873983
153755699
149572374
145377040
141213901
137123584
132954481
128854632
124730491
120556653
116427874
112259210
108083662
103954076
99816141
95608731
91469645
87336561
83170280
79002574
74870769
70695459
66565818
62390810
58216354
54078278
49955361
45749445
41645207
37517254
33344912
29270233
25099620
20896442
16814017
12652305
8440582
4280687
247969798
243749205
239581633
235445443
231263006
227126663
222964438
218769495
214617877
210475352
206291182
202146343
197994526
193776552
189594955
185432560
181204631
177011279
172828683
168619655
164442559
160272592
156055368
151884535
147715588
143512092
139340660
135155397
130957894
126787995
122602934
118392155
114217177
110033176
105822754
101636294
97405021
93134434
88901323
84702043
80472778
76270426
72083232
67858786
63670978
59475448
55248783
51048482
46903377
42671899
38479935
34288822
30078640
25841096
21605086
17394700
13193382
9013709
4801955
249144296
244930735
240800541
236636214
232436670
228273200
224110157
219942714
215865779
211702620
207505475
203345164
199171740
194990818
190838202
186688357
182502978
178344403
174180297
169992356
165839906
161678322
157482185
153327327
149178087
144993388
140827889
136670432
132478471
128324800
124187986
120000213
115844506
111681457
107490724
103336874
99176536
94987696
90835284
86673471
82487776
78324252
74172917
69977993
65833222
61679399
57491660
53337760
49153418
44960808
40809429
36643819
32452155
28281178
24119725
19917498
15763125
11596197
7404533
3233928
247498551
243317144
239198713
235069187
230876858
226734231
222631625
218452102
214278641
210117442
205862672
201691648
197518292
193325693
189181139
185018759
180823198
176658773
172496776
168294231
164124925
159911972
155719095
151570191
147358130
143161234
138950006
134789691
130528881
126363450
122150394
117898783
113675677
109507257
105248662
101084592
96860936
92690396
88510995
84341744
80149336
75919283
71769028
67510568
63356173
59135658
54939538
50772444
46549964
42362668
38198865
33980113
29785785
25541419
21380490
17187858
13032489
8857607
4599137
248817942
244572957
240436528
236294883
232102265
227983663
223861565
219691529
215551077
211314550
207090388
202895921
198736217
194512380
190373825
186167472
181906112
177722010
173521616
169315347
165127209
160949603
156742173
152574849
148406421
144213212
140038789
135844971
131632535
127452870
123272915
119070078
114900933
110730159
106537891
102366993
98192739
93982430
89734052
85550792
81348465
77190853
73021364
68823868
64646499
60468380
56212835
52023825
47843809
43579234
39411597
35174000
30910500
26766271
22527113
18283337
14043331
9855789
5634278
250064627
245829193
241687130
237490385
233291445
229154560
225020989
220822824
216694548
212554970
208319479
204139680
199953358
195746665
191566181
187391241
183185464
179024522
174848713
170647049
166512465
162328830
158090043
153913241
149743162
145544875
141402506
137254636
133064949
128930712
124773675
120571708
116400091
112227819
108020257
103855932
99671477
95486070
91330470
87165972
82979185
78803923
74643447
70436854
66285128
62185865
58020079
53865662
49679739
45481499
41343269
37187247
33020950
28855949
24687424
20500798
16372822
12185096
7925193
3725366
247937661
243758980
239604418
235427621
231179448
226994354
222854674
218674259
214544948
210294212
206017268
201775140
197584731
193357008
189133096
184968538
180770256
176612899
172447225
168245038
164030408
159806353
155549290
151382272
147238601
143019264
138858460
134634028
130430957
126267030
122096611
117837449
113672289
109510340
105313848
101165189
96947429
92691929
88533552
84365506
80170001
76007213
71853207
67595612
63386741
59164991
54908246
50746955
46583790
42387107
38222405
34084182
29827281
25663697
21488397
17328139
13137344
8895013
4671580
249017125
244866445
240735094
236613656
232400664
228171194
224021903
219876636
215656263
211445630
207210176
202931397
198706073
194494477
190244695
186017568
181796443
177520572
173325446
169098899
164836570
160657875
156418025
152205096
148000997
143786525
139548899
135335917
131135554
126880777
122683575
118486860
114268570
110086097
105860793
101598705
97366426
93167600
88924736
84692395
80464573
76242870
72027535
67812860
63563793
59375472
55159574
50923640
46752156
42539875
38302126
34121882
29919844
25680197
21468286
17296892
13093223
8877320
4663750
248858209
244616706
240410115
236180141
231937432
227768326
223620221
219409691
215215254
211005743
206745776
202578127
198365236
194131052
189944012
185738616
181468420
177279296
173073506
168844081
164693638
160516850
156312028
152137778
147962108
143776374
139601462
135436675
131223424
127075657
122888878
118703938
114542796
110365331
106151967
101949148
97765351
93549168
89367051
85188588
80978665
76801636
72594664
68408389
64264094
60088944
55860809
51672376
47497014
43277836
39086043
34894082
30673187
26489261
22303854
18105444
13938051
9749238
5524577
249820848
245610339
241449565
237298067
233077775
228903124
224744968
220562627
216420487
212285246
208119157
203983687
199849347
195722657
191574633
187394975
183265746
179140320
174933517
170794343
166656893
162454040
158322169
154190913
149999923
145858930
141708551
137516729
133375275
129231444
125041344
120881116
116724560
112533046
108384080
104232304
100042361
95889811
91719148
87527252
83362998
79188149
74993591
70841035
66692137
62501725
58345657
54183332
49995796
45842923
41676393
37462894
33339046
29155696
24947780
20770236
16594857
12382306
8205157
4021008
248095018
243916038
239906975
235750277
231611542
227457839
223261276
219112899
215132440
211119310
206884969
202789573
198651088
194528463
190378154
186204806
182063007
177961088
173766070
169650409
165465014
161241756
157094232
152921033
148705595
144558951
140289763
136081615
131850872
127632501
123423620
119212376
114965031
110741162
106522614
102256489
98054842
93837072
89581767
85369636
81144187
76898053
72715887
68497629
64236737
60020408
55799807
51469269
47277449
43031074
38765459
34542878
30279830
26030440
21802775
17585992
13309857
9102947
4870369
247902821
243642215
239425298
235242206
230924875
226796925
222691558
218519986
215230947
211144570
206940623
202831668
198670060
194460085
190372327
186229472
182029311
179221487
175050186
170838330
166661948
162466093
158242320
154061832
149879211
145658225
141452153
137227923
132984019
128781438
124551552
120286702
116060703
111821945
107571888
103339426
99117548
94841973
90620086
86365936
82112430
77877588
73683358
69418075
65196468
60951026
56688625
52586349
48597655
44331583
40143933
35934123
31790565
27474537
23328555
19142166
14940109
10698829
6594973
247326412
243081802
238890071
234700417
230475999
226288473
222129580
217938947
213773895
209609179
205387624
201196367
196944254
192722017
188545174
184362459
180142026
175970564
171828646
167631173
163467954
159305265
155096892
150919876
146783423
142579917
138411829
134256783
130059686
125894066
121660652
117458275
113299382
109130791
104928141
100713981
96546047
92348095
88113951
83951539
79757504
75592371
71382238
67185726
63020274
58853315
54657560
50438422
46272328
42065258
37837484
33677521
29483724
25341292
21168520
16955425
12777606
8583133
4357499
248714178
244512152
240347964
236159635
231939765
227757427
223568100
219388115
215222871
211074532
206878701
202711831
198530968
194325782
190174614
186016364
181823582
177669753
173521979
169335510
165178105
161012269
156816926
152660013
148499135
144298838
140132076
135975388
131783623
127622709
123458286
119256795
115102945
110942954
106747771
102579038
98419005
94227637
90058864
85888798
81694113
77544253
73395695
69201969
65047286
60882982
56678713
52520429
48363908
44164830
40026202
35875224
31739289
27606941
23470894
19285340
15146835
10990734
6799273
2606242
246772881
242522892
238339327
234176945
229980578
225843719
221696608
217524529
213342414
209176679
204972750
200809118
196634931
192446681
188296005
184148781
179916484
175740073
171596107
167389035
163194030
159024617
154816577
150635219
146467781
142267531
138102572
133939249
129768901
125579267
121412177
117197076
113019822
108858798
104649129
100488706
96318385
92110564
87935482
83762624
79560417
75391530
71228473
67028620
62866573
58705594
54532234
50361962
46192665
41989543
37803451
33630049
29432269
25250630
21086136
16868414
12687814
8535615
4255004
248532986
244278911
240158824
235975116
231770197
227605952
223442986
219252696
215117532
210957918
206758893
202586045
198444270
194247816
190095392
185937091
181771813
177602567
173409334
169196747
165023040
160833293
156625037
152451853
148284169
144078972
139926637
135780678
131572517
127395825
123220359
119013356
114861028
110691985
106481563
102312391
98138728
93939073
89788924
85654050
81408529
77218229
73040035
68766412
64567794
60377242
56103310
51930244
47740688
43469782
39234224
35074140
30859781
26672167
22516131
18289906
14118620
9958990
5687240
249879851
245709878
241485045
237356826
233111682
228967530
224847396
220674209
216543517
212395781
208219208
204070562
199921416
195717847
191534125
187337471
183133785
179001234
174828134
170630153
166466458
162311483
158110280
153923263
149744401
145536643
141366190
137195429
132986582
128821016
124642764
120435239
116271649
112076583
107850523
103687921
99521229
95297598
91126020
86953067
82748583
78571626
74406862
70203701
66042248
61877750
57671062
53498936
49317079
45094655
40924151
36763164
32553153
28386432
24235201
20021145
15863440
11720443
7466989
3265815
247444677
243243859
239127410
234935758
230727813
226580344
222455273
218286864
214128287
209907817
205714960
201556571
197418471
193223944
189072215
184913652
180674499
176477568
172279390
168047630
163852705
159659083
155427759
151223305
147021146
142797483
138553991
134325383
130048833
125829687
121581845
117332674
113087160
108854561
104586076
100350311
96140891
91872196
87628748
83410701
79128142
74892191
70651268
66402054
62184397
57941799
53677841
49421177
45190664
40936906
36675872
32423790
28145943
23918748
19736906
15515513
11327792
7129959
2901607
247243572
243028713
238856783
234711870
230481930
226322686
222157159
217984725
213844915
209680875
205485214
201338649
197187224
193000710
188852195
184677569
180474390
176305827
172140143
167938736
163800448
159593321
155391964
151226858
147060685
142860703
138691671
134534150
130335044
126165336
122003213
117802308
113634674
109476654
105272694
101134544
96929393
92721064
88557566
84386008
80177658
76021402
71868519
67665165
63494156
59336261
55115744
50925740
46734608
42515869
38346769
34178871
29969453
25806157
21634533
17435266
13285844
9110107
4906776
249289848
245082315
240968041
236895634
232641647
228528376
224337027
220225362
216091687
211898424
207743554
203499475
199285404
195096704
190911245
186693275
182509245
178319839
174096329
169966288
165710579
161473648
157317628
153133269
148911209
144727024
140553966
136283028
132059734
127818747
123621095
119465941
115302015
111105766
106917364
102734697
98561528
94313230
90133523
85908668
81719431
77562498
73346002
69202439
65051963
60833196
56654645
52453605
48178306
43944007
39703347
35513108
31272721
27027004
22856523
18599227
14362088
10079303
5844236
249564530
245326350
241100465
236963750
232785382
228667651
224533232
220360752
216227012
212080520
207857841
203659939
199406714
195187933
191056537
186815570
182593806
178388982
174196747
169973677
165791249
161597604
157402831
153206450
149012070
144783078
140593630
136408444
132187348
128000376
123811139
119593425
115367735
111182087
106964330
102777205
98573199
94355014
90167984
85970208
81748611
77557664
73363437
69144301
64985535
60787893
56566076
52370633
48245628
44024784
39836151
35639428
31418390
27245889
23045336
18822597
14643713
10503129
6281754
2140718
246434506
242215008
238076081
233910426
229690217
225571458
221404991
217222946
213112314
208965717
204744523
200583240
196410576
192185241
188023854
183844115
179676339
175488885
171309456
167101147
162937056
158803545
154629118
150481600
146295675
142098011
137924351
133778470
129578373
125378731
121192920
116975413
112788035
108606595
104397403
100201533
96074369
91855957
87691997
83527852
79310686
75110307
70929344
66719794
62546282
58354301
54130308
49946920
45757098
41532710
37346521
33157242
28879006
24648789
20403353
16127030
11900025
7649316
3376579
247050144
242806728
238624473
234403521
230130553
225967474
221792100
217614004
213489275
209335222
205132030
201006809
196837758
192634117
188484222
184332119
180141060
175980625
171807461
167614729
163442585
159277158
155076382
150867618
146699847
142505852
138358663
134206722
130008550
125826020
121670309
117447199
113278934
109099565
104901783
100745749
96575139
92369876
88222231
84068164
79872225
75710516
71545945
67349405
63183291
59014761
54821100
50630414
46482551
42274700
38097597
33922844
29714422
25530516
21369165
17179159
13043124
8877849
4677341
248885150
244692995
240559257
236427646
232234189
228066114
223881753
219632161
215416003
211199161
206937756
202720408
198482612
194219680
190018523
185784837
181521197
177281295
173044685
168790567
164553552
160328474
156044064
151835065
147624896
143376992
139139799
134905977
130659438
126455255
122236180
117958138
113769986
109566075
105309477
101079426
96860394
92580122
88369934
84127126
79885964
75659607
71432978
67181801
62954672
58725156
54468478
50235426
46039473
41797695
37571553
33343968
29105815
24863852
20620030
16376041
12162576
7920717
3669723
247843161
243586772
239394175
235223651
230999001
226801989
222623195
218420336
215019356
210808052
206704384
203578844
199320052
195128982
190962630
186748247
182561994
178336017
174098185
169900321
165724341
161525283
157346551
153183576
148939263
144761632
140591664
136404655
132188324
127969769
123699729
119496376
115268615
111010736
106771867
102576770
98321035
94118898
89900147
85649238
81439263
77243568
73017716
68813286
64599512
60334367
56106149
51863805
47612645
43378870
39138046
34878497
30693489
26474475
22230657
18028698
13836827
9589811
5385346
247737861
243483239
239295692
235100141
230831111
226688369
222564219
218436058
214313641
210179139
205998755
201819802
197662467
193385142
189176222
185040070
180838705
176642592
172493725
168270009
164136382
159966699
155757243
151606146
147432760
143228078
139056477
134921159
130711764
126516353
122259470
117952857
113751190
109531365
105327802
101022214
96790346
92492993
88272686
84124397
79862406
75652977
71457924
67219145
63022958
58836913
54595687
50386624
46229418
41987266
37797088
33589830
29331107
25147735
20938300
16698689
12483735
8282820
4042384
247867558
243615296
239350266
235147786
230901776
226764440
222660672
218492084
214337707
210188699
205988282
201810177
197714408
193526396
189388802
185219047
181043211
176881931
172715874
168480262
164284393
160125169
155915401
151756387
147590361
143364204
139210415
135033150
130831610
126666938
122505402
118316534
114157027
109986117
105782925
101596033
97412174
93213814
89035900
84860302
80645241
76477783
72321455
68123119
63976082
59798195
55592779
51427943
47252352
43041950
38862055
34707948
30509263
26339241
22188097
17989539
13789029
9532537
5291807
249432319
245208268
241036829
236833837
232594106
228442556
224271160
220026498
215833199
211636709
207396129
203184137
198974781
194767114
190560009
186346141
182103616
177893150
173699352
169458966
165275821
161059107
156761297
152555521
148354803
144151910
139945085
135753017
131514087
127313536
123117176
118838387
114637973
110421644
106219987
102033680
97829126
93577368
89369706
85163800
80958009
76754884
72566336
68323976
64159402
59951400
55714811
51525754
47263048
43017157
38852730
34590055
30337462
26145672
21939813
17711619
13514869
9314623
5081623
249220866
244984170
240774736
236592480
232389778
228266518
224131119
219963308
215834086
211666463
207470106
203302340
199155910
194958197
190797941
186660555
182462816
178292377
174127834
169923826
165763123
161581772
157371467
153176101
148994388
144776283
140592814
136417638
132214511
127973578
123803620
119531822
115357354
111174422
106971466
102739073
98487776
94211599
90026846
85792747
81591643
77353858
73188824
68977210
64809700
60627215
56353513
52107440
47931533
43727378
39558324
35312497
31102104
26920498
22732426
18523937
14284594
10027337
5749743
250067883
245823540
241636180
237517049
233342948
229199957
225087342
220925193
216762101
212598715
208380863
204241628
200105537
195935203
191807930
187632427
183405368
179205640
175058380
170884159
166747715
162602234
158429812
154306372
150138748
145967211
141724479
137545335
133325543
129140476
125009987
120767954
116601168
112410688
108191709
103995887
99816308
95617691
91435759
87244757
83026887
78837435
74673113
70451878
66261645
62058988
57836383
53667052
49464562
45247250
41063592
36869422
32648001
28447287
24256516
20033280
15846828
11672687
7444498
3263120
247499126
243238145
239127044
234931935
230746690
226661421
222541614
218364599
214153623
209972951
205751582
201535801
197393688
193145361
188996373
184840370
180647813
176487604
172325985
168134374
163975641
159814328
155558053
151354909
147176161
142974155
138823224
134661335
130400277
126235349
122066448
117872187
113709860
109551367
105355879
101193954
96968153
92771987
88544477
84356993
80161663
76006100
71847297
67596246
63433837
59209017
55006739
50827771
46660050
42462470
38230748
34013066
29851852
25694089
21520007
17348805
13189876
8943975
4765489
248770541
244605054
240384339
236245274
232032573
227896864
223769323
219599853
215471032
211331133
207134458
202944985
198762584
194566744
190419145
186283185
182085977
177896917
173713239
169539734
165336784
161154231
156932689
152751128
148567340
144401435
140226895
136087873
131863347
127669700
123481806
119306893
115131841
110994797
106821123
102693125
98563686
94345120
90217190
86031717
81812655
77618544
73489820
69287635
65114141
60947853
56726041
52534675
48344766
44122145
39966193
35830059
31616993
27457412
23284095
19113965
14935213
10748923
6527611
2337856
246427927
242211787
238051176
233892347
229699451
225562464
221420310
217249648
213085631
208923556
204737202
200542556
196359705
192158860
188025764
183826907
179624324
175458501
171309510
167110592
162948249
158768505
154566868
150403067
146228453
142021831
137847707
133679202
129470972
125292751
121123095
116921477
112752491
108579093
104370855
100216894
96056890
91855865
87720447
83515066
79307305
75126708
70962886
66746514
62617180
58416837
54211426
50034392
45842619
41630526
37468498
33284459
29080107
24941180
20731460
16532865
12369093
8225731
3985964
248349303
244153150
240004573
235865724
231687456
227616918
223575059
219505773
215399291
211224251
207097264
202960250
198772952
194630971
190488155
186296495
182160502
178008287
173820771
169679470
165528135
161330329
157156451
152986828
148795381
144625310
140468654
136275249
132113901
127952427
123747626
119582334
115418291
111222844
107060233
102896021
98704149
94546483
90382362
86187947
82095945
77942108
73748394
69589949
65436612
61249922
57098799
52929888
48742683
44591676
40486243
36293327
32135642
27974670
23787368
19646418
15500201
11309231
7156717
2978449
246804204
242615794
238477771
234319779
230122447
226033450
221879060
217711695
213563057
209400022
205173271
200996966
196833857
192632175
188468275
184301722
180099085
175946015
171775376
167575938
163416582
159274999
155058438
150902247
146729634
142553500
138394360
134238525
130046038
125883797
121715642
117528416
113385787
109230302
105038434
100900532
96748987
92556143
88410574
84259923
80062740
75907861
71752826
67564269
63394180
59236717
55052227
50904863
46746304
42545037
38397495
34263975
30058961
25887141
21706509
17425745
13268771
9101068
4899179
249038555
244850231
240701663
236553523
232355441
228217845
224040429
219871155
215741023
211576863
207353703
203177382
199021700
194811221
190637529
186456277
182276576
178089913
173919095
169711783
165532538
161328073
157111276
152926051
148746232
144525579
140305905
136105814
131856820
127655569
123451571
119243876
115036136
110846467
106606740
102402709
98183745
93915841
89720953
85472032
81232733
77008055
72777042
68524505
64316238
60072085
55858119
51690365
47487550
43259787
39058322
34878423
30654301
26484451
22337226
18118647
13925368
9724120
5511305
249903936
245691905
241530188
237392915
233212000
229058186
224883419
220710800
216573687
212434137
208230001
204079857
199892157
195687813
191521441
187329200
183126871
178942901
174786735
170602250
166435876
162287913
158027722
153850389
149677414
145473754
141295669
137126318
132922926
128754323
124583115
120381516
116216017
112038634
107838903
103660367
99477407
95264939
91091202
86922202
82723187
78555772
74385027
70182280
66026675
61842330
57623775
53451210
49282022
45076819
40896929
36727630
32546011
28357292
24162823
19955410
15776791
11572523
7359680
3200989
247377175
243177005
239013304
234920187
230740714
226628003
222485595
218312571
214180579
210058086
205867848
201703077
197538571
193361135
189192216
185044641
180825314
176669525
172492970
168271052
164116697
159941593
155728280
151551924
147388109
143186373
139034124
134867541
130667811
126522728
122358747
118165704
114009409
109840639
105635987
101472934
97921339
93674003
89496029
85319035
81203755
76991345
72849238
68727996
65863762
61723276
57547054
53333356
49146889
44961965
40706115
36547851
32402574
28159181
23947780
19728214
15529444
11369675
7229308
249134287
244930295
240786262
236669292
232466743
228350158
224270866
220158225
215964777
211843306
207683145
203477529
199324929
195203388
191070025
186883542
182721479
178603067
174409459
170267749
166098709
161894466
157727607
153619431
149473929
145270986
141105936
136998720
132790609
128644882
124481573
120273805
116120662
111964030
107750002
103582979
99416014
95213738
91046823
86886830
82679990
78514776
74366558
70159280
66006675
61933410
57727818
53613145
49460775
45290167
41130033
37010734
32784301
28649164
24403601
20192353
15995435
11730960
7510426
3299036
246463689
242219072
238047099
233847024
229659549
225535852
221391229
217209195
213079971
208927470
204704920
200529677
196382154
192188890
188020972
183854831
179652316
175526934
171341439
167118862
162949175
158794679
154592290
150442625
146227215
142023567
137869545
133715392
129524564
125372296
121245337
117052630
112906356
108746087
104573766
100460620
96267156
92111040
87980041
83784062
79611452
75454682
71254616
67097013
62945667
58752937
54585683
50363029
46170915
42006722
37829573
33639989
29471878
25302809
21105230
16912505
12740631
8532891
4408792
248328789
244148153
239989040
235856863
231678257
227536294
223395827
219226384
215060983
210893152
206690730
202548190
198422048
194247853
190089760
185946093
181780599
177660175
173526644
169333742
165168382
160933245
156724319
152544177
148391126
144196935
139979946
135828968
131663937
127503644
123371335
119174788
114944178
110766387
106590506
102377918
98128156
93950687
89743869
85550065
81338829
77097833
72936308
68727501
64583148
60396675
56189344
51959847
47804870
43632315
39420081
35202824
30933326
26768635
22626223
18355842
14198966
10005055
5727994
249929113
245761681
241503792
237372854
233191676
229058998
224920966
220740607
216632241
212455223
208229907
204065160
199897554
195679609
191493497
187302217
183070820
178882387
174687617
170518197
166300461
162069164
157867978
153668507
149476341
145255509
141091337
136903528
132677340
128439587
124183594
120009843
115767354
111579598
107345684
103230450
99042987
94831532
90583888
86432362
82163739
77923880
73790374
69538533
65368565
61201821
56993853
52867084
48656383
44470851
40309639
36143989
31933850
27767748
23622054
19419440
15265669
11118927
6923668
2752948
246923950
242671396
238521771
234364101
230171791
226074191
222013024
217848060
213721378
209533651
205314632
201136856
196949347
192711822
188551356
184325099
180125616
175939153
171742566
167572575
163336412
159151918
154930981
150733334
146535432
142312087
138131253
133952381
129779809
125539877
121347650
117143169
112959494
108726762
104455924
100359177
96171332
91948346
87789028
83628869
79454940
75217986
71040543
66816653
62631410
58429209
54165067
49969064
45763534
41527553
37323545
33120251
28880911
24659075
20456852
16204777
12080171
7837263
3597436
247576040
243334650
239154683
235002962
230829688
226701137
222544639
218343096
214220572
210078712
205904261
201709255
197478061
193262959
189105266
184956593
180703679
176497632
172281773
168012642
163772465
159598120
155393728
151230555
147053410
142848079
138689177
134514038
130310877
126141600
121979132
117777119
113616267
109451721
105242899
101063786
96893662
92691155
88511957
84333991
80110996
75945729
71793504
67608496
63433563
59264728
55059678
50885656
46711770
42454558
38275142
34112144
29940296
25741163
21560265
17345485
13169893
9015414
4837850
249039898
244837321
240729658
236550293
232323373
228135550
223990322
219805333
215701516
211557625
207383865
203173963
198994579
194860042
190647054
186469945
182272464
178043567
173843083
169645170
165443791
161256929
157032481
152850053
148674445
144451935
140255420
136062636
131831993
127639801
123464659
119233059
115083840
110875945
106662163
102470627
98255624
94006522
89805800
85622226
81410242
77235688
73056412
68829519
64673498
60503936
56289724
52126017
47932966
43702930
39523101
35348144
31113036
26915559
22716348
18496167
14367135
10152355
5937968
249871680
245658946
241500848
237379961
233163103
228976121
224851936
220681944
216556810
212406094
208202105
204009815
199823772
195596935
191427775
187264199
183042747
178896847
174706071
170550654
166423562
162132036
157886188
153682550
149530526
145398064
141121321
136872461
132638614
128361155
124111532
119856847
115651384
111374189
107128858
102853367
98645822
94407172
90163753
85969787
81782285
77557962
73376954
69187200
64957840
60771796
56577823
52379229
48188700
43990153
39765922
35579125
31383426
27156133
22975178
18799118
14566137
10419805
6169490
250279599
246047376
241842713
237732916
233557574
229399473
225297282
221131755
217014494
212856552
208668216
204504844
200267720
196095112
191823809
187675606
183474906
179298302
175126969
170952228
166708424
162465739
158218903
153994132
149761845
145492668
141299632
137113106
132883160
128727261
124595241
120375413
116182360
111984309
107812483
103576999
99400720
95175522
90985929
86793350
82574801
78388448
74218147
70042563
65807083
61606191
57382339
53188997
49056067
44792533
40669520
36490164
32266918
28140938
23906066
19712226
15496802
11310307
7084508
2927054
246812912
242621345
238493027
234396356
230211920
226079091
221913907
217759458
213604486
209442527
205235354
201071016
196944973
192712166
188570104
184438959
180201999
176052716
171874847
167677348
163514646
159327463
155124419
150919553
146749641
142541526
138353147
134203558
129993619
125833153
121697497
117508055
113371813
109204475
105015751
100854543
96699955
92513177
88354142
84194583
79999648
75831287
71676719
67482863
63335126
59167641
54974044
50835254
46666087
42478064
38348559
34182027
30011288
25820348
21643510
17438314
13274098
9100295
4902702
249060336
244860687
240714805
236577572
232372257
228222338
224092097
219922737
215778635
211622850
207424405
203283050
199125352
194941456
190802564
186643180
182444199
178291545
174133141
169943076
165789652
161611794
157412657
153245593
149079832
144880852
140723449
136589317
132392884
128240620
124067970
119857915
115712404
111559475
107365215
103219827
99065588
94871799
90728159
86594408
82398947
78231584
74065514
69867600
65714283
61552462
57356431
53201911
49035694
44832762
40671795
36504687
32313629
28155965
23994033
19799422
15692832
11457614
7240679
2987457
247026813
242833975
238708180
234570728
230392769
226252511
222092880
217922191
213757440
209587883
205382491
201218263
197060516
192872603
188685838
184518752
180322400
176173340
172006494
167802553
163649272
159479665
155271482
151124811
146989207
142785410
138616647
134485019
130287006
126112211
121937974
117762993
113524070
109322647
105098191
100913074
96718511
92498688
88316810
84135207
79914393
75749924
71578278
67353003
63165443
58961374
54722612
50491639
46258076
41995353
37775689
33542089
29280994
25052503
20813240
16550131
12347132
8112557
3852369
247985362
243747834
239562303
235413366
231216474
227088301
222944506
218773550
214653535
210531808
206338284
202181145
198009245
193784023
189665583
185509246
181323508
177158960
173004391
168814204
164651292
160488130
156285380
152139376
147970163
143763690
139603359
135451171
131264781
127111362
122940764
118745658
114577730
110414750
106218799
102066972
97901465
93708587
89554363
85386511
81193977
77036033
72900507
68706898
64554676
60388420
56190077
52034310
49303771
45120109
43811942
39653737
35461188
31305880
27151240
22958832
18821904
14661287
10462344
250290563
246100980
241953156
237789983
233605233
229384651
225245376
221053039
216903509
212773294
208596090
204454791
200275753
196056678
191875042
187675381
183447480
179269409
175060508
170781243
166548354
162314712
158066752
153836052
149587078
145344634
141093808
136930767
132724589
128543070
124323279
120014033
115775922
111521907
107242696
102988230
98734500
94503548
90305225
86098531
81865238
77676434
73470938
69227724
65014558
60808713
56580479
52378464
48171198
43934856
39733234
35497823
31266009
27020496
22787195
18497971
14320778
10129388
5899491
250246113
246012392
241827901
237686214
233491857
229347577
225202886
221036760
216907706
212711425
208459060
204284453
200127893
195934963
191787951
187597270
183376493
179203256
175024415
170827062
166657242
162491949
158221934
153983286
149743215
145533173
141372957
137158441
132892371
128729767
124489049
120278470
116139020
111938296
107663874
103424041
99237646
95022056
90852229
86671465
