3851990
824675
649756
685411
754985
557246
354655
370144
386896
607072
448678
408124
438579
453353
469058
364454
321356
313288
337543
401582
281024
231301
250945
319356
282544
461347
272126
298818
434756
278126
273474
335037
303023
315600
328778
318553
394896
338864
253735
278410
260601
208417
169218
243669
188307
235275
203277
303270
207263
262868
222790
245030
203247
315892
242996
295665
256806
226859
238937
210670
271451
197404
294713
193856
256156
219545
242962
175928
283659
268529
249951
235248
351738
251677
227366
247664
277450
262478
314904
354319
219008
304991
274851
386319
429460
404062
284422
347777
312675
286135
261360
275535
219851
217022
201498
222534
337339
226015
299404
299624
317666
251497
235674
262827
256193
317815
274266
259579
272149
308206
198211
289481
290754
226786
249019
320323
320430
273531
204344
225753
363522
216453
242186
317309
209620
246441
259134
231004
248747
311844
300427
341899
273712
260374
303424
263765
314824
294402
295208
205514
262773
342250
319937
331796
247845
259536
255915
308237
260852
285948
325051
268634
309365
319001
269245
225791
249817
244311
241641
248455
272263
260297
247925
361151
234440
306276
259776
338951
287261
200746
274063
237748
249850
325237
254509
260951
263615
302259
306661
276481
235090
222651
206488
207117
215991
228717
230795
225671
285562
267973
314237
246667
360178
290484
285817
349849
226576
244962
208548
202518
236214
455888
534474
529201
337497
322184
363976
285757
287722
238792
369063
298522
305996
285101
302023
325811
275780
329562
399844
462314
273592
255672
319428
250108
317553
280553
258215
227495
251542
297700
268061
235283
309672
242187
222209
333019
282336
263317
271661
287238
361823
292676
987048
336304
319307
234105
325881
292301
277950
257446
293474
311537
292021
325859
299604
313785
302842
348627
258849
371961
276544
259832
302110
310937
305492
274450
376574
280323
357060
312269
315066
257640
250017
285525
296800
297782
248527
284950
325922
261027
234129
288770
295984
260371
268021
273534
267567
335310
251522
299484
341469
288403
288656
280852
299100
281166
306231
264151
285042
240569
279758
263205
228644
271551
360187
289843
356297
277305
338431
314375
240840
239761
262348
251949
266488
276078
294769
264115
238932
200111
668328
618621
398700
528040
300883
223046
230841
176434
208179
234343
200750
193610
209938
189472
192980
192300
200161
231354
200490
199550
208161
348066
214371
208548
231658
274455
179478
228067
209943
255500
190835
204560
217855
303350
236690
214875
223775
269522
212530
217711
223050
220857
272717
259809
239061
220662
239461
180924
257179
278218
218482
223457
238747
266443
173076
292030
256241
301025
342713
316414
286472
284671
280737
304293
285565
263592
254723
320609
342771
318021
273717
288907
272607
267076
270841
321031
203572
208470
199456
206797
212364
195613
207690
204209
198046
202625
243872
231641
214504
212310
225448
221930
211096
232535
163219
212598
221267
228751
223550
360576
275206
219199
291970
270249
244291
218837
310338
206968
329160
379501
215941
244776
246530
259342
179199
185404
195478
273118
195373
382904
293345
300086
261421
249181
429073
567112
252054
281819
236886
307087
275913
304288
262189
256777
297119
257252
266976
313575
234179
171440
208441
225953
276646
195278
226553
210027
244713
348196
285613
287448
216484
202831
198141
199408
245477
388975
153253
207601
164968
310084
216764
223512
280762
198184
279280
282448
226980
353965
298430
306275
248845
310981
320986
283430
258006
324100
248493
289834
299972
313762
307944
302238
262278
249636
292146
282361
206749
238832
261242
238975
255209
203912
277440
212711
266220
199556
224133
267870
245319
272650
249519
248599
260744
182980
286609
234330
290314
240783
279136
247825
222982
251256
224503
201099
203379
198495
299767
223487
321677
336760
280082
344202
247194
282868
280819
259635
277916
316120
257468
272654
367438
255193
301415
265280
304068
293998
310691
273344
446205
578424
292728
209749
284278
235742
247754
195527
205720
228218
250427
242437
207717
179956
234676
257543
252357
242489
232803
261780
266091
191202
239172
301390
292283
262144
306604
341224
282639
281764
220687
253252
188867
266182
293363
449018
205951
249815
306556
293526
261255
203349
191220
201237
260513
218205
227140
238720
218276
209309
258974
225948
195791
217865
242855
244612
209354
227928
209339
239626
217806
199038
185760
175386
230675
255665
211705
199102
273366
247510
232244
219937
274305
190224
221164
227006
232440
208683
184138
230223
261528
242378
204416
238738
215760
246050
212727
148356
196592
276930
205840
216616
215694
226906
257270
250705
246463
203374
226189
211193
291316
228872
235649
191142
224178
184290
217088
184644
187597
228900
147766
329076
404469
215322
252578
234355
182931
349095
233691
372855
388378
229757
283011
241636
294224
261451
271838
253628
273187
208334
232157
311628
261299
282950
321817
342414
276270
293779
294387
315495
297645
230677
255406
290517
277769
284931
278489
266591
281850
218767
256788
270009
254297
304924
508833
268155
291754
265471
277843
344338
248629
243740
240718
266316
293809
238110
203521
261056
287698
248697
312953
330331
271207
277831
263034
257270
369816
238531
264249
244588
290452
235057
246348
275252
252553
296630
226034
315824
276029
268291
254137
263207
433054
412875
253372
308782
247488
261928
429891
330695
258307
296539
257882
242846
254117
307386
245895
277624
227525
280458
268435
266372
490319
256386
277515
265540
240821
262388
262066
281274
328754
244953
248306
243177
361426
269265
279863
233951
335975
202591
261915
277514
425797
266111
339865
252410
260756
491133
389279
323546
296982
278789
418819
280634
245085
277680
309412
262360
360196
262326
277148
205764
285060
216014
252441
294852
296134
289389
253039
192550
190913
272842
260388
240287
211205
231388
255695
302284
248652
232720
238567
264225
264259
242780
224277
274665
225231
255743
301776
273891
238181
228009
266253
243033
296034
250570
217631
268868
180605
224322
254109
220030
293060
181189
266215
244226
271754
235346
229211
183464
263903
268370
289643
211998
208770
260966
224710
281448
292061
241879
213034
237645
387832
231960
251946
302923
228724
272540
240773
255640
252567
246569
247012
233097
278252
216206
215296
272965
273962
251504
242441
266874
269399
209515
223669
267170
281843
211702
204925
250603
266636
275052
233337
277229
284939
235592
266594
228783
224484
238297
181940
321625
297041
216164
372437
393095
523918
282221
286895
242367
249108
333079
236515
327857
205964
253642
262096
325720
249391
340695
248333
278074
343426
245791
259784
313549
288835
240451
334152
340647
186531
223484
287081
186750
193743
176302
248063
250871
301078
261252
238422
242282
259469
319320
272747
244516
260566
233436
249610
243306
270495
275069
340120
254007
328867
285232
255374
292048
263446
304720
241147
242897
272038
330353
290160
268238
245341
267496
237893
201894
195543
194559
179974
241656
197245
171907
184156
182699
221781
219817
431702
276103
285323
227693
177243
192715
263510
186451
180873
224966
197454
192040
180315
200111
159399
181366
178035
175485
230341
196772
193222
178710
192297
175985
228551
266081
212623
259627
223201
286711
311707
293905
348242
352785
427759
170619
176839
230475
190300
288123
195581
279486
237405
338458
317393
271695
236740
254155
226074
198696
229723
183794
255582
219342
267460
216564
309542
147222
200413
195678
175237
207570
257469
249969
200797
268612
222718
223786
230973
222490
202477
243586
265349
248528
240116
206923
275715
204743
302183
222116
222843
225197
293691
276189
209065
211978
171718
249548
224316
225264
217268
245660
242216
288435
270555
271113
271447
252717
225622
303345
227791
278729
242702
246611
251170
261677
259675
232095
241449
276387
257718
296411
230659
232323
236144
221951
284290
266477
293346
241738
271631
252808
250261
248831
250714
302985
332134
253926
184307
209264
195629
201714
180320
256699
241314
280070
247392
235256
198310
290990
232276
222413
283194
268339
235979
217513
191344
194475
197988
195463
326488
259242
308641
251462
332348
261018
234456
316896
276917
283743
238337
279012
428063
269416
228521
248310
271343
251422
243674
302805
282154
278013
255506
236275
300147
268380
274197
239829
239524
306818
304818
297249
335162
284724
238757
247231
217312
289435
260335
223057
256701
271284
255668
279757
220107
286438
265875
244352
247369
181592
208569
269900
267761
295930
241880
277676
197694
303011
253270
230286
296607
239505
252288
212565
290016
244306
276564
265626
258891
314761
273661
236822
287324
263500
265753
254892
273502
248217
231812
238854
314615
271476
237366
324373
275280
327352
264096
238154
264708
264846
231673
235412
222753
249052
239949
256039
212799
269627
259548
266883
319609
239048
278567
245863
184019
194637
159200
135516
151615
185817
236253
203481
169418
149850
229510
231740
349545
196551
254899
213577
288129
269391
293309
240617
298248
304859
294800
190958
256136
225117
418616
665420
535880
405854
278304
308273
266845
253080
330847
286690
328633
194687
249693
234636
179659
239822
172089
148814
217504
181875
192573
194239
255535
180853
246971
213567
192391
288102
277446
287080
236495
265000
220225
221472
244735
230735
204478
275011
183139
291568
270927
405571
218017
237466
215679
224621
259796
307268
200636
206050
182232
213222
132085
166449
158181
175822
221379
188061
186950
209300
188889
186100
195087
186989
212953
188863
171507
245164
200047
211227
221022
198034
187433
228629
179096
231052
137596
166764
210109
203170
227960
204178
178624
213730
181696
195405
236363
246695
241106
311739
289903
351964
265999
227836
186608
189727
196359
187247
190975
211043
184954
200008
197880
202819
204708
196606
181440
262075
119483
182361
179801
199779
221509
174025
282094
233319
258673
223729
192432
462540
269322
560334
339809
279002
196904
194426
195505
210850
227598
261402
176194
233846
202610
251271
231927
187724
259068
276011
230702
228363
288498
245512
284291
262672
260174
298571
207947
217936
226280
266340
246621
271994
252396
246560
254812
298055
243057
273743
195669
231870
289848
189805
271248
312047
225359
176721
279775
243225
240784
203350
264599
265667
207867
192775
196558
169129
186487
199376
199182
232738
213762
192085
234599
180062
254180
182074
177924
186480
231398
239231
227781
234702
164282
211471
192331
234916
179402
221263
171368
186659
180669
173609
222424
174874
229014
180798
202068
152288
140184
277106
208232
188841
186900
181596
196682
257701
183674
269642
289810
204887
168718
228547
184755
232300
185832
191072
238506
306048
197088
322573
219553
361637
246171
306807
300125
222060
254577
174787
655083
626182
321183
267569
273528
291199
528498
203296
352105
394772
339003
295162
220137
410486
275594
237564
230915
345969
296255
193677
215886
214196
231866
221936
464204
238683
251667
242376
260492
181261
293263
263460
291442
228847
253385
215885
271316
269228
237517
262631
299480
177139
219952
246553
233672
184567
200760
197964
197154
183531
207686
227327
221731
257822
301273
271244
222897
284222
276601
250048
227315
229850
253071
249305
265267
264007
244263
263338
268479
265794
228006
206857
270585
209835
195842
202949
171994
204124
242936
179938
184555
212562
188142
181113
182531
169907
191546
221331
227550
278838
265109
143195
325444
230183
251503
295038
252439
264587
245816
243526
319395
251812
191853
169251
181408
178923
180989
262516
260793
247525
256572
183736
286242
256591
236072
248301
229490
296325
248738
465972
341258
326771
382457
339080
286981
305048
253230
278443
237305
229048
262099
232343
239459
230952
252773
221962
247679
221414
219244
248163
276722
209464
188029
188020
194867
226551
234635
161576
224939
266865
184926
218796
331980
278493
322788
243101
248579
234680
170673
277942
228469
223480
269308
242106
213561
198101
236465
230879
260745
239552
269349
247751
251016
245526
287974
255244
241987
305418
249453
238012
223420
277139
427393
317831
220071
218221
235585
259262
303868
180106
337736
236314
223460
238959
242329
224137
247814
328470
250797
233661
193926
208096
166897
166599
172969
185396
192941
210037
175020
159114
144926
279654
191948
203845
1178501
198391
185887
225262
188289
234486
222902
183272
198621
153804
177541
290538
142847
181073
139655
175590
215658
241597
213584
183826
175721
178857
223232
457947
247788
155586
247114
143193
181305
175798
216815
193418
231880
215740
198406
205035
189761
250325
197423
339134
287541
244668
156543
260195
261294
250387
216231
189664
189541
252084
218756
249805
209330
268345
266148
272182
228111
317083
238030
188993
283085
239266
330270
246765
206055
170909
179816
172484
176394
227005
326436
244116
218900
209483
206013
238586
179044
230203
241161
245821
209561
305702
284659
269437
188490
197886
351102
180192
214916
179252
197547
229671
174656
209488
184110
116986
233797
170331
198553
219820
242685
230148
234830
219358
171114
179428
257578
193777
178525
167456
211169
198877
227561
168410
217529
244173
224799
242258
229932
225395
278561
331658
248631
204605
263421
206489
191202
177004
180850
221489
266731
249185
229257
292646
244647
249532
227402
256697
246675
215117
266231
301520
455525
407535
476413
322351
529623
410373
493410
374357
338846
206253
432265
364627
307225
256609
284995
254882
312438
213851
223736
241018
223580
183524
258261
245185
303224
191028
240198
219831
251460
204200
280477
249397
262449
246413
236833
205022
264442
228179
179458
243904
256626
219602
161259
183367
170601
216878
173868
445341
232669
132486
200092
271743
411209
280153
224196
289973
318200
275609
244171
295934
229153
269914
198203
236502
217756
222521
241739
215894
231386
183660
207281
199877
234900
270302
262037
225089
217700
263792
267365
297778
232238
234988
252355
243836
188571
349188
281104
251300
262098
217082
252532
317598
256381
217152
264211
229157
243938
234863
256533
239395
195702
229074
232893
246053
235452
149738
274185
181332
191010
237221
231335
232691
257691
220469
177940
292034
208679
273338
507978
297447
307491
311283
301721
268110
250238
250065
220331
231634
234436
297131
201588
213956
142581
245038
155525
223900
208598
179708
282038
234138
201511
225798
197142
244145
218520
210492
234488
216487
230177
262326
231242
205413
196590
258767
223546
239821
290252
255669
254242
289382
257241
245827
291154
306884
328594
280569
250652
241382
223381
290574
191162
229248
203337
228045
255401
278784
195209
194991
244939
221137
307942
263027
210720
270491
174608
248946
259394
262414
217669
181545
213468
321190
180739
158334
170891
142676
154801
175716
259525
193743
227997
238193
243420
231918
224544
242770
185448
283896
239989
282058
233630
228657
246952
271494
247174
297657
217448
276285
281356
229000
264564
233447
265858
244962
219971
247817
232800
272742
224748
243050
302778
178137
253556
176373
228304
197177
296358
215738
199397
209981
268277
227075
200413
260527
269914
284007
273395
209079
307990
244948
184368
183086
189129
193716
158465
214174
232954
182184
199005
245869
169998
210940
153968
125081
230337
194042
221724
211599
181745
159895
236314
222715
157020
169046
129836
234058
178356
199722
221548
176035
188457
172975
173624
177701
178316
213234
174504
157537
160254
229828
173597
174941
189886
226827
240777
255268
228805
224288
226123
296517
223308
230151
237157
243303
185780
255140
218130
261389
164032
230418
244496
236918
231873
285392
320797
304392
191903
163520
177330
180177
176414
170344
171746
172816
221668
173648
178513
169255
178128
173980
222806
193630
246373
256607
239260
208313
292573
254001
240756
212792
188871
247530
376568
283946
239016
246997
366842
314690
245380
262261
270480
344740
251666
140537
295098
459859
189380
163564
157328
164685
182212
189199
205281
226627
218192
183682
186965
170243
171839
160314
227999
162906
193583
201893
217271
323329
243927
257780
228777
217030
269770
292457
222500
225400
279863
294635
254195
227312
244884
231447
326053
243639
229012
209961
256255
446973
271859
201404
211221
165397
178238
207330
190705
166682
200878
230752
167440
159884
172717
206028
154975
132715
185299
178938
180845
210289
199826
224310
162883
151396
190828
184705
219963
222359
290413
234982
179414
228892
271649
250792
226045
424861
225208
288187
173594
224118
218846
357535
226551
222604
241533
200412
236080
213434
278037
236199
234561
220482
267939
228496
220862
220358
239732
242019
250632
233123
313722
330293
265925
261034
245286
187267
275590
247521
227177
267085
211265
217294
259087
289976
448990
222933
284541
421634
363398
476720
260480
208135
225301
236054
259039
293819
244840
219710
220440
226833
243130
255126
281709
275666
239017
251164
204605
256056
222825
250893
244511
202664
243840
266177
172298
163576
190969
188738
268018
175895
203215
165145
281530
249776
181062
226594
219078
275679
251603
282012
246696
269646
225895
253840
279963
269114
275364
248757
191991
286794
228524
309636
276724
180966
228109
242653
203927
313691
233051
300230
239226
242331
282481
256820
184638
289904
240800
238661
181346
401036
277712
175469
193997
180893
261496
150977
172684
193568
168727
215226
216645
180519
227739
282303
206792
303590
185175
203259
233739
215338
203026
176446
237769
203618
161394
194166
201285
216057
168002
172595
186377
227366
172906
216131
220361
219543
276662
214340
260767
220253
195356
294185
156959
216173
327421
667623
375246
268095
260957
275763
280813
298675
239045
462006
184170
899934
201697
183914
233059
190382
265642
204895
205102
202942
225967
180012
152005
183730
154021
166811
206848
175551
175149
234721
211540
181037
222984
233474
246041
234942
251356
215912
208965
208163
186833
146690
248207
275792
301611
240007
282265
257816
264365
217768
333863
215069
282606
243515
221377
231942
317370
227336
382454
288391
217861
288441
261879
241968
347160
215517
254268
221083
269707
163752
170868
161401
204205
183940
192450
182635
245573
191839
173220
439444
203342
179339
320506
234965
186649
170980
191185
180604
179291
259944
222100
180512
135312
254978
156767
228800
321759
259133
291350
251721
234503
265098
310136
251106
221155
234415
244192
261336
337857
217588
226565
193574
372928
230729
260220
334823
280439
226844
220189
504097
510542
363748
287325
172638
223010
261590
271935
241580
216834
207059
389694
237474
199069
226422
166373
234309
300106
188542
224320
258384
231713
220603
319197
216400
307293
232792
285539
219185
231893
212906
208162
174312
265884
281054
279108
295627
231466
259958
242710
331151
196624
200633
278856
182372
215655
183410
249867
292285
287570
232865
215587
270235
225027
296208
210981
245628
267363
339185
257038
225199
200510
244225
277947
231644
235127
224980
353760
206653
254643
223056
230416
245225
267900
279144
194466
213388
210758
209313
241441
273697
239136
236939
210355
163023
188045
152825
171884
177243
293292
166776
187282
153159
191409
171403
160698
157793
158984
173894
213894
186543
128438
116156
220413
169149
206533
208426
161969
170286
120694
254456
249821
233145
227323
265303
240447
213330
213912
234482
481280
557896
299150
300233
270303
279045
319483
243933
278041
239973
274732
226063
324468
309829
262299
215565
175452
288001
213146
232498
252128
234920
292007
211480
239173
277148
202777
227678
248332
270380
220684
200045
226921
224927
228465
320326
233649
207669
307333
226690
238236
263857
220699
270560
259589
243691
284699
349475
309518
320546
241377
252383
235931
263338
273703
231938
232370
287310
239806
231632
272576
436867
209342
244240
200269
170678
301957
302314
190006
224012
179310
249652
223476
228638
217397
217006
157841
247578
202674
219824
187140
197237
258351
162247
193352
168160
183974
187512
255781
186498
203685
264163
227810
182564
232230
155616
179272
137388
149832
216320
159067
171927
220912
164190
159358
225917
156938
192580
236798
223786
273033
161270
179770
223099
219351
171246
186085
176608
367618
270198
230073
226445
207426
238161
233262
233015
171780
211538
297931
238956
243653
230268
287914
260338
222446
281456
217802
228139
219158
247443
222790
231458
237285
267926
268785
193798
224842
236729
284197
182358
192046
177185
172538
177172
354089
161986
172422
165703
184941
250293
238870
247015
235075
280525
215137
241858
250894
252293
203942
199132
157840
188166
215990
217892
204938
198799
190610
201908
219698
225206
191858
269518
162354
246471
201448
223437
215256
206056
236970
247414
205600
220102
145828
165610
149466
222456
174031
223746
187806
197508
187337
152171
202758
179166
133480
190112
167775
159209
179259
147382
168094
147933
168009
156821
172364
177093
195054
242794
173127
206529
199053
182763
224937
180300
192791
155432
201959
194582
151573
191740
166739
171939
176727
164267
219582
228134
216931
350536
394095
347088
308824
138903
227550
192856
198859
221529
161626
128885
184884
187185
186929
202100
183975
215318
158149
178833
149492
192767
231067
251319
237826
246703
240887
275590
156526
354065
256907
261189
238776
294412
259700
178179
315600
241686
220974
205676
188743
228536
211471
200142
233531
219714
246985
215228
219831
197280
216356
248635
282883
335479
323400
233655
250730
221076
198754
254805
216938
239588
232480
257974
220038
266539
219492
261414
263550
337936
262280
288704
219376
238745
265763
213998
222110
242101
230458
228083
209987
277803
163421
299091
261840
274029
247853
218220
285849
258722
237643
268647
224663
239824
237533
161996
226384
223431
228439
220632
224234
173850
235415
237819
218637
183820
236004
210327
267362
266942
252535
240939
268300
269496
233656
278128
199954
213970
239071
302848
455383
143851
268190
257805
248211
235679
355233
298117
191769
241389
207576
309337
221836
216604
262347
232777
246626
261009
267880
245925
243826
261985
211623
231922
225541
289563
299603
242665
235390
213658
281681
272774
211950
218613
200143
274272
234966
139642
282351
230974
268032
133258
228275
245164
242694
193115
266359
286952
228675
201821
289479
286518
240138
242673
300764
205446
330020
260948
275453
228685
216248
214355
265974
159273
221820
310661
254875
189126
198250
210330
236167
225020
218887
273322
240647
210904
252921
232438
254739
223577
208253
257975
479523
227309
229672
223764
218629
229412
197579
207880
221608
240490
274918
197076
265597
228448
209827
263604
207564
237217
161114
229003
280466
187510
196302
251068
156439
156686
197235
165820
182871
214919
128913
223537
273316
177458
249430
350716
521112
282483
219240
177125
175552
384816
166335
180508
163881
195454
163247
161532
163887
269727
175740
200059
256628
217299
202152
281448
214525
290551
232552
183304
185822
223921
283744
203092
277136
231090
238422
244603
262198
214401
383196
193368
181782
183403
140344
186283
169875
176718
218197
158570
158527
139709
119024
168170
160904
142118
164012
210239
190016
925116
306124
236090
231716
198588
348744
231971
246069
181371
218227
262967
284257
193954
231907
235142
247594
290502
207412
223640
298110
229692
222237
252567
177851
345949
286538
199991
252555
252664
243597
277156
169162
250423
209470
243843
226633
332804
308676
223782
224529
231905
270607
223650
252097
198456
270468
163133
261227
279505
244402
224943
245187
212312
222274
235035
202895
207907
205431
277499
245990
261539
264966
228672
218097
342431
436961
216164
215806
251058
408204
247894
204920
268291
212760
243062
212798
211840
210152
223779
244461
220258
289525
250599
251532
195114
265352
226501
268901
277342
221425
191907
219342
215059
243315
220865
230125
325900
272463
287926
235140
245474
243981
240759
215391
188910
298022
212884
205341
265624
371729
203930
256984
282972
196360
304569
238809
226461
252753
242322
359732
292326
150532
352162
254681
193049
199282
211219
223031
328615
196291
200049
227544
264718
250460
251451
250538
256063
385298
255872
225126
440987
260409
281019
171208
156741
151606
221399
171062
172570
172689
198739
154222
124798
181381
182889
168513
155628
211665
191077
154450
167054
221757
248121
212806
165652
174367
196120
170746
177835
187623
194515
213755
167941
219859
231419
254982
155085
259930
190969
246595
326317
336475
621686
471163
546631
238291
256213
266533
213316
234074
236420
243923
225859
214642
222632
263932
253021
219877
315649
239993
152723
276286
261425
213694
244898
205215
236380
271789
216939
224661
216225
149370
316467
196320
207436
402126
284881
406174
173114
256364
234090
209801
273879
289696
268918
298577
172527
175944
121328
252823
199216
194240
166123
185616
256224
288301
299743
218394
255253
256375
164672
220683
234385
285174
299036
208928
206754
214106
216732
229191
219756
260536
204570
256151
239544
160831
246759
214274
210502
217886
211457
255856
275873
265837
251809
217796
246417
206842
293213
257745
188515
250320
193583
223146
185231
162473
182733
148171
158886
148427
207555
210219
202954
173313
186035
168824
209025
261359
186603
203256
173404
180271
133562
164704
163909
185725
191159
182591
268361
208099
473884
339128
543520
276996
186789
240851
271463
220317
211328
136390
255245
303538
263313
221229
244598
335308
215823
207379
289971
231826
329929
243741
271907
230982
328701
268658
235316
213745
206376
246713
238822
212314
209215
251293
232183
273072
220951
250478
153508
208532
161288
164990
188871
154348
154316
145052
167797
213289
187620
248486
231414
213271
294238
235394
219218
180507
273459
202679
210956
161428
218188
292327
251305
210822
228933
191253
172256
402184
255584
157402
253530
202347
216525
221862
228692
190193
218498
163291
207169
283840
160465
223208
237958
186959
204626
165915
155982
167753
148135
199815
166273
253686
172017
165279
241966
174543
227503
265242
211775
287961
208136
189220
215973
221717
252428
291475
211360
202804
238270
272720
247379
185306
209768
247533
220280
251584
262116
196065
266867
518585
548272
491897
380798
520830
303736
265508
166898
148622
146486
168472
184755
206384
160366
166471
156058
226117
241352
198751
199721
227142
248919
205678
254760
229204
206603
172182
229305
349892
267090
314901
224826
267694
267497
233773
389206
267150
314657
289618
274357
232000
258658
199889
240998
204588
252550
230017
222805
243037
242977
245270
207463
283587
317075
232988
228904
196711
279170
187780
522549
214973
270687
326173
186615
223215
202602
272323
275856
267250
212292
268726
193148
237641
210473
181859
216401
216145
241944
208345
218484
301041
262039
214513
214504
284551
287363
245042
237377
158363
166832
211903
196975
241702
178385
206736
202448
228521
192425
193731
228584
184634
194029
178549
222347
273823
202144
245635
247752
252640
199768
297010
399340
258632
239507
207069
205803
146377
210907
478469
301813
240036
253471
246640
189326
173721
181520
167160
182047
318538
173346
245343
270879
224514
224788
239041
220380
233273
176596
226729
207239
218970
233809
272213
205099
253082
231415
180116
221134
215043
236628
245751
236374
298691
262364
243111
206382
213130
207881
209700
228514
234549
205408
227863
213560
353746
201323
194710
215739
256630
221046
148514
242762
275224
243919
192808
281501
240836
204170
167987
229397
252011
251547
234725
239755
241155
245641
230764
270623
236726
215985
242421
257540
217754
224225
224735
253449
242134
262666
269686
191650
255299
236736
260536
221693
212765
264029
268514
323067
262904
242461
286979
287203
260748
315720
236054
293451
266283
247505
258444
250338
255953
267773
264994
246624
290047
279736
225877
267426
195196
231569
238192
233043
290317
235273
227238
234401
436027
393007
177969
205345
218406
231170
242208
243128
210228
267302
252049
219532
247638
218512
224081
148516
121554
214130
255099
224702
215805
178701
242776
219456
224976
187598
172010
310740
200152
219912
266810
296027
216524
224687
175082
196603
218972
239776
266522
381103
283048
187723
232261
207601
243262
202771
267542
279152
242403
224778
159283
232690
268406
252899
164466
312971
327718
209127
204772
245450
215771
279256
238087
227884
236170
208822
204010
172636
207048
240207
177630
184561
271078
235996
225234
225997
303986
244361
217951
185225
224806
226860
305414
228765
150142
208665
196388
274619
201670
304532
215508
281428
202332
256529
398982
248964
698262
231974
223686
209435
184804
220375
287081
233357
226230
269441
237247
285560
317479
238833
266737
297288
222458
241305
332613
228081
246314
262134
462966
554416
313758
231308
247488
254401
244432
427606
176080
237737
305224
224414
264789
209681
264431
218274
203287
259700
278335
228397
168557
243282
249039
225762
232474
250102
257609
228219
265558
241942
237354
234164
168620
273659
223691
316314
277714
238635
196726
259429
198491
209156
377388
282941
294310
267077
336773
250096
221219
229764
208152
241801
286602
245466
219399
131464
247929
219661
255174
184693
261586
272891
386991
220263
269753
278554
188698
179728
241240
236667
278987
204336
213224
196591
167402
219059
208645
227789
213841
205762
375036
225309
236007
246479
220295
241033
227101
249507
244347
176249
241603
199653
240334
241600
282868
206903
240569
254356
228358
240756
239560
185371
264174
249490
210256
274361
229523
249496
270198
283954
261918
184912
293287
207568
206543
202771
224220
498616
224754
192726
219609
288024
421407
218492
206790
172887
180907
197166
164746
166938
180201
196136
210130
192891
193184
203089
181507
416782
179891
203789
192161
156426
167293
267413
206805
216709
221508
250437
176603
202858
222078
181244
150683
175835
190120
199960
300762
210699
206850
183729
208346
212893
266406
291655
217792
233186
196504
140519
153776
275635
222581
173253
246424
244420
221257
361613
197479
319212
235544
239662
200894
238808
230814
212676
330166
259651
282939
221685
231775
161546
167855
162890
169776
228304
226250
202349
153975
292256
228838
160769
232119
246832
218277
242454
219625
206588
155616
226454
250337
201574
158517
227325
243658
212190
125510
245873
234286
220157
217334
284215
204817
208901
220200
188983
269331
216080
281425
274004
258432
233855
208797
335030
235169
258832
173699
555695
237761
276727
161084
266517
240407
258300
211419
222185
316700
224875
218955
139719
225015
496055
233631
395160
236565
269723
231447
245238
282914
218770
246422
272725
207410
215756
228220
218296
174716
222985
221843
201679
229006
194733
263384
239320
230183
288945
268900
206703
198340
222867
204630
197427
258151
159515
289887
223072
246510
404537
281585
288363
275843
233649
206558
223924
224734
310295
234905
237100
207293
222355
321995
245908
284338
219873
200853
229867
199663
268672
283587
334852
196522
197521
228574
236652
236002
262927
140418
158520
224383
198622
144013
202089
202358
222492
258383
312661
219607
191480
243419
195746
189840
257303
198226
184853
201010
233464
167182
219792
195753
193873
206377
179369
240566
183607
244341
191059
179374
211495
188006
182941
180725
166694
246836
223963
241697
243649
241228
288879
193428
235293
284002
231347
234746
211830
244515
320329
229554
261965
212126
283803
225318
270550
224071
223288
212420
194442
218215
245016
321119
221731
248320
199459
240736
274463
216352
314726
151517
257550
221319
253827
127918
279402
217177
264053
305459
221799
240438
258382
290159
198602
296795
220402
274092
180215
215833
227245
279990
290028
225651
213416
217790
231479
175822
324568
289008
234845
188771
186268
257464
192845
221019
241267
283477
160742
189764
281644
321419
224904
303090
223165
344282
164616
231152
212979
218108
214061
245349
210845
152958
222632
220534
221809
235795
220536
242342
144590
239908
221870
279259
260268
224211
210134
209316
211235
245882
207664
263699
304140
221571
209606
207835
255222
248841
207977
229987
237026
200387
202010
156520
229667
175825
262637
308395
411745
222323
280146
208949
200590
189793
223145
166493
262862
235496
230502
292777
215819
174027
239213
231869
218521
260886
198648
205766
258205
242768
332320
236777
321628
233849
218847
218996
162988
212512
267137
227136
277948
226167
266076
218699
192863
315366
274083
301023
228062
232655
229795
212147
328408
205429
274118
267277
233953
188002
237888
206573
272750
209588
383014
210452
305575
256404
325524
209807
231174
215700
236077
227834
293573
273336
257005
241075
225589
165166
279922
221650
215360
233474
208228
214024
208767
210463
223581
240938
300653
258072
224151
222624
169964
225828
281933
264507
279822
197062
268078
248449
237547
195497
278181
248408
252611
252210
234790
252006
208871
217241
264455
218541
280934
220819
229432
209270
231866
267018
249764
241418
216510
228750
219633
199904
211902
231872
695478
532585
242576
249004
227245
267790
270290
266567
222186
188089
291214
237306
225377
211476
250544
194250
283931
213569
234670
322589
235289
222557
209419
210942
256469
241894
195566
204486
203203
417072
204315
230674
183382
279149
263390
273620
260342
208751
228542
207848
209974
222345
239062
188523
212077
188783
229546
206465
214116
194197
160548
218372
229982
222655
185054
197101
142857
159744
313543
197059
290049
282600
243129
215096
219462
205701
197220
219854
247318
159688
206128
198694
212752
206485
185209
217176
289961
206844
201998
217006
186409
190913
189103
208602
210033
267219
192998
243612
198821
165815
195294
187696
195521
258529
188844
241060
193176
205138
226859
198147
244807
195333
245367
224441
202703
167911
222358
224593
234883
180325
181063
184374
182451
175361
247104
247133
209980
207353
406500
543720
272440
334866
343693
232269
312236
307138
549181
196937
242502
182811
242703
196932
157709
184102
202411
196355
209862
208623
302386
210383
216825
182727
193796
222364
203406
204634
231820
259647
220927
216145
213959
247200
226782
223463
244030
226006
247360
202550
233576
232576
222764
184048
360693
203266
221535
374505
259381
205451
221522
264770
245748
245180
246828
246153
196473
280320
164269
214236
233572
201780
211488
274269
227736
194359
216904
215334
279682
194224
226105
202401
215119
202362
297212
217673
192647
202899
251038
208761
230270
248564
228341
175236
195134
193734
219531
385685
194785
187214
271298
205929
217948
279637
210165
220918
223197
234459
243137
210716
273281
214919
214341
208489
198292
188738
185987
166584
252712
201526
226837
262930
190343
193748
307508
195348
198685
280422
387495
223919
361545
567814
291274
383548
323074
225001
259752
177308
243444
174753
248643
249579
194554
354111
207861
214719
248717
212612
205602
191675
195399
215408
226759
196178
267537
238950
224111
240199
211163
272820
248839
205148
202344
284936
224505
248951
208377
242980
296069
255329
195939
233329
182752
204967
218757
242049
284592
130815
232557
163525
250892
178682
178574
233777
251938
228095
225142
213821
272205
232620
183069
276563
214539
202635
210366
212116
154579
266066
196385
223608
287962
197404
185212
191637
203881
143503
218057
209767
288680
231894
265910
207742
280044
287447
237156
288636
178656
263989
231303
218899
199878
226686
295484
283885
323381
207135
194568
243149
202766
201098
320482
351502
166003
415974
298695
325594
206403
212834
205213
123823
169134
146247
199071
254191
192568
211918
354790
390922
242755
242494
247122
228643
262087
225388
255636
245140
207919
327835
256018
230523
193680
253002
244313
282109
216085
299456
229189
285722
213052
239639
191043
315335
229715
233123
171950
287537
314728
226490
209818
223834
296984
461299
173244
186033
261290
213025
245842
225204
203838
229739
235768
336538
232188
265560
221174
222920
231601
223722
225668
233668
277905
251633
181858
214563
274950
217198
207734
235617
155559
206038
220611
211183
262072
222121
222231
360310
195377
209871
211754
285466
133341
217586
223453
296720
191679
199335
319352
232789
212207
213178
196364
234973
220632
265296
173473
234518
259512
211693
253072
243326
277155
265344
303152
273008
178152
155784
156255
105181
160457
111357
171826
221538
263254
278212
266449
201545
216564
256694
223688
241232
241328
206678
229624
277028
561220
197902
198403
280523
409480
243275
174065
265692
215163
205746
278996
182380
248070
204685
208627
224731
190521
212722
253605
198400
247294
245478
194790
226138
221206
188673
260802
223106
187347
220191
211140
267515
215421
197064
268928
224248
214521
250918
214805
302566
424442
240209
166605
251221
231977
205404
246190
263356
221518
191450
218456
206962
294104
259326
197551
224935
217636
211503
218687
242332
200004
198102
248555
200814
209691
215037
207066
188694
223199
235167
255902
182488
128234
238317
280222
241740
310128
293318
262543
324905
265033
160918
215535
194215
199206
230060
216764
195270
209083
214802
199725
193578
290510
163396
183841
274379
281096
147293
195489
256289
186091
217222
267774
211733
243793
241848
235712
255881
161286
300718
202277
209939
239048
252970
228092
212171
275240
203596
265821
281456
247273
227372
207311
214942
215018
257055
182800
222560
211250
257113
180087
176369
261947
243293
239059
205416
185395
241699
245522
250704
314367
232399
222628
197896
207165
210460
218711
212821
293064
215088
208067
255805
278507
216588
215183
228196
214645
294011
201319
241473
221770
246736
222248
202031
185954
186691
176998
214969
220179
194275
231537
238876
229931
200836
202028
220539
213504
189399
190353
218536
230456
218614
230939
192631
251964
178862
226533
204978
210874
325553
166704
181667
252948
221743
213337
220968
247747
228292
216206
203977
253001
188338
205475
188223
212244
300929
209033
245861
276073
243474
370092
283303
251271
328890
209385
189340
295407
240413
214559
178308
202729
211297
234737
171568
281218
278845
227435
216492
228944
202214
278811
284578
261389
241534
187367
223821
414248
610594
283414
242277
215128
271577
223674
225705
193362
224965
193612
214211
309054
246613
274186
244746
251372
252381
223277
270148
224755
228197
232762
160663
223569
293046
215292
227351
234702
263887
259991
241007
214809
195590
196290
292741
235626
205535
173254
198133
187582
199655
252218
219855
291361
222206
213095
285192
226309
231974
269128
245208
255468
238216
233679
356345
221754
265426
316207
255630
290551
218435
353711
241458
276111
265093
273234
232311
262274
256627
172394
244584
246603
260017
200104
235806
227231
236399
280063
214905
186508
175037
193001
196324
157656
234926
285255
225997
220763
238700
255173
392184
202954
209321
179303
398351
229049
221305
141726
181914
214156
185918
204337
228187
208282
241980
225674
253443
204688
251559
234132
277933
197878
203853
190101
210003
257314
246570
321249
203029
204329
239397
210296
228802
206501
220619
334008
375287
257972
210784
301819
259647
190006
275801
230008
192375
197764
360924
328867
308621
387909
221892
182438
172994
377087
203940
230299
167745
147216
196699
148599
201223
176011
262755
236735
145464
289908
219618
213789
224083
230175
257664
124226
158447
211544
331652
224009
246618
185262
119715
340754
216656
219604
198939
181730
185544
212314
204117
203294
258868
210702
234840
196464
245317
211488
277175
120246
241309
198848
212569
238466
198695
234223
289436
222648
198295
211251
257340
279634
252840
159730
196340
215052
182070
192731
148492
263536
191351
255356
201424
191193
301365
281770
194456
201932
193397
172717
286440
234984
178502
199668
280382
287928
223271
203827
291695
273733
267302
291898
219532
282215
191344
279525
261543
283224
257236
207801
209057
202465
213654
203795
244326
257610
230564
146698
270252
230271
211901
193985
219217
276413
210832
200040
184999
242341
228694
174458
151254
167652
213679
211039
218145
211212
200969
199419
211188
197939
244127
235885
223374
198771
211662
192490
204378
313020
135937
253600
192693
204018
398308
267347
228211
267233
173310
209639
264176
232010
253935
209340
201519
206705
241049
233278
245936
210648
235772
213437
205906
164462
287377
232892
202696
208071
229464
239263
216379
194697
211935
251206
216130
208994
240320
286705
230112
249167
255965
232203
206242
164138
270756
236775
231183
214868
222442
286763
206683
211634
218029
225637
203501
273483
242333
260932
190832
212232
194350
233671
241502
249351
222627
218291
260135
184772
171121
214801
310541
283411
175429
250739
226606
213068
267538
204167
231509
440976
231080
253136
276152
204958
218776
222100
281062
230388
253540
272933
216663
198792
275179
252747
256766
266106
267697
283839
150583
251826
158164
337964
297819
262185
278444
182475
262669
192557
358078
226003
288104
219330
279189
182438
193028
219955
200176
268826
209908
314442
331797
302056
227205
190237
320918
219762
189361
219629
309188
239533
257900
308250
216381
206921
269047
256308
208881
233386
272079
211982
274485
214172
216909
169834
220033
225362
207757
234676
173059
204648
253827
211726
220367
197749
274022
225902
208448
263823
411847
223303
182805
153450
234620
229209
244107
167695
218186
229428
245303
171585
227249
295360
285939
300615
265015
296808
284107
167841
218848
207061
210466
167519
236345
221004
214916
331941
238879
229770
233260
231295
179732
230459
365690
246353
221722
220769
718216
114729
169177
190249
213717
213609
290510
243835
248879
235709
246243
245906
243832
211955
278870
210926
226635
278685
300463
272921
218068
206163
214704
227557
244151
173482
199183
191823
193181
165961
193276
224143
158366
194776
207387
186116
446897
252431
171658
159851
235668
176020
151385
130663
172738
204458
161649
235265
222508
311211
223565
222198
207003
245914
160068
273189
272115
245016
215473
257854
236911
173753
146808
183195
216536
160466
146185
229407
145836
322594
138323
160743
227793
204499
180222
161425
162378
163700
182094
197844
180253
216585
243363
167085
368818
209144
239586
279264
212408
221982
206402
193924
164111
225008
251743
252751
172885
165701
199054
158100
176876
150832
151869
195736
222390
192808
198015
253190
243861
260500
195562
331553
157468
253352
214628
165694
228241
261204
164536
512522
221949
231090
234943
197580
161401
209127
378188
311169
154152
140559
210271
157309
167580
339585
210693
281072
153716
145304
151259
212859
263123
273584
216339
299303
201856
247787
229647
238017
223353
213872
194242
211498
170880
178034
238350
232119
217273
302344
265298
231292
240216
256105
219856
210644
264473
223049
293638
216096
307636
252720
268105
275104
216196
180953
245430
224357
256263
225586
225987
275181
255237
246414
282585
249648
239892
254499
286924
232280
217925
296722
112290
257499
214288
219425
203181
176376
200231
235113
191787
222701
190932
248666
252512
311566
226231
233949
219167
267953
222187
223075
242965
224055
204156
244643
150002
240211
309668
193803
221928
265886
200369
213306
416412
239970
179247
224431
274162
246949
249565
202517
221352
231468
208813
224317
346461
130463
147720
255349
203692
419182
248164
266534
230984
144666
297403
252726
238339
247848
216794
267905
242851
221540
269329
275260
300306
233578
212215
252008
270670
236827
204561
206768
223850
262088
291266
162644
112041
158969
165749
148070
174092
201023
161461
311399
176178
198268
153298
205390
164533
157970
182078
192614
186779
215799
178721
239758
169303
118650
346925
223202
163340
161522
297626
138455
238330
211846
323128
241681
365287
217043
197301
203610
186172
212452
230251
207828
220608
269387
308404
218245
400610
177030
212477
206436
206177
178557
215167
177914
183188
157450
162867
151434
149601
152952
191771
251079
188518
202508
148674
153610
161131
173404
173569
191510
146271
145001
190434
172973
161351
177705
172138
106523
119408
161324
162330
250511
149738
172164
260089
163391
176279
175614
168801
197495
171368
158861
212335
455555
371644
299891
230914
213081
244669
290124
245402
252501
223992
212507
214991
232914
174573
262059
204601
241329
299493
221268
208891
186862
201771
205165
245472
234323
338438
214758
213286
204989
498936
242695
251109
199222
197971
161172
263501
238085
224601
180153
192973
142666
248041
237296
202423
180995
165235
120922
254451
210622
156743
147241
179243
153622
185253
210089
250781
185097
199487
201209
297295
388329
184004
313564
251662
195914
207694
262593
203588
262921
1144399
228469
263644
194602
232763
213542
170525
180798
165352
259850
251583
300490
181623
165466
186217
212948
230676
292177
248879
242629
158658
230669
258647
235734
195340
263634
269297
227648
261934
222288
205700
219350
229422
241669
177986
148010
152600
166634
235265
156341
247532
252488
245142
258136
220222
292410
339715
503818
331362
394586
346983
312034
414729
224207
254535
260589
321008
229251
286479
216105
239892
302970
227946
222064
213737
227189
200454
182329
179388
237784
203305
160437
236351
299550
244398
198576
153719
209067
127948
170882
206541
202751
301807
219199
223187
220698
211860
312980
355197
242854
240861
243091
143527
207895
233541
183630
266849
223316
241423
228504
230143
234809
209673
225697
200003
160039
159692
226096
135364
146670
158709
181517
131287
141549
177485
235805
165285
100183
310955
151185
204057
261362
224433
222012
295141
195047
203070
222046
218807
267187
180765
270211
256248
183943
195304
245664
240431
166751
200869
222329
287138
247359
234558
192113
177445
246356
191322
205655
208196
214725
200618
237231
218342
222815
202498
406918
151061
248474
211428
387661
241996
270695
162409
260145
305694
254308
350118
165631
178229
142839
239801
167992
156063
132769
175542
228591
267337
211952
152545
241253
143881
220489
183895
206914
166036
271076
228483
222186
201759
246046
164425
262941
160219
204952
205938
242310
237963
243109
284540
217035
216991
209434
200672
272796
210726
260864
187350
174956
177584
161756
126265
162945
202568
202841
218400
245935
225697
240800
229371
175923
216424
214079
190083
180941
208617
168662
215941
135244
176362
204015
227376
200791
185431
116182
217125
169012
163085
126275
177901
146980
188601
184790
197789
150699
126293
186123
176495
210336
155251
205904
232245
132753
296269
184444
226595
184901
244959
210858
167211
306166
215463
229607
217518
228034
210945
205879
156496
220966
204912
234271
159323
212129
238183
219226
241460
206465
207816
203575
180688
224610
153261
211902
160356
147755
140472
324271
478105
216643
284690
269151
306400
214740
437396
278954
211841
218762
214453
194054
207438
224766
172894
277566
289301
260578
217864
228806
238295
224244
254067
289568
277797
221515
211046
207256
297310
222614
296242
246999
216836
210754
207662
228225
215943
266249
229108
395332
250437
235224
254400
172216
253119
211480
224296
217256
253468
226022
223337
215402
200713
246787
184051
307702
210369
303740
303572
208244
204432
229217
246207
221218
206391
205805
205284
271801
270205
216306
233136
213168
227530
155775
209301
247279
248513
226005
229078
166237
256332
267434
240691
206608
196081
225131
233079
268869
223839
181257
245498
242687
334529
248835
262559
267158
236769
160562
200347
147542
149123
220392
172912
222999
117110
218816
233526
231452
271821
321301
249095
281244
176397
283038
255272
293445
201636
553192
426358
432125
235972
180907
243815
243040
172510
214317
163649
189020
148177
170165
211358
118996
156187
224355
179890
210121
192253
210893
173369
167517
173094
175040
185908
162611
162216
167519
182718
188556
206837
160216
178066
113094
165466
172590
193682
189322
150035
178755
158758
231699
193530
165361
233291
204276
148231
150913
216119
161762
157621
175783
165139
214252
157378
242940
153602
269732
206296
222020
206784
297623
215091
193272
197517
220710
169018
255015
220592
211679
170860
136620
151285
183204
142542
204537
150561
160528
185570
194968
163636
172215
116572
157697
212492
153559
292370
255925
203551
226139
238836
229953
210908
231652
210371
248401
223870
211485
213456
201715
219848
210897
232900
245561
258796
223225
296300
198234
233831
202631
215024
238670
269885
247599
204742
231802
187767
228869
664441
419035
350262
637602
690475
268760
280016
463012
456875
333048
293615
329986
363565
412608
414788
347332
199544
369863
272463
227193
253372
227360
265290
181004
196518
217998
282369
226399
223783
154634
174377
230782
288129
146344
149196
175972
225273
187586
274287
209818
267568
268451
199609
220060
129243
224087
182947
221598
253534
169826
158478
208489
280346
233481
213810
241566
315819
160005
175016
161986
185464
160122
243141
166865
156588
155149
498546
161235
140865
140494
168549
178205
209634
161566
239519
313224
214239
234896
150911
146329
212406
299409
216028
271217
229181
105054
164014
183105
193247
169030
127515
213343
197173
234999
191205
214946
227797
210530
215156
263103
260486
301175
208701
272094
172522
214141
230250
267764
208112
162916
172574
181265
158212
166244
169770
263780
248662
261034
455092
241509
270674
188897
202300
191659
288407
182046
212512
262509
203148
265964
182446
186218
210835
206804
196948
204710
213334
255407
180227
212824
224483
233214
228353
405708
256933
256466
244100
291660
229986
224465
243699
254251
279158
279257
185341
283397
254925
291831
219116
275033
233727
218851
270003
274893
264683
224571
230218
208445
205398
277304
247309
204109
209316
225508
205894
212375
295875
208445
166719
209952
223872
226886
213424
196307
200832
209826
230227
230789
225817
232988
221505
262195
218526
225134
264052
213898
203209
297091
197240
239529
214441
239962
253136
251901
297768
258064
199868
228925
210397
277984
277726
246141
215939
338998
252198
205617
184224
287078
249400
256448
225155
196063
248411
259416
201146
230593
241221
317208
144015
295716
252418
193474
231847
167843
224594
207201
444285
306231
233735
279707
243386
226798
128958
190210
174507
204140
334823
211940
219590
282781
236528
232939
209495
175731
203443
193047
192085
221319
226881
220926
214367
205696
192697
218484
155579
216948
209083
275009
229990
207819
222192
240019
221436
165799
225299
362080
218866
279324
241561
224335
306756
214983
263821
325072
201476
229851
215765
195784
210056
237451
213558
304890
197890
263765
363122
204438
202688
249193
196297
298450
200307
193650
202372
198632
220698
180790
234725
191567
206092
118190
602446
253838
256549
246271
205547
216525
216813
275807
228642
296321
216448
213526
208215
257154
267015
202827
201341
246628
220167
223256
299259
264930
210165
288446
217838
228232
231406
219889
187724
252573
216983
213557
211171
326612
189687
160688
266517
235164
283292
252778
226774
282973
185919
357993
273072
214768
225320
213529
234316
223750
260944
233793
215635
221532
298484
225849
237751
211838
213356
291530
252597
231457
254343
271742
247381
211677
297975
239709
181013
366623
288172
204432
238074
233809
210207
212116
287465
160981
223973
239520
195048
210647
251134
250854
272331
337299
231208
232619
231556
212553
284134
240823
177684
220141
252211
316043
218799
213681
227340
222222
217321
197223
212320
265472
206290
207827
251643
193698
270822
213098
226778
210501
234555
207528
241149
299325
242252
230017
264999
292660
273899
218280
238474
220602
221866
232885
250289
248552
230321
223318
159517
215882
272446
268026
199218
263863
249603
211924
184536
222895
271589
215950
236656
181354
239799
180215
270650
200172
193145
223315
354300
376548
452930
264445
271723
199849
245819
218589
239873
278366
251746
357241
252146
207915
202821
250219
194873
226852
212738
211788
210090
230089
286782
274437
221761
274537
222947
223990
237565
207902
207930
203109
246422
225925
266563
211979
190518
244317
212527
210855
166505
184763
224466
240150
216642
274714
241654
223070
258530
328987
267086
236564
219444
239259
200456
208558
226553
232629
230138
154509
204530
237027
232315
239277
210716
217305
218713
205176
250795
209649
247343
226306
224946
237520
231896
232312
237299
187344
305474
241841
290137
220453
257100
315545
361841
201972
239306
207608
206351
191270
213706
245748
202555
213215
204471
208028
206313
191794
208822
180610
183814
187047
181056
229189
169829
441651
210671
247087
260332
268300
247316
236565
258527
213073
235463
223297
211575
200282
238580
192207
203682
228968
213673
259893
214904
198249
239852
263302
287556
332407
235603
271042
230228
212453
201684
246343
278434
246677
233081
228383
325043
225793
224541
258339
196606
222851
225008
269410
403540
202477
217169
204554
268788
213296
186935
154926
252232
219364
207978
198357
224824
309705
222551
213141
311991
208269
181632
155761
285600
195677
197409
398514
268229
212559
217387
232245
247114
270182
259326
300458
193163
239116
235427
213249
216556
236988
238631
312797
194539
157078
217252
205329
216605
236193
243194
259470
208933
113904
254823
229504
201575
188041
238687
248284
209410
133923
226492
194063
194189
214168
154893
198532
186830
225982
206537
318750
302662
266446
168105
166639
190735
308938
220099
329122
224950
186723
198358
192395
201443
185443
210017
196293
288760
270059
210336
274656
295979
232722
274395
229752
151249
200119
216817
326209
233643
210919
244621
294072
518482
222640
304107
245269
178536
237133
101482
163628
163672
203545
245778
226073
245003
221531
229333
237784
204031
231634
227831
242999
183014
318064
290381
206518
321930
233901
220018
298303
263234
241756
304554
206103
216736
194210
259922
226271
219449
231118
227874
247153
200017
232726
269566
220512
208268
323390
219095
326790
273852
252277
221656
226799
238416
200854
238696
233092
256289
176874
245428
210073
295853
246245
332868
230788
196668
216734
244877
326941
188425
198453
254240
255028
220563
300637
252494
244738
209231
203760
222006
176000
264024
165943
165427
240092
214197
246559
211070
322944
241117
264054
230912
205774
248168
230183
226240
225377
291831
222593
263918
259467
221073
251952
188608
298736
207967
262521
182466
354030
192223
185179
237571
233809
199707
238133
196923
257488
192871
454797
295882
239544
227270
245851
166747
260210
238890
136455
219721
205575
205416
179995
243490
194143
256202
301121
255832
181274
164934
253038
236918
216585
230339
215239
156891
282074
234577
211142
262243
274127
240267
281346
249593
208590
310971
166717
211377
192720
214685
210382
211559
225546
289017
201654
233713
225912
325144
270463
221863
221172
263934
226488
234225
227449
208386
236579
203119
268124
214073
234169
226430
271255
256200
218587
220082
225859
225513
217586
216376
156511
195589
301063
366754
276318
211645
221445
215340
231446
282674
174949
304715
227439
223850
230983
241468
217399
284925
193935
179087
224623
168213
203627
160171
209555
245706
235192
271177
257736
221318
427029
271401
248669
222911
275287
218740
265261
169576
190777
224354
151322
259660
185020
164479
220256
174832
167892
149310
544261
257192
582091
317112
281475
227993
233716
199381
287623
241452
175547
274653
274597
214438
334469
325225
220990
202930
219460
213702
1031641
253040
306238
217723
225347
249442
246214
206863
236860
246005
254559
477104
240851
198313
207527
174656
222626
265462
206169
226004
208988
221396
205098
252233
218581
152181
177606
253923
247773
240829
168235
181974
267305
274311
276525
258347
373164
267043
246857
189706
254496
208441
235318
211683
265477
261064
228638
179062
146416
220048
284396
273598
241115
224976
270978
252003
239451
183300
124458
276335
238490
302046
223438
185508
208778
321323
344362
217272
275616
233910
250462
204195
184050
216213
246611
279002
207914
214767
272968
238499
160132
226082
251718
307895
264634
219992
241777
210394
264989
212529
267481
256335
180362
220511
220573
226358
251649
560964
275507
280989
252161
249777
207547
224203
218792
240293
231150
217352
248918
329459
219492
236375
238090
210929
187773
224560
216804
235158
223987
235480
258618
277805
214563
243053
210494
341613
221841
277451
205495
251993
226469
243841
221400
401854
287891
286367
424738
234686
209414
230876
168291
293446
278253
219851
270377
208410
268736
201384
261682
228898
261000
229224
221110
300408
276280
193360
191009
219460
156690
226616
218085
293332
260229
266063
214224
220199
203775
234935
268530
225032
272931
226955
202639
174597
214937
226768
156648
205370
243037
226867
226831
228728
200677
469500
271679
197048
262082
467676
302709
236092
203093
269552
265003
247571
168139
184068
250008
205809
159319
230379
210359
252078
234517
200922
196939
180898
243979
268184
174256
183068
182675
193884
243020
125829
294159
513560
350077
305950
369433
458839
304859
296473
251727
273695
223956
292166
306592
251112
215385
366497
230992
303687
209669
203324
294898
170509
178965
244974
221347
266887
215370
193542
220257
197818
290544
165021
245334
176664
221203
199431
163870
198957
343095
178372
313321
209234
187907
192152
203837
234153
198551
202971
200424
218079
241196
201220
185600
195568
221984
203980
206947
166326
149984
201597
173622
209198
185612
300453
145618
196042
238823
191342
219611
215332
322402
230611
209459
238535
206097
238971
229583
196206
282673
239162
230865
198700
193333
296663
242534
242974
177942
196368
179986
193079
172419
253347
177595
282039
200230
294421
243985
154086
161417
207933
289364
245232
233711
238916
269800
277712
262323
195628
207664
225303
230150
216634
248638
219161
208307
220101
209133
133129
170797
184071
607600
331501
285975
315608
267973
247693
227373
279125
233190
240038
214271
168059
241925
260904
225058
227311
210781
287692
187688
200054
295193
215013
233857
224417
254875
210847
221537
206986
243781
272209
202777
194345
213642
177568
226388
218820
252397
204987
234758
261707
217742
191085
193724
218190
262582
216142
163789
235332
212771
232280
201169
286586
116268
226423
148198
250534
211752
187800
216242
216286
231346
214220
284658
219236
210152
195974
236415
156534
185398
219582
217184
202461
186281
191439
214352
251675
203869
212821
172982
227857
207111
289897
218519
202391
262004
271882
210838
240643
219861
143446
171504
151969
152493
208757
191864
184345
180852
199625
237446
217410
248974
243788
211245
206203
211198
221844
188652
226823
267535
176186
149418
256466
220304
201222
153611
244632
212648
260261
413582
292866
250227
250196
229003
232510
318749
292612
289049
250820
286136
319611
218802
227732
208391
214566
208782
215940
184450
231361
195042
211176
238264
227691
239936
207485
218691
206349
286326
207364
273945
339720
270759
300140
305257
284358
239732
156253
188623
206727
181702
166070
193749
209570
215303
205812
171715
171625
241489
213126
208915
153746
167373
188630
149450
190561
251828
194609
294598
252634
226489
208194
241232
147482
218580
148411
235073
262937
202067
213632
266396
226758
214334
225540
245670
232160
206442
204893
153643
228973
292662
202667
219174
193313
204385
229846
292362
303788
270909
263100
307246
210890
246422
243083
209624
281895
216649
264053
198829
281861
246083
235265
234347
230189
238914
216378
228507
244451
203441
185019
284170
187066
231274
258016
227901
212080
283676
234614
371453
331220
220551
243864
221243
249722
301535
227406
230646
225083
278777
212915
193502
200903
221265
225214
264658
279758
207658
226702
179634
325717
202702
200257
246918
267294
218413
266099
244060
153418
164206
282937
183127
211657
170524
234209
320219
223328
231528
251135
173681
228926
252701
265818
226742
235979
241088
219112
223044
263077
283066
206585
227870
314275
242606
268273
144863
254680
279452
250552
222506
249824
194191
248811
215727
204668
213668
277428
221595
208181
252620
237367
263273
268196
192642
277029
251921
228107
210458
202887
247133
232374
147258
161275
166059
154455
180579
218916
158332
366667
194586
193136
286711
171801
217279
183578
159924
189002
225478
267102
295948
202066
217990
218514
216032
214778
225930
156964
245075
148044
320367
160427
154528
164073
244165
228289
217840
230126
217894
363308
205232
201430
235700
255877
232511
312487
226357
157195
169974
172258
180953
180998
162403
264292
167740
157996
169979
217597
238129
228027
287704
203768
278980
218172
278899
180577
187787
274043
201241
229650
213439
256228
174404
240220
200594
139046
837342
189621
214314
164314
181532
210798
233691
229492
238304
193534
245996
184413
173328
163322
187713
163722
162225
272737
161064
239940
309552
240120
274188
217428
181244
153410
211155
154617
147415
253646
140669
161027
174297
215871
212799
256340
223193
312363
290251
166198
172874
200362
200577
249402
183555
176135
343170
227928
244246
244912
160093
148236
171914
153694
175093
234354
221729
206999
148635
221856
206322
251690
227121
241142
175830
221661
197120
172660
146733
148639
195515
208647
171214
179249
137597
145366
205123
227165
202556
171615
154753
179818
342398
364737
234788
245381
198293
176840
128025
254266
302761
174373
164429
238813
240162
293597
292436
270149
253894
281443
341460
230945
198212
195723
365275
165182
169968
184512
174680
366135
177565
229875
174163
184553
181805
188586
179836
171087
255684
200143
243056
186081
272047
208165
185538
287187
232189
175835
220622
351843
249950
210797
181445
609991
109536
166336
165824
212501
167650
171631
270432
117366
269360
204377
218013
285929
187146
199168
253551
277838
226704
200783
162439
234898
291944
222007
206650
213897
211633
224263
219825
211174
178650
306365
314917
220166
181527
246610
188124
259509
201974
218581
266944
244328
124789
192316
173318
191858
235428
163125
171280
155576
199999
329284
255356
254959
270933
234876
228086
344902
237165
239379
266761
248722
242868
205643
183509
280905
312734
226841
272267
387732
289670
357037
231075
257608
217622
138335
203825
173768
180510
165210
160339
172014
208063
134069
179202
136959
128716
172554
217582
245482
154659
207437
161201
146133
224317
180658
164831
168612
144336
162348
189028
198564
189412
163491
154673
306897
121086
162165
184644
173161
129558
304454
250062
336476
227503
309848
220424
176737
199424
212977
212359
187080
154910
155489
120024
275805
200258
267274
210842
248695
215049
212980
138117
155281
154044
192542
209425
161749
164678
205546
198758
217672
203331
222422
220760
163785
126044
168609
168442
117479
218754
173036
247405
277839
210857
192545
233131
165237
277580
114776
147668
178743
186517
152957
153971
151636
210421
161551
210262
165911
166540
336084
220734
171967
197797
202083
167719
190421
243254
287160
208867
180729
157533
163431
153652
156879
177005
254133
433149
308592
247640
238709
300960
240461
215343
230001
316144
247538
312967
191229
286088
201569
203269
267812
150862
171395
202726
242047
120596
211873
146151
170362
181012
205569
238598
143562
180158
213610
172957
128491
146221
161148
140322
194629
202606
166148
269190
192258
193148
187243
181579
186933
192783
308232
170927
215704
215144
235820
239867
315819
163032
252149
258977
240933
272270
281845
226563
216716
411297
225968
216601
231256
298744
246859
211300
225059
417856
244073
213627
274712
181249
248510
251473
221218
221776
242711
206621
176426
208069
237728
226153
230464
196538
191917
246998
205922
202754
160506
242550
233124
259312
204023
205311
217526
248548
224481
220746
242083
195134
164899
167480
227227
202333
164762
259850
365527
154662
255383
211063
203323
356136
197396
198113
252603
196187
219349
298277
507858
277940
267791
229981
240448
259355
251426
242986
214359
215449
221662
241441
211812
193551
248979
247645
202480
217655
240750
162601
322627
244205
247697
282924
210580
221938
191897
285138
246513
182221
218212
220238
171143
181691
142671
153644
211034
246438
368940
204680
213859
223327
201412
236054
207856
205202
210664
241591
244876
252035
226425
279845
212036
248891
180881
166169
162320
170300
132440
150213
153950
207766
197442
161459
145209
184413
150792
184218
160050
215533
164345
189732
171524
179393
205634
177549
172174
189849
202733
348616
206680
176173
287866
218785
243244
260777
247211
1096993
264616
233582
288298
225839
230363
217508
176545
248281
275669
251405
219959
206108
219522
156549
168381
160002
218372
239411
245707
178142
295655
209554
190189
206124
210286
213087
236025
279032
207170
214148
402535
310229
195038
181578
159585
168310
215906
173672
160308
155450
173400
162040
179866
184646
223461
191635
272672
185667
329948
230698
208267
183680
147768
164576
276911
232386
198198
240641
201291
216008
243695
197982
190767
216644
233508
213476
192667
143721
169622
215960
182201
229742
239809
231336
195670
258604
231391
217128
204650
218398
194605
188289
252534
216558
180624
239949
264679
247234
191688
262994
182212
251007
217083
202901
178516
266749
277683
212185
184129
212136
198481
199198
190476
222346
254580
248947
198727
222781
231485
204734
202893
216820
240339
295051
228037
194485
207343
252594
204099
156545
271205
262757
172701
192670
226945
164951
240615
194068
244133
200571
194149
191396
168596
190968
234604
254377
264947
198998
200322
212463
282853
232228
189531
191969
285600
271121
193231
193683
473769
362361
325527
495734
370008
561465
349701
367490
562655
294687
291545
275947
330549
330727
232900
235857
294577
281756
216934
263699
218262
228828
286764
250712
191081
174722
215622
198981
250556
264383
240320
227889
263494
283796
309615
260476
230933
221104
257487
217555
190775
146977
172667
199810
168656
229110
171404
276599
165050
165667
194879
225972
156879
204650
167674
216532
171753
158955
149771
787844
245033
266396
173419
242149
240851
190284
246523
309870
261554
199598
251796
250806
216043
214243
205785
223333
268208
179928
206048
243967
270695
227796
233014
199383
234266
197913
227549
249865
291399
216680
171766
174063
267490
220078
257246
250795
236686
241742
247059
216767
217389
332735
274385
354311
293062
248139
213155
159024
330532
212503
238874
264010
291976
282672
248113
235869
309186
290873
197999
454917
323422
227702
226709
287922
228495
219739
187518
204512
219852
197001
231021
190772
269309
227743
215984
231902
223624
213368
201751
236623
220307
217510
176359
203778
233778
246321
288956
232917
230606
162674
213684
222706
179198
307939
212537
217360
168794
219302
217243
222891
285428
325769
198169
212398
294052
219517
330018
286080
221525
210558
312671
321024
241487
271056
266567
221856
245080
218313
285166
248166
208990
219242
244576
213333
235130
245559
249796
273373
276970
290068
258370
259057
194405
240343
159659
184000
225685
153431
276881
218438
293159
318683
218116
213792
233048
218609
176743
222750
217596
224251
298995
216029
225586
228018
284761
317570
181639
200261
176679
213239
198700
151018
160382
201295
150854
199935
115788
160011
177137
126602
262837
259955
180741
159032
139388
160965
170566
538568
584430
283642
220791
233457
492717
212365
235736
213312
270169
219288
219161
240475
234663
230674
206558
182398
247795
232518
217895
224500
183892
236866
227969
275770
279708
231152
278739
234223
329144
246884
239371
223261
209157
196116
238353
211782
247645
282738
316440
254793
326013
292313
290303
230876
226270
299178
174514
180366
250675
225177
236659
282466
229126
254181
215934
327563
316975
310604
249291
215785
232315
279617
335898
214311
214978
227912
211795
256639
215681
216721
201573
239668
213769
225938
212060
274064
210070
213724
222020
247112
217756
214591
164907
260723
237214
302436
217537
232869
249440
149733
187524
259924
277982
157191
176332
179893
231041
219200
203154
230953
203728
162065
188720
212410
184114
193791
186747
174840
168904
287450
185280
237367
186032
221245
256104
254814
209193
222191
232564
213018
255991
287782
290982
290055
217405
270332
233434
286361
282097
175248
228099
216101
192884
206751
274865
228600
210965
198668
208300
229367
230574
274509
247457
296882
299419
287877
232279
169886
213313
257389
209055
190354
269917
237342
227959
164998
198942
213402
221183
223504
251280
272067
162627
228007
188635
298322
221760
224553
244440
301233
230616
219864
170523
200479
226947
251755
269320
216878
373781
199747
299178
263676
163710
216463
268281
223574
265259
214721
214979
265555
217470
238755
178131
219280
274868
249523
299519
261908
196762
318782
259145
206546
283470
278307
254995
167028
227833
206436
240181
302634
227266
211800
204439
177735
192355
162419
126544
227728
242762
236472
287110
246587
260329
250058
217330
246326
252517
206467
221408
211498
203038
173020
289791
221169
218424
227679
440647
155805
221369
210140
169583
235254
320201
215851
188081
210007
194374
279864
168532
242448
244948
274628
287299
298411
192718
188990
272005
339020
235215
237168
307815
160179
185086
218386
164716
163389
170944
183699
192681
273834
216751
300987
240909
233582
193847
270317
222429
223624
224004
218953
227638
204197
270188
381298
279337
295270
275331
415127
208599
257718
265257
228240
241099
199463
225417
211693
203621
218991
219153
306700
285284
205029
272796
237077
294985
255360
281910
271007
243965
280170
226200
236702
246028
236766
344211
237993
286965
291186
232497
234195
317967
250569
208394
306831
236241
236648
231932
259780
201556
203084
222214
214471
229102
253852
390570
208911
254857
215503
409779
250243
243458
201476
247744
154070
151144
228290
243075
222693
150987
178843
270881
114230
186454
166955
392394
414118
253425
260368
199254
217743
231945
229614
253577
271683
220574
210621
222558
215758
281006
212177
230949
270641
204829
208208
204278
223078
178392
145323
266803
252567
227481
170251
201620
207857
241302
199413
242305
160671
233243
285904
238174
211938
214067
303595
220506
228706
249065
205236
164176
205540
202210
213488
206886
261317
235372
218278
249576
279326
239971
266437
258459
229430
215793
302296
257468
238770
202172
249095
234666
209299
499236
316835
266851
202145
174970
202319
216172
261450
207448
242202
251443
227993
193582
238319
189120
164613
224156
252128
270853
288315
218998
215177
274182
222241
215640
215252
186376
350302
297875
395835
185089
268957
213121
221227
259905
213510
215774
274874
214913
306022
204345
216559
296448
223744
307945
236361
245680
197887
215386
219012
271578
254541
286114
160103
155662
192590
209204
176037
150766
251297
155224
253842
167636
239016
195841
163537
159517
176398
216361
160515
217493
162380
141074
161510
188065
190664
204006
138350
179227
186663
236897
169131
176431
160345
315500
321795
146649
190331
304151
178265
220542
165005
176989
122581
218165
203696
234922
162363
169523
137366
222047
241742
204531
168764
225564
212084
627473
239678
214915
263843
167128
226458
225679
208833
204495
225018
228064
224365
179929
245166
206041
185296
230703
247687
263789
233983
258043
254207
213725
181089
169767
216047
233608
253342
224347
205677
225533
221408
259376
253261
263538
216355
421879
232569
251378
256476
252903
215370
247764
221147
216220
283824
299616
230985
287340
195588
179367
250734
202160
212013
213230
234067
208203
214100
181988
263348
190296
220238
251454
245724
251435
228367
406111
273931
251791
212857
162357
238562
276775
211025
202016
207394
237792
222199
155572
199595
211778
214892
237983
193072
224996
201285
217920
241392
206327
196876
245416
230289
184769
216767
242743
273495
221906
221516
187908
385374
209504
272461
206672
248944
224523
170471
263413
233876
202630
294933
284970
239986
297111
251199
243320
220773
304516
223827
207899
168607
219623
204085
215548
364055
237799
249922
245476
247711
318266
244244
240297
226445
236120
232165
226123
235576
274711
238848
328563
224373
221900
238084
248939
240163
327078
269742
206714
260408
231873
232494
235951
257430
231051
255717
223518
274089
211727
260615
224735
223982
246865
225017
222585
246050
224194
545744
