4317671
28188474
23929152
19762505
15632977
11408891
7228964
3063137
29884795
25655051
21477376
17295882
13094283
8916214
4674912
29706847
25508198
21349571
17172604
12980794
8836441
4663225
29686795
25487645
21331108
17143972
12947673
8771992
4615906
29791533
25539096
21386584
17242586
13050362
8827236
4663041
29807068
25620462
21458482
17239880
13042220
8802465
4639165
29807079
25554057
21389291
17205431
13011930
8837844
4664262
29757440
25559521
21401853
17253873
13052961
8875723
4710809
29688398
25496887
21338139
17199190
12999035
8821629
4649122
12855794
8641661
4424173
29805760
25579861
21414709
17236074
13056553
8872438
4677021
30090432
25859315
21687150
17490476
13246070
9020162
4788432
29944992
25684792
21487070
17274463
13024459
8798774
4588847
30001120
25752317
21549454
17327738
13126389
8914268
4712587
30042944
25783924
21591056
17361576
13115442
8894269
4664533
30058710
25784592
21579233
17330725
13092786
8858297
4681670
29942385
25686382
21475197
17308636
13045083
8875240
4710720
30046311
25782368
21604018
17378506
13154950
8992900
4774400
12644066
8400768
4225484
29966190
25719434
21553577
17383429
13159321
8955032
4771681
30006578
25773051
21606356
17458089
13178357
8995230
4762779
30034083
25776374
21567299
17348062
13122030
8832843
4640411
30088419
25847804
21682315
17484670
13230702
9020848
4824447
29948992
25745154
21494761
17285601
13038117
8861988
4670049
29985280
25754482
21556898
17357532
13120513
8906441
4723212
29889802
25686195
21536789
17318337
13047091
8812209
4648237
30148319
25904664
21698291
17501607
13263298
9060101
4839751
12458980
8209509
4033022
30200051
25941286
21721845
17437273
13163305
8995904
4765405
30525886
26224088
22022221
17418114
13169262
8971382
4761034
30144027
25862768
21727567
17470218
13240248
9031785
4810796
30128522
25873560
21653050
17437728
13197191
8988717
4746030
30062939
25808213
21618626
17440430
13202292
9005016
4779696
30073754
25810922
21591336
17361087
13093972
8942284
4720740
30115561
25867695
21655460
17469876
13235315
9026686
4842559
30085785
25843634
22721284
18561777
15599164
11712540
7490161
11184306
6954151
2730205
30255011
25991020
21791587
17558199
13309270
8986791
4764153
30075105
25830541
21640182
17414482
13189320
8980528
4759232
30154806
25893477
21663905
17440034
13162319
8985852
4788697
30234190
25922488
21734641
17491538
13246500
9029527
4787154
29998166
25728754
21535851
17325390
13070364
8866835
4671748
30037676
25771800
21556345
17357519
13102264
8891327
4667869
30079325
25803288
21604017
17395245
13146329
8934058
4714062
30070680
25804415
21601732
17393824
13152698
8936169
4708947
10133543
5822100
1627724
30067556
25828461
21611415
17420231
13133704
8906843
4698582
30045728
25814360
21596154
17335479
13093559
8871080
4646109
29888601
25654051
21433851
17212706
12976693
8740808
4507204
30076195
25811245
21582422
17348064
13088293
8897188
4700773
30112358
25874556
21655028
17449737
13207058
8980999
4780415
30014802
25781702
21557711
17382459
13178318
8935847
4729022
29990300
25741760
21529685
17290517
13042793
8833392
4591896
30229126
25938318
21729831
17496941
13231653
9019454
4823526
9179866
4884072
657803
30211422
25959970
21738941
17525681
13273524
9066561
4828669
30090744
25866238
21639894
17457139
13196167
9053440
4829480
30103172
25857694
21638124
17394975
13150455
8942596
4691724
29939024
25684539
21500201
17313337
13046803
8856010
4710121
30065520
25842036
21661770
17482213
13233805
9037756
4825502
30052897
25831069
21640613
17453732
13207496
8990495
4760989
30210199
25927015
21710380
17493784
13185348
9014587
4813986
30136954
25913579
21673949
17391430
13157054
8932664
4700071
7978749
3713943
30228272
25957405
21714524
17493675
13217095
8963321
4709850
30123242
25837975
21638505
17387680
13126016
8880877
4659965
29966895
25739972
21542025
17324344
13059182
8847021
4623217
30032786
25795562
21585237
17385341
13163050
8956342
4750324
30127663
25892505
21669084
17443045
13223355
9017447
4796655
29935871
25680028
21467431
17259360
13031298
8813681
4610508
29808354
25620452
21437691
17256114
13062264
8882887
4736306
29864890
25671012
21520815
17337549
13118740
8924334
4746555
11836019
7563394
3361114
30059182
25826872
21641837
17428634
13185196
8926782
4734836
29901584
25668004
21498443
17321862
13078203
8866298
4643972
29960533
25723725
21515294
17324860
13056127
8891321
4681581
29993690
25727941
21518485
17326119
13091041
8869236
4648053
30097877
25858837
21650841
17439952
13214444
8997311
4788330
30084206
25825115
21609010
17396159
13135443
8936646
4702710
30023473
25777137
21560171
17351495
13107310
8882358
4668274
30027796
25783175
21582871
17405003
13173687
8975902
4840750
11297545
7060674
2877984
30160439
25917954
21773726
17533057
13279837
9079690
4878606
30193294
25945242
21748925
17504311
13238133
9004063
4774985
30043929
25794340
21569170
17354201
13110530
8912972
4719658
30068334
25833838
21618292
17413116
13187332
9027797
4815078
29958099
25711001
21521354
17348128
13125279
8940143
4748872
29901522
25692365
21558911
17318624
13103124
8913873
4721439
30007914
25724709
21552158
17358416
13138804
8940798
4743269
30059332
25787490
21588413
17355559
13073248
8860354
4657500
11053497
6815544
2588046
30183535
25933560
21718250
17511490
13264751
9031405
4794616
29961623
25683054
21479709
17338804
13061062
8882758
4706373
29931840
25680919
21491037
17293316
13050464
8827117
4613227
29973278
25735530
21534389
17362738
13138413
8860228
4642536
29962207
25770918
21571481
17328539
13081501
8865779
4649112
30052622
25794963
21602653
17382184
13156326
8936951
4713106
30072535
25812029
21599186
17373763
13136858
8901808
4670106
30063741
25806500
21644332
17416793
13186788
9012106
4771165
10323709
6103955
1880664
30108376
25871833
21706947
17483547
13250809
9027904
4796283
30142899
25911167
21712416
17508433
13265620
9028530
4803125
30019155
25763553
21554657
17368721
13098363
8883849
4677845
30037019
25771968
21585617
17351067
13118430
8901463
4708031
29924208
25698491
21517196
17330076
13104745
8929050
4719398
29740333
25541709
21383432
17215599
13013442
8836999
4648506
30041503
25809469
21602555
17434061
13211228
8980374
4791327
30197223
25938749
21738124
17513816
13276978
9051510
4824451
9848868
5629942
1425167
29955047
25772456
21539855
17321296
13044493
8791354
4577261
30106044
25814517
21616786
17407743
13154831
8968343
4746858
29879246
25707752
21474586
17268189
13002915
8812189
4613926
30017875
25712080
21494298
17308405
13067118
8914909
4695227
30020745
25789798
21593381
17406119
13146134
8936763
4720315
30098360
25852695
21703187
17433354
13194248
9024028
4757665
30043257
25780043
21559881
17418122
13149258
8909241
4725794
30009233
25737745
21508215
17315051
13080960
8868510
4652392
9268425
5038497
890857
30108896
25865594
21672172
17410042
13183425
8973721
4758808
30385684
26151799
21947044
17709048
13430408
9210542
4972652
30354823
26099435
21874773
17654868
13394350
9145875
4900008
30117907
25854038
21605852
17363629
13126905
8886657
4732178
30431211
26178494
22815608
18588277
14327111
10093306
5848680
30140978
25894491
21674950
17447019
13190565
8968538
4693567
30180623
25947465
21769169
17557635
13291307
9080667
4824543
29989852
25736091
21581085
17366720
13119059
8947500
4725969
8154387
3874192
30072778
25807410
21608325
17353433
13100956
8847649
4654604
30021628
25777019
21609069
17391321
13159116
8933283
4681860
30128550
25900115
21698971
17495756
13241085
9023163
4860694
30173846
25917048
21692637
17442289
13174579
8965161
4728508
30095987
25876923
21629035
17415018
13150374
8961646
4728285
30083579
25847544
21634549
17468455
13212951
8987896
4763652
29981569
25735715
21518760
17302999
13053920
8842000
4666921
30216564
25960919
21725607
17505751
13238457
8991831
4761325
11383551
7115637
2885675
30052854
25798577
21604254
17411100
13130827
8909884
4722526
30057310
25815241
21650998
17450605
13234328
9011785
4819404
30032751
25749049
21572940
17358012
13105309
8863404
4647829
30160441
25906513
21667563
17432461
13212918
9007555
4764143
30045429
25778702
21579924
17360555
13102284
8939574
4720561
30039694
25834063
21607995
17393009
13117142
8886671
4642400
29993030
25736706
21549954
17341594
13100085
8897233
4734696
30198032
25951737
21694917
17470712
13183706
8905245
4651831
10376130
6116053
1872444
30008991
25754614
21561529
17399690
13141106
8924758
4715799
29870477
25597933
21437824
17255078
13008628
8789280
4562157
30008576
25753496
21529786
17300616
13051644
8871896
4711038
29893796
25712333
21516658
17258674
13042184
8840537
4643814
29828241
25597712
21420187
17188726
12974837
8790807
4606301
30229323
25987949
21785220
17539786
13262881
9038923
4814026
30108738
25870820
21675305
17469375
13207986
8987241
4756008
30136750
25882260
21698040
17453990
13196790
8995180
4757341
10064377
5829454
1665935
30192511
25913789
21682110
17461274
13203389
8982511
4743852
29918028
25701214
21530783
17281330
13026531
8821884
4612104
29977353
25735051
21532281
17312858
13088981
8889483
4728809
30005462
25759002
21570376
17371622
13128140
8957458
4745542
30077436
25833519
21639429
17426924
13219185
8955166
4711507
29844641
25626339
21402120
17191392
12964319
8754310
4539547
30144859
25859826
21661124
17440007
13196122
9020412
4763895
29930352
25686403
21483132
17255708
13015897
8832258
4654523
9382897
5136754
927824
30061929
25815797
21601990
17387758
13178447
8948716
4748853
30240114
25992654
21819858
17622277
13366621
9113389
4893282
29963059
25697423
21525637
17325160
13099254
8875232
4686684
30014768
25809828
21605342
17391907
13141484
8921771
4701925
30163020
25883474
21705400
17528275
13280224
9063523
4861695
30042026
25783659
21573580
17397826
13145734
8932274
4697698
30083006
25825699
21578913
17375595
13104130
8906377
4655906
30016021
25804716
21641126
17405442
13160589
8955785
4749156
8776725
4561979
406760
30277426
26028735
21833192
17606654
13371011
9153136
4905631
30135981
25889733
21653424
17405016
13162296
8952115
4766447
30044128
25771713
21614671
17364976
13152772
8932560
4736037
30100492
25843840
21681278
17435542
13163228
8930142
4709005
29907684
25692034
21520514
17359556
13123896
8899436
4733313
29929933
25674763
21501977
17343984
13112550
8932108
4688886
30049434
25810557
21659921
17458079
13218107
8994057
4774598
30146000
25899931
21713836
17480172
13245992
9023657
4794588
8234713
3986608
30170817
25909600
21780486
17551756
13244920
8980993
4755717
29995647
25757609
21533429
17333793
13110963
8906664
4687340
30016167
25767235
21589975
17379546
13155165
8951695
4758703
29938445
25714503
21542134
17356696
13128865
8882845
4675586
29943436
25707741
21516178
17288564
13042798
8800689
4606030
29918425
25677873
21486598
17285350
13054782
8834753
4631605
29932371
25709286
21531687
17353097
13135737
8921377
4720373
29754764
25537810
21356041
17196038
12964685
8776811
4577497
12302682
8028550
3841153
30141089
25902419
21730000
17558965
13236590
9010376
4794976
30050550
25809168
21613882
17452396
13172022
8952619
4732174
30009610
25758177
21584242
17389838
13127196
8908863
4698153
29993677
25737129
21520669
17329009
13082629
8866115
4655651
30014323
25802788
21621284
17372288
13114130
8876833
4659176
30036470
25789339
21619845
17374128
13124186
8953083
4759655
30185951
25926815
21717107
17476042
13207290
8966158
4725640
30193490
25924981
21666681
17417222
13130179
8937093
4683822
11380268
7118093
2928617
30132940
25878836
21669471
17505004
13234025
8999404
4801618
30128632
25846617
21617047
17404706
13162104
8955907
4741775
30003197
25773306
21566447
17344774
13092279
8941055
4668103
29976488
25719019
21499412
17306278
13061892
8864393
4670122
29937757
25700800
21513797
17297469
13040243
8838354
4626898
29953091
25716192
21518996
17310600
13127657
8882493
4663596
30083224
25853067
21610650
17372356
13135475
8880732
4667994
30068043
25842756
21609528
17382546
13139822
8942524
4719340
10646164
6387266
2190185
29902410
25635048
21458324
17299687
13057150
8865142
4664674
30008877
25771653
21569454
17347607
13109470
8897266
4631120
29943569
25712721
21543506
17266565
13063653
8847566
4622533
30067401
25832411
21686865
17442583
13190186
8977689
4729147
30029451
25783640
21601202
17366633
13126031
8979089
4722586
30059168
25833673
21596673
17370502
13130811
8925882
4743821
29979827
25742336
21581893
17316403
13059818
8864208
4642919
30010297
25784223
21602629
17357888
13102553
8884560
4691426
10190692
6013280
1754374
29919218
25671032
21466237
17259588
13013479
8811100
4616789
30014806
25735973
21522829
17297595
13071827
8867340
4700037
30027589
25842287
21616918
17396778
13154743
8949652
4757213
30005995
25750299
21547653
17318552
13086917
8836224
4622587
30055941
25778306
21564365
17360132
13110014
8895361
4670541
30009233
25743539
21547764
17324597
13093237
8867991
4646645
29896131
25660662
21465101
17225981
12972651
8756312
4544245
30027823
25762949
21565369
17309114
13056619
8884884
4688985
9866965
5611064
1415873
30011254
25773283
21573025
17332599
13091295
8852399
4638732
30024928
25778502
21588629
17342078
13102778
8893184
4664645
29938414
25701723
21488519
17282110
13079289
8830554
4602943
30037593
25790260
21577668
17350765
13108769
8898008
4717240
30040456
25771070
21573769
17353598
13086985
8879059
4651090
29899834
25664420
21533561
17297514
13052398
8863774
4716501
30055856
25737840
21524958
17343730
13087200
8911157
4724752
30296504
26040138
21842114
17690083
13424365
9206199
4971910
9152941
4891579
676086
29937084
25711120
21527733
17311638
12976705
8772670
4571650
30056120
25803207
21586508
17335020
13092576
8870803
4634194
30045684
25814959
21596130
17399191
13167629
8957134
4728422
29961117
25711838
21556965
17415225
13126866
8946853
4754380
29949482
25709057
21496686
17269638
13042753
8825153
4609593
29929127
25692111
21484542
17272052
13010824
8847932
4597005
29892543
25663483
21513169
17260022
13084125
8838555
4623916
30166564
25946282
21734637
17549859
13245964
9059389
4825109
8582086
4348226
29990908
25747050
21532691
17292386
13011318
8770538
4557401
30000000
25715076
21501126
17270302
13011692
8809410
4603095
30024662
25783984
21569289
17352408
13113476
8908201
4691969
29947303
25712925
21511429
17292528
13034914
8819519
4620649
30043078
25811039
21590606
17392796
13146149
8936455
4698722
30037947
25792218
21556482
17326799
13077382
8876273
4693872
29941818
25683341
21464599
17301110
13007154
8801381
4586620
29919981
25647618
21499598
17251373
13021240
8798514
4564555
12326738
8032260
3840339
30044635
25778846
21561291
17350247
13114286
8893610
4677811
30009314
25780468
21569866
17360609
13107100
8897298
4674762
30010174
25744536
21547553
17353392
13098340
8895896
4662706
29985703
25758846
21549449
17288585
13045778
8860928
4660559
30106998
25851650
21651988
17412839
13132172
8923052
4696356
29864548
25590057
21409283
17233706
12965980
8744415
4521453
30135927
25845795
21653006
17448687
13201351
8983393
4776884
30086193
25897932
21953677
17821921
13556271
10163705
5947516
11577390
7333423
3140469
30207020
25961279
21773960
17545003
13285993
9012689
4782115
29962559
25719517
21539107
17299672
13054063
8848383
4668704
30126557
25886149
21705179
17498367
13254858
9033964
4856405
29965243
25730516
21531909
17314605
13056054
8845500
4630561
30009585
25725196
21564575
17379273
13171460
8891916
4674964
29992668
25752027
21597362
17383476
13172647
8948671
4731348
30076256
25830243
21647507
17402265
13155020
8938523
4704404
30062764
25782570
21581582
17368492
13141692
8917099
4671903
10884944
6624507
2346699
30108108
25858166
21626364
17430791
13147531
8941455
4742312
29924175
25678645
21501643
17302543
13045287
8854285
4629451
29968105
25693186
21463474
17228633
13010564
8823600
4630067
29965948
25651944
21445615
17299930
13055637
8881527
4695460
29964169
25687372
21497798
17304081
13057993
8873378
4613304
30203088
25957652
21726775
17476105
13192126
8944330
4701384
30006125
25752163
21548332
17330689
13106731
8862133
4622032
30219900
25947265
21704083
17428048
13166175
8911634
4688476
9800264
5529219
1289148
30238779
25983903
21758324
17524589
13258029
9026383
4753652
30127724
25827104
21595227
17383228
13142900
8951583
4712248
29983870
25739350
21542333
17316960
13073273
8848349
4621960
30032230
25794480
21640514
17466388
13216632
8993683
4748474
30009250
25749173
21554688
17332929
13076418
8918265
4713516
30032156
25776521
21549832
17354500
13101498
8892341
4695983
29975145
25689762
21498541
17291566
13057413
8845454
4626623
29978089
25738022
21537415
17307397
13105091
8922291
4692958
8889230
4675457
473151
30034394
25830658
21617898
17372929
13138014
8933457
4737191
29874067
25634499
21482747
17307399
13106803
8923530
4724844
29872315
25649514
21468283
17279257
13065817
8844927
4653336
30052928
25815448
21582728
17383785
13173950
8918606
4722023
30005686
25744803
21537667
17340248
13085376
8877330
4692059
29959437
25737595
21555277
17312914
13061489
8858538
4643762
29940502
25686381
21480600
17331929
13069763
8875928
4668649
30038397
25789703
21603712
17384868
13141677
8907600
4699064
8774447
4532636
30018612
25801639
21500754
17305602
13059806
8870413
4651902
30089086
25860454
21617009
17385065
13116545
8901281
4725403
29931260
25695660
21496421
17278679
13038353
8832229
4624663
29975155
25740573
21549147
17306980
13075467
8871245
4674134
29918267
25686687
21476944
17271226
13047706
8890751
4657849
29891761
25659881
21478112
17281847
13052391
8849868
4701665
29958548
25691920
21516746
17312479
13071104
8875995
4642083
29939596
25697447
21490791
17275188
13035500
8876900
4596640
12652311
8397893
4196301
29965812
25741805
21560059
17360927
13078743
8886261
4697280
29884314
25661352
21508447
17254707
13051300
8833996
4609799
30005488
25783344
21584713
17364528
13107060
8884496
4650672
29805547
25543346
21367216
17146271
12968534
8797370
4595376
30005650
25756771
21541300
17337329
13110609
8892503
4666948
29988357
25716241
21515208
17284404
13041688
8832645
4625770
29961221
25728494
21527436
17304204
13058906
8851014
4606209
29958361
25755596
21545764
17353677
13103666
8868605
4655793
12259232
8032965
3829511
30075841
25835259
21676222
17414739
13157965
8933249
4698472
30090808
25829935
21612588
17438307
13191008
8971751
4769768
30042022
25787362
21577643
17348895
13103191
8928433
4732343
29986767
25742171
21524263
17300666
13054724
8856570
4629974
29977882
25710037
21496990
17263193
13054806
8876114
4664517
29892302
25653462
21450114
17276482
13053486
8830489
4599956
29946133
25692615
21456470
17253558
12994655
8804607
4575852
29952690
25728931
21561737
17361287
13086543
8863974
4652041
11691311
7489910
3255082
30019680
25807706
21601320
17428974
13137859
8921819
4709553
29869461
25625465
21443314
17244812
13030817
8842926
4648253
30013315
25775011
21563832
17352839
13112276
8893197
4672030
29876580
25674198
21468008
17217196
12976882
8758025
4539365
30088149
25875279
21656547
17466287
13207636
8936854
4684944
29975228
25736834
21563926
17318054
13067800
8833914
4655593
29936796
25681711
21525274
17280302
13025884
8790633
4566706
29955828
25763984
21560082
17319491
13074234
8891817
4677658
11262554
6993616
2804519
30022433
25778065
21575362
17390832
13186350
8900842
4682076
30108481
25848713
21632107
17412265
13166827
8982375
4776575
29985754
25739801
21523194
17297315
13046993
8823047
4625184
30014453
25768864
21573724
17355539
13121398
8901342
4648415
30133603
25873728
21669204
17442839
13181735
8963229
4725177
30053018
25796134
21618652
17382031
13124867
8864857
4627066
30162982
25914496
21740029
17557252
13335640
9098932
4878252
29917030
25669955
21493857
17296463
13061956
8841029
4622146
10546408
6329287
2120326
30153940
25908265
21742424
17538812
13271217
9046757
4820378
29857850
25602080
21409873
17171177
12952202
8752903
4518657
29860895
25663723
21511615
17326094
13087312
8886162
4667885
29846260
25596318
21429260
17223003
12974319
8820689
4607346
29921365
25615455
21458133
17252287
13026651
8840117
4611680
29991198
25754007
21538654
17308693
13061223
8859383
4691293
30086044
25846261
21621719
17421103
13146729
8934285
4703369
30187713
25943807
21748934
17515977
13256518
9013344
4773219
10085308
5772743
1519239
29957275
25717211
21541314
17251447
13010947
8802823
4642765
30093628
25869247
21685761
17466052
13207165
8998127
4776467
30078152
25832560
21625427
17407108
13130874
8914503
4698804
29985134
25740050
21557482
17359030
13117413
8905621
4701135
30065476
25820205
21646585
17392691
13137993
8958935
4716316
29994469
25750632
21584423
17342367
13084343
8880239
4693196
29936137
25681239
21482868
17294642
13067309
8891272
4705428
30060948
25833484
21615859
17383026
13165521
8950246
4733467
9453701
5221606
996008
30200051
25983628
21746716
17492171
13225398
8992791
4755012
30134926
25915936
21708532
17481327
13197347
8976119
4760055
30107433
25837982
21596978
17349646
13047060
8847986
4637823
29913549
25668783
21476096
17253881
13010009
8781624
4554477
29892874
25662584
21484923
17267127
13063561
8892436
4664603
29861350
25655429
21453800
17317060
13119292
8932555
4728533
30040822
25767049
21560361
17313037
13046835
8811933
4579470
29873137
25654644
21468960
17198298
12990647
8801888
4627509
8745310
4494211
30029040
25774200
21574016
17391976
13144466
8967551
4777853
30015313
25755012
21577943
17377175
13130061
8892000
4693030
29924539
25694986
21511314
17291365
13052447
8861544
4683730
30037189
25797098
21597665
17395926
13145126
8934993
4724351
29964602
25738962
21545333
17349489
13118138
8876980
4637311
30183827
25931547
21683730
17455910
13221555
9032887
4754361
30085646
25876369
21665216
17476930
13233868
9024201
4773301
29990432
25771676
21532818
17295572
13037397
8809387
4597090
12402837
8160355
3946519
30110387
25854489
21636148
17400916
13163103
8915858
4692398
29990653
25718083
21485608
17298196
13031586
8830049
4591476
30021339
25801507
21556512
17360476
13100770
8897005
4656675
30084802
25831878
21618141
17417401
13180887
8939122
4674511
30075577
25868023
21612860
17414223
13156178
8934649
4711264
30039495
25780245
21520845
17307860
13068285
8893289
4699658
29791171
25582333
21408670
17196683
12988791
8816251
4610237
29910600
25686807
21499748
17320531
13079722
8883942
4719936
11882303
7664752
3464101
30300956
25992267
21811004
17579879
13310986
9088649
4852684
30182460
25892525
21700549
17475088
13224632
8998800
4792556
30028084
25786896
21583533
17360221
13142800
8902442
4702623
29924580
25742444
21624333
17374528
13138823
8903561
4656771
30105492
25855010
21669235
17452390
13186475
8966384
4745487
29991383
25735027
21527914
17289360
13073792
8905172
4700651
30077271
25830554
21584880
17323322
13074023
8868101
4639372
30012842
25776619
21606888
17394506
13166553
8944442
4743993
11091866
6830610
2647526
30212534
25956580
21711635
17473159
13213839
8963232
4703373
30044858
25748930
21545217
17351679
13109426
8891254
4676079
30127934
25885926
21667690
17451283
13206629
8997271
4787744
30152770
25903216
21664664
17458461
13228154
9010296
4723140
30017263
25790706
21571766
17390828
13165710
8921381
4716062
30014866
25759996
21615374
17398880
13126324
8909771
4686198
29952688
25741412
21584778
17389930
13134170
8920911
4776435
30134469
25896478
21676794
17421512
13181663
8949508
4737587
10170303
5920947
1763787
29903242
25683901
21495906
17308457
13091324
8880828
4627660
30394021
26130216
21942068
17719700
13439280
9197426
4945227
30213160
25947938
21728114
17492478
13283876
9012868
4785195
30095866
25825033
21587100
17359824
13113978
8888560
4674133
29985012
25742327
21520026
17265460
13018524
8811892
4591057
29964739
25708503
21514816
17292374
13011137
8809720
4571933
29873652
25639042
21437823
17206446
12999124
8794625
4577557
29993154
25758293
21552100
17318861
13091809
8839970
4618281
9482895
5230224
1028802
30037278
25842516
21585936
17447988
13174986
8963056
4727927
30072999
25809075
21593802
17384323
13149166
8915294
4688747
30117843
25868754
21654349
17413596
13161825
8926238
4695435
30091090
25820573
21631590
17353916
13093934
8857632
4632182
30057058
25839632
21628507
17418774
13172689
8960963
4703024
29930115
25643909
21433624
17212427
13013268
8751378
4582416
29504123
25319619
21169196
17021333
12842503
8697713
4546013
29784095
25602753
21457346
17260744
13034286
8826194
4622869
9401992
5161389
947127
30050607
25814727
21595655
17352368
13126378
8916444
4709052
30014630
25816341
21574834
17325688
13138101
8852912
4635390
30039841
25782855
21551118
17308692
13064727
8850628
4622095
30008822
25753384
21519484
17264716
13001909
8785375
4535882
30077134
25772284
21587032
17403081
13158881
8954212
4791775
30020156
25742486
21567300
17285048
13060340
8865404
4647769
29913693
25677226
21464778
17256326
13026607
8816114
4628568
30129852
25892192
21681700
17464393
13207341
8995915
4778612
8576572
4323565
30210457
25956654
21749409
17563107
13277306
9002179
4752850
30075391
25818006
21621988
17385587
13085695
8856711
4633370
29941203
25644205
21447118
17231494
13018715
8831813
4639075
29966618
25715723
21531030
17321715
13088498
8894597
4689076
29933684
25690154
21510134
17292090
13074328
8878020
4651202
30050406
25781770
21596100
17372149
13121763
8916130
4675965
30007227
25780049
21582839
17375146
13099046
8874496
4705613
29983919
25701756
21501845
17266433
12980488
8809092
4611415
12177211
7916558
3739598
30144228
25902694
21665708
17457795
13233633
9027176
4845328
30035243
25811726
21623702
17395893
13122470
8945363
4739034
30011914
25758868
21545508
17319806
13097038
8889085
4660960
29956833
25728836
21484785
17304023
13079670
8865574
4663900
29884577
25665010
21469450
17242274
13020805
8802965
4554560
29829066
25590968
21385041
17195045
12970502
8779450
4582361
29955216
25723231
21566970
17435579
13223591
9084079
4834037
29902582
25694939
21472330
17258554
13074395
8825846
4603559
12160905
7913491
3698828
30143126
25894708
21700831
17492489
13246722
8985251
4794374
29988391
25707042
21512822
17304920
13068611
8873236
4707247
30099726
25837429
21646723
17462084
13171717
8933460
4700220
29946768
25740432
21527147
17322169
13073358
8850028
4633826
29998456
25739834
21554543
17359525
13141609
8952001
4700829
29660124
25411442
21268139
17105574
12930469
8786982
4631669
29566500
25394655
21274352
17123184
12954207
8813740
4608404
30072076
25800393
21605858
17427722
13120656
8879200
4671662
12125712
7863510
3670020
30279697
26022632
21836587
17627707
13347734
9115645
4849174
30010053
25765632
21586582
17342604
13104457
8918595
4708831
29779118
25539924
21361310
17210245
13027980
8882796
4712478
30010429
25817779
21604115
17351204
13101814
8898666
4714886
29796063
25540232
21398427
17207960
12963853
8801194
4619276
30114441
25862213
21643040
17433613
13187898
8965827
4757016
29957084
25707007
21569301
17321449
13082690
8838036
4605284
30082626
25836011
21622065
17400430
13153934
8995980
4725902
11850182
7610815
3409270
30181245
25922293
21684657
17460341
13221898
9061631
4752803
29996655
25741680
21521411
17294714
13035034
8798592
4589869
29871915
25664336
21441613
17270517
13043559
8853929
4628545
30088559
25827803
21607881
17374039
13115527
8881111
4683270
29955055
25704198
21509458
17294546
13022912
8823007
4610855
30031799
25794155
21575854
17353084
13109644
8888314
4655426
29927281
25671767
21459593
17253101
13022485
8797127
4600720
30183586
25943599
21729579
17545310
13311368
9077929
4855664
11036907
6758647
2548391
30015052
25810139
21561464
17362449
13103021
8907454
4731259
30238907
25974894
21769012
17515025
13259271
9018728
4783322
30092470
25899775
21684288
17461160
13222581
9004657
4776183
30004454
25737358
21524363
17317962
13075606
8904033
4700110
29898573
25696718
21494945
17301695
13063813
8855134
4626788
29693756
25486799
21295628
17160228
12921823
8765421
4597684
30091464
25886980
21599351
17370285
13125965
8913292
4698188
30209824
25964345
21784199
17484921
13261594
9044271
4856132
10561960
6307531
2101578
30078491
25842852
21634989
17446835
13169428
8931854
4738655
29963283
25719751
21493248
17284277
13040481
8838037
4634834
29989717
25748408
21545260
17312584
13071293
8848846
4627869
29906726
25671453
21477233
17302575
13089659
8859331
4630498
30047051
25815346
21624165
17440903
13233834
9063440
4854989
29824811
25629607
21434029
17218161
12970977
8755279
4566356
29888225
25633603
21442591
17233438
13020320
8827179
4652721
30073571
25830413
21614491
17440647
13192884
8985533
4741163
10196124
5936980
1730977
30061383
25820866
21609103
17379706
13166111
8927725
4737437
30226982
25967562
21761938
17563690
13340556
9108889
4896551
30032431
25788313
21622715
17393553
13125524
8909746
4675375
30031684
25774868
21555904
17371919
13119165
8928334
4654865
29977785
25721747
21537349
17297388
13089207
8869786
4617383
29965785
25697920
21538017
17324448
13088064
8873768
4664965
30004485
25746113
21544211
17344543
13096808
8906013
4683734
29919582
25670397
21502949
17325742
13102855
8907826
4713438
9651072
5428776
1243705
30194148
25923932
21741328
17543019
13292081
9101041
4882199
29882331
25632204
21455160
17267568
13057884
8869617
4674604
29752445
25534880
21355054
17167718
12935927
8758198
4564974
29803141
25542507
21370128
17172804
12955295
8762841
4570954
29995412
25753932
21551380
17386623
13160629
8986899
4759697
30027813
25774423
21585740
17355341
13116871
8907181
4679599
29992884
25743670
21565541
17347097
13077978
8887157
4639509
30088157
25845412
21626680
17382198
13129430
8919805
4691748
9733123
5474871
1309202
30083365
25819594
21582049
17347440
13098341
8904176
4697148
29943969
25730444
21562380
17338931
13093532
8893546
4692474
29925594
25682756
21476094
17290886
13054132
8837729
4654173
29988048
25749319
21562706
17406228
13172208
8986549
4787806
29954500
25677370
21496443
17309986
13084662
8845849
4612326
30000055
25783827
21558866
17302767
13042886
8815954
4618765
30138491
25863559
21660615
17509090
13227355
9070042
4848626
30100349
25884224
21669429
17433706
13179269
8973509
4745149
9213607
4954246
733573
30039583
25808336
21565649
17365248
13161064
8855770
4676205
29952455
25697565
21474463
17297074
13078228
8858053
4675102
29956164
25711207
21548076
17358926
13144624
8919527
4707419
29953245
25704174
21495296
17284261
13044920
8855730
4643217
30042164
25800417
21604098
17403449
13194068
8971629
4761186
29907643
25668576
21466287
17268055
13027650
8835372
4648618
29984334
25750719
21546190
17326503
13076207
8858169
4656456
30058808
25827223
21679484
17482707
13256280
9001053
4735403
8940073
4708550
511385
30092173
25861962
21668896
17464589
13237635
9068583
4851972
30045403
25831262
21648343
17397810
13146546
8932858
4726556
30000029
25766019
21566837
17354888
13111637
8885440
4692694
30107326
25836130
21692481
17455209
13196733
8999777
4770578
30025054
25754451
21555631
17348011
13126932
8864239
4622584
29999645
25744569
21520213
17289407
13033520
8903119
4736348
29925633
25651637
21441544
17266402
13048840
8815002
4595205
29960959
25700355
21481524
17254005
13017649
8799880
4600912
8325039
4106533
30084321
25844443
21662932
17437492
13181729
8964710
4721739
30034099
25772109
21596309
17342792
13082660
8826524
4667227
29993382
25774087
21558035
17317605
13062646
8819636
4585542
30011218
25797837
21583026
17376514
13139037
8913900
4689746
30024021
25781514
21585326
17414711
13126101
8896756
4694714
29997952
25778930
21550456
17335392
13084603
8894947
4668997
30070760
25818578
21541113
17319534
13122097
8952367
4755642
30053590
25795503
21597694
17380985
13148687
8912453
4692385
11803384
7573466
3355230
30053076
25820393
21651562
17464956
13241018
8946643
4657438
30020849
25785610
21569333
17362910
13109545
8907156
4701293
29786822
25581028
21434542
17193640
12955796
8742402
4538218
29972872
25729185
21543626
17324953
13097685
8881137
4678608
30036628
25805719
21585059
17333145
13073015
8872728
4636478
29993355
25753358
21528207
17323484
13136097
8886040
4702471
29902315
25693080
21464939
17228439
12999644
8855719
4639216
30077765
25847657
21639321
17431132
13169091
8938810
4688619
11436883
7174425
3020499
30115150
25851649
21650112
17476799
13227913
9016957
4797371
29781903
25522876
21346058
17132951
12912677
8737315
4546836
30027904
25778770
21571204
17369372
13137101
8935130
4727027
29955886
25713363
21516210
17318111
13080807
8864570
4648286
30014806
25780495
21582762
17358383
13115090
8912328
4709589
29915176
25672668
21474618
17322293
13066418
8877772
4685515
30008404
25750208
21539436
17301068
13044950
8868992
4654345
30181231
25927559
21732895
17520344
13275990
9030977
4771291
11202612
6927928
2710586
29950683
25740297
21566257
17390658
13155000
8915346
4669366
30292590
26046985
21882036
17672108
13399921
9175183
4941855
30321534
26085505
21852912
17633973
13347471
9130178
4910314
30314713
26053451
21857737
17630053
13385867
9126112
4919245
29993306
25749110
21548308
17363519
13113137
8881693
4664007
29908387
25692516
21500001
17311143
13047215
8834201
4656947
29970203
25738395
21553395
17332646
13105789
8898359
4699941
30201334
25939562
21728016
17493191
13248514
9017455
4796655
10398354
6142374
1970206
30097281
25809880
21597479
17403174
13147916
8898513
4686547
30066470
25832572
21631307
17385762
13180155
8942752
4706369
29998609
25738984
21548708
17326305
13098347
8886093
4651764
30016956
25734312
21524685
17275584
13051816
8822586
4570789
30018113
25748582
21579364
17351456
13097856
8876487
4661793
30181340
25918356
21729771
17506808
13239895
9075142
4825351
29969389
25714628
21499284
17287005
13044693
8835796
4639141
30045970
25842798
21594165
17383417
13128446
8887039
4697035
9521751
5280887
1091809
30062904
25823874
21613105
17442714
13207493
9023631
4819485
30084588
25856939
21666440
17447387
13198034
8987162
4766811
29890506
25669282
21483689
17301964
13062114
8921915
4747565
29752730
25526304
21339052
17129297
12933980
8771494
4597526
29890828
25658482
21438340
17221239
12994124
8767798
4598194
29959994
25692129
21478066
17295003
13049040
8867110
4631006
29872853
25642515
21459275
17266839
13032982
8854869
4681974
29945371
25747856
21491649
17268063
13042595
8826117
4593047
9694182
5464359
1292793
29972642
25716624
21529374
17365092
13161843
8966003
5045431
29948013
25704448
21481415
17237551
13033569
8804182
4593507
29939875
25698729
21476983
17259843
12982980
8803037
4615550
30150100
25870888
21669421
17447834
13178318
8966446
4728478
29816341
25575965
21414053
17183841
12932569
8784956
4570824
30264766
26012883
21785557
17593901
13340242
9122809
4887603
30047405
25779706
21601164
17404467
13163756
8971105
4761312
30125075
25848550
21623555
17415885
13148287
8886392
4629942
9045853
4779693
572633
30319800
26068528
21842181
17580766
13264998
9050649
4858175
30064393
25811409
21570097
17367469
13119328
8930577
4693780
30142754
25955184
21719549
17445295
13257635
8945904
4697197
30145251
25906522
21712751
17499636
13248830
9029026
4834655
29844674
25612346
21433307
17235271
13004421
8822904
4637846
29850358
25631814
21430838
17233967
13010611
8843315
4656780
29852486
25651939
21471102
17276543
13077931
8924401
4712333
29905334
25689760
21498402
17304405
13052383
8858172
4682031
8559262
4306358
30188147
25969190
21774827
17563180
13357002
9080748
4850624
29889410
25632697
21471375
17255371
13047547
8845186
4629630
29905967
25670301
21482209
17271524
13051434
8837491
4606511
29940185
25700073
21498204
17291279
13108542
8847154
4609011
29969543
25732629
21511351
17291300
13074515
8872136
4658449
29940950
25691443
21521780
17303549
13057095
8920427
4663486
30006169
25735281
21551039
17339659
13108825
8853371
4639896
30082563
25905575
21683316
17461656
13224894
8928657
4716923
12288634
8059413
3854919
29943831
25705959
21527914
17326189
13085149
8879908
4695176
30111583
25899314
21730847
17525868
13292438
9051899
4809724
30194548
25934923
21709236
17485323
13220941
8989200
4756778
30242474
25981992
21775121
17550188
13287461
9009835
4771921
30226378
26019885
21779611
17582403
13340149
9110685
4876064
30079466
25817008
21615230
17396809
13146233
8923216
4712688
30010530
25788975
21616542
17395988
13150798
8914529
4735111
30195088
25954777
21784601
17566852
13307738
9085911
4856690
11479143
7205780
3006810
30021019
25775311
21539544
17299614
13048855
8851041
4628838
29889983
25609110
21445130
17253281
12991301
8835428
4665544
29726887
25511076
21358462
17178467
12978476
8723069
4500905
30001111
25724111
21532242
17324950
13141359
8901536
4661649
29904315
25657077
21460467
17245784
13057636
8792348
4583633
29877767
25693172
21454464
17242501
13009210
8800906
4572331
29974646
25734892
21551035
17358327
13085198
8878461
4721065
29972990
25730435
21517523
17310018
13108487
8865957
4639901
11172575
6935355
2763324
30063989
25858045
21680757
17503368
13264490
9092720
4849892
30027828
25827438
21678288
17463062
13194866
8974099
4719369
30122671
25856283
21609602
17391149
13139623
8957091
4745884
29973635
25742841
21576644
17352392
13067522
8847081
4609724
29935579
25738559
21499546
17306985
13090864
8884844
4648112
29939506
25692543
21508154
17274998
13026876
8823253
4623722
29916424
25678540
21511948
17339586
13058259
8891026
4684040
29786869
25550728
21385106
17187131
12981083
8809899
4641290
11064775
6838044
2666233
29971503
25718353
21522122
17314143
13061849
8878120
4679471
29741772
25533745
21345869
17172399
12965495
8808965
4602028
29822945
25602817
21432394
17250382
13072036
8855122
4645651
29962047
25726262
21545468
17330240
13083951
8897770
4699324
29902261
25596590
21425108
17246295
12960784
8730682
4557826
29706473
25484926
21321853
17130009
12931564
8751652
4570202
29996702
25787081
21596556
17366824
13103674
8881292
4652998
30116263
25905497
21710700
17498434
13237564
9017492
4818826
11204452
6938258
2759677
29963115
25699623
21539370
17365205
13097055
8851507
4604246
30282234
26038864
21825659
17603663
13351096
9151442
4922442
30235873
25965151
21749001
17507994
13217574
8994330
4746311
30135805
25873271
21665021
17429474
13209416
8957673
4731250
30199778
25941303
21733919
17495867
13241915
9021649
4803165
29856532
25633088
21466646
17315233
13060168
8865909
4653089
29945090
25660390
21456295
17226079
12963412
8787398
4611665
30164985
25917107
21690491
17470369
13220953
8978847
4729424
10253984
5991440
1778170
30089915
25891235
21725802
17494509
13193142
8997438
4790129
29960389
25757342
21571902
17396519
13152154
8974639
4754392
30090691
25830794
21625641
17411581
13162178
8952772
4771333
29894030
25644555
21445445
17191763
12983396
8759302
4533802
29915513
25672180
21451913
17218980
12994128
8785946
4585050
29934105
25687883
21430172
17202878
12956497
8786664
4617708
29942978
25725576
21521837
17310879
13059548
8842536
4645883
29922102
25727410
21499921
17315563
13070536
8910602
4683201
9726369
5513566
1336911
29980519
25745966
21549282
17325506
13067570
8835224
4645928
29936522
25719164
21499582
17289190
13083940
8849245
4675272
29596727
25362967
21211649
17049179
12868420
8706475
4523887
29807967
25562842
21373626
17222826
12972217
8782676
4556247
29769726
25513164
21335239
17154789
12973334
8773388
4578498
29886288
25672033
21463604
17222510
13013310
8824992
4604924
29707027
25489747
21313080
17146839
12938004
8758895
4601872
29756540
25549056
21359410
17180791
12973268
8782450
4589310
10656941
6441723
2259405
29803838
25596350
21430213
17271092
13031665
8850391
4615168
29822076
25547898
21369368
17185671
12975559
8796692
4611799
29803992
25571736
21451344
17271497
13094593
8892833
4717337
29672093
25481918
21331540
17181279
12969016
8773788
4588085
29527430
25338400
21201013
17061791
12884138
8702669
4552760
29685194
25480514
21320436
17155097
12954719
8795628
4611430
29739433
25522604
21350905
17173515
12907233
8722891
4533242
29873515
25663112
21543174
17316580
13113393
8891331
4688710
11884896
7677638
3487535
29790929
25581177
21431881
17274433
13066815
8826505
4624194
30063176
25841064
21700236
17477464
13233204
9018256
4811330
29929876
25673649
21488708
17261882
13050357
8861828
4687461
30086067
25831319
21596981
17394129
13123096
8907401
4695836
30055962
25784407
21569666
17357950
13096010
8870421
4661761
30083317
25832490
21552489
17332521
13092201
8878687
4645906
29887681
25634103
21432274
17220200
12986733
8816534
4625841
29949592
25698027
21509815
17308877
13080689
8882361
4691587
11705484
7474959
3315183
30095278
25875654
21688963
17509403
13256585
9060132
4878019
29909209
25656471
21478344
17319152
13088113
8896077
4712763
29860457
25635016
21481398
17310105
13084710
8878052
4661930
29910525
25691244
21495060
17293260
13039573
8858158
4626948
30133909
25879516
21644505
17392568
13152218
8938522
4737865
29892060
25666353
21475942
17278760
13051581
8868679
4688235
29764962
25524342
21321951
17124407
12891540
8730807
4564974
29962449
25747869
21561936
17357103
13130204
8944672
4757078
12125556
7892540
3697848
30229297
25969545
21785606
17574820
13341533
9120804
4895435
29935618
25665443
21456784
17247280
12993302
8808245
4608064
29790510
25603372
21442262
17253302
13023577
8813245
4604491
29890433
25670727
21486249
17290061
13064884
8866374
4665650
29802607
25570154
21401582
17222091
12982040
8816694
4632699
29836745
25623288
21425819
17232810
13003596
8817945
4643780
29752419
25569337
21439581
17296359
13074023
8868946
4654013
29804232
25613877
21490750
17323467
13107965
8886348
4704976
12693352
8465364
4266214
30168530
25923919
21718530
17491962
13200701
8955903
4735471
29866522
25563295
21381840
17190676
12978749
8754476
4542276
30047072
25831367
21642343
17417942
13176971
8937760
4703331
29810453
25604867
21431968
17270845
13024942
8791546
4568198
30079161
25841972
21675719
17505039
13284950
9056795
4809680
30335135
26061712
21833876
17589672
13355933
9115438
4917389
30135663
25862319
21657311
17408335
13165353
8965275
4744460
30150486
25948958
21744142
17454517
13203162
9018323
4763168
11912982
7634179
3440652
30169742
25914671
21703240
17522627
13223558
8987223
4726250
30151564
25859210
21668138
17437874
13192547
8974490
4745329
29930932
25706205
21523725
17298175
13039490
8829454
4584657
29930213
25707485
21504673
17315415
13073128
8869124
4670972
29954733
25673148
21495861
17282516
13053717
8839238
4627119
29911966
25683501
21515525
17313580
13061320
8851486
4676806
29840342
25591581
21424832
17231736
13004265
8795323
4596307
30095370
25791601
21593894
17374956
13135824
8915964
4682944
11270543
7033401
2811082
30116486
25833521
21635918
17443706
13184174
8929023
4683784
29865298
25602385
21399048
17226632
13016050
8830519
4624679
30080101
25854322
21642372
17442055
13200330
8975793
4754037
29882126
25627246
21404154
17179613
12980296
8757270
4585137
30051881
25830077
21626483
17402417
13142557
8938593
4741327
30087562
25839525
21648887
17448218
13184840
8984377
4754167
29858890
25587010
21364081
17182756
12941048
8731531
4509129
30000090
25776291
21560380
17347887
13129911
8920503
4707473
10855480
6624391
2475934
30125963
25914467
21778653
17581749
13349331
9094884
4833898
30148391
25899622
21708940
17491630
13227023
9005386
4768157
30051296
25838672
21608864
17338495
13115758
8890037
4667999
29927309
25693092
21497723
17296720
13071410
8845891
4643623
29986906
25733712
21523039
17319870
13086501
8880513
4684709
29887933
25641117
21459912
17272446
13034278
8828604
4641693
29859259
25648439
21445841
17255861
13042992
8825551
4635240
30021887
25807915
21594963
17388036
13129022
8922440
4706464
10514210
6271450
2085229
29851160
25642568
21461994
17319092
13128996
8917341
4700661
29977638
25679763
21478671
17247418
13003266
8804801
4630241
29899363
25649623
21445067
17250112
13011310
8815118
4605802
30081011
25788244
21636573
17457196
13216695
9008303
4778520
29910315
25663990
21487574
17277161
13081664
8950896
4760664
29852779
25568862
21372494
17211337
13007539
8831775
4637528
29735107
25437102
21275610
17135931
12937672
8806155
4648436
29809873
25573306
21373052
17210031
12988368
8816806
4607140
10732061
6512915
2317705
30058481
25861276
21668244
17530304
13308191
9106914
4908371
30009316
25753893
21566880
17353505
13094682
8909335
4713821
29854305
25624075
21441581
17291018
13061691
8864155
4664333
29968975
25747122
21554037
17364068
13130576
8933230
4722365
29945239
25684833
21489242
17274016
13035088
8835570
4643294
29790957
25555411
21396814
17246146
13065674
8891180
4710873
29796338
25517629
21397300
17287179
13108488
8953576
4797324
29985508
25762266
21603620
17440962
13201964
9075494
4884176
11310962
7061032
2840083
30153133
25880012
21692634
17500129
13252372
9057663
4804078
29838096
25578157
21375210
17220707
13014880
8821757
4654001
29898467
25675931
21499933
17303101
13082346
8882795
4678084
29568079
25347080
21167169
16960446
12753885
8638551
4510344
29855210
25679725
21519884
17340250
13114493
8976934
4790552
29878290
25649291
21461265
17267382
13086474
8934688
4746730
29845841
25592720
21402262
17256209
13077238
8900154
4718953
29905387
25648691
21456563
17242562
13014317
8798344
4568832
12010755
7803727
3578543
29939316
25714874
21536381
17369188
13118867
8859128
4603127
29885638
25643554
21464107
17251614
13034566
8815761
4623830
29832886
25588381
21414847
17221794
13002422
8802485
4571781
29869557
25646309
21452525
17269323
13057053
8859424
4661446
29872250
25625434
21430650
17239857
12997134
8805323
4599241
29724844
25546443
21391593
17210186
12991612
8797021
4600700
29789341
25569013
21386693
17185818
12977169
8800318
4604090
29775583
25561131
21383470
17210680
12997773
8800266
4615679
12495876
8321388
4133914
30093590
25881839
21702995
17488308
13232330
8974383
4761754
29985905
25732281
21558512
17348001
13092868
8900107
4694650
29848561
25594334
21395291
17196770
12983806
8806666
4620007
29790170
25566747
21381677
17180089
12959169
8747607
4564093
29924764
25701008
21549449
17426263
13233374
9049103
4812770
29814660
25538874
21360270
17205154
13033588
8890549
4735534
29869178
25611893
21377179
17233300
13033360
8810033
4567993
29735192
25497848
21290447
17076239
12869662
8699736
4506924
12881987
8704830
4541637
29835760
25624709
21432362
17216996
12987130
8823434
4667640
29994145
25748825
21570046
17368929
13115974
8964968
4766136
30198273
25943308
21719731
17512804
13272395
9074782
4837565
30023922
25776645
21569798
17346052
13153381
8986428
4777359
29889720
25625242
21424076
17266195
13012099
8829201
4641781
29924737
25648129
21447492
17265647
13049558
8864105
4675362
29765679
25537398
21358641
17159070
12939167
8745562
4557584
29672769
25450488
21280873
17084614
12889234
8715560
4561921
13450996
9210925
5011670
844807
29756666
25586596
21457053
17271646
13071932
8902052
4693536
29789121
25568569
21383655
17199892
12977577
8831459
4652855
30014236
25792631
21583439
17382108
13149831
8941645
4735706
29814777
25590122
21424552
17247508
13030857
8852527
4681609
29864625
25638577
21433969
17234330
13016375
8821062
4626688
29774620
25553303
21418106
17235543
13011243
8810068
4877224
29669569
25422415
21250496
17076491
12896066
8751330
4604598
29501678
25330009
21198248
17064000
12894675
8758800
4605388
10590889
6415899
2276656
29724794
25560744
21418477
17259983
13038443
8840819
4625244
30049791
25763879
21623256
17442758
13214900
9078977
4881986
29931914
25695874
21502867
17294134
13075577
8903687
4697584
29859496
25630540
21456002
17254699
13058865
8848900
4667514
29953002
25703155
21509217
17276904
13043825
8839072
4635636
29875448
25649327
21457054
17272591
13034069
8850642
4642733
29912594
25689147
21487252
17273172
13044646
8870261
4624665
29865198
25621753
21447370
17284121
13053606
8875281
4683961
11332331
7072617
2884907
29884812
25651135
21478037
17258287
13008645
8816208
4642941
29846010
25593622
21409490
17230582
13008868
8813018
4628918
29653576
25402015
21178041
16982714
12771731
8614376
4465982
29468500
25305305
21173464
17028878
12862978
8718657
4589918
29397520
25223490
21099372
16957608
12777143
8634508
4498182
29471979
25297450
21157720
16999177
12797212
8599851
4456473
29392040
25226837
21102392
16941150
12770770
8633083
4489759
29396888
25223042
21076241
16917913
12752621
8617090
4463943
13609428
9407536
5230642
1039005
29755779
25544961
21376373
17203896
12994428
8854606
4697371
29862914
25641613
21454332
17226070
13008569
8824017
4644565
29745712
25542587
21403609
17247606
13043212
8887076
4685005
29756627
25534219
21346798
17172783
12972455
8794647
4621352
29829352
25594392
21404901
17220134
12985201
8808617
4620237
29702938
25497053
21329106
17122765
12910174
8739920
4560814
29903843
25656598
21483595
17256624
13017843
8810359
4598257
29911719
25675841
21485290
17308473
13066427
8833725
4632470
10210720
5956114
1756467
30006995
25765227
21584000
17351941
13107929
8891181
4655768
29859950
25649447
21490787
17307350
13088858
8919093
4726079
30044356
25802741
21596337
17362352
13116046
8891985
4705283
29991781
25738929
21542593
17308276
13069724
8896791
4658240
30033947
25773053
21567325
17326593
13092375
8877761
4642958
29779654
25517392
21318611
17171228
12980290
8796863
4586926
30264279
25996758
21783065
17553270
13323795
9080381
4849708
30048724
25775729
21587616
17367401
13144682
8898238
4688812
9800741
5569483
1344568
30133843
25875508
21652904
17466252
13230849
8975491
4726719
29937726
25694274
21491534
17272585
13031158
8834064
4632751
29994586
25729673
21490333
17266053
13013545
8826313
4624753
30009048
25756993
21561471
17283197
13040744
8803292
4577820
30020380
25773982
21551535
17343742
13090637
8864129
4634765
29978596
25751162
21547993
17320925
13072624
8878305
4690166
29995059
25748290
21535963
17307363
13055418
8859484
4655254
29918589
25704506
21541356
17305849
13020587
8817177
4593264
9071610
4748979
539670
30198203
25943966
21766623
17505973
13251762
9056584
4843766
29952946
25721934
21517891
17301969
13058913
8838875
4664501
29981272
25727846
21558625
17364503
13103470
8903423
4688057
29943899
25683789
21521574
17383327
13146073
8962938
4776328
29921226
25692456
21504989
17325208
13096020
8888470
4716054
29910236
25662750
21489237
17259317
13012022
8813846
4580712
29917277
25706605
21547671
17379343
13142135
9012523
4727987
30110466
25868886
21683923
17431940
13175126
8967770
4747152
8567771
4359698
29801037
25571527
21391918
17195268
12952906
8679367
4500206
29770923
25592855
21459672
17263652
13002377
8825302
4612744
29869118
25640903
21476687
17293488
13023604
8817688
4626635
29833227
25604021
21451453
17283449
13056895
8874324
4722880
29915434
25667423
21475080
17260099
13014939
8843558
4639113
29940357
25690736
21490359
17278588
13040410
8842428
4630793
30004045
25793601
21595893
17392032
13115724
8873628
4648480
29974490
25723355
21523411
17270075
13000516
8828196
4646231
12855296
8639052
4384282
30138005
25826134
21524434
17316836
13073839
8874044
4664994
29491780
25258050
21116223
16961263
12786604
8653628
4522702
29833685
25628443
21440983
17248639
13020928
8849223
4668250
29739164
25516307
21322324
17155781
12974288
8793257
4595840
29974408
25731983
21567033
17349619
13123824
8898109
4713217
29913062
25673719
21489204
17285728
13041449
8847398
4634876
29805000
25592816
21382959
17171892
12930979
8733051
4538949
29426463
25252223
21068847
16935787
12771485
8622094
4462892
13783981
9569431
5376761
1187784
30027745
25809079
21618897
17502791
13286376
9077855
4829794
29958660
25745254
21544086
17326555
13099143
8923296
4743205
29855761
25617408
21420345
17226880
13002769
8818808
4626047
29766204
25587614
21452438
17297758
13100801
8905408
4692021
29993279
25777005
21586367
17390567
13131586
8889679
4677936
29755157
25513475
21271775
17068680
12838371
8669579
4526307
29856909
25676484
21495148
17267966
13056069
8859414
4636264
30005281
25859269
21656748
17405370
13142640
8885280
4673958
9788085
5529812
1309785
30048796
25815273
21612669
17405828
13177567
8971958
4776123
29862458
25621860
21445743
17257641
13047109
8848786
4642054
29983782
25747088
21563777
17387453
13161718
8953232
4770015
29825934
25598221
21426271
17256510
13028796
8834869
4650172
29884827
25648322
21471142
17265989
13031175
8832211
4628677
30123318
25873399
21689785
17459332
13239955
9041197
4837483
30056009
25797813
21618148
17427852
13216877
9007684
4814107
29997269
25756247
21562833
17379865
13163079
8973300
4767392
10012052
5771262
1554309
29788066
25550857
21395812
17197964
12975566
8791836
4640648
30098458
25879605
21738246
17522599
13296384
9059101
4847538
30277849
25995296
21788990
17580059
13328252
9108471
4893343
30139918
25877422
21654727
17446684
13205024
8986980
4753046
30175220
25894060
21663685
17465855
13203629
8985832
4767073
30008777
25761458
21560155
17308708
13035880
8827065
4597999
30004925
25757124
21558499
17358367
13112769
8908826
4737238
30018619
25779671
21595927
17401959
13171932
8948533
4759372
9393793
5134523
902514
30130044
25870020
21696163
17452143
13191461
8997201
4797440
29852839
25623926
21418784
17209267
12971880
8791033
4617081
29871406
25646415
21423786
17195575
12944968
8726236
4515689
30184906
25944126
21699823
17474877
13212630
8990393
4761365
30099209
25829502
21613568
17369585
13110038
8904887
4692265
30079451
25825915
21643426
17431087
13208288
8988283
4789814
29606382
25376292
21200757
17029863
12848020
8694844
4538517
29773864
25574061
21403550
17220230
12981523
8794496
4569837
9286611
5057161
847537
29938738
25759531
21645977
17413115
13226870
9038161
4807378
29728324
25487027
21309002
17082708
12860704
8650328
4456199
29956582
25737863
21537359
17340088
13099569
8880469
4674921
29996925
25749561
21559839
17368880
13134092
8955771
4738465
29864451
25639747
21426478
17219770
12979064
8794202
4610914
30088142
25857750
21666732
17437849
13184782
8974114
4745093
29929628
25691326
21508192
17323478
13069794
8872689
4692643
30186837
25917297
21746135
17550983
13297217
9059708
4826741
9218585
4982745
807627
30089532
25853328
21673675
17468107
13269835
9070690
4880487
29995160
25784618
21605031
17415090
13182553
8967549
4758684
30002782
25776731
21587901
17366701
13127307
8876748
4678107
29893336
25647445
21465014
17291794
13067220
8862152
4645591
30078292
25846844
21714090
17562017
13340562
9143811
4924972
29977244
25737575
21560541
17356887
13112633
8903710
4698049
29964238
25722650
21532489
17330677
13084648
8868993
4663975
29942146
25742194
21546855
17335765
13132213
8922107
4727495
9232556
5018487
839441
30086043
25849655
21634753
17436386
13191000
8988343
4782927
29978322
25736287
21547617
17341844
13112055
8933688
4721208
29792214
25520406
21333417
17087680
12846859
8692283
4598353
29860854
25584294
21427202
17254950
13044970
8860066
4659873
29696958
25480970
21296531
17091542
12830673
8679207
4533094
29453504
25283636
21151371
17006993
12833174
8693013
4563229
29527925
25351171
21203652
17059212
12882644
8746471
4623867
30029116
25829259
21644430
17420241
13162771
8977118
4765221
10237171
6054872
1928921
29934663
25764385
21640337
17440345
13209595
9002857
4801857
29959353
25709521
21507746
17291491
13072788
8885741
4639232
29906289
25651820
21408908
17195118
12961494
8802637
4585410
30040596
25840990
21599462
17409883
13194235
8928289
4764341
30024343
25807538
21565843
17351427
13131806
8886429
4694414
30048407
25849377
21606186
17410619
13160398
8958569
4690487
29915115
25700362
21472076
17267533
13034617
8816698
4642454
30201097
25960581
21766575
17586474
13319799
9116726
4865747
9978640
5734935
1539469
30165873
25920639
21702374
17503963
13225695
8961094
4715015
30130255
25905920
21704273
17463389
13197853
8994030
4773240
29883139
25640135
21397862
17160133
12956272
8742252
4507764
30092208
25817493
21601530
17366580
13123480
8902381
4681715
30118990
25848323
21639038
17397191
13080647
8856174
4634414
29825123
25567302
21379792
17131357
12912289
8713112
4560840
29819032
25581736
21425023
17209415
13013793
8846127
4659797
30080297
25798762
21587208
17396013
13164817
8927712
4731276
9398087
5165782
1027642
29846482
25637435
21427777
17232270
13015364
8806253
4588327
29804054
25587696
21394343
17208867
12999598
8821409
4640318
29832356
25563014
21388593
17187125
12970575
8789961
4603380
29742598
25552318
21380667
17190581
12971647
8768821
4588887
29847029
25550654
21402497
17205497
12990592
8807134
4644485
29732854
25498981
21336072
17156318
12956597
8818539
4658853
29879644
25640993
21422437
17200374
12957814
8770734
4598345
29635663
25416354
21255180
17116231
12946998
8802738
4673175
10512657
6298644
2118282
29965917
25718012
21520488
17325390
13107501
8904707
4703818
30041687
25769007
21614687
17437889
13199770
8967482
4731277
29805900
25552667
21321509
17086355
12825740
8663441
4510726
29895157
25636453
21428152
17270211
13054317
8861885
4667808
29826548
25609057
21437875
17265885
13054011
8849130
4656038
29429872
25196720
21046384
16902083
12725881
8577869
4436507
29459524
25282042
21138930
16991789
12820695
8669293
4523368
29677313
25499333
21369924
17243052
13030100
8850092
4648183
11653168
7414706
3224260
30022677
25811064
21645285
17439475
13201979
8960855
4763118
29730136
25467295
21312779
17150834
12971341
8834601
4652801
29646049
25421131
21245476
17074314
12847140
8673896
4541380
29709075
25540309
21413875
17268360
13061691
8875313
4674885
30000904
25743783
21549575
17368925
13140401
8938927
4728552
29717501
25456350
21265238
17070530
12842819
8641643
4479821
29795109
25576411
21386577
17217843
12999737
8816423
4629723
29719317
25494008
21294921
17079451
12811752
8656809
4500389
12625546
8429886
4226015
30057231
25827934
21641971
17443023
13144831
8914438
4732739
29957469
25673202
21472273
17247738
12985710
8760892
4536993
29809359
25630837
21468435
17257743
13015408
8860447
4698456
29898246
25656828
21508392
17323043
13080675
8879948
4671670
29891193
25649656
21440310
17227326
12991684
8758944
4557765
29745074
25501879
21309633
17084346
12843585
8651828
4498780
29937535
25707210
21520283
17329746
13103005
8841983
4622489
30021159
25787454
21674574
17424967
13195804
8967596
4737773
12604787
8376586
4158035
29972669
25739760
21548033
17331431
13070869
8820665
4614302
29841878
25587253
21409258
17192594
12972697
8793325
4618896
29913165
25691718
21515942
17323193
13107897
8897790
4693946
30090355
25803518
21604583
17406354
13104093
8883656
4661102
29961549
25697262
21515404
17283521
13051410
8810657
4596076
30021928
25753787
21550371
17343867
13091287
8861779
4632510
29880960
25652803
21459828
17263150
13030604
8824444
4665609
29955366
25709541
21512665
17321737
13056032
8860145
4666803
12308353
8129841
3952984
30143206
25898779
21709247
17492383
13208163
8984393
4737102
30152010
25887465
21707788
17467550
13216444
8979541
4769429
30088669
25816828
21617714
17388739
13130975
8930464
4698578
30117856
25888851
21679952
17470665
13227289
9054605
4836114
29706624
25482137
21291550
17053649
12868694
8748090
4603748
29831123
25650925
21526005
17338477
13122232
8894321
4654158
29940332
25724154
21529834
17338217
13081646
8863235
4661627
30066983
25833825
21603898
17345314
13121328
8902149
4697377
12110854
7840121
3647914
30050875
25780474
21582544
17340322
13038635
8817062
4599226
29876596
25637302
21454226
17245694
13023084
8822495
4609920
29903810
25667137
21462586
17242607
13005639
8798297
4574087
30131749
25896324
21660966
17423447
13171793
8948096
4726845
29946738
25711905
21516630
17316020
13077574
8905884
4707057
29923766
25698029
21500731
17314086
13068499
8884487
4662085
30008236
25740835
21544138
17323713
13023205
8819190
4619393
29927715
25698876
21510445
17271727
13056472
8867425
4689592
11590697
7383110
3197824
30140970
25913040
21732133
17529069
13290393
9041459
4794270
30146371
25860675
21668249
17444051
13222709
8951481
4731178
30462043
26277712
22175514
18029616
13856236
9739925
5604624
30049539
25796849
21600396
17391601
13131873
8923321
4717241
30124038
25855959
21630294
17401826
13150064
8951795
4729618
30098050
25809256
21619489
17331338
13085263
8870472
4625500
30023988
25760395
21581086
17353536
13115851
8910767
4692203
29937290
25708049
21503053
17285731
13051120
8825275
4613763
10805753
6560531
2374158
30084223
25851576
21660207
17457185
13215023
8997095
4776856
30052353
25764116
21574255
17370348
13133249
8917125
4712120
29601261
25338804
21189756
17036992
12864015
8730717
4575409
30010005
25719803
21522049
17323013
13082741
8864764
4655290
29978451
25739858
21513278
17284154
13064847
8858724
4657349
29961858
25733118
21521631
17316749
13093114
8863471
4634719
30103026
25839418
21654139
17413495
13171384
8954673
4709826
29979073
25766060
21532886
17288473
13058027
8875494
4656521
10602735
6373073
2191211
29882236
25660263
21471413
17260438
13033901
8856627
4659873
30064388
25839108
21655917
17488441
13205931
8995437
4759826
30017972
25759424
21560620
17386989
13103229
8898390
4680600
29997975
25791874
21607928
17377438
13146503
8960570
4767914
30006045
25769556
21552965
17345012
13107915
8901285
4681402
29833270
25591202
21387809
17225622
13023388
8818738
4637975
30025533
25805721
21640509
17404561
13161953
8943771
4724419
30187314
25933587
21708825
17402818
13146656
8909296
4696765
10313589
6058109
1860265
30117400
25874310
21679966
17478638
13222214
9008980
4791532
29995879
25736839
21529104
17299403
13079140
8866105
4669508
29905569
25673598
21493365
17288372
13056552
8846357
4605736
29889589
25633659
21476033
17305108
13105263
8913323
4720338
29770193
25570638
21311714
17133357
12901427
8700321
4542906
29957915
25742387
21559170
17348368
13121105
8908909
4687892
30167219
25945388
21706037
17485703
13273461
8971752
4729999
30179170
25923257
21700145
17477657
13198497
8954793
4715579
9825816
5538713
1285534
30076423
25850567
21669230
17407852
13180695
8961838
4742669
30334300
26074437
21847997
17655086
13401176
9211903
4957709
29874373
25635742
21420259
17220555
12978782
8757034
4572489
29954033
25711889
21551584
17321682
13065986
8846942
4625580
30006805
25742336
21564776
17363756
13123349
8886963
4718339
29921480
25661981
21445810
17243783
13000948
8811599
4618886
29989214
25699510
21479190
17262107
13033034
8831454
4656542
29934367
25700498
21498030
17322162
13096778
8900424
4694578
9288672
5023885
816131
30098705
25840912
21592775
17394567
13152005
8950002
4737856
29943832
25706539
21534721
17331750
13090720
8860174
4665869
30242351
26003552
21794285
17602823
13341166
9126021
4921212
29814364
25586669
21386292
17215932
12984050
8772791
4570096
30067632
25840391
21659824
17424348
13205470
9007000
4785753
30029297
25761127
21584716
17325533
13068825
8851540
4629252
30159075
25941656
21754469
17546445
13293296
9066811
4861991
30040313
25805038
21610335
17389236
13147775
8949447
4719727
8712930
4405313
30123676
25859404
21656679
17438458
13178110
8918542
4689260
30276258
26010906
21826120
17610653
13352316
9109592
4890083
30075124
25800047
21573840
17344105
13092007
8861113
4628132
30046100
25784475
21570480
17365157
13095481
8907266
4669489
30001295
25776335
21547155
17302637
13068450
8897499
4693640
29898186
25640520
21451628
17240732
13035242
8854128
4650984
29896984
25670771
21482453
17275631
13050266
8860865
4668522
29841768
25591344
21411878
17230082
13007920
8816251
4626661
12094718
7876966
3682507
29819908
25582430
21417150
17258729
13046708
8856782
4680301
30255050
26025004
21802840
17593378
13294873
9084406
4847928
30179437
25961170
21752623
17536475
13272681
9049535
4811308
30208150
25948198
21740751
17502182
13252062
9035422
4809594
30396060
26147601
21886142
17625545
13351525
9121279
4871142
30225398
25954756
21703009
17463615
13193807
8944256
4712952
30040027
25759886
21557653
17339595
13067231
8843090
4637458
30097700
25827869
21616789
17372450
13112403
8905763
4687456
10986032
6749633
2509894
30201114
25939640
21758660
17553778
13277450
9006907
4784395
30099437
25851041
21626384
17399387
13153775
8948437
4729331
29958108
25729886
21520783
17290269
13068148
8879060
4665865
29916318
25659070
21456291
17226569
12969542
8762407
4579511
29999146
25753984
21559190
17346030
13096338
8883986
4682353
29882664
25642031
21456458
17241293
13004242
8800654
4576758
30084708
25840748
21613345
17377010
13130704
8922303
4672484
30111013
25810759
21601977
17371466
13134153
8975659
4769499
10210818
5968520
1765581
30051281
25809963
21603882
17377567
13127733
8932940
4697589
29964975
25716265
21509493
17311718
13077503
8872012
4667766
29987864
25730963
21510619
17294676
13043240
8862565
4662384
29986124
25743032
21497961
17285014
13058732
8836656
4631788
30044719
25798073
21606827
17412908
13172612
8972910
4715720
29908593
25674058
21478695
17285806
13060695
8868652
4632096
30044046
25754692
21565237
17374391
13122231
8954725
4750076
29905998
25645207
21467784
17284320
13061694
8861366
4667499
9593128
5364335
1140345
30215738
25961398
21764368
17547212
13279879
9042441
4836236
30039047
25806096
21600547
17356889
13087223
8860888
4614475
29893661
25640559
21432840
17235893
12995986
8830585
4622929
29913645
25678479
21473111
17278545
13044401
8837466
4634846
29921793
25694208
21500609
17313996
13081176
8873885
4654728
30126809
25929316
21725684
17490406
13237785
9034978
4815387
29958818
25717393
21535417
17324873
13090801
8851130
4621224
30048658
25806640
21588073
17372365
13135422
8942754
4708665
8890245
4652132
30170026
25888694
21693932
17466014
13186142
8974375
4737253
29948834
25674735
21475655
17246809
13006858
8795975
4602648
29915773
25694059
21504742
17294769
13073402
8875621
4666780
30027168
25781288
21581312
17359348
13124770
8933682
4713137
29950584
25724495
21519079
17309023
13064290
8852219
4635406
29941260
25699210
21499422
17273652
13033539
8835871
4635357
29953619
25721829
21507233
17273474
13033717
8837188
4582128
30268290
26019584
21832361
17618720
13339956
9090341
4870398
12397072
8155410
3908696
30212299
25938012
21749369
17512883
13232009
8990556
4743269
30079791
25814769
21586206
17374080
13134483
8914539
4684284
30022342
25776534
21570911
17391295
13154867
8967509
4738391
30070254
25805401
21601164
17405807
13167048
8924098
5399664
30107810
25852571
21654438
17459741
13217634
8988894
4784401
30094605
25830984
21639941
17457409
13237589
9050068
4837123
29883605
25614958
21439202
17233122
12989352
8766256
4561519
29977503
25759062
21555734
17360786
13132109
8919095
4692799
11658104
7415822
3203786
29947253
25711191
21542057
17332235
13110514
8937660
4730932
30059465
25790454
21584862
17362851
13129433
8900323
4673605
30044113
25802378
21613189
17393215
13168896
8948803
4772752
30107974
25873746
21672910
17462775
13103420
8897533
4663874
30094251
25842441
21656326
17471686
13245217
9010857
4755644
30053416
25770209
21592439
17371210
13149594
8956786
4720747
30029438
25780963
21598470
17363514
13138990
8906227
4704263
30172496
25903366
21683188
17474987
13203771
8997761
4749194
10848186
6580569
2385934
30084131
25824915
21623359
17418135
13168337
8990193
4727866
30066094
25824676
21629917
17394297
13102403
8875578
4659457
30070274
25825830
21617916
17392104
13130241
8900443
4708391
30004302
25756022
21568779
17367280
13120299
8902320
4695293
30166974
25945525
21777460
17597272
13370565
9148908
4897126
30251982
26001572
21778213
17582655
13309972
9064666
4826735
29992484
25737796
21557402
17356080
13130620
8950613
4734386
29954650
25700054
21501685
17280402
13046127
8837195
4626643
10143782
5851217
1640560
29991518
25742935
21534844
17289084
13052924
8861116
4659798
29701881
25456980
21266555
17076892
12884592
8734012
4576805
29828025
25605643
21445373
17257873
13039594
8853983
4655368
29922106
25680682
21501693
17306414
13072098
8849321
4666343
29996030
25766227
21582682
17351600
13089346
8874375
4681730
29915684
25687831
21499092
17299535
13047277
8846462
4631870
30014685
25773520
21579343
17360577
13129056
8901139
4692899
30089180
25820121
21623438
17414395
13179508
8944782
4718572
10056715
5772700
1601451
30136454
25900113
21696031
17497446
13220036
8956401
4761031
30077319
25827234
21637115
17394259
13137598
8975270
4710407
29988854
25733809
21557481
17361879
13117074
8905566
4671175
30024516
25767828
21591933
17382487
13155921
8962483
4772475
30040495
25774914
21590999
17376949
13142463
8964526
4739014
29984781
25736469
21557968
17344032
13097839
8873925
4646722
30048348
25808977
21606556
17403757
13182735
8950472
4757059
30062216
25795585
21610397
17425422
13186177
8962320
4768060
9329125
5076114
862512
30349150
26125063
21941297
17657058
13412988
9192587
4945758
29994356
25744769
21546128
17313881
13064631
8852589
4622715
30054533
25811369
21612487
17421709
13131405
8932981
4705771
29933625
25691078
21499851
17299566
13072352
8870242
4678527
29950374
25722115
21557915
17347010
13104200
8907934
4696058
30134240
25865663
21676209
17502202
13240035
9034193
4841117
30012027
25765781
21571484
17344079
13082242
8852404
4648689
30146834
25898121
21674504
17432999
13178333
8954255
4751608
8441126
4199784
30088985
25835513
21613073
17428204
13138855
8936812
4755862
30203623
25930093
21726808
17505846
13282674
9056487
4809893
30136169
25861943
21650505
17421330
13183349
8994553
4782272
30030826
25780318
21585386
17371487
13126416
8943037
4724599
29953338
25715297
21504904
17308585
13085640
8835183
4601302
29910022
25687298
21472051
17272067
13055292
8856298
4644133
29826313
25602020
21422075
17224187
13006706
8796941
4595528
29950546
25715646
21507445
17298977
13082806
8868257
4651836
12256847
7999553
3810654
30008817
25786759
21581264
17359060
13144168
8891205
4679621
30114438
25855911
21628325
17416000
13181719
8979736
4788918
29915025
25665234
21477619
17247603
13004810
8781111
4579402
30062075
25837700
21621309
17404592
13162093
8949123
4723715
30063585
25815277
21598844
17356493
13136132
8919966
4714453
30060767
25748948
21540107
17316829
13068902
8868080
4635984
29967129
25726291
21510572
17298653
13045534
8857090
4623538
30102841
25851217
21655130
17446712
13167748
8938027
4717151
11587729
7304578
3116380
30033330
25805145
21593843
17392265
13120561
8904206
4668095
29941901
25703085
21518383
17267824
13041211
8846505
4610652
30116770
25832721
21616790
17377731
13155270
8953038
4732802
29958275
25718471
21492083
17284739
13062470
8834828
4666627
30012635
25774123
21552765
17339663
13088855
8857109
4615968
29999374
25743914
21524833
17275057
13055659
8849864
4603765
30029941
25755812
21558984
17335747
13104656
8885072
4658990
30139558
25903005
21704534
17432397
13186053
8973002
4769454
10751947
6507207
2296118
30074063
25845141
21655683
17447709
13154463
8964340
4746058
29957264
25723011
21537810
17317336
13065317
8853062
4642648
29824748
25600292
21404741
17203569
12989798
8776925
4577971
29926992
25669856
21490082
17267371
13016984
8813301
4585546
29962884
25718832
21518523
17314456
13086874
8884396
4676357
29965299
25732414
21512907
17281187
13039105
8832489
4619670
30007074
25757722
21570631
17337487
13102409
8880596
4670970
30076572
25822080
21647315
17429780
13211375
8973844
4731785
10308788
6056145
1861198
30296581
26078376
21866696
17610913
13333795
9052845
4822523
30210359
25984546
21768027
17528998
13277913
9007627
4750829
30336584
26085750
21808288
17581223
13321354
9099994
4873396
30248736
25976480
21772792
17559822
13297205
9075239
4829167
30151137
25871867
21643018
17427272
13170480
8982751
4749809
30054353
25781499
21586522
17377817
13134673
8868863
4635737
30108349
25819213
21614674
17387349
13130145
8914888
4716654
30154791
25906008
21667875
17419975
13186863
8960970
4757073
8722930
4505326
30026512
25781780
21565131
17352670
13108358
8884401
4668088
30049667
25764669
21553493
17334364
13053652
8866900
4686518
30007237
25756530
21562366
17331753
13089261
8887950
4652453
29931932
25696749
21492792
17279564
13050332
8832412
4623400
30080690
25845689
21619242
17403572
13149238
8934130
4708446
29998908
25754334
21562556
17335264
13118859
8922181
4721036
29986252
25716927
21519841
17297631
13082214
8873670
4684700
30018894
25750272
21555347
17315201
13028108
8822012
4609255
12511141
8260483
4064840
30201487
25920005
21737490
17518427
13228885
9001656
4746917
30111915
25836069
21645891
17389622
13108884
8857233
4637032
29969388
25738288
21529665
17299712
13054720
8849394
4631588
30006481
25783001
21568783
17366255
13135020
8908419
4678113
30075106
25812054
21574797
17337889
13077468
8875143
4643958
30008935
25744829
21539782
17312691
13062108
8836188
4598050
29967295
25706419
21491156
17274681
13031188
8820890
4608705
30128138
25861208
21636583
17415161
13128772
8904542
4683561
11316548
7076798
3164284
30228091
25983256
21788029
17547537
13291555
9039212
4790776
29995302
25736336
21541524
17326576
13081635
8854957
4644773
30045341
25800956
21600150
17364749
13139498
8899457
4694650
29987847
25725024
21510071
17292580
13061944
8843092
4642855
29964395
25703068
21526103
17340193
13095152
8879534
4677429
30052379
25812227
21604473
17392237
13137441
8910246
4702982
30050300
25779924
21575120
17362960
13138122
8932255
4716357
30016248
25793923
21577644
17371569
13097728
8896537
4676434
10523880
6251153
2024979
30128578
25898675
21699160
17504885
13225528
8986060
4751475
30004141
25768653
21574473
17330151
13063534
8845566
4636969
30051065
25811943
21601089
17366596
13118604
8931018
4725970
30098691
25859570
21657851
17456597
13221325
9039458
4832267
30175321
25897015
21684990
17464021
13229464
9009356
4812909
30128355
25882034
21666997
17450246
13194528
8992243
4792628
30150892
25927725
21730416
17529578
13312259
9131001
4906256
29961016
25701806
21528145
17383314
13168952
8997897
4804232
9654206
5424296
1210261
29858981
25648847
21509216
17351051
13082604
8895398
4671181
29858163
25608078
21389098
17195161
12983204
8790261
4611785
29845513
25663483
21512301
17328617
13109188
8949151
4754484
29974363
25703895
21522164
17347895
13114046
8919849
4723130
29846638
25594633
21396301
17164280
12954413
8713503
4552482
30029987
25840264
21611364
17424585
13154301
8923926
4665479
29859647
25637806
21473485
17285547
13067926
8890456
4696908
29956717
25738342
21550666
17384776
13158923
8933482
4728750
9845931
5621310
1432858
29822298
25607864
21425465
17227202
12956970
8775670
4608440
29860063
25655060
21462234
17227274
12966307
8786125
4592624
29868814
25648990
21494990
17301178
13075902
8914694
4687964
29837058
25568616
21386251
17158978
12945630
8742953
4525259
30048630
25806517
21632098
17395627
13195187
9004800
4797983
29866312
25638886
21444356
17242398
13010200
8773777
4571633
29604976
25410388
21290848
17168290
12994054
8825553
4660598
30035612
25813673
21623479
17456493
13211222
8958076
4674021
10281785
6017340
1815483
30156831
25927412
21724451
17537893
13272222
9056719
4789409
29941571
25701431
21505722
17320161
13095571
8899515
4699128
29914546
25684141
21503391
17309241
13075872
8908552
4730703
29883102
25668273
21493944
17302696
13071210
8858781
4648116
29857595
25634248
21454314
17253122
13032310
8854477
4641027
29844894
25629684
21459584
17276302
13045944
8836418
4679140
30062711
25836910
21622450
17428077
13198487
9005983
4794933
30107415
25848618
21664228
17470020
13222280
8979006
4760079
10300507
6055464
1835435
29854619
25617263
21435370
17245778
13013404
8832826
4656154
29916893
25693870
21519612
17297831
13050161
8897671
4677918
30017683
25734868
21499794
17255497
13034561
8819124
4607775
30096349
25845543
21634966
17448122
13186781
8974988
4766794
30036014
25806686
21584054
17348801
13115699
8885807
4624445
29965541
25721352
21515267
17358738
13105196
8959038
4748412
30085018
25866734
21655701
17455146
13217665
9012949
4753440
30246442
26013261
21778834
17598507
13357224
9142992
4938814
9625077
5386693
1181208
30185074
25940715
21758312
17551387
13321876
9077427
4829124
29834331
25604528
21435659
17286763
13065619
8864584
4671925
29832326
25583095
21394804
17201363
12980827
8799349
4614462
29827153
25601521
21428957
17242480
13035277
8851349
4690587
29932591
25709887
21521907
17297394
13070466
8891967
4712275
29778555
25568120
21390662
17210510
13000227
8810844
4631135
29866527
25647307
21454933
17270555
13045018
8844101
4643484
29856734
25607999
21395710
17220297
13001066
8827890
4646854
9981355
5755750
1581853
29920783
25692177
21495739
17245955
12998550
8785065
4574376
30052808
25830874
21652252
17471461
13232008
8996508
4767611
30188910
25930021
21730564
17506537
13253253
9048685
4820615
30121529
25859847
21665551
17423417
13185272
8977405
4762540
30105390
25850629
21630660
17401519
13106839
8896029
4650499
30082291
25814273
21608527
17389569
13151721
8902974
4721369
30018682
25790512
21594795
17393013
13164062
8957246
4741733
30090291
25856177
21667863
17489284
13247047
9032318
4803852
9301871
5060292
831975
30347935
26078067
21883463
17697914
13458031
9202449
4959041
30020410
25770392
21548510
17309549
13059921
8840713
4628848
30116098
25872196
21651100
17422717
13170130
8947467
4721005
30108034
25853087
21662535
17466593
13194497
8966787
4763103
30125281
25870574
21624163
17441311
13195616
8971941
4769479
30034316
25769289
21562382
17347655
13116781
8917401
4674585
30049269
25793690
21587907
17354456
13097751
8854897
4626742
30121177
25893857
21665266
17462676
13209510
9003491
4780637
8029069
3753801
30268949
26044034
21799364
17573797
13311247
9074355
4850554
30055050
25776321
21577235
17321422
13058998
8837560
4632871
29978194
25736762
21528392
17323201
13082114
8858263
4633419
29972809
25723580
21511531
17297596
13064557
8843728
4642094
30077202
25839896
21640371
17394671
13135490
8912998
4697865
30053583
25779314
21583750
17335043
13086320
8855638
4627128
30072641
25813786
21598665
17385522
13132592
8907168
4678327
30043003
25794296
21581887
17366904
13097311
8881278
4632988
11189010
6936188
2745091
30234825
25999910
21799183
17581316
13296812
9045515
4799068
30162781
25878111
21695338
17455224
13220721
8975656
4750195
30157688
25887265
21683878
17449284
13185303
8950585
4728096
30029727
25797159
21566266
17325484
13068646
8858298
4640220
29915269
25680574
21471980
17238045
13009227
8805742
4595679
29943184
25711838
21518190
17304460
13060241
8873397
4672505
30068644
25816572
21621552
17404980
13116709
8908708
4699508
30109016
25796112
21587116
17362533
13078527
8851134
4628063
10064826
5779313
1539708
30070000
25791850
21607128
17378314
13117240
8887299
4681799
30240414
26002214
21777052
17541045
13304521
9087067
4887442
30010104
25756837
21556978
17354779
13107164
8880832
4681974
30024747
25760900
21551035
17332767
13078558
8857323
4652571
29962346
25709886
21520454
17313079
13077166
8859035
4655287
30009659
25788270
21573659
17353224
13116293
8886613
4685690
30033014
25793089
21579685
17359654
13103199
8876382
4967834
30082741
25818491
21608931
17398004
13143605
8928684
4729837
8971370
4693369
497177
30237041
25978877
21776017
17503518
13267961
8995248
4734810
30112514
25837865
21626331
17400547
13150615
8936920
4730321
30017044
25772737
21556582
17344388
13110818
8915916
4715661
29964587
25731445
21567364
17386681
13146123
8977683
4778990
29968168
25711716
21522919
17329443
13096107
8891103
4681308
29931889
25703856
21531945
17364455
13138283
8947180
4737773
29981823
25755373
21575711
17344063
13112353
8940802
4720655
30121958
25888193
21699604
17502487
13271547
9075948
4841054
8250356
4022699
29980956
25744358
21537311
17331140
13080034
8879572
4677850
30008895
25766871
21544288
17308873
13068109
8873651
4653337
30067524
25833624
21629661
17379803
13136508
8921114
4673217
30020884
25768211
21563185
17351972
13124610
8890537
4680505
30068595
25808806
21595367
17362402
13117237
8925712
4707199
29920645
25694276
21491078
17284768
13030501
8828934
4630947
30029615
25781182
21558331
17326139
13092258
8863606
4642126
29960860
25682918
21471072
17249495
13020346
8812918
4592035
11916500
7696474
3450933
30134967
25873047
21674645
17473480
13184680
8956493
4704580
30027916
25772739
21574100
17384702
13158330
8936217
4714022
29834098
25590857
21402636
17190538
12977630
8764003
4578024
29925312
25689745
21490491
17273929
13036873
8816019
4616799
29972965
25718018
21540820
17320792
13096281
8899978
4670009
30066012
25818017
21612072
17419674
13178659
8972133
4756809
30000164
25781241
21579336
17396637
13142942
8929492
4709345
30042906
25800763
21560811
17328006
13036730
8835336
4639656
11310060
7067535
2866672
30140725
25877887
21696508
17501230
13243641
9031548
4786383
30175888
25883201
21678979
17414798
13167154
8958488
4716723
29929663
25701841
21521910
17290024
13034976
8853613
4645266
29915917
25662696
21488639
17314442
13088796
8881255
4712808
29735941
25522276
21336488
17163669
12940855
8745915
4553491
29832961
25619671
21438429
17256917
13031568
8823739
4622376
29948071
25715199
21564549
17378067
13145166
8949488
4745142
30029014
25790958
21573912
17307317
13115013
8880455
4658613
11131508
6897010
2682513
29858394
25630872
21430437
17216996
12978554
8791742
4613431
29690831
25489104
21323481
17137312
12925871
8733943
4551702
29789624
25572678
21406934
17208946
12983982
8785763
4586356
29850243
25627598
21455333
17261888
13043058
8845209
4658284
29848573
25589458
21424127
17240970
13018788
8858102
4647560
29842254
25622632
21437974
17225643
13013552
8822644
4621420
29850469
25613430
21421610
17215297
13003349
8801065
4629363
29997621
25764533
21566345
17367965
13105707
8923016
4664634
11610931
7342701
3168190
30062764
25820036
21601898
17411320
13154013
8960962
4755737
29991906
25745715
21544464
17337584
13063775
8829167
4615866
30142498
25867348
21662022
17433876
13157269
8951528
4720633
30135077
25874292
21692681
17460818
13202761
8958448
4740074
29941470
25711651
21491161
17282822
13027243
8856160
4640041
29918846
25681961
21472254
17280660
13032476
8828319
4632772
30030118
25778615
21582725
17368147
13111738
8903491
4671735
30061500
25809498
21608078
17405821
13155868
8942428
4720665
10937144
6691047
2466297
30242052
25966082
21801566
17587288
13305605
9110711
4843409
30018881
25773333
21554018
17334216
13086433
8886803
4674130
30014079
25780571
21560651
17358255
13095310
8889705
4680091
30035263
25816263
21596755
17366739
13130072
8906502
4690405
30063345
25819364
21624656
17425043
13172917
8930300
4708193
29968127
25748807
21524573
17330307
13069716
8870096
4617623
30022945
25768541
21589724
17335867
13106899
8901531
4706121
30074742
25830151
21622239
17410914
13127346
8925218
4704571
10131190
5861566
1645197
30020939
25781291
21573126
17352003
13100087
8868639
4645619
30012459
25757657
21579922
17356969
13128648
8894454
4689853
30001941
25764092
21566720
17353059
13111508
8891293
4673717
29975955
25751607
21553811
17356434
13099109
8878716
4650495
30017847
25770607
21591570
17361798
13138487
8960643
4767907
29964817
25720553
21526771
17320753
13059350
8866355
4640046
30038292
25819284
21581225
17380759
13124888
8877527
4672453
30053046
25863333
21682815
17446743
13202164
9020243
4826414
9605579
5341575
1108393
30167651
25917632
21699838
17485241
13220334
9006281
4762680
29924413
25676572
21467222
17257205
13010643
8778696
4583250
30030248
25756507
21557656
17290303
13041591
8855235
4638316
30003621
25743166
21519487
17315321
13032079
8804511
4610355
30036363
25791119
21594921
17391035
13118698
8929016
4732330
30032012
25791607
21580918
17347079
13086752
8869990
4645192
29907529
25669413
21466448
17308922
13072914
8889819
4703083
30089740
25853845
21655029
17435472
13187561
8954241
4731770
8854369
4594842
385084
30250225
26002953
21748807
17544367
13318328
9116967
4884578
30133959
25897186
21702273
17487794
13244111
9050551
4843779
29980349
25752606
21553481
17352032
13129153
8932716
4710457
29909671
25689496
21514494
17311871
13071039
8869101
4669702
29979278
25758138
21566817
17356262
13125009
8896273
4699956
29986550
25748114
21547648
17328095
13085949
8869204
4664243
29911135
25683713
21475784
17239998
13012270
8819038
4636807
30076247
25831466
21634774
17408041
13187023
8979904
4740614
8429499
4172911
30040245
25774870
21583202
17373910
13098842
8891622
4692576
30011020
25742422
21538918
17342161
13088524
8881460
4649045
29962054
25727736
21565256
17335105
13106728
8887212
4721481
29924962
25677988
21422124
17201604
12976544
8778083
4579411
29913472
25649094
21438113
17219292
12978979
8802048
4611578
29896429
25667890
21487422
17278651
12993820
8801135
4612027
29986626
25756839
21512518
17327106
13040245
8852231
4613841
29959861
25722329
21556066
17354765
13075422
8877585
4677593
12082957
7862038
3667261
30106064
25886176
21701013
17471028
13215618
9003335
4782052
29953438
25705910
21545684
17327195
13034783
8826859
4632303
29986366
25754678
21553563
17348461
13102517
8894416
4700633
30138676
25902520
21694821
17499182
13268365
9062310
4866138
30002789
25789351
21579445
17356283
13121005
8896802
4685742
29940955
25732027
21538389
17324997
13065486
8870933
4650947
29952256
25724947
21542538
17328175
13105025
8868569
4648331
30067158
25820489
21608202
17378791
13162970
8957964
4751609
11801188
7591429
3401610
30046264
25747336
21553067
17372650
13130792
8915896
4701464
29866532
25652515
21467919
17349346
13405732
9327669
5167817
29921344
25685919
21516103
17327576
13075608
8836007
4621114
30056368
25798204
21602290
17370719
13138727
8878688
4708123
30049623
25826290
21643408
17435161
13178280
8948334
4754147
30145960
25908410
21702677
17512615
13051937
8850452
4650370
29940117
25705418
21483599
17263162
13035201
8823974
4616301
30048427
25810373
21599872
17342227
13060857
8869057
4686411
11219499
6971640
2753943
30361653
26090583
21865379
17631500
13357661
9083978
4815575
29983276
25731371
21541103
17333161
13065261
8850937
4644954
30006439
25732765
21514426
17269205
13042961
8830852
4625363
30021211
25785557
21598018
17352530
13132369
8932765
4708564
30019027
25798395
21568538
17358276
13117168
8896651
4677542
30077205
25838743
21626358
17383557
13131665
8941093
4728939
30018041
25758330
21560931
17340307
13095461
8838225
4657816
30013545
25761029
21556188
17333955
13082387
8879172
4685192
10308502
6079569
1857581
30095702
25831651
21637005
17413714
13148102
8913253
4679152
30045829
25804633
21593402
17359032
13140738
8903111
4708733
30263233
26008640
21819808
17524984
13286791
9044082
4854130
30216258
25961795
21783684
17548402
13286721
9029970
4731553
30027140
25768327
21561361
17375590
13167556
9009334
4796609
29981881
25711050
21527265
17304891
13070434
8872234
4658550
30114919
25881460
21682313
17464393
13184690
8950531
4730238
30047891
25781908
21591087
17379538
13140587
8923746
4670404
9409751
5153431
926672
30172285
25952307
21741773
17532353
13291038
9038072
4805962
30053225
25803292
21606878
17428255
13201577
8981347
4774378
30215797
25992293
21787130
17594043
13358001
9150306
4940630
29863523
25606257
21399042
17188760
12953913
8747944
4559567
29938506
25713620
21513909
17311439
13083684
8869526
4689285
29992408
25769713
21587037
17397787
13147946
8901533
4686461
30135969
25888493
21679909
17457681
13202107
8977060
4764098
29935538
25716989
21534077
17340909
13108694
8909435
4719856
8969239
4746105
532401
30196329
25928799
21710986
17449805
13169667
8921123
4711200
30188417
25948571
21742854
17509215
13254472
9068875
4838755
30066091
25808324
21614326
17390303
13141239
8947417
4744174
30050927
25804497
21629210
17423173
13196853
8988608
4781442
29999065
25765835
21553281
17357376
13113344
8908108
4665903
30059160
25800729
21595486
17384434
13128310
8928819
4680872
30104995
25845189
21652052
17453457
13239179
8999090
4796817
30283194
26037936
21834775
17625912
13372193
9154450
4867458
8092619
3866189
30002021
25759304
21607838
17424478
13229045
8934012
4704288
30024847
25756571
21569513
17345729
13094754
8891319
4678031
30010404
25765601
21563337
17312547
13095323
8882062
4638827
29957376
25733245
21511355
17321207
13065167
8857084
4660072
30354621
26091132
21877576
17641233
13418662
9200641
4982951
101037335
