3016997
60065184
55821570
51594162
47384140
43143958
38878169
34739083
30528283
26327589
22137950
17888811
13667244
9489622
5241932
59574919
55298105
51124123
46932527
42702591
38503136
34310979
30086970
25875078
21661241
17445283
13278492
9111136
4884188
59318684
55114912
50964279
46796557
42572375
38394550
34208518
29994181
25813257
21617806
17410487
13228969
9050432
4836599
2755581
59446690
55248867
51040705
46867601
42687929
38526783
34378344
30135614
25922381
21680264
17462619
13240292
9039233
4804009
59814461
55582334
51350062
47166447
42932093
38702023
34489438
30249168
26041689
21833359
17588743
13366362
9155602
4916600
59901845
55656213
51412549
47198866
42934636
38675698
34444015
30180753
25977623
21745836
17483880
13280138
9060376
4853109
59654145
55440024
51235093
47040998
42807849
38596226
34349985
30098227
25876816
21652178
17402024
13172744
8943276
4701616
10916051
6699154
2513364
59673750
55393006
51198301
46968108
42736446
38585661
34429428
30172698
25972619
21740139
17510407
13321777
9100558
4815909
59739454
55493784
51300110
47067103
42845203
38624192
34423363
30196785
25962352
21746582
17515912
13310322
9102887
4842901
59698445
55446593
51265613
47038272
42802967
38605569
34364655
30117398
25932752
21726273
17478126
13244382
9059668
4766731
59712506
55489155
51288462
47093886
42854478
38643884
34488609
30197711
25985832
21760249
17518413
13294158
9081906
4815055
10540522
6364472
2124757
59802481
55569973
51367734
47153829
42902884
38705367
34483379
30250535
26033622
21810199
17579533
13363218
9167052
4936311
59726728
55499874
51259005
47011108
42786043
38582229
34365125
30135568
25925328
21706345
17450465
13236704
9041135
4817944
59635253
55380532
51181980
47026423
42792265
38592905
34368542
30134808
25936594
21710648
17484346
13257431
9048549
4798616
59691925
55473757
51272580
47072600
42856848
38670910
34442973
30198035
25999673
21798674
17559141
13371915
9120167
4870648
10301777
6054576
1850900
59976623
55708759
51526228
47307773
43038106
38750889
34491327
30215023
26044359
21849158
17570040
13378302
9172859
4891944
59916100
55626710
51414844
47232889
42959110
38738434
34503818
30237932
26027674
21767679
17501697
13260606
9042062
4790213
59708738
55507266
51301784
47101569
42833914
38607295
34385979
30151461
25962285
21747957
17481377
13260431
9047312
4800048
59817926
55553551
51361928
47113321
42883342
38635648
34426726
30158935
25919228
21714573
17461974
13224238
8982730
4804820
9333086
5073323
845326
59776559
55521796
51319244
47077690
42897829
38651031
34416687
30187085
26006533
21777696
17548647
13340081
9120668
4884300
59702392
55462852
51204798
46984487
42746250
38512954
34298443
30080268
25838398
21660482
17429428
13235499
9019714
4783090
59597937
55369957
51156381
46947849
42702689
38489121
34283096
30049567
25887242
21632526
17389860
13183801
8967771
4733150
59639388
55404647
51197771
46990097
42755842
38549699
34342679
30108939
25908082
21694124
17459350
13215045
9006126
4789503
8913282
4666506
465673
59753284
55565167
51329632
47098074
42867812
38650300
34379294
30153133
25908010
21695172
17448665
13271928
9093355
4854035
59300341
55120082
50945328
46767644
42560274
38394437
34198659
29965943
25771703
21562739
17335172
13131219
8927246
4698400
59357621
55117777
50927904
46708578
42487488
38273245
34073940
29848399
25702206
21524601
17311553
13117996
8920473
4704103
59240591
55025562
50857789
46659592
42441133
38237764
34049250
29842394
25651964
21459245
17244023
13058049
8877358
4666648
9639252
5430392
1270733
59684185
55479409
51304750
47107017
42881735
38666331
34459505
30224385
26026422
21834538
17572193
13339867
9097565
4827300
59901549
55641747
51426609
47191832
42943083
38710031
34486647
30224229
26004583
21765482
17488528
13242541
8977691
4710304
59622087
55408190
51198721
46963325
42720459
38501621
34313669
30020019
25849433
21598460
17395321
13168028
8941441
4721722
59804723
55568470
51346893
47113323
42860561
38647130
34440440
30172531
25935845
21715440
17468410
13242109
9001101
4768158
9130652
4879589
665933
59638772
55384382
51176662
46974252
42733926
38538593
34309184
30058578
25843274
21643256
17404982
13201852
9000277
4768180
59547882
55326936
51136505
46940805
42712676
38521387
34317810
30098340
25868686
21650098
17385349
13182301
8958077
4708892
59379216
55157775
50979545
46783963
42610978
38398465
34238591
30016820
25801191
21638289
17401530
13150440
8935148
4700390
59709859
55475717
51287519
47067946
42832360
38651115
34433371
30220794
25965567
21744257
17498277
13249838
9022263
4776282
9049732
4791622
564389
59980163
55752698
51558342
47333490
43052392
38816905
34576186
30317135
26080090
21840102
17583193
13371179
9129128
4894235
59749417
55504966
51291098
47065317
42820650
38605058
34392620
30157279
25982413
21724201
17457611
13231312
8983310
4770060
59711507
55466713
51265016
47059099
42812406
38606043
34385112
30125352
25851295
21658209
17439125
13217445
9017158
4774270
59701111
55448715
51245822
47044745
42842726
38575728
34375791
30147331
25936426
21758403
17480498
13243965
9012635
4735244
8395283
4210131
59712578
55474924
51241757
47018195
42787128
38535124
34320514
30071165
25859060
21685235
17388326
13181087
8965283
4709809
59410289
55165407
50998786
46782646
42611292
38365280
34196942
29936507
25740877
21525613
17288846
13110329
8923054
4706478
59469784
55243834
51056919
46872236
42641353
38440079
34230936
29971636
25747880
21540373
17285639
13093135
8899035
4711750
59333089
55113812
50933477
46742658
42521551
38319891
34110557
29903048
25729131
21533818
17307349
13115848
8933665
4689311
12720421
8488961
4295256
59772164
55529259
51327081
47128829
42904984
38739026
34580614
30342755
26122591
21912693
17731330
13508481
9295272
5071765
60032143
55581033
51383421
47160058
42888752
38628689
34393135
30133434
25866010
21613330
17387607
13157622
8918447
4678366
59845905
55649537
51415637
47186298
42930354
38703213
34468272
30207038
25975340
21743688
17538111
13229686
8998457
4743927
60017271
55759315
51557208
47268440
43001076
38763296
34576235
30290879
26052396
21766470
17498696
13241864
9016053
4757744
11589894
7322024
3140532
59733258
55488890
51269227
47068165
42837474
38619082
34361238
30131305
25901169
21691729
17429224
13203990
8983786
4736848
59701141
55449811
51254134
46995671
42742839
38549452
34312580
30082181
25873935
21639055
17412400
13184960
8953219
4689811
59691405
55439847
51231842
47019853
42783321
38574614
34353119
30108013
25876313
21653917
17427484
13189628
8967898
4717658
59638078
55404719
51202662
46998743
42744401
38544838
34334717
30081578
25862741
21666967
17426336
13196813
8954901
4706976
11069775
6814037
2629018
59946183
55703832
51502894
47286002
43020175
38798322
34562223
30306584
26109960
21915268
17684317
13465861
9259140
4969815
60190697
55913666
51661138
47422988
43148664
38917082
34674997
30422716
26193009
21925767
17643793
13423220
9178369
4904433
59397162
55168777
50965991
46774372
42539075
38317124
34120244
29879469
25672536
21461487
17266778
13089716
8923032
4687245
59537050
55335453
51190682
46968505
42721241
38507465
34270044
30038632
25843387
21608288
17371485
13158460
8984521
4704324
10526036
6300076
2115082
59528535
55313643
51132057
46941447
42715673
38511092
34306437
30088832
25865699
21646648
17428057
13207021
9005309
4767681
59573349
55340557
51138973
46923268
42687841
38488383
34274675
30043603
25828934
21612686
17374648
13158042
8937239
4695986
59418474
55196583
51003415
46798516
42574463
38384124
34186601
29963476
25755549
21563298
17334060
13138184
8909870
4669875
59524276
55286994
51097101
46914299
42663589
38441652
34230700
30004969
25786609
21575109
17337963
13127289
8931375
4713835
10774221
6508270
2309264
59573159
55337747
51163491
46956323
42747560
38532702
34320861
30096210
25885947
21676492
17428653
13225633
8991597
4745049
59628578
55393177
51174779
46955347
42717380
38478569
34273220
30041765
25822169
21596920
17366478
13151816
8948489
4696851
59578824
55341744
51183742
47036211
42781040
38547616
34331973
30098513
25941453
21725691
17431704
13237885
9053743
4814379
59649785
55419119
51216435
47005556
42770890
38536510
34336167
30098832
25904667
21691663
17438310
13210867
9009728
4758855
10613799
6366641
2203069
59821079
55518887
51339405
47149648
42850157
38617219
34376067
30109556
25870987
21632348
17384716
13183936
8965871
4720580
59602003
55358232
51173901
46971837
42721726
38544180
34305681
30121813
25899485
21681194
17414153
13211137
8963859
4719928
59738970
55495844
51277755
47061674
42817834
38569758
34359890
30089606
25838202
21619436
17349126
13150928
8906781
4655260
59687238
55440107
51227684
46991170
42760516
38518111
34283620
30027730
25816844
21604952
17335613
13291724
9473886
6021837
10066095
5804770
1592910
59831168
55581819
51387243
47152850
42916980
38716200
34511288
30254530
26023750
21816891
17584761
13368648
9152717
4887154
59780094
55479722
51285579
47087252
42859309
38655942
34438651
30209289
25982850
21734543
17468979
13227107
8998082
4751953
59760769
55540008
51291676
47073693
42804072
38579046
34344666
30079070
25850859
21623857
17355649
13191824
8917708
4706699
59861734
55633782
51415999
47171734
42901291
38648382
34383715
30136324
25898251
21638567
17387229
13151189
8931526
4689149
9199176
4995400
764332
59653308
55424312
51226455
47004134
42768254
38574757
34350310
30118337
25877011
21666474
17430118
13216457
9002361
4758974
59530667
55266270
51048898
46816667
42571335
38373333
34131440
29872469
25661010
21420090
17187116
13005728
8803931
4593584
59478633
55222637
51028852
46816244
42599471
38383153
34165426
29919731
25745297
21474129
17235254
13047570
8863071
4657031
59465124
55244313
51055796
46866836
42650794
38457458
34304657
30038297
25874631
21660448
17399081
13180010
8948263
4685694
9267203
5002347
823540
59938411
55708456
51492195
47222160
42925938
38684839
34445300
30166646
25950985
21780695
17522870
13262517
9052884
4779251
59426422
55200499
50962814
46778043
42557446
38348192
34126383
29887500
25729648
21519156
17294972
13077467
8868318
4662471
59243380
55016427
50838880
46644073
42438485
38241041
34039469
29810030
25611970
21410519
17178891
12996861
8822009
4604457
59189799
55003446
50874084
46669559
42431880
38233192
34037456
29842104
25657735
21478795
17249463
13082668
8882386
4689328
9575135
5352307
1159457
59533104
55316691
51167971
47016339
42846822
38640834
34432072
30205162
25946453
21724646
17460208
13246577
9014898
4760056
59354843
55122611
50920264
46760248
42594352
38388940
34223177
29997462
25807085
21595701
17361074
13213734
8997029
4766944
59678972
55437276
51232128
47011796
42756468
38534621
34317405
30096398
25877309
21646399
17400901
13181811
8949587
4701753
59647100
55402705
51168210
46988811
42714756
38507830
34274450
30046759
25793474
21601850
17360714
13152737
8928544
4710379
9588687
5328715
1101377
59862153
55560554
51349318
47162050
42891073
38635880
34434172
30195325
25971933
21762077
17541938
13337108
9121550
4895331
59709025
55467774
51258358
47034610
42783992
38592621
34392521
30177218
25913200
21714294
17464103
13234690
9009612
4787676
59686994
55444412
51239486
47023798
42777498
38565816
34384200
30105240
25901194
21688407
17443554
13226469
9004935
4789704
59744842
55502067
51311576
47119256
42886800
38678803
34462392
30219470
26015538
21812696
17566674
13340052
9092396
4835006
8931188
4673386
497396
59956823
55719416
51488538
47315158
42973876
38779690
34501589
30241059
26054641
21840749
17596065
13358003
9174419
4886313
59167800
54924661
50733429
46554030
42352584
38179801
33997529
29799071
25629694
21448842
17248353
13066871
8877494
4673150
59731829
55516059
51286019
47096073
42822617
38631099
34402550
30130578
25925080
21729648
17471432
13258175
9006725
4765827
59731560
55471812
51223922
46999026
42792069
38583732
34363947
30138689
25880084
21616620
17391035
13132907
8952777
4744664
8625478
4404280
59855943
55598256
51370086
47149603
42898409
38706835
34503333
30261400
26012440
21801533
17560747
13310655
9087150
4814746
59553320
55329852
51113162
46877601
42629892
38382576
34183614
29925332
25706288
21475950
17269232
13059118
8876377
4657651
59556623
55338138
51152592
46950974
42690860
38470778
34284508
30023656
25804514
21599805
17354889
13114171
8873723
4662603
59486166
55277336
51086465
46863734
42622124
38426712
34199784
29980329
25745642
21507559
17278181
13060520
8878025
4664977
12621711
8408328
4247402
59846089
55591361
51344310
47131565
42877667
38625253
34405224
30174147
26005013
21759138
17473009
13238289
9027116
4783172
59646718
55402952
51200416
46965643
42704626
38462165
34215883
29958673
25718624
21544766
17314249
13095236
8919539
4712694
59683086
55422570
51196964
46968242
42711832
38525581
34291379
30057363
25881200
21650563
17379892
13166917
8984620
4737095
59713545
55498519
51291086
47057709
42785006
38571667
34370713
30128732
25886353
21667777
17410596
13180497
8999289
4743466
12074959
7864628
3696815
59822196
55518468
51295069
47073822
42838954
38617435
34390591
30150131
25933984
21772356
17562032
13354902
9131468
4895313
59618320
55372937
51147706
46958920
42738404
38508424
34273216
30013849
25781466
21548557
17262543
13033068
8865122
4594142
59807247
55561802
51354778
47120426
42867038
38662392
34430611
30166002
25976228
21757451
17498579
13257980
9014391
4756569
59685925
55491107
51342249
47165846
42873394
38633196
34404387
30144175
25911925
21703795
17431258
13222478
9018348
4774085
11566185
7344211
3129206
59603732
55360872
51184865
47015950
42751655
38524432
34279850
30025099
25853610
21609339
17364403
13102691
8912951
4635059
59476150
55272274
51116107
46929328
42682054
38474869
34256202
30037297
25874202
21617052
17390073
13184664
8989666
4739047
59477235
55227450
51023386
46813628
42591737
38361200
34157102
29956657
25739977
21539148
17319867
13128957
8932989
4702385
59495686
55277718
51132817
46883656
42662402
38462332
34254643
30021674
25817969
21559973
17371929
13141092
8936076
4703114
11706416
7527181
3300304
59771672
55538830
51384239
47124364
42880375
38680509
34510934
30221704
25999081
21791819
17559325
13338097
9132072
4864496
59808646
55545169
51327482
47093230
42839175
38593460
34364697
30123316
25872629
21668636
17371518
13177054
8964483
4719795
59484522
55226484
50984161
46740828
42520384
38340596
34145546
29902547
25718703
21499291
17258619
13036811
8856179
4616411
59575182
55345450
51132673
46943549
42711442
38478533
34272385
30048268
25838042
21676707
17385272
13163642
8958468
4733978
11476765
7254505
3050140
59495197
55246079
51107360
46855059
42627644
38402082
34172877
29928995
25735309
21527516
17258828
13115962
8878614
4640068
59682060
55401042
51176225
46959461
42708647
38520239
34270453
30031079
25798704
21599295
17351365
13143842
8924795
4737644
59693666
55469343
51263965
47041147
42800974
38593257
34384593
30119211
25905255
21688231
17462766
13195915
8944075
4722935
59691462
55457003
51237237
46992009
42747356
38541558
34372272
30105336
25885099
21608554
17349557
13188424
8955421
4686068
11041151
6822514
2666703
59774623
55551004
51346125
47180587
42894143
38661570
34439827
30204229
25974051
21733243
17503398
13492279
9418588
5249696
59840540
55569030
51332407
47147492
42865553
38660257
34356866
30120283
25891807
21673100
17387881
13226109
9002606
4758042
59685180
55424532
51233525
46959723
42705087
38504509
34307746
30080537
25896572
21690631
17457392
13261796
9038426
4802734
59644121
55414053
51213534
47004291
42769859
38564881
34349358
30107193
25893095
21671852
17398431
13188005
8959197
4717454
10528569
6302986
2101059
59779992
55530403
51343440
47120472
42878364
38655827
34406520
30127999
25904241
21668837
17469917
13303586
9040186
4790672
59742979
55507258
51307137
47072313
42853471
38651181
34448973
30217534
25975214
21715874
17440055
13195605
8990977
4723411
59633280
55359263
51186621
46966527
42740907
38481169
34240117
29986895
25750671
21535651
17292493
13081481
8923686
4628869
60100535
55884505
51679629
47422043
43152225
38911449
34640954
30416010
26130440
21819072
17559472
13311285
9048813
4772551
9468826
5195215
1006537
60138912
55883141
51658563
47414179
43128743
38873747
34649128
30397226
26140961
21883347
17603963
13387714
9162735
4957461
59496107
55269175
51079782
46867810
42630194
38393041
34176555
29943333
25709517
21474399
17236221
13028948
8832043
4603373
59855364
55572465
51353628
47141144
42875793
38663921
34462317
30237694
26043114
21783592
17538115
13335354
9106846
4825104
59915995
55632411
51459399
47201611
42954669
38667859
34431166
30168488
25873088
21612734
17367305
13159695
8977647
4752249
8301793
4083798
60045849
55746263
51508968
47306710
42973315
38743305
34510364
30250573
25991105
21709222
17444747
13201403
8944769
4676596
59801329
55576708
51352177
47147214
42880362
38644882
34404885
30137948
25895038
21616697
17397593
13145705
8929616
4699935
59558048
55356988
51168403
46954808
42714062
38513236
34310401
30080616
25869564
21660476
17419932
13202739
8956271
4726992
59610438
55356707
51125958
46855103
42648172
38445059
34263869
30014130
25817093
21590387
17374772
13171035
8932666
4693600
11635345
7416636
3214333
59833336
55557797
51366231
47167429
42933533
38717535
34479679
30240166
26012056
21809319
17574521
13341615
9108382
4854420
59707880
55443850
51214929
46963810
42698901
38481975
34271210
30040694
25777344
21551555
17303013
13106558
8900694
4673263
59536936
55311005
51122600
46922847
42700797
38515118
34307166
30069368
25929305
21705703
17470391
13231208
9008806
4757766
59470190
55245977
51096118
46856851
42628057
38416729
34219373
30031257
25819319
21621663
17386937
13179779
8975750
4755411
11466787
7247080
3036247
59773367
55524181
51315609
47162335
42901778
38657453
34414537
30178099
25940734
21705541
17459914
13242090
9010567
4789535
59716504
55451216
51211931
46993949
42771648
38550267
34339427
30078153
25862868
21638102
17411187
13148827
8941343
4693667
59632650
55397771
51197818
46977078
42731469
38503829
34290071
30052769
25829702
21626343
17356592
13136165
8924601
4722049
59598317
55377607
51143944
46939472
42676856
38481132
34276994
30041872
25805355
21613495
17380569
13172086
8930977
4688316
10971086
6734106
2511745
59850575
55612607
51414588
47201252
42954919
38730532
34503055
30269171
26049777
21797071
17574568
13409930
9176611
4916225
59709946
55451883
51238446
47011057
42758556
38543166
34308195
30065272
25839617
21609792
17324386
13140194
8933672
4703878
59528828
55318662
51110219
46901297
42653660
38443513
34219435
30043713
25833123
21634592
17390788
13150171
8926035
4691156
59593804
55358563
51132468
46919370
42700780
38484180
34272507
30053595
25830530
21586505
17354777
13110959
8899720
4695428
10674611
6451618
2232685
59628513
55372705
51192061
47033817
42774313
38543708
34320786
30049189
25855878
21622655
17378500
13150396
8958286
4729104
59630777
55374827
51172464
46967217
42693341
38502154
34271305
30016582
25794217
21570071
17330180
13111594
8887760
4663754
59390265
55168147
50978277
46773442
42525027
38314766
34167640
29919588
25716042
21526144
17311779
13134285
8948618
4730196
59454279
55231821
51055926
46848610
42618796
38399623
34167514
29957237
25706805
21485194
17249448
13044992
8856169
4612511
10634000
6394016
2219214
60010737
55720965
51552389
47334080
43050843
38820049
34571862
30334424
26103175
21848769
17592868
13391468
9166613
4908340
59570487
55323135
51097594
46879096
42616567
38435607
34208780
29956705
25765551
21516264
17270370
13052315
8863138
4636377
59661801
55413802
51207283
46982401
42737096
38531172
34350677
30122739
25906409
21681243
17412874
13211341
8998187
4792198
59665743
55439232
51223678
46989943
42760484
38535656
34295500
30068281
25853886
21591653
17306351
13086299
8875571
4646285
10114977
5908030
1726155
59619960
55382023
51173076
46941109
42722118
38525459
34274466
30003997
25800418
21609172
17339256
13176793
8955938
4754880
59639667
55455873
51229141
47021949
42754223
38541043
34322018
30014118
25813798
21596415
17367192
13179412
8979758
4746248
59693037
55451836
51242245
47026449
42798870
38576879
34319775
30091391
25849881
21637636
17412557
13201551
8988642
4707138
59467852
55218900
51031933
46807002
42559275
38332833
34110226
29874895
25662144
21461349
17228571
13024177
8813428
4578488
9920854
5654412
1459218
59859670
55628712
51408005
47201633
42950270
38724083
34501295
30233247
26008923
21795652
17521866
13329244
9109893
4832436
59550117
55300603
51076881
46845758
42600054
38419109
34176864
29944977
25746756
21529366
17305286
13114249
8907426
4672307
59532139
55305864
51111545
46906964
42670006
38476245
34319202
30037317
25804031
21592699
17335086
13149376
8922287
4693931
59725910
55509157
51305609
47111453
42865638
38634928
34439211
30190040
25945087
21712203
17427497
13195512
8988650
4749827
9527933
5295127
1086310
59668441
55393837
51199715
46967440
42704594
38458034
34220816
29958941
25730355
21529708
17295545
13083270
8869418
4675451
59647910
55388821
51183138
46973290
42710593
38490445
34280560
30032623
25816314
21593821
17340361
13155746
8937568
4743848
59465407
55253214
51055924
46854791
42627297
38433931
34224609
29995747
25775007
21576043
17355997
13150115
8939330
4697563
59725261
55498439
51300711
47078772
42819940
38582150
34365420
30117218
25864274
21687117
17361006
13150513
8952682
4688994
9239460
4976211
779839
59952154
55707086
51496504
47276170
43037114
38830016
34618280
30327520
26140024
21972240
17704667
13464960
9244729
5013321
59523030
55286630
51088969
46890486
42666701
38445657
34239019
30007383
25803331
21590396
17369410
13164247
8991839
4756090
59753557
55509472
51329313
47095613
42847344
38620160
34410575
30174270
25926678
21658676
17405714
13166744
8962437
4711883
59694433
55465925
51260133
47039799
42793038
38577105
34348440
30092633
25879694
21645451
17405436
13184352
8958486
4717184
8609178
4386056
59743026
55500176
51346535
47088649
42843913
38650077
34425042
30174321
25929511
21691590
17432252
13193053
8949344
4718082
59736376
55511161
51300700
47051790
42834833
38615701
34378058
30118855
25887800
21699661
17440970
13194410
8946125
4706949
59655267
55461758
51223778
47015392
42776491
38557259
34344764
30105681
25876106
21659900
17426248
13210381
8992975
4755542
59557362
55301762
51085833
46871270
42630826
38390326
34159448
29907602
25680328
21457248
17215485
13047157
8821990
4596607
12350404
8121839
3954688
59814216
55589633
51380482
47172773
42920682
38730818
34474519
30196482
25986969
21769516
17510360
13317518
9070838
4807872
59508850
55282414
51099736
46875837
42645803
38445541
34259034
30070373
25832727
21620819
17347288
13137090
8911733
4687083
59670138
55436992
51216505
46993833
42745682
38536142
34329892
30107394
25910352
21697179
17463756
13245182
9056436
4821010
59688514
55463501
51271255
47051431
42805231
38576360
34378223
30121735
25898244
21640011
17381350
13170070
8938508
4719830
12130460
7907401
3673122
59701927
55460184
51269285
47041625
42801072
38556371
34364751
30119366
25920338
21704482
17441394
13224306
9005175
4811120
59668383
55461081
51273875
47069504
42836548
38624692
34389896
30145312
25879144
21685660
17441984
13229970
8992362
4734754
59699301
55456088
51272952
47056130
42830545
38589592
34385935
30119593
25905009
21653457
17386729
13199497
8963751
4708471
59642614
55407432
51210050
46969322
42737987
38519421
34360337
30078221
25889529
21659317
17422913
13199663
8989998
4755669
11600586
7383936
3192115
59623081
55379696
51193096
47013692
42758371
38534790
34324165
30086559
25881044
21677522
17439410
13240735
9037465
4798472
59825460
55564114
51330559
47092262
42825095
38603376
34389748
30149214
25910405
21699303
17455517
13218046
8978976
4746107
59735726
55488174
51338707
47093031
42888535
38736405
34521812
30257596
26028485
21820407
17512655
13286382
9034418
4765898
60046169
55776989
51530516
47289741
43000766
38767199
34515398
30269990
25981927
21745810
17486622
13235281
8987796
4720204
10691745
6440951
2269107
59569504
55332847
51143940
46927058
42696110
38447383
34244212
29984073
25775665
21568496
17334288
13161109
8970901
4748778
59526408
55306655
51108477
46899325
42663489
38475774
34258407
30017936
25744581
21523091
17290312
13114137
8916934
4677659
59606135
55369415
51214577
46962425
42754152
38552764
34351345
30111314
25876992
21647333
17393768
13168815
8952676
4749001
59667592
55428105
51208338
46983110
42745490
38507641
34308021
30074209
25853695
21564986
17283751
13091308
8886221
4650813
10397125
6149883
1930320
59800298
55501644
51305469
47073764
42850636
38637115
34445498
30204563
25987356
21777160
17557972
13349885
9144747
4918028
59869382
55624240
51395153
47169691
42924029
38697090
34489081
30245324
26042366
21840479
17574282
13350105
9092352
4831109
59649078
55387974
51168717
46991500
42686573
38472188
34248636
30001429
25765023
21566492
17317028
13071338
8841677
4603674
59420169
55197277
51005644
46797379
42549614
38343153
34122380
29893404
25736283
21534156
17284873
13085938
8932925
4676404
10018220
5804809
1611969
59668796
55436022
51231751
47044367
42787565
38555767
34301801
30031520
25836521
21649286
17397522
13162409
8944344
4698594
59656137
55412379
51190187
46987686
42719476
38494911
34282853
30042714
25803269
21584312
17335411
13141509
8917806
4683338
59820565
55597540
51380293
47191977
42942207
38713647
34535359
30296376
26115603
21845263
17579251
13386642
9080102
4817420
59672203
55348224
51098731
46855589
42616058
38389099
34184518
29964410
25748507
21514295
17277299
13069375
8847982
4626443
9391426
5173776
987354
59735541
55497212
51310816
47183651
42879210
38674435
34446227
30228886
26036798
21816483
17563006
13357567
9191763
4876935
59753025
55501539
51283849
47041891
42764664
38559119
34333193
30068271
25848487
21632052
17398301
13170371
8940180
4759183
59668357
55431927
51218561
47017980
42781145
38594270
34367797
30123675
25875513
21670679
17455340
13211493
9010789
4790206
59544087
55322712
51092287
46873107
42657002
38424685
34281814
30025216
25775920
21573891
17333423
13127887
8923380
4683676
9096496
4865607
671576
59572612
55340692
51142027
46919107
42682641
38480323
34292746
30059626
25853255
21667364
17430100
13209404
9002654
4762245
59719804
55478729
51240260
47009544
42824314
38538360
34314218
30061240
25826194
21664105
17367918
13153540
8950780
4711288
59551560
55317890
51147697
46938137
42714244
38512672
34279575
30032656
25797165
21584734
17369419
13151736
8959624
4721234
60489586
56255490
52067731
47873011
43634812
39394066
35175520
30957945
26755528
22531464
18283920
14029117
9826474
5584053
8757550
4533224
328041
59792568
55569706
51381958
47205971
42936130
38724877
34529434
30319534
26094821
21875930
17661984
13424480
9221967
4951875
59567069
55341654
51139150
46981387
42700483
38491543
34287084
30050840
25827766
21649410
17421552
13219289
9021395
4786293
59501822
55270795
51070774
46865043
42639948
38422170
34212841
29965055
25747271
21539122
17311466
13115474
8882159
4657677
59606095
55378852
51152532
46965129
42720790
38533848
34300579
30054488
25827718
21620917
17364305
13170073
9007505
4751054
8631589
4408544
59323669
55076279
50875669
46683686
42498852
38272665
34091402
29901693
25711898
21504056
17291709
13098244
8898941
4673971
59620344
55397227
51185715
46991768
42760398
38537429
34353267
30113813
25891258
21645317
17414634
13232891
9037756
4763265
59439512
55208624
51018724
46901296
42637190
38437887
34228607
30004664
25842923
21666549
17423506
13210003
9007362
4786771
59649417
55416298
51257496
46979491
42727729
38525059
34281565
30029611
25781695
21593464
17359306
13131471
8927375
4704844
12913830
8680915
4491067
59649226
55412437
51219354
46984486
42755889
38560534
34391584
30091288
25895155
21695910
17472937
13246726
9014022
4834656
59920927
55654293
51434086
47199495
42940362
38711119
34436502
30186627
25958448
21713843
17418194
13182634
8958497
4730609
59375139
55153474
51037343
46897125
42636008
38466207
34298106
30095397
25913013
21702105
17462535
13272181
9011502
4782833
59681573
55457309
51251452
47067775
42844165
38637155
34442958
30193687
25999116
21765867
17508917
13297552
9092377
4837477
12742738
8557950
4318433
59550912
55317381
51112420
46913836
42691644
38498974
34294583
30059716
25839434
21611335
17376936
13183904
9026476
4766878
59610840
55363956
51167569
46934269
42689789
38479862
34247890
30006410
25744963
21543015
17287617
13073831
8862849
4680508
59576261
55352319
51185527
47043002
42787144
38571892
34353145
30112639
25866699
21623968
17358333
13151247
8954203
4723750
59542213
55321166
51144745
46942531
42713888
38509439
34287085
30019302
25786055
21587739
17323503
13113015
8921935
4694034
12610287
8442167
4223325
59933885
55701071
51432660
47211777
42978721
38767355
34549721
30315740
26102019
21923122
17650429
13418426
9179099
4918922
59925614
55669268
51440036
47216336
42959528
38753975
34525140
30243303
25994137
21765177
17500311
13271210
9027358
4748573
59733416
55449308
51217259
46974955
42742285
38546096
34300709
30065910
25850682
21637769
17369572
13158994
8908580
4695273
59593190
55352848
51156474
46929384
42688488
38456184
34250426
30010926
25775989
21581695
17336347
13121743
8898956
4659126
11769779
7513569
3311557
59849259
55610059
51426013
47211038
42963647
38734586
34484203
30213676
25966820
21725463
17436176
13177069
8939733
4698493
59928995
55660916
51425292
47173298
42901342
38668289
34407095
30148291
25940164
21691259
17440786
13176197
8941127
4673520
59929853
55663402
51445407
47197050
42935076
38691093
34458185
30201970
25969828
21731803
17463404
13219427
8984686
4710247
59711619
55494272
51316293
47065320
42824616
38603980
34375623
30136446
25900220
21684241
17432390
13197815
8971505
4731934
10613827
6368091
2156476
60067392
55816691
51568589
47329511
43052745
38822105
34586380
30349594
26086445
21861198
17622635
13395544
9160540
4865903
59624297
55377560
51180280
46923511
42656094
38434033
34194909
29935472
25754013
21498698
17274736
13115129
8892429
4665236
59659076
55413973
51218031
47007445
42763297
38549570
34316234
30054233
25884478
21617996
17383918
13170983
8940037
4747646
59959734
55713488
51469301
47291102
42990923
38767171
34497880
30280196
26011002
21714755
17455714
13232228
8997220
4725081
9524113
5237525
981021
59858242
55604475
51401939
47106235
42837512
38578941
34333289
30080483
25837180
21644898
17428689
13202496
9018015
4651247
59818572
55577079
51373393
47146171
42905693
38684705
34468789
30231243
25983910
21830564
17546454
13244076
9025292
4738253
59647344
55408362
51231536
46977303
42732938
38532893
34316719
30072876
25864746
21650093
17402984
13191076
8963818
4721275
59660129
55415111
51202746
46975655
42746129
38504329
34284445
30028965
25816633
21576815
17317644
13104936
8909734
4673536
8445169
4219387
59630804
55400954
51211054
47001158
42769663
38562023
34357613
30125074
25922761
21719130
17486429
13293874
9097005
4870330
59795900
55514830
51301345
47055278
42784464
38546583
34324628
30086740
25861139
21594672
17339175
13126596
8899792
4656393
59492001
55272582
51086370
46882877
42644016
38430990
34220992
29990892
25774856
21568320
17335448
13105875
8875964
4625468
59541462
55295626
51104237
46877145
42634798
38399476
34245757
29990346
25797291
21579414
17301010
13076596
8855217
4642158
12449937
8209019
4011766
59578391
55345746
51128405
46902842
42690448
38428267
34222005
29991003
25793076
21571695
17329293
13129430
8894275
4670595
59622324
55374489
51179776
46960643
42711853
38495790
34290270
30046473
25849551
21640009
17373222
13150826
8929396
4681261
59735846
55510745
51297428
47064196
42808889
38596203
34365132
30129749
25907795
21677924
17423737
13169767
8927734
4693783
59659539
55407011
51203827
46985504
42715305
38503013
34295055
30047630
25832376
21612254
17416068
13162038
8913013
4680940
11982323
7742251
3547086
59893980
55668127
51467449
47278668
43018334
38798452
34566793
30295917
26088382
21837666
17609602
13357333
9121598
4901450
59859348
55585060
51336474
47080786
42818234
38617186
34380709
30127654
25898781
21652195
17372769
13119152
8886949
4660677
59702783
55468165
51253864
47001741
42766376
38556063
34353212
30094495
25885164
21633175
17400323
13162943
8958988
4709221
59592602
55360927
51149575
46950221
42759454
38528013
34305373
30068343
25805461
21584373
17365682
13156556
8933277
4674168
11208640
6987402
2768592
59770634
55485875
51306118
47110563
42850775
38635051
34400844
30136927
25939590
21736043
17475096
13264710
9040898
4787603
59657825
55417291
51213684
46984679
42737870
38500154
34306829
30052269
25886317
21689943
17444416
13223816
9051440
4779181
59609209
55377887
51180351
46968708
42688206
38503452
34285390
30089489
25818655
21613460
17365795
13158983
8934175
4668340
59639308
55387487
51168054
46963406
42705104
38553167
34299090
30078431
25866346
21601879
17376527
13167645
8903762
4666651
10603144
6385237
2180198
59834776
55589121
51420896
47194172
42951094
38707161
34461409
30201572
25981805
21823120
17546606
13330636
9133875
4871949
59637951
55387296
51180993
46975165
42716134
38494690
34278204
30039276
25820039
21636660
17359465
13147508
8931847
4688870
59463000
55245790
51060991
46858416
42629131
38433738
34230544
30000181
25795997
21531048
17257624
13061425
8849530
4664264
59825290
55564333
51349951
47129732
42883974
38664674
34396374
30117772
25915870
21611413
17339560
13133880
8899418
4682261
10014329
5765432
1571758
59843288
55598005
51391899
47165693
42922896
38688718
34464027
30181490
25930830
21704394
17422849
13214074
9004864
4778132
59725591
55490354
51283257
47055700
42810893
38581428
34350438
30128484
25921666
21669452
17404121
13162679
8938087
4689916
59818738
55613415
51400464
47146062
42882548
38643587
34409365
30206784
25940653
21716113
17471296
13214958
9002833
4744604
59966464
55672939
51438229
47186070
42920540
38676949
34475959
30209012
26006962
21778757
17513554
13238091
8964701
4696579
8736620
4442274
60085793
55810629
51576098
47390119
43066490
38831380
34579730
30309945
26070895
21824053
17591031
13378950
9147111
4911371
59684736
55438432
51205408
47013315
42786429
38563817
34355478
30119171
25867795
21653368
17399781
13181013
8937680
4677725
59559850
55350302
51145685
46957268
42708315
38480753
34261718
30017762
25797985
21582320
17352948
13141837
8929838
4661972
59449482
55223560
51046770
46828937
42621661
38475913
34247034
30067816
25839412
21619826
17354904
13175157
8958106
4712678
12374743
8148333
3949072
59643777
55411554
51209788
47016412
42791877
38585646
34366375
30129574
25932541
21725844
17469657
13234773
9039745
4792547
59724005
55471885
51247114
47024144
42834562
38585529
34351324
30088548
25846713
21636713
17388996
13171606
9077950
5455624
59557035
55315894
51091002
46890425
42649220
38439480
34197948
29978751
25783722
21573174
17341059
13136129
8922765
4674506
59747555
55504213
51262009
47037071
42772369
38565738
34332540
30085277
25838412
21629624
17373573
13136669
8921737
4659343
11872115
7642346
3441827
59724367
55455047
51265417
47068124
42885388
38624202
34445281
30162613
25963698
21751733
17523903
13317283
9062668
4831032
59697995
55422700
51192347
46933922
42675381
38431326
34206516
29945166
25755947
21549969
17323244
13108714
8906498
4675993
59567883
55356306
51159206
46966416
42746965
38540266
34332128
30069421
25863623
21591649
17359736
13151255
8950871
4699681
59629651
55393929
51187027
46978916
42728493
38501282
34296926
30074634
25855866
21634974
17346974
13131904
8920028
4687621
11462966
7226442
3033715
59799199
55544985
51342567
47142295
42904580
38692570
34476334
30218436
25989920
21744320
17484220
13299130
9077412
4852956
59562746
55322696
51129477
46916109
42669915
38460003
34239824
30000424
25765615
21562469
17315931
13102098
8932816
4707049
59627869
55429844
51190014
46960363
42722721
38513239
34309164
30068360
25879150
21660505
17434316
13225280
9014132
4769927
59571403
55352254
51152843
46947866
42708449
38467935
34252298
30014922
25799174
21587002
17362067
13220288
8976750
4711106
11109375
6885349
2680758
59812597
55583541
51373753
47179612
42925511
38695101
34489191
30239775
26035903
21851671
17609330
13365527
9117200
4876202
59667182
55427422
51193564
46969202
42702785
38507631
34296105
30051763
25827198
21589622
17364300
13134007
8932354
4671972
59666231
55384828
51171765
46937859
42753033
38482036
34281433
30030153
25808603
21581429
17331695
13139490
8918179
4675266
59682986
55415566
51224285
47011713
42811434
38549462
34361083
30114220
25887794
21678392
17415577
13186200
8950722
4706754
10457285
6287228
2045850
59567236
55304254
51097083
46892621
42648567
38405045
34204438
29934381
25728606
21523751
17321770
13133447
8943794
4723763
59511988
55291931
51106690
46902011
42679423
38475779
34318376
30062217
25811365
21598504
17377991
13134964
8928612
4716769
59620027
55379663
51183158
46967758
42734289
38542248
34323081
30090324
25877382
21647841
17406247
13181206
8949267
4672812
59551343
55321696
51126259
46921036
42710172
38529438
34307102
30054214
25853658
21623098
17381446
13187790
8981217
4712470
10329697
6082359
1830477
60039840
55811213
51616719
47405304
43110197
38892587
34707002
30448577
26188143
21928744
17680343
13434670
9177773
4902854
59928040
55652629
51473614
47219492
42918071
38688511
34464990
30248299
26024571
21764526
17497330
13267346
9012217
4704725
59642957
55402819
51172140
46941311
42706521
38498623
34310591
30033086
25828995
21616865
17386818
13169145
8957171
4723476
59600570
55359618
51167821
46955477
42719315
38500554
34309323
30078649
25872007
21709148
17446959
13213421
9008114
4761498
9342121
5098184
891328
59819810
55584450
51355968
47126681
42872242
38650182
34431072
30198232
25977082
21740390
17480558
13253265
9004984
4751113
59740254
55488215
51274639
47037302
42793007
38585069
34329260
30076649
25852393
21648651
17402249
13173564
8938081
4712529
59647085
55414616
51184652
46961043
42726182
38496217
34290203
30051474
25824491
21625928
17399300
13182456
8951768
4698055
59383151
55157182
50949754
46701081
42451035
38231779
34034856
29807413
25606302
21416143
17196010
13015431
8878892
4635063
8793934
4539505
328057
59761243
55504944
51267422
47046174
42786527
38568962
34320729
30076847
25877377
21727957
17478376
13264801
9055665
4855868
59812675
55519573
51322001
47103231
42818268
38585888
34370417
30125661
25862997
21594303
17334629
13135834
8893024
4673770
59670751
55429268
51282868
46992654
42742321
38520304
34306586
30070988
25851150
21611026
17348355
13148509
8906059
4688742
59777011
55522842
51325602
47112047
42846209
38652443
34436911
30185607
25926681
21729092
17460695
13287087
9029177
4787914
7938311
3673510
59664094
55400675
51187586
46969659
42736730
38520454
34299593
30056003
25843829
21617276
17381608
13173281
8988024
4701541
59589672
55336993
51116919
46895684
42639490
38405604
34166461
29929294
25679452
21470474
17220942
13020986
8825395
4612929
59393954
55189378
50983591
46830822
42580371
38358353
34171840
29945427
25742056
21529235
17308377
13083272
8895622
4705529
59597031
55341886
51193225
46956171
42726847
38489057
34266366
30032262
25803892
21589075
17353149
13137599
8935316
4656161
12005299
7755614
3520136
59909711
55655291
51439886
47192858
42937342
38704728
34493045
30271180
25969527
21741240
17485029
13223746
8995735
4733060
59890972
55630974
51410926
47183612
42906320
38676002
34451082
30204881
25991723
21758735
17504954
13241727
8994455
4712217
59651299
55435565
51260893
47036238
42788523
38568705
34323236
30066688
25817336
21608644
17362743
13135269
8917441
4699584
59729402
55472865
51267081
47073567
42835507
38668060
34367827
30106494
25880868
21657125
17418656
13206758
8977333
4716019
10847832
6586568
2363356
59927160
55659945
51427433
47183885
42916273
38667794
34414639
30140565
25875376
21644953
17395263
13152510
8902310
4638285
59417238
55197972
51011300
46803329
42585968
38381131
34209973
29933985
25714663
21499066
17263315
13064259
8895995
4645262
59793316
55554168
51327164
47105648
42870869
38640955
34402328
30150021
25932376
21691091
17381045
13188812
8940549
4695968
59675459
55432887
51197396
47022955
42754420
38520351
34312131
30083047
25875476
21653710
17403639
13199756
8977568
4779816
9994873
5771024
1563659
60023609
55773136
51583239
47366121
43082443
38822228
34562936
30280462
26068550
21843329
17600061
13398528
9180605
4931291
59710215
55450500
51232579
46987872
42728023
38483285
34267114
30033310
25800173
21585851
17336566
13128876
8900863
4659737
59852391
55597299
51347274
47145692
42900941
38691332
34443872
30169532
25923967
21685471
17390207
13178482
8965631
4735216
59598350
55368734
51223931
46987587
42750062
38576188
34282248
30038619
25796926
21529612
17270240
13059084
8828603
4577898
8989311
4705136
490358
60048226
55779565
51547363
47318078
43100654
38764856
34539698
30306320
26095368
21846709
17591166
13334767
9087747
4808603
59765113
55498525
51315473
47067537
42811749
38564793
34284415
30029101
25810053
21592326
17349170
13159377
8958786
4714892
59598769
55359733
51187368
47020124
42784769
38603926
34388507
30144722
25907703
21663640
17460638
13176368
8953344
4685271
60097985
55802665
51580777
47335978
43117613
38839820
34626188
30373664
26110053
21854578
17635023
13361177
9071646
4787064
7768759
3547012
59977098
55743060
51537530
47282211
43066296
38803178
34552730
30263137
26037648
21816890
17560579
13337723
9108306
4850871
59734765
55454771
51218739
46983917
42710313
38493871
34270571
30031496
25792664
21568434
17326195
13126649
8915299
4676248
59733737
55503590
51274019
47057319
42800423
38581388
34352606
30098921
25946859
21684060
17410974
13201157
8955363
4696642
59736297
55503207
51299318
47051245
42821487
38602936
34363464
30162029
25925026
21688375
17447286
13192187
8982655
4680556
10913331
6642650
2436277
59857116
55608152
51387750
47130405
42915950
38618818
34355380
30110227
25895587
21679533
17440108
13243629
9020942
4767417
59935336
55682764
51456408
47259528
42978694
38704909
34459657
30207139
25987161
21747054
17507735
13229251
8982964
4718089
59755861
55510708
51328977
47024342
42753486
38529044
34266767
30010104
25786790
21546558
17292723
13086600
8890840
4661579
59533680
55312903
51162974
46972036
42741472
38550558
34362770
30144775
25964502
21744275
17493721
13293624
9036239
4766445
9818292
5557996
1360154
60115447
55849902
51632023
47382856
43102649
38866368
34631926
30361163
26155243
21918639
17656255
13432311
9190998
4926029
59893384
55629693
51398446
47176687
42920736
38690862
34437026
30192232
25956895
21696404
17445472
13210597
8998554
4728849
59743537
55479912
51269144
47044434
42806402
38572428
34339244
30059322
25834811
21607183
17353735
13148442
8944198
4705879
59924720
55660586
51437333
47174781
42909237
38675657
34423308
30156414
25912552
21717456
17454455
13233477
8992318
4738878
8309263
4084559
59830424
55603908
51387289
47191712
42873138
38644812
34395391
30140811
25883279
21672554
17440018
13217748
8991083
4722318
59648863
55396740
51189833
47004490
42748441
38537797
34302615
30041067
25858743
21633460
17384468
13179840
8941384
4695485
60050659
55841070
51618766
47473672
43163351
38927057
34675861
30415853
26209524
21967152
17688936
13447863
9190377
4925670
59776720
55516652
51272882
47040073
42799566
38568846
34370774
30117010
25899911
21649922
17393265
13178731
8951068
4698653
11439724
7196082
2969385
59766453
55517644
51284683
47054951
42795610
38574342
34354278
30109869
25882324
21680215
17435787
13264589
9047406
4787832
59826812
55572578
51345660
47080388
42809385
38566797
34387604
30121899
25960570
21814634
17607251
13385572
9132272
4911326
59964283
55683840
51464512
47251735
42920567
38680183
34412459
30146180
25896353
21723270
17441331
13223378
8958819
4750170
59855144
55586005
51376621
47208432
42950913
38700845
34468136
30220694
25934324
21745778
17417618
13201610
8986387
4755311
10193894
5959445
1753095
59789421
55532755
51261254
47044980
42786036
38562578
34358896
30091428
25873054
21654080
17422626
13237068
9032537
4787032
59542064
55338626
51138796
46914477
42677616
38477159
34256021
30001531
25807871
21602629
17367967
13175989
8962661
4720662
59846710
55593974
51408997
47169381
42908843
38612535
34405616
30156012
25940602
21690739
17438535
13229105
9049972
4758674
60044303
55794096
51546698
47292836
43026280
38779332
34503200
30297023
26027196
21745693
17449191
13222936
8981476
4713538
9119680
4857607
634444
60052534
55810966
51585344
47369261
43102443
38862218
34629450
30362388
26143883
21931631
17660003
13423647
9174143
4941661
59838950
55583533
51355324
47135941
42886988
38663012
34431190
30168012
25938360
21701139
17445020
13208856
8977669
4711901
59990612
55759264
51528228
47257819
42991623
38750662
34549742
30308815
26056891
21803767
17555071
13303095
9043260
4791827
59843735
55577813
51347671
47141868
42898075
38692063
34466621
30221721
26003642
21749856
17526818
13261805
9032669
4755886
7709915
3452359
59969181
55705097
51515545
47278775
43020255
38775577
34546627
30286640
26029030
21774001
17519881
13251730
9006530
4783325
59783299
55471198
51265333
47026611
42767385
38541801
34316280
30070752
25847324
21626855
17379606
13140107
8916359
4667008
59692051
55445680
51219831
46991965
42741357
38521893
34290459
30044331
25818675
21583061
17367611
13127722
8890759
4639312
59760518
55508212
51299715
47068423
42808391
38581094
34349166
30108047
25871646
21654985
17403479
13174519
8957725
4690449
10783450
6515346
2291886
59824145
55583606
51383874
47078537
42836290
38603101
34393769
30148582
25937066
21717145
17476696
13255024
9045129
4793881
59857365
55601895
51389698
47167433
42913333
38676482
34444124
30187884
25979538
21754778
17500544
13274099
9029585
4794409
59941969
55659162
51414712
47164732
42923219
38678087
34428251
30175080
25936109
21722718
17440241
13199690
8954897
4692076
59940725
55668672
51436141
47189991
42917201
38693162
34429821
30163940
25973230
21684737
17431543
13219638
8994040
4724079
9282886
5012180
806379
59875827
55597217
51376911
47135108
42866382
38662874
34476858
30217969
25965899
21708759
17438990
13197420
8973678
4733372
60078100
55807447
51550510
47334748
43058356
38814228
34568163
30294485
26052354
21796536
17522552
13281997
9046456
4762574
60147048
55858066
51628764
47361848
43085915
38838367
34586778
30325333
26110202
21858658
17570122
13340129
9080175
4788247
60106862
55831824
51596912
47337477
43060450
38840145
34583260
30317084
26063720
21805279
17516200
13266655
9012549
4717742
7123743
2861738
60031594
55762406
51548923
47320283
43077973
38828432
34601313
30334316
26076233
21852283
17591572
13337396
9083497
4832642
59921762
55659968
51426577
47206872
42949871
38714188
34440389
30165348
25923222
21673349
17404936
13190716
8953774
4696691
60048203
55799430
51555144
47351956
43081772
38867762
34642676
30327469
26140566
21928367
17649291
13428723
9183251
4955194
59677381
55452492
51245624
47005604
42737902
38504985
34286907
30040566
25795935
21626980
17404851
13202094
8986510
4729393
9880929
5639658
1456786
59772738
55552006
51356740
47148303
42891567
38654352
34416486
30150798
25925421
21728528
17484483
13269719
9047156
4805998
59665454
55441032
51222467
47019478
42776415
38557778
34334489
30085675
25885970
21668268
17415325
13184341
8957824
4707852
59824355
55569226
51351158
47168632
42919519
38707070
34502141
30226883
25999327
21787939
17517763
13249894
9011147
4746072
60399878
56150119
51941053
47725937
43467129
39274518
35072423
30841742
26607964
22382964
18124579
13882552
9674958
5420868
8967006
4712465
468704
60020250
55749814
51526247
47263719
42981146
38746418
34565450
30325410
26116259
21879299
17599360
13342523
9094986
4842947
59783859
55529391
51317707
47077123
42823691
38599030
34359161
30108507
25897094
21707441
17447510
13208729
8966272
4710167
59880387
55625374
51419940
47202401
42948334
38723742
34473966
30211408
25999183
21773821
17515953
13244698
8992883
4712124
59890487
55597529
51383865
47135687
42901756
38668347
34392002
30141409
25910527
21692892
17439101
13233708
9000713
4761757
7598093
3362263
59804983
55555594
51354877
47132870
42867696
38637908
34387202
30147290
25920670
21691890
17453447
13233397
9033336
4752164
59840489
55588828
51436692
47196133
42939717
38701003
34460251
30210372
25958938
21704459
17439144
13225844
8974229
4712448
59970595
55690827
51473544
47223113
42973161
38727576
34486546
30228509
25984810
21740087
17454706
13215167
8964425
4700031
59701106
55501239
51221909
46988446
42734437
38501954
34309940
30058396
25825677
21609889
17358318
13146469
8917977
4675416
10629934
6407927
2171889
59866724
55613945
51380954
47158654
42907084
38684932
34441258
30200026
26012090
21793186
17531828
13327396
9116937
4858038
59986253
55703747
51485582
47247474
42992209
38767366
34532006
30260441
25989096
21806671
17532468
13294289
9059233
4768064
60030027
55766847
51534726
47279430
43025394
38788175
34559446
30289108
26050990
21801976
17534359
13314948
9048021
4783824
59988581
55726099
51468232
47245717
42980643
38706312
34456331
30191779
25936775
21679829
17427900
13178742
8944202
4655420
8962612
4717431
517293
60092997
55831413
51594754
47353776
43086330
38828988
34576719
30310178
26071676
21853990
17564286
13322559
9073443
4810520
60017488
55752519
51515757
47285671
43002462
38750937
34511152
30254417
26001445
21779805
17503794
13298813
9062321
4774498
59904455
55619218
51396405
47138526
42859400
38606397
34362921
30096391
25940664
21705702
17445079
13205430
8961106
4692029
59923392
55660088
51432620
47194202
42921775
38686707
34441722
30182735
25963427
21746354
17484817
13245133
8994293
4728659
7082179
2860928
60106873
55901626
51637398
47368815
43098261
38857159
34617756
30367849
26121446
21894051
17622421
13369102
9134587
4852628
59867999
55629771
51426204
47185461
42936254
38700933
34462017
30230147
26020160
21773999
17501734
13264378
9024552
4783004
59929645
55653315
51434947
47179150
42928346
38687749
34442044
30149112
25919781
21659915
17397849
13173250
8941182
4684746
59912884
55666396
51460134
47223242
42953679
38727844
34497887
30230192
26000724
21763017
17531699
13295849
9039629
4766571
9682261
5405567
1181842
60224306
55933288
51703019
47448735
43169316
38909879
34637097
30362565
26112091
21875132
17584500
13346707
9080787
4802593
60093469
55835215
51602622
47360719
43027721
38770793
34526014
30238159
25980760
21721863
17431601
13218034
8956393
4687393
59772815
55507039
51272695
47019525
42764890
38503912
34277603
30029538
25861038
21613986
17357767
13143554
8916245
4686687
59867781
55608904
51386733
47143717
42850343
38608644
34388331
30112219
25872038
21658620
17394473
13184622
8945133
4693206
7804301
3530799
60132611
55874765
51681613
47461086
43189362
38898621
34637525
30372035
26124834
21898906
17638678
13391264
9177545
4913526
59723169
55452186
51240775
47020355
42770368
38564859
34383804
30075544
25811460
21579361
17327488
13107402
8957492
4752841
59756318
55506419
51291550
47080998
42869921
38633712
34390786
30166485
25910893
21663473
17404602
13185019
8957823
4714059
59751011
55501601
51299637
47076491
42818847
38576439
34333884
30083139
25846877
21609842
17349308
13158490
8948968
4701449
10869038
6647394
2436383
59800505
55573873
51350243
47144777
42875864
38656561
34419884
30192640
25947472
21722310
17487994
13276038
9077081
4801185
59746093
55487603
51294749
47041782
42758973
38536275
34322604
30075292
25860835
21619394
17382354
13153883
8925839
4659473
59714620
55465583
51239153
47031025
42795351
38585393
34341295
30094623
25887921
21660682
17399865
13162959
8934991
4675498
59793956
55536606
51338315
47064771
42818866
38570273
34348570
30078965
25867334
21621846
17373890
13116459
8904897
4667781
9919657
5660682
1435779
59857919
55607976
51405158
47180268
42923837
38699274
34482745
30249901
26043375
21819571
17586695
13363272
9155747
4902610
59762573
55503042
51259961
46993958
42733979
38531049
34299783
30042084
25856694
21619294
17353747
13157259
8936918
4706409
59842936
55612618
51384020
47165135
42920727
38697793
34458566
30219499
25954012
21719149
17459614
13220222
8987635
4767358
59569884
55324974
51113472
46903355
42653152
38438580
34201412
29930135
25774867
21510840
17288998
13050422
8837127
4617622
9055793
4816536
595324
59735062
55487040
51278465
47038393
42806072
38568159
34339072
30093378
25884194
21661458
17433466
13215400
8996080
4743438
59567253
55315132
51114381
46896832
42667432
38454033
34230860
29981297
25775202
21582703
17349198
13164190
8971790
4737576
59605502
55366915
51168892
46950231
42691808
38473682
34244932
30000562
25782268
21533673
17275981
13054295
8828829
4639178
59507227
55272996
51073461
46869762
42644475
38443937
34293994
30040861
25843173
21647246
17410902
13195592
8979226
4736871
8780237
4541272
339382
59907476
55653478
51438341
47212870
42961814
38721954
34496823
30239732
26003770
21762687
17541517
13335359
9115048
4846275
59690920
55443915
51213815
47011380
42693792
38471518
34247318
30031082
25812311
21596163
17341944
13120513
8895573
4646804
59428536
55170771
50990686
46805129
42578846
38375689
34160149
29933191
25719274
21522840
17286181
13094527
8899524
4672755
59582192
55351901
51148404
46941081
42710164
38504295
34296799
30058579
25807647
21550324
17334658
13201274
8967209
4705124
8358107
4112853
59640789
55401608
51180011
46961494
42728507
38522353
34317273
30054356
25841054
21618389
17385443
13183775
8982261
4750580
59606297
55353536
51166323
46983440
42749123
38538708
34349729
30111588
25925888
21713950
17459549
13265982
9059353
4798200
59649539
55395022
51174580
46975972
42774281
38535874
34317550
30061044
25835320
21622134
17388884
13162542
8935776
4703467
59718242
55466628
51241299
47016727
42745049
38556876
34344653
30090251
25882312
21693382
17437089
13245509
9036270
4784415
12127177
7881405
3647548
59760202
55505845
51293423
47096201
42854742
38657044
34445269
30201284
25977982
21758704
17537933
13331488
9110860
4868522
59999925
55754662
51537085
47350731
43054217
38812786
34586467
30335958
26121395
21896432
17632499
13402619
9217730
4996179
60059266
55794158
51563562
47375634
43089276
38802287
34575349
30322522
26048080
21799585
17543852
13303037
9117026
4832787
59895616
55646873
51438677
47187356
42920765
38699491
34486254
30236424
26016669
21771839
17526658
13284530
9016818
4751755
10858177
6592521
2424769
59673107
55429262
51214220
47003880
42764122
38546736
34376118
30097060
25881327
21674875
17434241
13216641
9006119
4824938
59517724
55290662
51055508
46842864
42575291
38415302
34145988
29898809
25686963
21469281
17236144
13034106
8835814
4604860
59668081
55466555
51332451
47104602
42877095
38652516
34454893
30192399
25950182
21722699
17469196
13250199
8970273
4720741
59927864
55684468
51486889
47252758
43017195
38800670
34577800
30309035
26090555
21896705
17642300
13368024
9121438
4781375
10251230
6040058
1783225
59916729
55717601
51458884
47235372
42803531
38609792
34395758
30160540
25951211
21737349
17518663
13327739
9138280
4922208
59745803
55513771
51298497
47075918
42841626
38622822
34385282
30141814
25886647
21629434
17368552
13162649
8938583
4690030
59516907
55295778
51094836
46893049
42669055
38442306
34244798
29987713
25787662
21599921
17366820
13154647
8952712
4715124
59604509
55359027
51158839
46940469
42709812
38512531
34316651
30069240
25846973
21627738
17393847
13157792
8950817
4702402
9797530
5571844
1361641
59638818
55398095
51217662
47033259
42795637
38581521
34439567
30172614
25966418
21762348
17540062
13296640
9101651
4843735
59617484
55377679
51160774
46947295
42704584
38513356
34280210
30051329
25829461
21595159
17319374
13112593
8885224
4657718
59561726
55346016
51149060
46944937
42708820
38491966
34273037
30015485
25822286
21617978
17362835
13181071
8974431
4716367
59617484
55360187
51160170
46953574
42720952
38492708
34256498
30006061
25817746
21626989
17396940
13194439
9016359
4737160
9570676
5329662
1133637
59737698
55397780
51181108
47004702
42784407
38565903
34304536
30084832
25863163
21637398
17385040
13179220
8994316
4776126
59607680
55348062
51142230
46918539
42649323
38445443
34238178
30006179
25797035
21576073
17342883
13135030
8918681
4687595
59523426
55292851
51083503
46895007
42673797
38473178
34287912
30043569
25831086
21619529
17392955
13177875
8951297
4727792
59563869
55330514
51139021
46927368
42714660
38499617
34293762
30058167
25841311
21621456
17339093
13133436
8949070
4714939
9336249
5099842
910189
59684226
55438154
51232498
47040739
42814366
38576138
34350900
30110835
25888388
21660571
17418548
13198985
8991757
4728114
59545203
55302820
51132875
46876133
42610321
38429272
34203567
29940909
25760368
21539212
17294290
13088816
8880589
4643051
59828428
55525383
51301815
47061567
42809931
38590630
34387041
30107155
25877321
21634926
17377482
13097254
8917829
4725212
59696096
55485795
51305251
47109706
42878552
38677707
34460256
30236982
26002416
21757409
17556189
13277520
9047728
4786067
8726674
4409330
59656874
55407656
51199420
47005139
42785781
38556771
34373502
30114975
25904276
21694718
17467905
13259346
9025829
4803037
59766308
55486771
51264534
47026195
42737209
38488851
34257061
29995089
25741156
21475086
17211889
13027911
8847202
4631474
59186862
54974456
50789526
46607882
42396370
38206941
34019389
29850848
25619824
21421900
17205161
13027859
8835406
4630761
59782593
55548796
51363630
47124973
42873490
38657769
34438241
30190323
25963876
21723906
17463970
13231256
9043004
4788070
12669816
8398529
4216791
59810704
55584568
51319548
47069532
42818861
38614788
34344727
30057280
25862734
21658989
17425276
13162723
8924582
4725126
59932140
55645693
51414135
47182752
42921541
38651076
34416204
30134826
25885977
21633129
17354032
13152048
8967953
4720399
59592471
55354627
51140616
46833616
42590914
38375833
34152090
29944596
25715418
21542563
17327252
13125795
8892378
4668683
59442363
55292344
51106006
46876379
42644413
38433054
34220026
29996839
25812037
21597388
17364778
13150406
8952965
4733611
11987450
7766523
3577195
59625177
55396386
51203427
47000028
42779974
38566366
34355281
30127306
25914944
21734672
17507917
13321534
9120725
4895605
59764679
55504606
51301751
47051770
42814566
38589000
34368961
30113199
25913475
21693402
17393958
13159881
8937322
4694821
59547213
55323169
51093485
46874116
42643522
38418092
34200199
29944112
25713924
21475103
17225378
13024190
8824714
4630198
59304256
55130859
50899178
46705035
42488501
38276191
34085831
29864099
25664044
21455568
17230511
13049659
8802460
4559763
11979394
7694434
3485072
59696490
55417941
51238975
46983267
42740182
38509242
34258745
30031874
25834472
21630922
17374319
13147050
8918450
4688589
59846275
55556965
51338965
47062283
42806275
38546393
34342336
30076712
25861820
21639783
17395089
13164069
8939904
4681165
59555508
55365070
51141749
46915273
42653025
38424534
34190915
29941037
25722933
21498892
17244806
13051830
8879550
4663254
59390729
55164172
50973459
46827215
42568422
38364810
34170781
29941845
25737623
21536295
17300391
13087183
8880732
4652710
11517840
7287625
3090864
59800150
55562025
51357029
47129351
42887845
38652921
34418848
30181275
25986067
21760654
17508525
13312653
9089624
4851466
59654758
55414729
51197333
46970447
42698451
38465456
34250448
30004768
25756197
21543955
17316472
13113484
8912379
4675057
59469811
55214787
51007738
46796338
42562386
38347482
34158281
29913499
25735451
21534022
17345721
13128334
8925339
4710372
59408746
55188277
51027171
46822579
42593438
38389672
34190707
29951608
25757856
21546112
17313873
13112468
8910348
4693516
11436981
7263683
3041062
59477397
55252551
51044690
46890682
42696407
38455403
34238815
29980585
25749387
21535119
17283521
13096587
8885073
4649186
59358879
55128828
50944960
46749340
42523662
38333164
34152205
29936106
25768542
21548398
17332707
13142785
8947502
4724001
59384030
55170823
50985011
46801320
42583381
38391433
34191262
29974772
25769323
21559040
17321469
13111904
8934613
4686572
59510930
55278188
51099838
46871135
42633551
38430517
34203883
29967365
25757005
21582096
17341915
13143039
8944731
4685876
11880702
7698838
3464914
59784759
55599398
51387950
47176384
42943769
38726466
34526621
30291416
26068159
21864082
17595608
13356874
9158234
4901824
59534170
55266727
51040223
46797892
42532338
38332466
34155160
29931619
25728668
21519341
17282803
13076466
8866793
4638561
59380858
55172773
50993036
46810410
42579291
38368159
34169704
29951875
25748325
21539553
17302660
13090273
8888278
4657485
59493889
55256098
51058911
46840811
42599323
38404043
34175623
29929746
26036770
21922796
17708484
13540144
9360326
5128282
11915626
7706133
3510047
59652773
55405692
51208587
47002379
42779545
38574278
34340559
30096942
25895217
21712151
17448501
13305420
9087023
4864076
59402983
55177270
50980956
46813432
42586569
38376574
34152734
29883253
25659704
21432800
17206304
13010444
8807434
4635431
59238273
55016175
50832197
46628451
42407797
38205144
33997551
29781592
25587643
21374716
17156961
12983988
8801943
4577911
59681925
55466559
51288342
47085229
42808991
38590087
34353027
30089715
25863886
21622725
17356970
13147563
8929104
4685029
11962819
7698631
3515384
59772750
55540669
51347817
47136697
42892354
38693782
34492456
30253207
26052815
21858656
17592633
13407692
9191164
4973927
60025189
55743042
51500385
47246258
42984112
38773360
34502826
30240216
25988352
21743344
17472011
13262615
9033674
4754274
59709099
55455896
51232755
47018146
42768021
38550791
34341102
30081775
25861162
21656212
17408204
13192426
8975880
4725587
59585240
55370166
51164656
46974831
42732654
38522236
34310440
30102382
25921583
21723071
17477455
13257686
9030260
4774941
11119364
6899704
2698874
59543248
55312733
51138921
46932135
42699448
38497102
34287278
30058749
25889987
21652272
17399791
13187226
8964345
4732156
59653053
55405969
51196687
46994183
42793718
38592581
34357273
30065280
25846354
21627283
17388709
13195993
9006513
4701488
59566783
55323797
51124764
46910472
42678705
38461268
34251864
30020231
25834009
21591865
17352390
13118437
8918612
4684747
59616456
55371486
51163668
46944306
42710814
38489890
34274375
30031243
25812001
21610361
17365941
13129129
8933084
4693985
10908962
6665046
2468399
59739687
55517743
51311212
47088582
42847995
38652380
34458144
30219645
26024497
21800592
17577367
13366963
9145444
4912228
59557397
55337443
51126659
46890015
42634297
38418625
34184049
29913407
25738834
21488759
17228238
13039063
8845705
4669116
59682533
55442749
51277392
47047931
42801212
38525772
34309359
30052639
25817534
21587436
17348591
13113792
8910681
4666665
59081289
54870664
50679307
46528606
42332364
38174814
34009925
29813105
25680689
21517980
17323250
13144544
8932513
4719166
10974110
6722012
2476316
59811047
55545309
51323561
47086551
42839679
38618326
34398522
30186802
25973508
21735048
17487998
13265429
9041190
4781907
59770044
55496267
51279747
47051153
42823172
38596894
34406652
30157739
25915019
21695361
17440191
13253431
9027712
4749213
59765965
55506585
51284103
47028518
42773253
38549002
34307398
30083639
25910942
21737470
17473985
13265872
9028366
4753877
59737547
55482751
51236954
47006185
42771061
38556765
34355234
30130438
25912369
21696525
17438565
13239335
9017199
4748494
10039054
5849965
1680029
59883452
55627783
51438009
47215378
42962666
38732937
34519302
30259409
26028362
21810471
17568208
13351660
9145696
4846384
59505268
55275118
51054356
46848612
42595514
38404401
34200837
29978773
25785142
21571226
17309862
13129331
8943052
4726143
59343950
55129243
50945344
46745690
42571834
38354503
34159929
29904487
25712345
21478457
17245894
13040113
8814667
4634545
59213631
55022598
50840825
46640696
42423641
38281250
34055468
29835021
25630711
21419655
17201079
13035617
8871470
4652735
10221742
5994863
1818724
59593701
55384037
51207425
47001733
42741214
38506261
34284956
30039853
25840852
21652376
17427196
13224959
9024625
4789198
59701938
55472199
51270312
47061016
42863126
38620798
34389046
30113592
25925006
21706342
17471645
13230093
8990026
4753743
59357110
55184555
50970211
46772468
42549068
38339652
34137786
29910979
25769541
21531780
17319100
13114708
8925577
4704032
59510385
55273230
51097885
46864138
42637725
38415835
34219101
29988247
25782842
21571293
17333541
13145735
8944343
4713320
10329528
6100688
1887083
59806529
55573523
51364608
47167063
42915539
38701008
34465258
30214843
25995682
21768412
17557104
13319030
9103827
4818133
59633631
55370250
51146838
46923071
42691419
38493794
34287014
30039299
25825194
21609698
17372780
13147382
8914268
4725481
59579875
55336991
51155282
46954827
42700022
38493559
34288451
30065096
25876237
21678239
17444069
13236538
9032325
4754314
59335394
55159757
50953722
46750350
42512170
38308619
34107161
29897606
25716956
21532384
17290047
13097467
8895297
4666145
10123514
5917115
1776569
59764994
55536810
51341451
47136736
42858808
38687942
34433251
30175783
25957136
21759126
17523590
13313392
9100713
4864316
59606791
55356130
51195450
46974946
42684485
38480616
34259665
30021912
25791717
21591686
17348830
13141653
8920229
4708546
59494613
55280211
51070754
46809097
42581236
38381861
34179467
29943807
25746847
21530457
17324765
13107510
8902046
4667575
59562028
55332581
51136977
46939221
42690981
38462382
34256388
30005935
25836873
21632918
17387574
13179189
8946456
4706195
9757989
5509935
1281214
59735069
55523727
51341750
47137230
42884809
38673373
34449692
30242203
26048306
21887392
17607410
13371168
9117936
4873786
59989322
55737894
51503216
47260445
42984277
38738543
34508960
30232273
25995499
21752498
17470227
13229959
8982633
4711244
59891244
55602306
51354714
47169413
42857147
38618856
34403370
30148734
25915748
21661301
17448137
13206204
8973252
4716514
59813057
55539969
51327196
47102558
42843399
38621415
34378354
30172414
25932782
21693491
17442765
13190001
8947483
4668813
8523539
4242661
59881211
55613590
51360760
47120991
42866752
38624109
34433759
30168850
25861377
21648312
17404469
13174127
8941854
4686550
59545611
55291299
51111756
46835769
42603993
38382182
34157744
29912629
25709211
21535431
17325153
13119110
8892218
4654937
59709011
55477625
51273087
47081984
42861999
38652141
34441897
30191705
25951191
21723238
17466942
13238079
8998483
4743769
59780258
55556607
51288652
47036927
42783509
38540464
34294194
30047364
25801588
21587643
17341691
13133053
8912005
4668257
11948662
7694530
3463032
60049478
55830339
51608997
47388656
43111198
38872600
34648349
30365536
26164501
21926724
17683437
13448430
9235198
4994008
59872204
55585810
51365745
47140040
42859147
38634484
34437413
30202684
26002187
21744256
17483313
13249092
9008233
4750681
59964282
55700530
51488533
47254023
42980288
38723631
34474484
30209689
25959431
21728075
17491946
13252074
9003033
4739528
59806771
55543423
51309850
47064393
42824329
38621730
34404171
30127821
25898626
21656745
17392206
13187220
8978715
4723065
10461302
6199121
1979552
59885994
55671195
51478837
47264277
42961546
38733256
34517935
30570885
26593061
22521656
19012047
14759229
10544980
6302141
59767805
55528925
51339530
47103383
42847196
38629196
34413507
30161476
25958426
21724833
17464401
13240329
9040884
4781258
59857332
55609366
51392574
47133525
42916389
38676973
34437805
30187148
25939799
21743403
17479698
13253963
8990018
4725221
59721560
55448914
51229564
46969840
42706812
38481544
34270077
30028613
25820569
21606070
17364648
13149715
8930496
4673270
9236892
5017201
787089
59974128
55712748
51491881
47244071
42992255
38733754
34517483
30243512
26019220
21781487
17530448
13271235
9027753
4778298
59929570
55656310
51422870
47178293
42923209
38661762
34431451
30178340
25947412
21663325
17393207
13130391
8878569
4598329
59791338
55572808
51370903
47099122
42822122
38603839
34318033
30044968
25802664
21589830
17340658
13122304
8901451
4665966
59726511
55479646
51293319
47074072
42805845
38587132
34364725
30129354
25873687
21634611
17391282
13174705
8943095
4692042
7887696
3645045
59833797
55588740
51359280
47134127
42909762
38672416
34447810
30223803
26046183
21807436
17545092
13302734
9048490
4798893
59982464
55721620
51492584
47301166
43005312
38772327
34521291
30223181
25998009
21781701
17533390
13264897
9069210
4769178
59908090
55663524
51406894
47235315
42920425
38727282
34466615
30208591
25991180
21767124
17517632
13251695
9034677
4751118
59843140
55584071
51378829
47146252
42884930
38652052
34402232
30142849
25931008
21712907
17453147
13199719
8995237
4738787
10721670
6464683
2243215
59805771
55545195
51324809
47086867
42832251
38598271
34391409
30157850
25967832
21761130
17531387
13331292
9145158
4912704
59927703
55653064
51440171
47219369
42976209
38744102
34496666
30248964
25990386
21751688
17492215
13254750
9024540
4755818
59987335
55706894
51484388
47228882
42989562
38741592
34504391
30221555
26006925
21779468
17514261
13298248
9100804
4812440
59703302
55471438
51260456
47020682
42780445
38574688
34356439
30112221
25892565
21675624
17425502
13201351
8971674
4710793
9490599
5226939
1029310
59949615
55679082
51460101
47223411
42960017
38741803
34509096
30245634
26013715
21793355
17506893
13300294
9059352
4819985
59705324
55431908
51201069
46968764
42714670
38452518
34216573
29943817
25738881
21535911
17298851
13090237
8886593
4656005
59618706
55372887
51184657
46971853
42749549
38545150
34315639
30055267
25856098
21665585
17379362
13163538
8914890
4672845
59618792
55385032
51165280
46957459
42708461
38481695
34277681
29961772
25754114
21531049
17293854
13100478
8918562
4646925
8662436
4451095
256365
59482959
55284858
51078088
46904597
42701682
38507476
34350169
30149116
25967944
21789247
17567230
13391845
9185756
4917871
59813840
55558512
51340045
47100903
42846153
38609411
34357043
30090762
25848815
21634940
17356026
13130649
8934963
4690790
59811154
55569138
51375183
47159708
42910496
38699464
34496254
30274378
26059371
21833767
17582794
13368846
9173340
4886134
60053895
55794735
51571556
47325848
43061934
38827786
34594513
30330954
26081883
21815033
17550619
13312592
9077213
4827788
8150246
3887212
59853977
55592889
51397055
47147441
42941481
38703553
34482032
30187739
25949903
21701675
17475205
13241396
9005732
4726459
59819549
55569484
51329416
47108863
42842446
38614576
34367609
30111499
25881776
21675959
17412989
13206097
8963497
4747093
59944510
55667215
51436540
47194524
42912709
38688970
34441250
30179213
25935580
21717588
17452147
13211847
8984977
4704906
59630078
55371443
51152692
46966316
42724538
38501764
34324010
30046424
25864637
21625313
17369201
13172797
8920016
4687017
11136848
6916169
2728716
59623192
55383902
51185532
46984669
42743830
38559694
34350031
30134385
25941994
21752088
17518410
13292643
9064495
4809309
59516909
55258343
51047794
46825690
42560633
38339127
34147449
29922783
25728124
21533702
17320423
13130148
8895145
4666247
59390512
55170276
50967075
46752240
42521700
38299623
34083051
29847141
25626794
21456254
17229622
13048382
8847832
4624935
59469616
55245036
51070081
46785549
42520312
38295058
34058722
29813499
25614279
21421874
17211182
13026781
8832473
4615771
11270629
7064001
2896593
59386846
55140094
50964604
46735667
42498139
38293888
34093258
29877330
25705650
21500312
17283954
13084766
8884558
4645259
59340773
55117340
50937868
46718636
42496633
38292353
34089412
29864368
25669874
21464256
17240013
13056838
8855938
4642862
59311892
55099803
50914474
46723916
42496571
38295644
34115939
29900822
25696980
21481419
17272576
13086808
8895406
4686765
59796377
55552796
51324470
47098286
42883678
38581221
34342067
30094222
25894547
21651324
17372494
13156977
8903780
4704762
11433897
7202628
3003498
60029225
55788907
51529459
47350041
43040465
38799417
34566693
30303515
26080712
21824382
17561710
13310275
9088996
4804751
59836125
55586070
51344136
47110130
42841859
38601505
34345804
30110963
25904098
21659565
17400959
13153982
8922115
4652505
59968770
55703765
51469183
47229579
42960507
38732456
34495803
30225971
25965280
21741885
17481105
13234274
8986401
4723936
59957943
55692373
51495696
47255779
42980925
38756043
34512819
30261222
26010059
21770057
17503116
13258895
9005237
4731694
9878630
5583801
1337190
59958511
55707448
51473054
47233760
42948246
38688681
34453510
30225038
25985963
21751660
17459847
13215808
8970421
4729208
59910663
55657839
51421698
47170171
42920933
38690860
34424042
30202080
25946326
21706003
17464111
13214737
8989234
4720541
59990285
55724916
51498583
47250449
43002332
38744773
34507212
30244772
25950995
21712292
17421964
13192379
8969271
4698526
59807866
55548805
51354284
47117271
42863482
38644919
34421283
30169980
25975242
21746212
17503027
13284725
9037053
4771684
8247103
4045981
59881002
55637948
51440343
47219755
42973118
38758118
34543059
30291115
26041732
21825862
17593049
13352197
9117756
4825074
59795259
55541469
51333514
47080325
42832752
38595099
34368892
30103170
25909065
21676093
17437939
13221285
8992102
4742768
59790448
55544186
51326865
47098536
42853275
38637482
34405107
30172952
25944502
21680591
17434366
13216176
8966869
4711712
59853913
55605037
51406126
47177852
42895541
38666529
34419128
30154068
25917805
21721783
17466548
13247771
9016115
4766791
11499475
7276575
3065546
59980303
55707607
51480733
47251482
42971704
38741226
34491936
30237188
25989730
21776915
17512314
13306424
9074094
4810973
59919610
55657265
51415123
47168989
42902161
38654968
34441390
30167038
25954112
22051401
17853927
13620267
9426692
5192260
60005288
55739360
51540902
47314357
43018249
38761032
34513617
30245337
26009309
21767276
17516921
13283128
9030000
4762016
59807542
55556478
51321892
47100383
42832246
38603261
34370099
30123035
25899619
21677792
17435161
13206384
8994371
4745146
10003249
5726905
1486198
60090251
55808857
51606200
47358125
43100298
38841304
34593117
30355998
26154396
21923035
17664152
13425277
9194483
4882816
59796731
55529996
51296601
47056687
42798744
38574189
34365496
30111208
25867146
21636785
17382052
13165793
8934967
4680059
59875574
55627467
51421110
47161296
42894412
38658309
34413599
30159135
25932951
21710950
17465035
13223140
8989360
4736326
59770584
55518754
51300115
47071087
42819698
38592841
34356473
30104629
25874719
21685820
17439386
13218467
8992615
4726610
8599655
4376379
60474595
56241087
52024474
47784103
43503564
39262191
35070886
30852690
26651808
22424025
18153925
13906449
9666074
5385442
59839407
55635357
51495854
47246451
43039196
38844479
34578760
30347069
26094450
21841380
17614788
13400097
9137423
4918705
59934296
55674734
51451061
47233241
42987384
38753377
34525112
30286952
26078025
21832534
17570102
13319408
9081768
4796781
59900987
55662665
51474518
47239859
42954572
38732404
34512923
30229775
25994958
21761458
17479755
13249933
9039929
4752079
11405528
7153085
2907675
60011439
55745118
51499214
47252561
43001951
38757927
34529662
30271204
26032822
21803841
17549313
13329840
9114316
4882165
59765747
55506435
51326372
47067361
42825655
38607787
34361107
30107345
25865931
21632536
17357149
13124528
8882803
4649504
59986772
55731663
51511981
47285654
43029683
38821378
34603188
30353183
26125093
21872023
17602355
13365734
9116637
4856468
59907178
55641508
51405117
47221593
42908740
38692839
34475742
30206269
25989064
21742054
17490350
13257250
9025309
4771054
10014358
5773604
1534785
59986274
55766595
51526022
47274565
43004443
38729935
34489885
30217392
25966746
21731694
17467781
13190021
8958428
4693693
59925872
55659550
51438423
47194666
42953321
38769590
34527011
30274820
26054475
21818581
17558183
13295710
9089020
4866628
59906699
55633904
51402973
47158540
42895620
38673176
34433629
30176357
25936782
21760914
17490143
13254155
9021267
4740426
60016849
55789846
51558135
47356915
43057643
38832018
34588457
30344382
26080945
21821619
17555557
13322456
9086358
4785745
8271994
4021592
60075658
55823486
51602689
47357578
43082998
38890782
34681419
30399377
26170016
21898290
17646726
13403544
9155946
4886925
59755348
55499383
51272134
47062592
42820953
38595616
34389586
30149880
25930214
21707048
17444318
13226560
8999719
4783271
59718001
55481961
51268296
47042991
42790020
38567786
34342605
30101332
25879527
21651996
17397835
13183090
8988867
4742632
59453330
55236376
51010795
46814079
42587362
38362607
34170408
29950109
25759125
21565773
17334373
13135244
8924672
4697590
11689729
7460846
3238351
59699398
55447079
51247622
47024722
42770266
38552316
34350594
30106443
25880742
21663738
17418305
13187561
8980020
4761679
59795986
55524121
51304696
47081099
42813556
38588346
34346041
30084028
25885122
21686949
17442463
13224438
9037103
4754434
59994942
55730433
51508547
47289237
43041958
38815942
34587237
30308184
26073855
21828319
17586728
13340006
9069160
4803641
59993632
55720772
51516485
47265067
42995338
38755521
34499121
30234002
25988114
21740422
17475205
13236080
8981741
4769050
10282131
6014920
1764135
59967186
55758920
51483883
47253811
43011865
38786190
34567939
30320087
26097294
21877356
17610824
13376408
9118760
4858745
59934993
55674826
51446213
47205210
42947769
38719153
34470787
30204785
25937341
21692739
17418893
13181666
8930491
4690032
59695881
55478279
51257693
47039381
42813914
38602015
34410615
30165949
25950767
21735649
17488038
13275178
9063436
4814950
59789011
55518397
51320733
47085296
42820208
38597657
34349408
30106454
25898362
21690287
17416916
13173614
8976187
4754315
9096481
4829502
621551
59971843
55706325
51501820
47236703
42971584
38742020
34512126
30244306
26012119
21779852
17513446
13271992
9018384
4767839
59962588
55697311
51489054
47252348
42967928
38713314
34492104
30231145
26053226
21797456
17534328
13286630
9042322
4800441
59981067
55733055
51484289
47268705
43002778
38737289
34515885
30228073
25970878
21728512
17463829
13238415
8996738
4752168
59899224
55649156
51417337
47158010
42891591
38642999
34422216
30161121
25888020
21635297
17391771
13152107
8904608
4685180
7400291
3158746
59861288
55641662
51424615
47213891
42985060
38742108
34520606
30262531
26032040
21780335
17530164
13285795
9032751
4798587
59827989
55578964
51361454
47134674
42885214
38674471
34450917
30201129
25979751
21786149
17540087
13299275
9057589
4850389
59783337
55536706
51354401
47105475
42825660
38590087
34356572
30115270
25866879
21690457
17410151
13166168
8919614
4691662
59847347
55602945
51391861
47122536
42898547
38632177
34376391
30107052
25906930
21689303
17437064
13240659
8997102
4795601
10577451
6317797
2088925
60039064
55730661
51499846
47280304
43008689
38758256
34533763
30270636
26024136
21814799
17556580
13316207
9081089
4809455
59860978
55594587
51349131
47141394
42872835
38669027
34438058
30185023
25945126
21720893
17462552
13304147
9059026
4797615
59858605
55577862
51321731
47076350
42858228
38636103
34406146
30164196
25925324
21703151
17482753
13244371
9009394
4752883
59841519
55591704
51350234
47113078
42833697
38592263
34365819
30098881
25894074
21711773
17508544
13232621
8975706
4733399
9139416
4899119
662957
60021845
55756665
51537324
47299091
43072461
38840213
34599108
30374711
26145942
21912618
17644807
13392359
9127276
4873520
59682337
55406159
51193257
46965441
42722493
38496933
34265156
30013600
25796600
21583622
17344716
13120668
8902297
4654664
59700704
55451146
51304109
47063204
42850967
38680592
34439002
30174268
25938130
21715526
17450104
13231345
8995552
4766486
59818026
55571050
51378193
47147164
42886644
38670128
34445769
30201524
25992369
21744632
17503590
13248221
9026527
4748189
8141982
3856744
59710963
55460765
51270649
47063134
42822991
38604047
34362610
30109347
25911837
21689576
17438061
13219756
9043746
4765443
59657377
55429903
51218522
46993473
42720476
38488271
34259985
30033670
26040771
21921317
17834153
13594681
9422620
5280422
59573930
55338795
51147807
46942907
42704172
38463247
34236711
29996821
25794125
21578306
17376536
13119719
8930517
4687683
59494365
55260003
51055308
46877333
42646814
38468248
34223300
30031198
25802778
21584740
17330966
13142456
8920608
4694921
11937481
7690964
3464529
59825734
55589091
51378977
47160550
42920186
38696993
34473306
30208426
26026191
21769943
17532291
13257599
9083838
4776587
59688588
55447145
51238944
47027527
42790858
38557295
34331873
30088059
25873519
21610944
17341438
13126088
8855855
4618153
59355128
55123606
50943867
46734415
42505850
38291574
34085081
29861807
25674036
21471471
17249624
13038054
8833126
4612197
59423479
55194327
50986881
46777557
42541868
38342710
34145070
29930998
25712730
21496768
17252955
13072643
8841170
4614561
11706627
7472974
3281361
59534823
55285404
51114701
46907661
42653229
38440276
34225614
29990866
25791100
21588303
17351387
13147386
8937887
4742160
59775821
55504218
51256119
47016213
42759372
38541319
34302690
30053871
25813359
21592547
17323185
13110123
8905378
4673561
59334350
55105645
50934757
46752515
42540732
38344235
34151296
29939153
25724064
21513619
17283767
13079224
8863152
4636845
59801875
55587098
51377083
47136197
42895453
38675643
34437502
30196376
25958954
21744600
17471209
13263071
9029579
4789212
11402724
7146993
2962144
59719057
55478800
51282710
47071387
42809400
38563155
34353797
30122943
25891055
21669503
17429574
13244604
9046261
4836137
59976925
55722693
51511004
47282920
42983705
38748877
34507167
30243542
25981119
21752309
17499261
13265731
9030177
4770182
59659032
55401435
51193287
46963446
42704067
38488410
34282650
30047950
25822599
21603275
17344164
13098254
8925938
4614129
59848973
55607329
51436904
47172878
42903937
38662629
34426266
30146153
25916565
21678488
17417656
13203903
8976165
4723286
10415306
6153867
1930589
60007004
55742213
51496425
47264682
43045800
38806305
34590083
30318683
26045183
21792709
17520003
13286714
9014274
4778709
59977347
55687957
51453520
47188170
42929940
38688242
34443238
30180415
25941450
21703102
17508596
13254118
8999726
4756059
59938840
55666170
51453113
47210338
42934233
38673767
34413703
30156232
25936671
21717845
17461681
13236048
9018578
4743861
59835561
55576370
51391811
47181450
42909066
38689847
34448338
30176176
25937867
21690651
17431477
13220455
8960352
4703116
8706592
4455938
60046114
55790776
51572898
47335732
43084563
38821651
34587878
30352669
26107438
21869717
17612721
13400045
9169159
4916212
59961626
55719525
51468609
47224339
42956303
38708925
34505036
30264840
25999272
21754805
17486986
13245336
9012949
4750054
59953604
55689188
51472497
47243283
42975736
38742041
34507719
30255109
26008926
21784521
17516054
13286384
9053128
4801976
59932786
55684085
51454229
47214412
42936738
38707573
34461215
30208995
25982373
21749476
17468789
13239429
9008559
4726837
11339519
7121710
2881343
60045638
55775493
51527224
47306709
43026640
38782151
34553922
30287001
26060742
21817824
17523224
13289709
9053874
4788176
59897752
55634932
51398252
47169441
42904868
38676565
34486856
30215249
25982580
21732240
17478707
13271738
9019371
4763635
59918807
55666836
51459716
47240404
42957088
38728451
34452002
30193829
25952434
21736763
17466579
13247595
8999165
4722062
60046409
55791699
51572130
47337259
43058785
38829292
34576896
30301970
26059189
21802123
17539825
13277631
9032841
4745494
9534837
5258115
1026735
60071586
55801131
51603120
47383231
43108153
38892010
34641305
30373695
26175546
21901469
17630987
13378771
9125996
4910008
59731870
55480303
51242257
47004488
42773907
38556320
34317618
30063794
25827005
21605452
17360581
13151553
8921906
4672449
59660674
55417742
51217489
47001440
42752848
38522606
34282017
30035188
25807181
21622652
17373712
13151905
8906105
4659182
59772017
55511631
51283806
47060218
42842082
38608180
34365361
30113251
25896746
21700421
17411683
13193958
8950224
4703188
8437456
4168371
60078223
55816638
51541679
47302717
43048242
38780132
34539919
30254130
26008387
21771146
17477927
13248345
8991000
4735950
60120939
55809538
51584322
47338330
43059045
38799311
34564323
30292832
26044965
21784733
17538709
13272445
9019051
4717483
59908674
55642792
51421092
47162330
42898465
38680515
34461360
30212137
25970029
21748502
17478900
13241263
8980663
4716029
59861207
55602923
51358942
47139081
42853608
38643782
34392912
30116612
25867265
21641096
17372970
13149012
8912879
4644492
10821076
6545964
2308419
59930292
55682878
51457268
47212633
42956775
38732251
34496687
30244785
26010272
21786454
17532628
13298498
9063727
4841470
59722599
55468574
51253790
47018680
42765995
38576074
34334790
30080862
25858853
21628953
17402204
13189507
8978707
4723478
59744633
55526907
51314018
47085557
42831513
38606763
34400606
30145968
25917563
21687452
17434222
13208990
8989594
4729519
59847562
55583757
51373256
47136881
42879297
38654717
34411602
30164865
25925311
21744663
17430450
13215126
8971257
4705770
9681387
5424893
1201753
59966157
55704272
51503604
47268458
43005825
38789330
34543415
30303430
26053869
21810795
17549574
13286732
9040157
4760104
60125167
55848996
51609551
47347812
43071367
38800389
34556244
30288479
26026250
21776692
17510016
13266687
9023997
4740813
60054761
55762699
51542218
47288247
42990398
38752280
34479393
30216505
25990481
21758106
17496239
13218463
8973801
4696254
60100274
55810075
51558601
47330285
43062928
38794643
34559270
30265851
26064530
21780825
17525650
13286692
9045960
4791097
7573425
3309957
59788764
55570248
51386662
47170852
42879434
38647742
34385629
30104788
25893303
21664148
17429724
13187504
8999780
4729773
59786389
55538232
51334785
47095483
42814329
38598711
34391580
30133933
25888038
21661053
17402907
13211905
8988446
4734503
59570200
55334196
51119928
46938865
42719960
38509569
34285946
30073434
25842837
21671174
17375230
13170140
8946960
4737929
59650643
55383950
51159235
46971684
42699525
38397150
34175241
29932185
25718774
21510835
17267549
13061540
8847403
4628098
11085049
6849439
2629783
59974802
55729602
51509415
47262813
43025701
38771426
34524331
30266608
26001918
21789018
17489094
13223256
8977255
4744036
59777778
55543153
51319466
47077178
42799012
38610350
34355274
30118583
25874707
21656369
17381779
13142145
8885599
4620977
59765987
55458958
51231187
47006310
42760279
38533434
34310441
30092344
25876202
21689793
17423712
13444030
9349206
5125694
59700451
55459975
51268140
47041266
42810453
38623649
34382237
30126877
25903096
21708940
17462434
13235576
8985049
4738345
10042220
5785509
1525571
60303849
56052672
51858647
47632464
43382273
39140339
34973283
30724494
26484292
22255275
17998643
13773848
9605536
4823401
59671487
55420545
51173929
46960237
42714421
38501158
34286646
30010140
25817156
21602077
17367028
13149032
8928905
4665352
59721864
55486095
51257115
47035446
42779974
38573931
34350853
30092923
25898923
21666955
17396493
13169755
8944897
4678004
59270674
55016164
50786819
46601995
42372335
38182202
34002195
29793220
25622578
21439207
17269427
13078344
8894468
4716449
9202034
4957417
725240
59817636
55598103
51373999
47121969
42876126
38655648
34439750
30184247
25968020
21730927
17486525
13270776
9017182
4766346
59946067
55699917
51521363
47257948
43008810
38781803
34449399
30190505
25967728
21691947
17435704
13194535
8930647
4683791
59869385
55603775
51348575
47103137
42840226
38610498
34337652
30083702
25862460
21578297
17331957
13110089
8889305
4629745
59615389
55416007
51213565
46989835
42731199
38508415
34293469
30066515
25839880
21631642
17401271
13192522
8980846
4742767
8027523
3762825
60218321
55886079
51653385
47406131
43147200
38912235
34659113
30386195
26140933
21882806
17621014
13427688
9106253
4838331
59955691
55692646
51466093
47234890
42953204
38723745
34472471
30218693
26025395
21759497
17483799
13236545
8973654
4706355
59930794
55656964
51449973
47203919
42952663
38716660
34481143
30227293
25989180
21763403
17495887
13258168
9004467
4757742
59971034
55693084
51456683
47221201
42990511
38752954
34516388
30233255
26005590
21785002
17504580
13261103
9000361
4749413
10486740
6215728
1988038
60132325
55869361
51638225
47388183
43136088
38886037
34646464
30425480
26176191
21919358
17657763
13419162
9150317
4873918
60384274
56081949
51832838
47600830
43332886
39057991
34798563
30546722
26288965
22013813
17706742
13462667
9219937
4949664
60189053
55885452
51645173
47419350
43140125
38869927
34623381
30337919
26074094
21813229
17511793
13246097
8988343
4711479
59995786
55725608
51515434
47281277
43023251
38778582
34525110
30272593
26043092
21793893
17539423
13308987
9042592
4776578
8162122
3922426
60083622
55815115
51581852
47327362
43064740
38870429
34635477
30380810
26130042
21917364
17629597
13402024
9124321
4855838
59930018
55685853
51441258
47199010
42930665
38727230
34461889
30181161
25938947
21675930
17423539
13172846
8942836
4698473
59983492
55720852
51494439
47267500
43000248
38742011
34503705
30210117
25975130
21721572
17464429
13224282
8998488
4729109
60011988
55740556
51506237
47263732
42995095
38771599
34538443
30242299
25990002
21746190
17481277
13231958
8991706
4722383
10648795
6381581
2161064
60312318
56069360
51836838
47585437
43320215
39068903
34837309
30603725
26383708
22159741
17925793
13695272
9459328
5231203
188311627
