3181725
63073048
58760176
54565618
50399963
46115462
41858601
37622338
33365852
29114349
24888295
20631830
16403314
12151356
7894990
3680679
249191326
244965080
240772071
236557046
232323354
228137533
223933117
219711305
215518859
211342955
207120447
202928207
198694319
194439039
190242887
186066212
181840329
177642581
173431866
169201169
164996771
160797940
156561512
152357534
148148963
143936624
139702392
135531418
131295914
127064980
122875352
118620065
114448241
110234167
106019026
101792683
97611592
93363900
89198433
84976029
80741542
76558498
72336923
68085428
63864751
59662680
55428956
51235065
47039339
42809636
38569482
34340442
30093754
25870932
21642409
17396849
13214329
8976818
4734664
249223214
245021302
240813488
236631933
232431459
228171669
223955376
219694765
215481789
211250010
207002679
202811982
198601250
194357419
190137698
185935272
181686262
177495266
173265228
169006277
164789222
160591394
156326680
152098407
147919832
143682246
139463610
135295198
131011792
126776784
122555129
118293779
114086142
109859928
105601132
101378955
97163688
92895461
88711644
84458616
80208687
75922282
71705494
67460352
63228239
59031961
54790129
50587724
46372135
42129888
37921239
33705254
29444389
25212553
21006925
16741213
12534219
8276430
4017518
248073414
243848717
239668463
235518796
231241705
227041637
222839085
218589380
214373799
210150909
205915567
201708459
197511043
193298937
189117354
184885036
180642017
176480522
172265255
168058055
163882945
159649016
155402376
151168870
146965386
142744477
138542259
134332953
130069710
125862114
121649366
117440844
113248522
109048435
104832843
100635403
96456049
92234422
88049343
83853348
79639585
75451608
71282454
67065631
62875234
58682574
54502933
50258694
46123733
41869797
37685539
33487947
29267556
25075641
20925432
16700167
12491057
8295144
4038625
248447681
244213866
240016688
235804776
231557746
227361332
223164917
218912581
214719926
210519380
206255469
202026040
197804990
193595989
189384536
185192428
180950221
176740799
172526536
168287438
164067559
159842713
155609935
151406839
147198917
142955911
138752949
134534678
130291251
126081054
121856829
117596306
113404650
109209704
104964105
100747245
96513770
92291298
88068863
83823435
79579401
75373330
71152308
66928331
62715282
58465608
54218974
50012036
45800163
41563504
37324178
33100303
28833793
24625823
20394112
16167430
11970931
7772112
3522458
247872146
243648349
239445310
235279015
230999040
226803814
222582886
218395383
214158585
209937872
205705321
201490252
197299217
193079761
188894839
184700499
180494097
176308767
172132377
167911495
163718415
159526373
155302356
151087733
146890441
142649854
138450745
134245276
130007375
125773703
121577272
117311983
113100319
108915772
104668592
100438178
96197393
91946784
87751601
83524515
79288269
75073667
70864595
66596408
62398392
58199979
53952761
49740118
45511076
41242074
37037585
32818829
28556924
24367034
20150618
15896980
11695362
7478577
3229629
247748343
243550798
239419065
235207129
230942614
226727991
222524398
218268257
214070173
209918426
205722968
201540828
197315883
193097294
188848992
184640127
180400930
176198046
171981486
167730848
163581876
159321253
155014287
150728822
146527597
142270124
138025069
133811108
129563470
125342177
121098328
116869785
112697393
108518710
104227325
100020666
95857967
91677119
87513182
83236320
79020975
74843593
70685120
66481205
62306751
58111381
53903879
49673410
45477795
41256921
37026363
32629496
28367590
24132933
19911956
15649404
11428712
7203551
2949014
247264367
243025332
238842344
234628329
230361685
226133296
221914514
217711054
213512834
209360192
205181221
201045438
196873588
192653970
188472120
184301413
180034942
175869024
171646540
167351408
163131899
158974668
154693999
150464367
146255784
142068254
137803414
133602225
129377306
125182174
120984143
116745401
112598020
108364687
104134132
99953958
95735541
91500131
87295166
83109749
78877255
74625389
70428324
66228958
62003958
57747881
53499595
49286851
45049949
40794962
36560323
32326395
28072069
23865731
19633121
15400065
11200763
6955216
2700454
247028403
242726989
238519195
234295702
230011289
225729536
221477687
217191864
212966954
208767809
204514246
200331925
196120716
191882196
187678618
183453689
179189196
174997202
170747700
166541554
162377194
158196490
153997863
149820438
145641760
141443170
137248661
133068075
128856319
124679181
120458775
116244533
112020319
107850915
103613730
99436070
95231795
90980796
86768908
82561577
78347554
74151146
69952371
65733439
61546075
57344557
53120657
48933435
44739154
40528549
36303231
32083040
27838981
23593948
19376152
15120693
10913532
6694042
2462419
246969275
242729558
238562955
234335203
230097027
225863274
221633665
217382810
213187145
208974101
204753935
200538177
196315380
192060281
187863524
183665987
179425853
175234043
171047766
166824032
162651598
158479323
154259442
150076252
145868819
141651329
137467286
133274809
129050549
124859349
120653436
116438692
112252994
108059557
103830514
99633033
95439842
91218457
87032638
82840988
78595151
74423455
70230817
65998233
61806869
57567258
53335000
49126453
44931036
40677753
36472826
32256157
28022048
23811141
19592285
15341268
11112003
6902910
2668546
247221173
242997711
238833562
234650720
230437128
226252715
222082672
217869126
213680064
209479317
205296383
201109854
196929546
192700955
188536413
184361659
180144563
175959662
171780903
167540792
163346244
159146509
154928635
150754305
146541797
142304012
138120786
133897875
129682709
125449231
121219145
116957734
112747709
108505250
104271641
100053816
95847607
91583905
87373098
83147099
78884364
74674862
70451027
66206462
61986834
57782778
53571907
49376918
45150749
40889003
36720019
32466982
28185965
23948401
19686805
15404431
11189759
6941342
2662407
247007630
242781908
238581866
234363353
230133543
225938635
221747273
217528466
213346408
209146076
204917835
200703873
196494229
192271244
188072525
183874287
179642022
175435554
171197891
166996989
162773749
158550357
154335441
150134046
145899935
141724678
137515588
133283019
129093058
124889309
120652298
116465355
112276089
108062442
103880065
99680794
95462502
91278641
87085230
82901564
78712604
74525957
70317221
66139729
61943475
57722281
53531819
49333634
45120889
40923095
36722443
32509979
28333698
24154722
19942063
15773748
11594798
7379327
3190590
247759591
243529082
239339054
235145199
230906202
226691253
222468659
218250492
214071535
209864385
205624920
201422923
197234808
193011482
188829252
184624857
180401024
176195485
171965665
167744649
163544310
159299668
155047250
150815930
146600652
142351681
138155781
133934454
129684921
125494418
121253155
117011188
112833400
108612392
104348170
100153279
95941011
91721089
87502026
83283414
79022070
74811884
70618512
66396650
62200705
57990180
53714820
49510507
45308659
41073707
36758986
32543763
28303457
24083303
19882393
15656313
11457292
7246373
2985382
247491836
243266755
239075267
234874792
230634451
226414725
222220473
218002145
213800101
209610518
205394271
201194670
196986812
192772634
188586763
184399715
180187018
175975623
171775301
167551943
163323850
159119173
154870804
150637256
146408708
142162754
137910986
133711816
129455073
125248316
121033506
116767070
112544392
108310656
104059771
99835855
95608868
91361295
87162400
82936097
78695312
74463477
70228351
65982152
61758341
57555836
53296068
49092735
44867242
40616463
36411340
32168748
27923073
23699899
19449751
15202002
10964487
6704557
2435785
246891216
242649209
238519988
234296434
230072427
225834903
221604562
217359239
213150886
208948617
204689162
200471263
196249867
192017840
187838762
183597932
179378753
175152980
170908662
166673908
162434463
158202645
153934448
149724238
145468881
141231386
136986867
132756638
128509740
124286213
120062833
115802798
111604150
107362812
103132752
98893496
94692074
90454556
86256781
82022791
77754297
73548339
69329596
65083116
60862957
56676253
52414216
48211050
43984884
39667131
35424035
31187538
26938087
22727293
18505858
14249900
10073157
5837080
250281729
246033993
241805736
237603077
233327258
229124556
224917119
220674277
216470545
212266401
208026862
203870861
199613950
195372325
191153234
186928626
182688267
178487520
174239418
169972160
165742026
161518591
157265013
153044685
148799162
144548358
140316317
136068437
131868224
127583464
123357176
119109685
114864705
110618218
106358060
102136132
97937538
93671692
89496956
85273983
81001338
76689656
72443127
68181058
64007216
59770438
55442617
51213794
46966469
42722859
38464472
34211660
29926726
25736106
21493930
17169604
12949440
8724252
4475389
249073433
244831072
240621204
236419220
232162699
227947204
223774158
219513463
215284049
211045855
206794973
202573159
198329266
194064904
189835414
185610742
181362752
177175825
172963403
168755842
164574950
160328696
156077200
151835914
147640023
143390981
139116976
134899314
130623398
126453871
122187726
117942424
113665721
109421919
105158654
100977768
96732570
92424335
88196842
83980360
79699891
75527226
71334068
67077817
62827982
58602052
54344813
50083147
45872819
41621733
37374170
33097475
28812575
24587229
20366516
16097751
11875914
7623818
3364151
247889295
243637342
239457504
235232240
230964905
226731246
222486198
218218140
213983009
209743665
205500849
201261338
197019948
192776032
188555648
184323374
180118377
175921799
171728315
167540168
163282169
159053626
154805441
150646131
146408976
142168341
137979859
133823971
129560425
125360431
121153291
116900275
112743895
108513189
104258769
100055115
95825144
91654195
87411063
83187725
78927315
74699901
70489983
66255246
62103007
57850703
53607071
49363420
45102957
40845588
36594291
32335228
28127331
23865077
19572564
15304393
11059863
6812589
2586505
247150687
242885121
238652646
234430407
230175052
225954073
221768071
217525477
213393148
209214557
205013014
200846315
196623527
192379027
188162341
183932562
179685864
175503687
171304480
167044270
162794795
158613755
154405199
150232542
145982537
141779930
137555760
133327350
129086851
124821855
120616142
116352627
112091550
107810748
103560886
99274472
95037671
90788528
86524483
82273447
78044791
73776022
69537086
65289237
61012768
56753088
52527802
48263013
44028595
39780610
35516708
31264132
27032775
22785965
18571588
14346675
10123729
5855334
1635076
246285588
242083557
237912650
233724535
229521266
225349757
221213588
217055043
212922428
208792722
204617086
200472693
196321753
192155131
188033634
183765040
179576361
175401949
171190736
166952880
162772105
159434055
156132715
151911334
147701139
143499702
139309570
135089756
130943250
126770767
122646710
118465814
114290247
110101424
105890529
101649711
97438846
93193112
88917171
84675280
80442145
76176137
71966779
67733879
63520014
59283961
55011545
50751460
46525205
42266094
38035399
33802655
29535898
25312445
21096147
16885285
12632973
8368283
4103033
246850582
242674988
238545244
234393593
230198739
226032762
221851654
217662309
213481309
209331948
205161570
201024432
196876348
192699691
188553395
184404544
180229244
175973912
171785831
167566511
163372869
159102440
154920379
150631829
146424412
142178859
137973913
133707972
129505122
125229504
121003919
116757768
112519107
108309659
104064663
99845014
95618493
91377981
87126676
82850513
78608507
74387958
70115229
65815339
61596352
57370833
53126261
48910521
44664075
40397299
36154759
31923163
27678255
23474878
19295394
14985437
10769182
6554698
2305286
246754898
242523487
238358104
234187368
229965120
225776087
221570320
217321788
213167924
208954073
204720561
200569669
196367673
192165040
187998373
183802418
179567634
175400976
171204699
166911835
162713252
158446743
154154761
149879927
145675232
141472644
137259352
133005720
128760932
124547129
120331833
116083061
111896290
107693141
103466583
99272185
95065265
90819389
86625594
82411822
78178564
74006120
69780740
65499869
61250137
56994307
52750020
48516109
44259041
39988234
35749768
31504777
27236484
22985101
18730518
14446626
10213989
5939239
250417450
246199925
242020752
237812007
233563964
229351253
225173795
220965716
216772408
212562065
208328487
204121300
199932362
195712527
191515583
187267281
183003001
178848487
174578359
170296274
166084152
161851562
157608112
153402782
149204586
144883860
140660423
136443535
132201797
127993262
123738957
119465120
115271379
111069296
106885391
102643008
98449718
94225341
90028202
85820675
81596955
77373875
73176154
68957260
64729367
60519397
56285487
52096301
47883164
43707162
39483386
35266383
31019917
26811079
22561921
18307425
14069040
9837236
5574815
250156405
245921788
241766756
237554591
233322020
229116739
224919211
220683554
216484607
212277072
208039884
203808453
199634297
195460610
191254925
187086328
182885612
178709924
174536959
170269349
166042841
161819332
157568795
153367863
149130162
144884963
140653646
136432587
132179943
127966397
123747935
119523519
115358356
111094486
106838651
102610111
98387860
94121179
89922542
85736068
81475692
77217019
72969821
68698035
64462304
60202509
55884605
51659755
47412836
43129298
38916158
34696429
30414772
26194899
21938129
17685551
13459794
9204900
4940417
249454985
245258965
241078809
236943723
232771218
228599092
224418748
220243551
216052780
211854612
207625522
203418878
199252993
195083477
190887309
186738219
182563477
178412706
174269644
170011538
165810317
161616624
157365098
153115759
148877420
144592168
140327968
136078118
131805295
127547672
123294057
119072759
114842575
110621238
106338568
102113704
97880696
93675192
89440135
85204032
80921856
76677547
72455107
68200932
63968871
59728363
55468519
51226714
46983888
42727499
38498991
34261022
29996918
25716664
21440307
17170005
12956605
8712922
4439694
249101096
244900523
240762934
236565909
232337993
228148312
223964658
219791792
215560447
211354201
207132527
202913370
198690050
194492597
190323083
186145067
181937677
177768808
173590977
169369847
165195779
161018862
156800301
152607170
148460899
144237433
140027902
135897742
131733760
127560286
123407281
119235493
115095648
110921603
106758015
102621028
98407878
94157759
89926963
85704639
81460888
77259784
73043474
68809160
64612333
60447128
56272710
52151531
48010454
43746130
39511329
35281449
31049890
26830584
22594119
18325222
14106256
9866400
5656852
250069875
245869209
241663355
237478634
233244753
229025845
224794706
220542895
216340606
212104791
207863137
203660522
199473371
195210862
191018100
186800987
182582611
178369457
174142865
169895771
165660883
161394304
157159104
152949423
148724727
144464486
140236522
136006928
131765185
127547646
123317302
119107719
114898036
110655583
106374778
102157742
97873324
93576364
89317235
85050381
80838290
76549914
72267333
68056774
63838922
59588177
55354582
51167532
46923236
42734406
38432249
34220063
30009537
25789059
21536853
17291175
13095706
8868940
4609857
249060854
244845509
240632985
236405104
232157921
227940401
223722159
219477856
215291302
211092771
206863840
202648151
198445267
194203281
189997472
185787332
181546264
177333778
173101332
168842233
164615309
160386263
156150402
151938222
147747703
143494753
139262852
135028019
130780337
126550764
122321503
118074504
113857738
109611042
105360644
101140841
96917232
92672620
88453607
84227170
79976093
75762066
71536836
67273198
63092962
58848218
54601044
50376792
46187367
41941149
37723954
33502940
29258000
25041846
20822079
16579774
12378831
8156816
3911768
248434337
244196209
239961981
235788582
231610728
227452737
223314325
219139879
215007894
210859834
206689974
202447508
198273158
194073183
189889981
185626053
181338704
177127263
172849609
168637633
164416725
160121748
155855222
151614931
147358177
143089040
138845092
134604715
130325525
126094202
121871237
117569224
113346070
109063159
104784933
100522675
96246619
92001135
87754459
83518068
79259688
74996643
70756762
66412619
62124778
57847990
53554934
49345245
45087295
40798076
36615274
32423090
28171236
23956936
19723456
15519080
11353931
7079162
2807293
247279354
243056425
238852100
234637530
230424735
226247735
221980129
217724516
213546170
209379354
205169776
200943155
196709258
192505918
188337044
184074077
179872283
175695445
171521177
167227712
163037511
158856076
154640451
150399125
146218859
142019981
137871594
133613468
129396902
125202968
121015890
116842486
112649169
108462105
104261068
100058922
95843716
91611506
87397868
83176178
78918926
74693725
70463989
66208542
61972952
57750157
53530355
49306400
45101032
40803433
36515736
32239199
27941354
23715774
19511947
15216055
11004553
6810978
2509253
247121875
242874908
238671257
234455551
230223397
225987957
221741508
217496439
213328374
209126133
204907105
200729593
196530177
192310032
188168417
183976528
179764089
175580148
171354171
167178336
162964275
158724625
154512546
150376849
146162842
141906147
137702426
133497230
129275437
125057198
120838218
116589526
112381653
108221225
103973096
99763518
95503181
91288363
87129932
82904428
78662578
74470126
70269077
66032526
61856835
57619661
53402443
49246078
45056640
40824251
36617232
32398542
28172326
23976716
19738376
15494190
11351282
7117891
2879633
247322603
243085978
238858907
234636885
230374414
226140529
221942500
217647236
213447663
209257090
205038655
200805798
196574419
192321408
188090183
183845199
179588922
175401141
171176270
166934995
162746161
158568554
154332321
150114232
146265790
142170706
138161734
134631029
130415464
126223850
122040321
117805416
113624442
109465283
105244141
101049290
96909286
92653401
88462321
84285630
80062248
75887985
71706376
67500181
63312482
59117085
54902027
50711336
46491842
42273270
38115989
33895390
29654062
25424499
21223235
17006513
12826258
8588626
4376977
247432481
243153935
238979915
234764569
230538397
226326949
222110935
217871863
213669070
209439667
205164330
200935163
196733325
192502977
188277671
184062088
179835214
175644282
171454673
167198465
162995490
158779075
154537435
150325145
146169074
141890270
137753378
133505658
129278072
125023562
120794360
116612944
112347390
108117146
103889424
99651628
95437534
91178473
86951085
82730056
78467046
74254964
70051612
65805648
61564381
57337464
53066801
48873045
44662488
40422071
36139449
31872271
27612627
23378749
19143057
14876172
10635145
6392079
2162292
246544508
242323654
238138432
233967480
229686224
225457894
221243268
217001760
212788401
208554792
204323458
200138515
195907201
191680087
187498456
183310923
179095880
174964890
170811666
166634706
162486321
158330228
154153299
150004610
145845541
141670125
137531083
133382828
129205525
125064977
120909008
116732155
112582731
108409524
104204935
99941030
95775022
91598390
87444285
83295802
79118639
75002150
70871141
66696007
62553628
58404022
54227586
50070374
45914736
41746873
37619229
33466527
29292681
25132401
20986829
16808609
12669374
8518651
4343088
248953883
244779354
240641008
236491008
232313680
228190767
224044035
219866776
215714434
211570707
207404047
203280541
199119075
194942547
190793524
186613036
182378433
178162370
173933747
169667130
165476472
161291496
157063449
152856290
148684695
144382147
140167276
135934778
131697075
127453709
123245771
119064971
114817554
110619501
106411120
102176217
97929484
93714296
89464246
85243344
81080571
76813445
72595925
68339113
64109180
59879253
55647187
51386961
47177709
43011947
38724423
34487454
30262158
26007964
21775607
17524433
13262239
9021413
4822578
249422158
245190798
240960358
236785688
232459671
228253264
224016348
219754865
215534659
211309830
207027688
202797608
198553775
194303859
189989192
185797659
181577027
177330221
173094726
168833058
164588928
160314706
156054707
151807121
147525408
143305405
139061932
134739900
130476491
126293687
122014770
117744231
113500614
109229637
104974953
100757847
96532453
92327731
88128415
83898394
79673005
75437024
71224371
66965856
62802040
58567367
54304667
50100556
45833424
41585835
37351083
33134346
28876526
24677460
20461681
16228578
12048259
7862992
3621650
248187613
243951190
239759557
235571261
231328549
227096456
222853603
218617456
214398572
210174012
205910409
201695312
197461976
193221792
188984573
184743868
180513969
176260407
172026265
167777121
163556845
159321870
155093202
150862297
146628640
142367196
138148658
133915029
129666575
125450444
121229527
116984466
112776529
108514162
104281715
100051592
95802168
91571687
87348086
83099597
78828868
74612646
70409110
66164501
61941094
57712435
53517908
49253077
45039831
40796301
36232090
31987863
27702781
23429126
19187039
14899103
10656481
6405913
2138047
246935662
242688986
238513532
234279826
230025321
225831261
221605673
217361042
213127620
208914028
204670557
200454745
196260348
192012657
187826544
183625397
179390036
175190420
171035332
166787691
162596283
158389827
154158742
149959991
145755450
141495509
137313759
133121922
128900047
124703268
120495914
116251630
112049348
107855267
103618143
99416220
95217887
90949071
86755369
82538168
78318428
74109594
69879577
65659855
61441059
57224276
52977248
48783301
44539346
40308821
36108542
31889953
27650534
23445946
19252536
14998186
10774782
6545328
2304892
246849387
242609568
238408024
234201579
229941604
225742651
221536596
217278848
213081361
208857475
204638258
200460409
196236836
192038034
187787454
183591705
179357907
175134088
170893684
166612297
162386339
158182727
153930974
149647535
145427223
141162460
136906310
132657106
128392211
124139402
119895496
115636438
111405598
107142405
102865467
98630524
94385162
90131725
85891342
81630723
77370254
73133613
68914031
64657769
60413308
56138865
51853595
47611677
43381564
39099757
34849266
30600231
26310047
22065924
17796968
13555474
9286474
5027832
249573762
245347713
241115721
236908270
232631425
228417754
224215278
219950259
215764184
211537915
207305182
203068115
198856134
194617865
190406465
186165117
181917953
177696409
173498622
169271180
165084561
160874117
156634099
152431799
148185780
143935409
139714289
135483379
131255464
127034007
122766281
118526801
114293682
110090795
105831478
101597677
97382617
93136646
88935784
84689410
80460450
76242625
72020437
67771022
63554317
59349479
55104278
50875859
46698017
42444618
38251622
34006302
29769356
25578672
21351871
17117462
12855696
8620358
4350441
248861145
244687782
240454020
236220427
231969422
227769028
223551340
219282950
215097778
210904421
206722426
202490454
198287629
194046197
189860214
185652341
181417731
177214755
172948690
168704196
164476774
160254220
155994051
151790773
147576038
143330950
139114051
134887365
130639771
126426018
122183067
117953239
113739884
109503784
105246568
101039289
96829003
92574884
88345490
84130696
79859298
75644480
71434584
67202431
62999447
58764465
54528090
50320213
46107524
41811701
37589233
33354700
29085279
24853297
20606885
16333334
12155217
7920804
3673355
248139802
243914075
239660733
235423838
231168811
226931957
222716793
218462398
214236596
210017399
205783629
201578841
197334806
193078896
188861761
184648342
180402482
176155808
171939421
167692470
163476091
159251488
155020190
150805279
146589681
142324720
138103840
133899614
129622541
125467021
121194503
116942397
112709076
108454996
104246672
100011338
95763592
91500855
87256632
83019047
78754643
74515648
70287209
66027802
61798210
57558330
53293410
49062324
44825642
40537274
36296026
32051163
27720500
23487739
19226225
14963026
10740940
6518046
2259198
246973360
242689522
238435080
234193791
229988766
225766670
221500226
217249339
213028806
208819535
204591854
200412562
196190652
191951509
187786985
183604044
179385273
175175474
170912616
166677040
162452557
158231975
153982509
149784758
145550016
141328254
137106705
132840437
128548052
124275967
120033644
115759985
111503358
107245545
102987499
98740161
94489007
90224138
85945739
81695040
77439570
73173040
68935786
64664747
60437904
56211099
51928663
47682111
43453785
39221735
34954413
30729813
26472413
22266912
18040312
13773643
9549111
5315148
249720140
245479825
241271766
237066438
232840372
228596866
224408107
220165551
215951673
211728890
207497904
203293905
199098570
194875040
190690309
186487301
182230897
178028786
173832702
169598155
165407587
161218788
156972501
152757944
148506957
144292972
140056309
135837489
131605733
127382086
123154314
118886417
114688744
110435132
106175723
101964846
97736369
93483048
89276570
85061328
80813998
76599979
72380038
68114601
63920536
59697853
55449766
51223492
46952453
42680217
38426534
34163790
29877869
25639420
21415548
17160049
12947559
8717043
4485107
249081801
244850086
240658785
236456071
232218763
228022357
223823642
219629876
215374123
211179771
206958424
202771619
198563685
194338989
190122165
185912774
181674417
177480682
173283039
169064923
164860178
160677006
156421434
152210804
148006760
143770610
139577777
135391732
131159156
126955026
122731431
118496328
114300726
110088126
105847649
101616978
97407089
93161009
88960827
84755802
80526717
76329933
72166240
67915024
63702532
59480520
55247392
51055271
46863810
42642299
38451568
34220577
29962768
25731836
21517640
17289503
13070539
8855108
4580805
248640036
244414823
240224062
236025371
231806627
227586963
223425507
219155683
214940707
210689857
206466417
202270946
198062265
193828011
189632609
185457422
181203407
177002647
172782291
168547863
164314887
160104341
155903983
151679425
147445236
143193868
138966876
134751595
130504557
126269521
122001298
117805375
113589277
109362831
105112565
100887753
96659501
92401752
88190256
83923932
79673057
75461270
71231082
66956731
62782570
58557646
54267761
50057358
45847163
41624463
37419350
33196986
28938244
24700649
20456060
16148725
11902763
7681680
3397825
247874897
243609761
239369504
235107086
230837015
226592898
222372786
218187803
214017178
209789144
205577476
201361447
197127401
192854047
188639241
184426242
180181758
175988629
171776406
167518322
163305474
159082015
154817957
150607021
146394312
142154680
137921825
133710929
129440710
125229787
120969905
116714556
112458118
108237436
103980200
99720857
95482479
91220687
87009869
82771347
78521595
74285798
70054249
65798738
61549899
57321019
53064465
48846840
44621688
40376683
36158448
31946307
27678079
23434922
19184789
14958865
10764428
6548756
2299597
246739952
242519835
238344618
234144533
229927984
225750529
221498339
217198799
213016592
208829991
204593731
200383206
196162328
191959376
187713982
183517967
179265816
175060106
170839926
166592211
162403575
158190666
153933542
149681901
145475937
141253906
137002710
132797933
128484627
124264559
120028753
115778867
111547465
107315658
103044723
98817578
94550258
90299373
86078450
81835466
77581240
73352176
69131958
64916340
60698201
56482048
52185985
47954027
43755825
39527264
35295747
31085187
26836562
22635824
18416909
14255261
10078757
5932475
1751638
246288857
242090899
237909080
233738270
229525842
225321937
221135388
216923175
212715596
208501734
204261102
200067838
195842300
191621444
187425131
183240632
179006478
174798073
170567341
166313891
162100866
157905730
153649722
149472481
145246067
141001161
136790396
132554218
128318030
124147578
119953050
115725822
111495440
107283189
103111177
98857593
94631482
90409772
86199089
81988398
77748005
73509973
69312237
65071503
60842392
56614459
52379942
48181417
43950244
39713141
35500651
31292577
27110593
22823072
18578202
14316676
10082312
5838471
250283412
246030033
241816105
237629369
233404341
229241145
225034822
220745101
216568765
212335354
208042130
203834463
199622597
195378594
191199987
187018496
182783323
178575026
174349087
170107145
165933876
161807071
157567957
153373778
149198924
144984837
140838511
136610101
132378250
128208597
124042752
119814938
115660497
111439564
107208665
102979491
98832149
94588516
90380505
86192678
81968789
77786302
73609161
69372404
65171796
60936816
56714237
52528770
48375129
44119461
39896053
35697236
31505736
27288677
23074334
18811974
14678372
10397848
6165858
2002010
246421813
242171332
238000445
233829467
229632124
225414415
221166684
216933717
212723622
208502627
204301515
200073134
195869425
191614124
187416179
183197188
178959809
174779644
170525002
166285802
162069988
157857351
153617291
149400414
145214117
140955645
136744234
132508635
128301387
124084500
119845841
115629860
111424509
107192198
102958640
98770250
94576758
90342323
86137168
81918244
77674821
73518445
69258481
65021501
60806748
56574068
52330224
48153382
43955504
39604315
35381729
31152953
26895464
22645093
18384712
14142820
9950192
5735460
250333854
246096593
241897358
237687797
233441619
229233797
225037171
220790873
216587197
212370516
208092673
203863726
199637531
195391084
191190285
187016395
182819215
178572550
174380352
170147067
165927437
161705677
157451495
153239533
149012458
144791809
140578272
136389683
132153248
127968454
123722877
119503426
115294468
111129294
106966054
102829613
98690413
94527003
90402224
86260816
82096152
77961438
73842744
69676346
65525953
61384035
57219540
53090038
48958243
44797559
40657042
36510950
32346965
28215947
24080369
19913175
15762371
11588733
7379693
3197658
247569612
243361217
239184929
235008645
230796570
226647916
222465206
218289062
214075315
209882906
205673099
201492433
197299746
193059614
188875652
184678668
180464591
176266422
172075299
167863164
163686725
159509812
155326368
151156208
147001692
142828783
138679498
134541505
130370361
126214672
122069662
117895457
113741458
109587576
105414382
101262785
97108482
92934716
88804395
84680950
80505618
76355595
72209482
68002233
63865384
59725626
55552189
51417409
47296328
43122918
38969856
34789580
30467457
26252171
22046984
17833152
13622469
9420633
5172958
249767894
245529097
241311903
237109748
232862310
228722774
224592853
220425973
216290904
212068877
207826267
203587573
199394427
195155830
190956908
186720542
182477116
178264164
174060567
169834298
165678531
161414410
157178541
152976006
148754901
144576885
140316602
136115688
131879296
127676846
123452156
119197336
114958434
110717427
106492570
102278607
98043991
93790504
89541604
85294249
81026026
76788818
72566614
68284873
64046220
59789302
55518296
51253646
47030023
42792002
38542102
34320790
30054192
25837783
21621760
17387884
13152672
8901412
4652911
249169318
244972728
240783725
236599763
232377390
228160897
223948052
219771001
215516656
211316054
207080824
202875343
198645723
194404202
190198154
185974228
181742843
177509035
173316282
169056095
164839538
160670070
156393729
152190191
147971685
143718778
139505989
135243992
130997653
126764960
122524768
118300593
114107659
109841491
105570654
101321893
97062211
92788282
88539512
84291932
80018171
75792961
71566000
67297487
63057370
58816247
54526940
50318612
46098655
41793863
37537417
33298238
29036991
24792444
20552406
16265751
12072810
7869118
3607616
248268515
244029457
239845242
235704448
231380021
227155433
222967630
218766668
214598482
210336540
206087366
201881256
197677427
193453823
189253826
185038035
180825710
176591282
172372967
168165535
163944911
159734525
155490474
151279691
147050015
142777478
138588463
134361915
130105287
125879023
121706240
117444507
113208914
108984825
104739713
100519947
96296143
92046913
87812741
83580683
79322451
75103980
70880243
66602703
62392833
58217495
53918434
49736392
45561429
41298834
37080635
32831597
28602123
24363174
20150284
15924778
11760165
7559127
3316713
248583778
244361437
240191304
235987634
231742302
227536784
223365196
219146864
214956650
210728598
206481073
202278871
198060068
193818787
189620472
185394368
181137348
176930993
172706303
168454528
164216125
160014205
155786647
151576774
147351599
143108137
138912696
134691386
130463261
126247947
122033698
117791507
113588545
109479322
105235414
101023810
96832227
92577049
88352121
84785599
80577351
76617596
72358128
68171760
64199294
59945523
56258534
52758684
48514372
44275130
40029348
35792425
31528046
27294246
23043495
18830740
14616183
10411792
6162205
247433851
243270555
239097018
234906208
230684267
226479390
222270638
218038638
213850243
209623623
205401805
201183739
196966482
192745676
188550573
184327704
180094086
175878981
171646571
167418759
163179899
158956502
154728225
150520894
146301045
142047797
137831290
133593604
129329296
125105497
120885902
116635943
112418033
108185735
103952121
99715931
95488623
91303416
87041144
82799793
78544537
74303382
70075160
65827268
61604065
57383929
53122144
48905512
44669183
40409480
36212297
32015580
27808393
23556116
19335709
15112929
10927364
6735693
2486140
246862194
242631226
238420862
234256472
230018558
225811117
221606409
217365580
213199926
209013043
204784878
200601104
196397979
192160313
187995063
183784278
179547728
175335058
171115713
166877493
162696198
158473919
154239931
150049950
145878129
141638955
137456216
133238413
128969775
124764126
120512075
116259456
112021229
107842999
103594757
99369116
95122744
90881791
86629806
82408468
78162262
73943584
69741161
65535087
61304676
57063352
52803181
48625380
44385878
40194751
35985297
31759903
27507012
23294479
19058418
14799009
10577593
6342780
2115864
246601236
242409806
238191755
233973134
229750864
225547351
221338504
217103966
212905435
208683892
204418680
200175299
195933788
191725352
187540095
183307359
179087463
174872154
170680276
166420838
162189692
158007805
153744574
149506656
145317204
141034935
136802275
132569553
128311908
124092142
119878125
115632368
111422327
107184240
102934735
98710565
94477159
90187936
85963999
81675131
77405058
73186758
68927474
64693549
60476638
56279259
52045160
47828722
43622953
39407950
35206278
30993123
26767686
22529917
18263453
14017981
9826636
5596205
250330207
246126082
241943656
237745614
233491974
229312759
225105829
220913795
216741341
212539496
208339557
204174227
199950035
195723618
191508189
187328726
183101905
178918492
174739165
170489897
166292943
162091272
157896175
153692213
149482439
145219266
141066805
136831854
132574686
128351790
124122379
119905864
115704463
111479081
107230179
103011584
98818959
94567652
90340570
86116823
81909066
77718356
73508374
69250793
65004551
60783325
56534012
52315615
48100051
43870664
39648701
35416089
31145263
26906658
22699300
18464966
14220887
9967310
5659279
249958200
245742959
241531918
237265936
232969443
228759911
224541152
220312153
216069194
211873466
207617250
203439799
199200423
194953867
190780136
186558679
182326289
178122692
173883522
169656446
165458502
161234990
156967216
152801884
148564924
144322777
140140460
135907474
131662712
127419363
123252401
119012066
114794934
110609797
106369049
102144833
97896524
93691147
89481028
85270667
81011054
76804388
72591272
68388661
64163535
59901103
55611272
51432608
47223950
42993895
38784369
34540311
30290619
26054742
21863448
17606139
13348481
9114985
4895454
249290248
245051779
240864326
236647023
232397880
228184315
223969687
219752983
215578436
211385209
207141717
202937735
198708341
194459391
190261160
186028628
181825078
177598807
173398639
169143687
164928657
160735250
156462910
152258136
147991966
143749617
139503557
135290346
131031323
126793957
122531064
118292362
114087544
109871308
105626337
101382075
97155175
92897059
88680989
84448166
80240834
75995856
71800332
67567578
63352251
59133917
54945156
50687773
46480642
42246468
38046497
33806167
29543977
25293800
21087846
16858524
12644736
8444090
4253885
248782978
244528571
240349986
236079023
231818821
227642847
223395471
219166111
214948618
210707039
206489184
202264242
198003582
193834192
189686633
185493344
181352980
177116100
172898249
168666435
164436724
160203378
156000217
151838731
147551765
143356706
139147981
134913046
130692358
126467473
122231140
118019366
113760114
109530696
105300217
101080507
96837801
92608490
88384913
84141890
79944883
75706785
71476040
67275200
63080340
58845655
54598749
50354379
46100401
41875308
37595833
33338458
29131795
24871232
20600713
16359951
12117682
7835600
3594981
248262586
244044280
239833107
235630673
231400458
227256891
223053671
218830922
214644162
210425150
206204014
202031924
197840976
193599321
189410047
185231367
181015324
176877971
172715058
168493340
164291436
160025165
155795972
151566523
147328964
143117918
138883379
134753585
130473033
126222013
121976768
117768200
113471847
109223484
104970012
100744247
96512007
92252550
88012532
83767835
79493787
75212709
70969033
66702780
62427922
58215428
53951850
49721351
45484160
41211276
37005345
32776641
28511751
24270743
20020111
15775537
11612162
7379156
3123527
247733843
243523371
239341732
235142590
230920218
226742015
222545756
218350385
214153162
210009144
205777930
201587260
197393591
193178630
189014473
184834245
180631336
176459880
172281624
168098106
163838638
159613319
155318921
151065980
146850585
142615874
138408782
134240835
130030965
125804173
121533907
117235544
112977825
108766900
104527030
100252793
96037983
91800309
87631406
83413746
79135943
74928008
70711951
66477913
62268552
58044314
53804513
49576250
45358819
41133796
36928425
32737542
28455330
24250205
20031201
15763161
11643116
7460442
3192792
247709230
243494202
239328018
235098433
230841066
226693906
222451536
218190191
214016628
209772246
205541397
201357912
197147595
192940089
188690144
184472004
180222804
176023951
171781014
167531629
163322482
159080202
154831233
150638307
146464897
142178308
137992262
133807928
129549493
125324437
121090519
116872098
112644735
108405665
104129828
99979897
95755595
91502103
87310927
83073602
78817400
74583309
70422963
66156945
61924982
57698724
53440839
49210560
44996358
40759428
36530774
32313426
28037550
23829198
19595413
15342139
11121120
6896521
2642424
247143435
242904457
238705012
234496061
230250957
226047134
221833227
217598565
213384171
209203832
204995689
200777759
196599445
192357989
188189970
183992348
179758349
175561113
171381113
167125614
162916542
158696587
154380235
150169146
145940117
141686879
137507228
133311106
129089588
124904375
120689757
116453683
112254211
108047144
103801000
99618313
95400074
91183668
86986024
82771768
78516402
74305729
70076258
65820745
61613520
57374806
53118521
48910660
44678660
40445188
36218752
32000872
27766444
23569823
19369319
15120636
10916904
6683908
2430849
246840869
242610956
238382505
234141574
229872087
225657853
221419142
217159694
212950942
208726495
204474300
200271789
196090327
191830668
187584137
183367226
179084483
174844351
170599506
166344894
162142159
157915483
153628907
149400568
145154568
140875831
136639893
132424904
128181655
123968186
119727396
115481589
111210122
106984389
102756671
98539003
94340569
90112094
85876234
81640209
77408199
73170431
68925922
64690579
60458280
56254609
52004921
47772274
43520277
39242108
35003133
30768423
26506836
22276701
18050786
13793197
9572830
5361319
249784877
245569629
241360860
237142488
232862461
228642423
224420677
220164682
215933314
211715150
207473922
203247760
199058113
194831405
190642880
186429455
182204305
178000551
173753498
169487511
165269591
161064246
156818824
152605838
148384608
144093503
139847683
135606757
131305151
127062919
122802045
118540453
114290548
110025717
105751020
101524707
97282929
92996147
88740909
84483557
80205841
75960449
71695175
67425324
63213285
58974377
54694796
50438835
46180035
41911295
37634629
33413715
29156738
24943205
20704806
16403133
12150510
7886335
3602497
248119962
243913169
239729771
235514004
231280304
227072661
222920725
218639111
214484454
210277461
206052041
201903272
197670422
193422698
189202076
184974070
180735764
176519037
172305333
168062240
163902266
159679526
155375958
151191578
147013452
142810990
138610727
134394611
130145804
125919080
121686712
117422407
113204311
109018279
104753848
100514769
96297756
92040871
87817352
83627288
79364434
75086897
70833900
66576850
62338284
58091849
53868136
49694270
45384646
41138067
36878630
32630765
28411102
24177059
19931611
15708030
11502800
7221910
2963927
247283296
243065854
238823333
234563953
230279278
226006944
221808312
217486770
213272821
209035690
204784304
200565868
196319063
192081331
187869993
183690002
179416783
175188194
170981896
166751669
162525388
158311781
154042600
149831773
145622662
141383065
137191841
132975765
128742730
124523707
120295932
116069313
111859356
107653163
103394991
99188666
94964255
90675924
86481203
82288088
78007016
73736266
69514020
65229015
60972099
56738036
52463633
48233831
43986563
39739596
35539836
31300660
26996344
22756296
18504483
14228322
9994148
5755243
250244453
246004912
241811926
237604802
233365165
229161821
224923472
220722173
216451247
212247826
208010486
203773650
199583071
195325471
191125939
186882375
182607909
178366216
174169559
169892589
165698728
161473920
157239198
152985932
148752439
144494514
140269110
136042160
131788633
127530380
123288306
119054791
114814145
110577344
106321604
102120194
97867360
93594024
89388642
85162359
80909386
76679831
72481906
68245144
63998982
59762940
55520957
51293661
47056883
42809404
38591111
34335215
30045138
25805752
21544792
17264675
13027006
8789303
4501161
248983465
244756102
240568826
236370112
232146327
227938227
223730892
219500139
215314615
211114102
206911709
202722112
198512113
194283130
190102183
185919403
181703761
177514053
173309749
169074700
164876888
160663100
156425413
152231101
148020822
143799606
139601578
135367485
131118544
126905014
122674219
118450373
114238229
110033429
105788095
101586438
97364823
93123596
88919376
84694921
80452445
76237339
72042078
67804007
63589874
59356513
55100315
50905888
46713215
42492982
38287017
34157719
29951558
25794347
21586431
17363802
13145717
8928737
4676488
249136773
244871082
240650194
236426904
232190798
227993794
223769992
219557221
215294429
211062822
206840113
202664345
198446450
194191062
189976443
185746210
181515499
177312700
173107493
168869788
164690424
160464483
156241679
152012297
147766623
143497699
139273991
135057312
130854459
126620382
122344431
118096401
113858601
109612037
105354366
101129355
96937346
92676641
88450610
84210791
79879650
75642265
71416356
67158327
62925476
58623973
54456071
50194932
45935637
41701938
37312995
33046890
28806605
24562704
20309670
16107824
11917510
7661413
3442130
247947411
243692865
239454847
235255385
231037541
226783809
222609873
218358413
214140405
209939964
205699898
201507538
197313129
193058379
188848309
184657110
180412529
176199453
171979497
167744003
163524399
159299396
155072820
150859570
146648671
142429429
138227694
134027893
129787666
125641403
121413773
117191612
112918522
108743510
104481394
100256707
96041745
91813905
87590833
83366442
79146245
74932631
70776210
66521204
62324636
58095326
53819924
49603730
45372812
41114707
36875245
32656402
28418462
24198861
19951597
15714389
11513049
7288509
3034418
247257843
243001610
238760664
234508663
230266615
226052353
221838804
217588356
213405306
209190293
204985201
200792126
196606416
192380526
188173653
183956657
179748974
175551157
171272023
167043180
162792714
158530898
154286591
150045589
145768066
141528289
137275719
132997547
128757022
124526480
120237738
116011523
111760078
107496004
103247101
98961670
94694229
90474353
86207898
81933808
77697352
73436775
69153380
64887298
60658648
56361371
52104921
47856363
43601734
39338342
35121019
30838966
26631716
22373929
18062082
13804840
9568257
5296243
249811086
245580620
241350323
237144364
232876298
228672244
224440303
220197875
216025229
211827713
207580998
203430338
199182118
194959849
190750421
186559642
182319064
178109055
173895431
169670232
165441567
161238935
157011754
152789056
148557036
144309727
140076455
135849636
131620585
127412994
123165681
118912465
114699792
110460731
106231411
102002565
97752321
93494745
89277055
85062276
80830052
76603696
72357574
68125099
63920935
59665220
55365213
51135457
46873370
42588929
38348529
34082470
29843903
25590145
21331009
17051169
12810976
8557189
4281601
248916574
244646105
240453328
236247352
232029324
227831812
223691071
219520825
215391923
211255218
207087823
202919647
198737756
194518464
190370417
186230322
182059962
177923975
173768714
169593818
165431555
161276478
157098818
152939620
148778473
144599098
140441565
136288229
132111275
127961337
123813089
119630926
115481897
111320487
107142589
102984359
98839218
94656613
90527534
86383415
82207218
78064903
73932612
69757424
65606288
61457422
57283184
53142372
48949542
44699918
40429031
36198013
31930421
27693561
23508923
19169481
14982154
10750736
6512401
2267203
246793069
242551763
238357707
234163070
229913990
225734878
221526233
217339947
213125543
208981889
204721336
200516225
196318636
192105839
187863713
183661151
179425875
175171025
170945875
166738167
162496442
158283080
154042321
149802472
145600416
141398163
137159515
132971496
128745622
124472234
120287143
116089348
111850217
107628946
103384168
99101465
94838711
90631333
86372703
82134362
77892927
73660551
69399187
65152362
60900015
56683543
52452729
48222678
43969773
39745882
35480471
31258423
27018525
22735250
18486126
14251643
9973519
5759438
250100961
245881110
241685112
237497324
233272457
229089551
224868697
220639264
216434261
212206366
207955838
203750957
199523192
195256767
191040093
186877997
182644785
178447944
174247370
170013203
165812739
161592326
157343295
153159653
148967753
144701380
140475317
136252393
132031312
127787782
123595356
119354476
115127916
110965855
106797373
102643478
98501633
94325441
90170020
86011981
81842842
77718499
73581301
69406471
65270477
61127034
56959385
52817128
48658267
44448801
40255738
36051351
31805912
27568841
23353017
19157717
14946604
10707278
6446075
2224139
246655017
242425542
238225233
234016910
229743520
225552853
221312325
217078455
212837739
209019907
204840359
200745406
196543704
192313290
189082574
184858464
180616611
176412509
172196482
167939174
163715805
159538753
155286850
151069682
146895446
142616840
138407664
134203602
129934297
125737896
121502315
117253016
113034901
108815581
104555768
100343928
96096929
91866422
87641673
83416450
79158358
74939395
70729413
66493160
62267810
58032958
53803515
49594164
45375709
41140401
36912457
32711317
28460147
24256002
20053974
15737581
11486524
7262789
250128153
245887330
241672224
237453161
233207289
229018715
224790705
220571728
216390565
212172774
207942000
203796017
199562288
195304099
191081283
186882307
182629954
178390260
174163201
169824501
165616218
161361052
157074898
152831331
148576836
144331569
140114725
135863047
131585580
127338017
123094637
118841004
114602905
110429782
106142304
101890351
97698146
93380652
89149122
84963611
80679265
76454172
72194524
67939201
63696762
59443171
55185353
50903485
46653633
42412872
38171440
33924366
29690029
25475358
21252207
17001959
12757081
8522295
4238288
248775961
244515282
240283081
236049478
231779444
227596062
223372781
219111953
214878547
210646846
206366956
202114967
197908679
193678813
189471400
185254132
181027769
176811092
172575936
168294318
164091669
159864789
155577194
151347009
147072435
142786728
138552318
134306971
130084702
125838024
121534924
117293116
113056456
108814318
104539992
100308410
96129913
91907054
87682735
83463917
79236014
75016901
70827270
66613445
62420528
58236765
54021958
49834778
45646808
41434492
37254353
33065802
28838540
24611364
20387541
16182409
11978786
7731942
3501859
248041395
243811065
239620323
235419604
231170066
226997144
222789564
218554475
214373777
210196252
206005970
201793409
197579568
193375065
189107288
184872632
180631424
176400536
172219262
168008845
163788872
159553161
155276407
151050843
146806311
142521964
138302590
134079574
129804280
125562706
121307730
117039144
112807162
108530085
104268631
100037075
95845214
91609479
87378902
83153566
78899585
74708894
70513595
66266329
62075418
57840469
53563600
49384482
45203094
40969770
36731281
32496942
28249587
24021593
19791002
15568254
11360630
7162021
2889756
247365368
243099149
238924565
234719021
230514802
226338707
222172447
217900542
213695594
209481779
205239380
201013400
196812435
192568027
188353123
184098516
179844280
175616599
171389004
167175546
162962426
158788324
154490748
150269448
146075650
141799396
137558120
133317680
129065223
124902516
120634576
116382239
112148830
107919864
103654299
99408537
95193308
90949084
86724362
82474891
78191862
73937301
69703042
65415203
61200455
56947772
52670905
48416360
44170564
39895097
35625843
31337016
27057129
22803021
18544857
14282436
10007094
5750311
250311204
246079732
241849235
237657744
233452760
229237179
225028819
220777200
216547739
212366566
208101073
203909730
199680890
195444887
191237208
187044032
182811286
178609534
174379860
170164394
165927976
161724531
157483546
153257683
149078369
144830511
140618625
136406300
132167719
127939577
123752931
119565837
115308808
111067188
106899200
102655895
98462247
94225952
90006142
85813343
81575050
77413616
73273392
69108332
64975632
60829063
56667773
52554388
48382156
44160168
39968306
35757525
31424327
27191293
22932251
18667033
14459814
10215514
5945558
1710334
246253330
241995653
237758401
233564432
229306988
225082923
220859728
216652518
212490628
208312150
204077602
199861405
195640981
191396166
187210993
182933676
178671455
174382987
170135671
165870210
161685302
157507445
153305233
149127264
144904102
140659738
136400151
132218945
128021321
123835820
119605129
115370841
111171304
106967477
102730907
98542878
94347450
90185535
85983268
81856945
77684522
73550897
69421495
65247707
61097776
56939426
52761728
48514636
44262698
40037668
35823743
31618170
27370409
23163047
19005467
14738155
10529659
6310627
2066887
246615627
242378814
238186850
233999536
229764372
225578579
221382650
217155294
212954082
208793556
204557219
200384400
196187172
192016723
187895620
183752438
179588759
175455902
171315295
167154511
163019248
158879080
154718345
150583401
146435301
142273913
138138590
134001078
129838941
125716755
121562485
117398083
113281011
109142848
104978955
100842428
96705539
92545666
88406993
84263269
80099256
75975553
71849431
67686409
63558760
59426044
55263206
51127877
46984726
42823816
38692013
34509474
30318664
26097735
21868488
17636783
13455978
9220570
4983735
249511754
245281635
241093047
236917063
232657372
228478993
224235070
219997002
215786191
211553237
207325140
203090192
198870186
194646316
190465227
186246582
182013081
177828270
173682874
169456075
165293504
161121965
156885862
152734303
148553385
144377957
140182036
136060943
131826986
127695241
123473454
119298053
115081460
110939931
106663871
102518863
98260650
94035112
89833357
85611815
81418585
77186003
73017062
68780026
64586459
60365289
56180045
52006891
47816861
43566729
39349160
35120190
30878803
26649877
22437084
18153266
13964553
9682546
5422449
249846093
245628534
241440256
237242940
233007314
228817680
224637892
220435320
216263928
212039162
207862180
203664831
199517941
195339853
191192238
187048789
182791024
178598932
174396028
170158696
165972723
161764008
157536271
153380784
149123103
144875754
140652502
136433280
132241267
128015965
123800484
119588223
115347389
111198329
106938407
102762258
98518360
94380815
90095326
85948926
81686352
77465235
73243338
69010526
64742661
60531849
56300311
52027455
47834477
43594304
39366662
35175386
30863219
26597405
22363440
18124723
13849145
9633768
5398826
249937596
245722298
241512760
237302278
233098330
228838244
224618327
220401691
216195513
211966427
207743369
203474951
199287449
195044842
190787423
186564570
182321916
178136204
173873172
169736686
165455712
161223636
157014020
152767601
148521598
144246416
139980965
135767580
131541427
127358210
123084725
118841338
114610021
110422462
106122156
101866813
97632433
93376711
89110118
84865366
80618177
76346809
72097006
67840704
63552536
59303309
55052312
50788508
46566858
42317216
38048317
33780630
29532759
25260920
21000609
16808615
12531299
8294488
4051087
248743051
244501472
240304529
236096471
231852214
227651279
223436227
219176301
214973636
210764456
206498748
202300680
198080997
193896508
189714092
185534253
181266048
177029954
172839904
168592943
164352656
160149658
155924520
151725200
147516405
143314020
139141423
134926149
130687891
126449520
122234410
117995137
113783209
109528495
105253349
101018729
96748347
92503429
88281101
84054452
79819184
75591149
71369538
67112509
62910307
58652844
54405414
50192221
45913800
41686467
37026319
32789581
28513281
24264001
20064986
15729300
11504134
7261099
2978661
247409202
243168762
238987032
234767033
230506084
226256676
222013046
217771422
213548769
209323841
205039374
200820216
196573176
192328397
188080973
183836906
179596767
175386931
171153263
166894166
162652657
158419636
154164131
149913171
145657224
141405892
137134912
132918628
128675929
124448363
120262516
116045151
111764064
107884918
103681831
99586517
95366250
91166526
87004890
83461559
79251982
75038743
70790807
66558386
62321366
58053294
53834382
49608974
45323225
41049309
36763828
32463027
28258800
23968346
19637378
15453627
11163251
6910847
250332849
246098798
241903034
237691786
233434868
229200390
224967694
220714904
216532248
212330766
208119710
203942492
199698673
195486285
191300198
187124489
182917515
178671435
174484939
170240803
166045237
161874667
157622646
153480361
149189964
144941735
140720327
136510634
132263299
128084942
123850904
119626099
115411142
111175627
106924529
102712594
98536200
94236000
90020770
85810421
81566935
77364726
73160940
68913163
64694462
60488549
56235295
52026981
47803630
43619159
39383631
35163166
30916534
26687529
22462400
18195484
14064528
9845773
5586531
249961912
245724019
241507140
237287654
233043766
228832983
224631578
220417561
216153766
211935654
207693209
203457928
199224522
194984693
190779410
186554099
182276042
178127635
173854802
169591296
165376878
161137539
156926103
152671670
148424230
144157570
139928619
135696883
131446343
127206170
122967473
118706713
114469128
110238280
105974872
101725684
97498174
93231504
88963340
84712883
80417993
76166924
71926536
67677394
63424635
59210899
54955813
50718993
46463719
42200111
37989886
33719427
29462919
25203899
21031502
16706890
12494196
8243310
3975312
248479816
244226212
239961033
235732074
231476250
227246668
223033571
218824870
214571296
210384605
206149804
201945775
197718379
193503481
189295702
185055744
180823537
176607806
172398373
168215781
164039757
159825299
155618495
151393225
147176001
143023239
138767758
134549273
130354325
126115975
121911978
117709197
113533642
109312756
105102534
100868762
96713007
92504031
88270982
84086167
79890138
75644800
71442126
67200394
63029804
58816303
54620899
50432786
46194081
41976899
37705097
33456227
29219442
24961219
20744641
16552352
12297442
8057672
3806459
248330513
244088607
239914334
235672184
231406523
227206114
223004827
218747046
214591150
210349402
206089510
201870216
197661204
193445841
189216845
185001720
180742134
176510086
172279819
168022750
163829474
159595147
155318154
151094986
146849500
142593885
138355805
134181643
129915074
125681203
121446848
117160959
112926731
108667382
104381077
100118701
95857184
91626326
87328252
83093737
78828793
74578325
70339896
66088837
61887794
57716106
53463420
49246842
45052156
40730426
36523792
32296228
28002843
23817906
19591579
15344256
11118401
6903321
2683175
247128072
242930464
238741838
234535988
230306947
226090378
221889795
217663841
213452276
209258712
205025074
200844879
196628107
192400419
188197727
183972391
179719010
175492881
171265336
167004412
162814439
158592102
154392432
150123529
145880358
141676350
137490444
133310783
129013174
124823570
120602498
116367805
112169650
107986438
103699040
99509660
95323166
91127070
86854485
82651859
78446061
74275239
70036310
65831269
61660287
57483916
53214148
49035346
44855039
40617327
36397520
32165518
27912005
23650152
19408640
15194233
10941650
6651532
2403138
247110634
242855361
238653347
234458453
230229848
225984405
221764913
217484725
213240644
209024661
204770973
200545319
196317284
192068130
187851142
183606874
179350640
175168217
170988575
166785882
162606079
158429856
154135491
149922226
145700342
141435280
137207664
132986187
128791206
124594453
120317634
116082245
111866850
107635285
103393644
99173004
94937969
90671983
86412403
82148679
77881523
73633005
69400096
65123477
60873965
56637298
52374989
48144208
43919560
39669873
35440333
31207133
26950828
22718659
18496535
14240576
10043900
5832841
250265226
246009243
241791312
237600897
233348727
229112925
224878721
220637655
216428912
212189890
207904694
203659455
199411363
195116388
190908382
186689921
182436925
178182490
173950047
169705342
165443052
161227004
157028006
152704675
148493964
144249450
140023482
135818037
131564424
127340017
123116553
118855261
114627861
110401118
106153473
101889985
97621938
93311553
89053763
84787354
80521025
76305882
72095136
67843430
63621729
59394581
55180794
50898113
46669355
42423408
38242534
33965760
29714048
25472186
21234276
16960018
12757035
8522489
4194031
248798188
244560518
240341441
236122458
231865693
227642397
223439311
219207120
215001087
210766331
206510062
202299366
198103059
193819568
189595348
185376879
181118334
176896548
172625289
168388422
164172269
159914072
155669634
151429407
147188020
142956626
138733494
134508944
130237521
126005659
121771201
117518446
113314776
109127057
104841287
100644293
96429328
92158788
87940230
83706896
79469969
75232614
71007957
66749108
62523267
58287872
54057827
49829095
45642410
41368476
37180652
32977160
28745991
24589524
20326493
16044614
11771133
7571222
3343056
247747630
243522343
239338282
235121527
230888460
226686123
222462391
218236761
214066909
209847489
205613802
201432181
197216067
192986012
188770558
184548608
180309140
176124117
171852961
167638280
163314816
159071695
154782331
150517097
146263917
141960147
137723447
133473110
129184724
124946419
120673709
116384426
112197256
107880293
103615818
99378266
95142918
90891510
86661249
82424925
78164722
73933887
69728563
65451759
61214506
56965561
52708648
48473068
44233670
40008491
35775761
31527524
27268403
23042321
18800562
14592337
10394828
6159906
1903221
246494063
242253073
238047591
233847220
229571596
225364651
221131072
216859543
212692070
208513887
204317357
200167718
195929459
191726251
187582869
183431065
179183466
174936462
170746987
166513557
162322763
158097987
153887745
149698892
145473492
141275736
137060015
132816002
128600410
124385162
120181958
115978776
111711613
107444688
103214521
98962314
94640145
90408246
86167573
81908991
77680607
73406092
69143033
64900668
60650085
56380059
52149363
47889649
43640632
39403917
35132344
30850852
26603031
22344292
18096274
13834760
9601939
5350255
249784612
245532340
241295598
237073658
232799250
228613708
224388109
220095417
215898344
211678933
207438113
203214265
198989339
194778251
190635530
186394158
182161007
177948266
173743523
169520115
165310733
161096817
156863476
152638725
148378015
144139167
139922748
135618345
131401209
127173765
122968505
118682633
114449774
110164580
105925630
101717386
97498870
93247738
88966988
84704771
80516518
76264033
71991496
67746514
63492698
59279034
55046891
50817062
46541484
42313402
38075707
33757966
29539116
25299874
21031089
16805531
12572666
8318540
4082201
248621215
244328647
240090556
235828970
231559163
227331096
223085795
218852176
214590448
210375852
206117751
201857398
197608520
193341512
189136171
184848221
180538856
176291311
172055601
167825306
163628674
159423331
155172624
150952649
146683310
142416663
138120108
133866419
129587401
125361632
121074276
116802744
112582918
108317889
104048385
99746725
95488648
91285426
87056089
82794854
78535281
74287767
70036575
65778436
61546559
57276664
53015952
48801032
44499086
40240828
36045887
31804560
27520377
23289449
19040989
14763140
10591348
6345980
2058092
246852035
242592274
238337449
234014548
229760507
225532741
221293041
217022245
212805283
208585807
204319268
200096315
195867764
191618281
187396600
183163887
178921578
174714452
170513450
166268321
162054988
157829650
153569523
149385272
145170335
140952886
136726655
132492107
128237022
124017382
119831529
115579460
111367709
107170380
102963624
98697876
94476050
90238123
86013956
81801383
77550695
73317223
69086034
64848682
60627138
56416265
52180549
47970732
43749635
39503486
35279044
31029885
26768090
22522210
18269472
14011224
9813357
5575811
250038946
245806294
241607657
237453830
233178052
228983545
224784973
220537477
216335638
212083624
207821174
203667634
199433938
195200925
190995933
186806442
182559831
178337714
174119406
169859684
165658026
161437242
157174063
152979968
148812777
144577955
140359595
136159616
131914685
127709763
123482588
119234690
115018946
110823209
106571914
102350868
98207649
93921632
89698008
85431026
81181715
76975851
72761267
68519976
64306394
60074274
55842361
51631535
47376758
43123731
38912640
34730236
30431708
26193446
22000971
17742209
13528566
9289569
5106823
249411166
245166352
240972397
236739563
232499452
228269255
224068495
219825356
215623675
211431444
207196027
202989152
198786637
194544406
190337573
186137747
181889463
177698626
173490390
169179762
165016802
160744862
156518568
152299600
148052584
143785783
139528626
135252589
131052446
126788506
122544991
118215985
113971635
109710960
105450931
101213566
96985810
92693711
88463718
84225580
79981255
75740418
71511355
67233757
63012646
58772851
54515250
50297172
46065962
41812220
37489837
33263923
29018106
24767393
20495027
16232244
12027128
7803923
3494186
248057826
243827291
239618483
235433491
231193625
226974736
222774061
218540768
214325777
210114220
205875289
201690655
197435047
193211005
189001374
184759846
180504248
176269232
172043510
167791088
163510889
159274565
155015504
150797145
146561241
142302287
138071987
133877963
129609807
125378511
121128568
116834938
112574310
108345794
104126499
99856116
95631584
91348121
87180274
82890485
78655363
74420299
70215613
66014535
61736195
57503125
53274600
49047892
44817366
40616467
36357632
32131939
27870572
23642987
19466378
15180470
10968474
6738868
2515530
247050608
242805073
238590942
234353798
230112881
225870001
221635731
217390197
213214196
208992089
204720552
200503534
196278452
192032719
187825797
183642548
179373403
175232149
171018630
166732110
162546700
158335869
154092412
149832186
145624707
141374047
137173262
132960734
128762553
124561719
120321995
116029720
111830490
107600139
103294480
99082778
94886701
90633142
86398467
82155947
77910398
73701675
69494250
65230037
61017197
56794802
52577099
48290826
44060531
39815440
35600864
31387146
27137106
22930547
18681162
14455511
10195284
5969473
250366273
246146285
241938703
237691323
233445970
229233402
225015070
220803413
216545515
212330756
208090944
203916398
199671543
195443837
191265215
187078532
182843182
178695623
174545099
170369648
166163977
161959480
157695937
153506886
149262839
145017709
140808271
136584039
132360731
128126095
123914255
119662844
115446655
111210404
107025460
102867786
98699040
94482618
90314660
86149127
81966494
77821829
73636841
69439144
65144350
60886286
56645608
52414166
48197489
43943717
39709144
35522193
31266399
27045170
22829336
18580352
14372231
10147304
5896635
250395661
246132349
241921298
237686469
233439444
229220163
225008735
220762287
216538215
212300922
208006359
203816619
199567753
195357224
191205283
186948694
182723475
178514978
174306399
170056759
165842595
161655723
157432121
153240212
149038334
144809820
140609787
136407361
132181284
127986284
123773952
119571817
115380081
111188728
106962001
102754880
98562204
94317740
90040548
85785339
81557242
77357564
73151405
68902860
64690458
60491760
56237082
52044452
47842185
43585045
39367918
35124337
30850428
26627836
22399580
18138351
13911213
9664037
5375788
249868015
245637225
241434681
237226195
232952143
228777363
224582484
220303369
216052035
211806047
207559161
203375006
199157177
194903080
190706609
186564849
182294875
178108097
173908913
169678810
165488211
161277354
157017898
152829449
148608687
144373770
140148273
135933036
131686738
127455169
123291323
118991820
114757819
110566636
106323069
102125308
97884920
93660736
89438232
85261680
80894863
76687083
72425939
68189003
63960748
59711464
55468260
51273175
47050036
42749115
38580982
34322182
30097515
25856235
21664235
17465544
13223366
8994488
4765999
249040908
244776929
240574478
236380553
232120366
227905615
223696985
219452646
215252176
211075750
206851750
202630219
198476107
194254182
190058789
185858268
181604021
177427344
173254925
169081094
164833034
160684485
156446187
152284066
148050246
143826330
139622232
135368073
131217711
126962423
122707702
118495943
114284129
110048088
105823153
101613179
97380253
93187870
88966257
84730115
80514120
76276326
72036609
67851130
63624098
59384583
55202291
50987827
46809898
42551208
38336324
34108257
29803017
25579227
21316647
17111459
12884519
8625101
4409522
248697045
244457130
240224597
235957501
231716975
227536359
223336370
219095355
214833440
210604868
206325759
202087219
197824632
193560148
189319620
185079143
180802132
176626117
172345182
168068611
163820034
159532640
155272273
151084182
146883287
142623439
138406192
134177924
129934827
125723126
121535482
117270160
113034094
108824435
104569899
100321376
96116191
91886485
87666057
83458979
79203626
74998833
70759955
66520712
62284284
58068886
53802830
49584166
45369188
41116817
36871926
32633336
28385296
24152784
19912888
15666193
11461835
7253436
2994292
247664000
243441298
239253098
235070343
230850455
226652987
222465418
218266578
214080688
209864967
205721579
201482323
197261227
193088181
188980382
184731928
180557070
176343268
172134357
167921446
163709455
159445038
155238909
151044277
146833534
142645930
138416288
134192529
129952699
125704736
121467830
117252360
113058178
108784232
104565220
100334470
96058943
91814591
87606731
83347360
79122835
74940190
70680328
66439916
62204272
57948550
53758069
49472306
45216652
41048814
36744903
32484338
28251397
24017582
19763054
15562942
11294349
7024861
2780832
247269166
242962707
238792092
234554890
230250798
226009922
221832439
217600272
213394905
209180510
204952751
200763343
196549337
192304383
188090688
183890686
179647930
175447038
171234937
166969963
162726643
158477052
154213523
149966590
145710093
141437684
137186437
132959373
128695153
124438947
120206908
115944066
111683621
107418339
103140867
98888199
94626490
90374971
86120678
81860350
77572704
73347567
69088474
64809546
60560984
56326110
52051688
47809807
43557088
39288344
35055874
30815913
26562243
22313469
18076987
13807791
9595088
5363952
250055618
245822191
241599230
237366890
233099571
228866869
224688096
220462776
216259282
212045281
207800879
203560765
199343191
195122076
191193042
187150001
182917314
178732396
175267134
171007504
166806825
162520830
158306215
154052725
149785118
145574594
141364627
137137073
132950310
128759506
124540930
120333531
116134509
111915685
107740085
103551204
99324584
95120861
90898573
86650662
82451327
78246458
73984715
69767160
65543176
61265757
56994755
52742473
48486463
44261976
39979890
35725201
31485228
27243710
22956711
18708851
14499472
10213800
5959252
249306211
245041625
240838334
236628907
232383834
228193396
223972028
219782072
215550760
211366511
207128217
202917439
198717020
194499523
190316110
186112655
181849439
177653381
173426263
169196023
164966338
160775616
156524404
152320486
148123888
143890085
139675762
135457709
131229294
127027916
122812816
118589822
114321669
110123795
105895327
101648527
97418205
93205181
88961736
84740698
80498331
76245209
72044843
67865593
63559207
59342550
55116277
50918025
46658011
42410642
38124361
33904656
29677442
25428882
21236709
16975966
12747608
8542070
4324729
248928463
244697674
240521708
236305588
232071950
227844487
223594494
219357284
215206203
210970171
206702967
202480421
198266169
194026665
189814956
185596311
181353206
177162568
172972528
168717849
164517206
160236186
156008060
151779092
147567888
143297004
139106809
134860197
130615960
126394561
122195709
117944060
113691955
109482372
105229205
101015239
96807912
92555238
88336835
84104608
79852058
75648701
71441554
67172118
62969836
58770325
54522368
50312924
46071134
41820455
37617458
33352965
29101541
24851020
20606455
16352619
12166323
7984852
3650637
248139378
243874271
239675168
235497565
231205377
227004642
222783642
218531489
214300479
210123589
205813113
201584811
197336543
193079349
188873262
184640362
180382369
176166755
171927857
167709456
163498502
159197516
154942257
150743323
146510946
142250105
138047177
133850707
129611349
125407712
121249535
116998550
112802919
108584961
104381832
100167817
95967411
91762136
87577378
83354557
79115153
74862202
70674270
66445735
62236875
58018247
53781538
49551210
45337513
41125559
36962838
32750388
28519138
24312806
20110848
15882194
11683511
7480617
3250203
247795524
243573657
239435442
235186696
230955734
226692087
222469443
218246052
214089382
209893608
205682542
201481775
197246854
193043120
188836527
184591240
180383368
176175396
171915579
167679749
163469248
159225125
155019558
150803589
146557394
142342419
138140953
133903571
129708113
125454935
121206501
117005196
112807783
108563813
104345226
100110111
95854142
91642982
87427288
83195088
78961018
74770013
70504241
66270737
62111158
57790391
53570394
49364731
45102176
40873038
36634190
32375508
28172974
23941153
19696556
15507234
11305722
7039446
2815935
247266985
243040750
238884570
234687211
230451873
226278049
222087240
217843481
213662194
209454821
205183474
201059271
196796439
192567694
188327366
184096627
179848109
175686074
171443962
167213082
162996201
158784782
154513993
150297113
146086367
141818285
137578568
133377487
129109561
124902973
120676961
116449819
112224206
108006387
103751051
99542811
95310463
91037715
86812268
82557171
78308833
74129946
69882368
65634572
61415430
57244817
52946853
48742488
44501104
40206167
35965109
31684129
27420268
23208448
18939380
14637719
10415098
6179855
1895547
246273107
242015810
237848308
233663548
229389899
225202201
220953717
216703753
212541420
208373205
204207394
200066825
195913376
191735723
187589995
183437901
179266726
175101010
170870638
166621152
162341962
158112507
153848931
149638929
145331625
141097159
136826751
132597089
128365180
124098652
119859235
115625827
111399533
107164171
102935562
98651836
94428067
90193368
85934011
81703822
77463680
73205987
68991983
64767939
60508922
56275231
52034957
47779840
43526188
39271081
34983252
30720912
26505464
22250943
18032252
13794093
9511340
5281254
249819224
245534676
241329214
237115144
232883107
228675704
224492680
220260656
216078992
211874478
207633618
203423413
199210170
194963364
190750945
186563826
182320262
178091498
173854617
169616619
165402246
161199223
156966562
152726957
148488547
144203728
139974074
135769817
131502820
127257689
123010663
118751599
114500704
110271668
106032808
101858901
97588654
93354613
89173056
84968833
80681664
76503221
72264017
68083717
63813627
59594508
55334714
51081645
46859316
42605204
38402010
34222391
30015928
25814663
21602778
17366240
13145980
8928243
4659935
249237580
244986885
240787307
236537091
232293770
228085592
223860181
219617150
215460333
211224419
206980105
202781388
198550347
194303076
190088313
185853694
181603698
177384734
173207805
169034285
164878850
160738101
156557226
152395398
148234120
144051650
139885564
135729585
131546567
127387869
123230344
119049432
114888035
110727930
106535671
102331225
98102635
93853462
89642178
85394859
81212765
76937750
72736236
68495259
64271877
60051092
55782469
51559697
47352514
43101377
38913148
34732013
30470802
26260753
22051961
17859371
13735572
9583822
5403301
250034793
245865929
241727127
237532527
233290325
229157866
224911023
220659253
216439531
212282917
208055911
203838128
199659792
195425204
191228992
187068778
182810814
178582749
174406183
170172091
165924239
161672306
157433165
153270653
149013222
144773785
140565482
136363227
132128557
127923270
123719900
119493842
115299246
111150159
106923051
102686949
98462737
94223550
90052366
85810082
81530975
77304851
73089249
68908777
64638959
60403638
56145845
51953628
47732510
43489269
39303215
35071520
30817691
26610401
22381341
18203090
13964970
9819514
5537854
249999512
245774166
241578307
237418883
233151799
228929741
224684844
220457729
216290388
212079214
207854354
203619897
199415623
195187736
191031931
186796939
182539514
178311815
174164864
169905452
165754547
161487241
157258772
153017201
148804564
144577173
140352562
136132657
131889834
127675017
123454654
119220721
115007043
110802887
106572467
102356574
98156832
93921454
89696133
85487720
81245160
77096516
72839117
68581199
64373224
60209168
55931424
51716001
47482113
43299025
39051041
34786821
30519504
26284514
22047335
17785041
13569112
9357923
5098380
249645555
245414551
241200224
236985470
232730332
228519563
224296952
220019105
215824490
211587710
207359766
203164616
198944001
194717934
190509963
186302358
182053011
177895757
173631008
169459871
165208918
160979013
156735730
152517730
148363831
144141851
139934237
135687739
131454760
127218724
122984391
118785052
114510634
110303186
106124936
101836559
97615988
93395824
89148092
84990244
80713003
76488191
72292068
68123456
63850523
59641621
55430522
51194935
47018539
42754985
38515727
34286198
30048846
25838579
21587988
17399320
13137920
8897539
4656801
249255917
245033765
240820962
236572312
232309060
228113496
223880390
219619067
215398945
211185540
206953447
202690469
198491476
194250783
190016200
185784064
181554081
177326943
173082810
168809136
164579812
160371304
156130379
151905219
147971018
143858505
139723082
135477208
131269766
127118372
123798499
119650671
115388680
111130980
106918890
102690659
98438357
94241714
90013355
85766120
81592379
77272893
73034051
68807255
64565040
60311617
56087351
51849338
47604292
43453639
39215753
34949887
30724565
26478266
22214852
17999228
13767585
9505398
5276247
248259903
244032782
239814084
235601152
231367122
227146006
222932232
218705551
214522660
210316396
206090787
201884521
197661889
193404754
189187661
184976014
180737893
176524023
172311735
168075274
163804532
159592952
155351791
151176908
146886171
142637035
138398734
134176044
129981260
125746749
121551819
117335118
113109768
108890524
104586690
100325627
96154121
91866832
87741653
83546580
79269893
75080002
70861358
66629320
62395405
58178130
53909284
49725744
45479077
41215878
36990277
32836628
28540120
24323353
20078478
15898339
11657332
7465337
3233665
247792215
243563106
239383570
235198137
230958909
226749366
222535260
218300239
214109628
209929960
205691018
201487195
197253936
193020854
188812917
184599842
180360595
176164166
171949249
167721736
163514347
159342984
155080076
150814532
146584453
142323119
138103444
133926619
129671261
125462453
121251107
116995077
112777622
108543517
104289114
100045260
95808335
91547661
87311225
83091426
78808208
74598311
70367029
66130380
61894560
57679321
53437584
49194666
44944750
40689186
36441877
32204038
27945226
23713079
19477791
15222659
11009285
6821856
2537141
247158515
242934383
238753732
234551815
230326108
226118008
221908105
217683922
213506163
209270378
205096257
200865334
196580265
192370616
188159573
183909784
179736154
175531252
171286713
167106727
162831304
158602720
154388451
150197552
145924664
141623708
137390368
133120756
128883506
124632102
120344011
116126616
111888201
107625064
103378985
99121992
94825177
90562454
86314648
82036054
77788718
73515104
69233644
64966321
60738848
56449253
52213701
47977329
43699374
39445021
35222881
30962796
26728155
22475062
18201225
13973856
9752954
5479103
249837378
245590474
241398745
237220896
232928215
228731100
224508450
220268436
216034255
211781984
207545021
203354594
199183241
194950395
190754605
186559172
182333400
178153721
173945882
169708300
165519709
161345592
157091476
152831481
148602535
144340483
140122980
135892937
131642599
127367846
123134817
118858808
114603155
110389595
106139608
101925219
97690458
93479632
89261285
85037259
80761750
76517073
72293042
67986532
63730704
59463383
55246213
50939670
46663799
42413935
38172682
33919272
29666638
25426576
21208167
16955139
12729259
8495117
4245335
248804917
244571903
240364870
236214916
231991320
227778527
223527660
219294960
215086450
210897044
206661981
202439552
198196609
193953572
189778716
185558051
181311755
177126159
172923254
168686350
164487620
160266141
156022619
151797937
147565321
143278613
139060995
134822372
130562475
126333493
122092975
117819300
113591476
109345852
105056896
100805176
96564222
92317918
88066752
83845083
79600060
75360750
71146876
66870535
62622105
58399136
54129174
49902238
45695599
41433046
37189272
32969627
28707074
24467680
20256793
16003868
11780171
7543234
3294356
247505539
243252686
239063747
234881429
230558076
226360207
222113956
217831342
213592714
209357257
205066117
200831879
196645250
192386730
188169215
183949650
179686476
175481894
171253924
167037346
162824118
158614956
154396772
150222385
145938470
141696387
137459792
133197528
128934161
124699399
120453999
116185614
111984616
107751006
103481010
99241961
95006323
90745381
86513985
82283133
78019463
73782623
69549068
65308208
61063520
56811886
52554936
48339850
44100954
39893295
35603686
31379014
27127025
22926975
18702183
14438420
10215601
5962688
250370957
246124309
241903549
237656024
233420990
229174842
224905928
220620454
216411469
212154847
207907760
203687711
199458454
195186861
190971893
186756303
182487264
178274490
174022771
169718951
165449246
161198768
156992245
152688005
148422186
144136659
139908159
135682569
131415134
127167040
122926289
118658286
114442122
110234900
105975434
101725464
97446038
93173147
88956716
84783386
80516555
76271148
72039437
67778951
63538967
59347361
55071415
50854900
46638307
42377302
38170404
33927921
29628699
25395827
21141072
16857421
12638023
8415859
4136654
248557866
244360372
240116120
235889856
231566759
227339396
223070595
218813079
214635701
210374994
206105838
201889480
197653005
193377184
189175102
184930316
180645973
176424744
172220485
167916537
163691706
159482639
155219252
151049884
146918196
142639203
138427595
134221824
129962450
125750137
121569220
117335764
113149143
108944158
104691869
100506266
96251130
92045965
87820902
83641086
79416651
75202166
71010783
66774464
62633632
58388894
54096534
49851472
45605823
41353093
37105727
32845260
28572381
24351286
20091126
15891377
11663264
7430021
3158714
247639653
243431360
239280416
235060578
230868626
226687695
222474059
218275949
214089778
209875543
205626586
201425849
197165502
192919564
188739072
184517888
180286992
176040033
171822945
167574069
163380047
159157039
154912190
150691178
146475347
142270095
138058559
133856852
129614353
125400778
121237595
116931264
112711160
108512587
104317591
100129862
95922570
91671410
87522746
83286275
79045880
74839071
70640633
66417741
62218860
58023504
53793772
49579719
45375404
41160487
36951018
32742557
28518357
24302531
20109062
15853778
11643638
7436154
3193199
247731942
243487469
239324992
235073634
230839895
226639011
222450227
218208098
213972049
209755432
205504408
201312875
197069033
192894732
188657457
184453602
180273381
176030837
171814817
167599130
163370912
159154198
154897371
150698000
146491687
142200943
137989720
133779854
129546989
125372441
121223465
116988118
112830345
108564395
104332286
100134871
95941133
91736701
87523959
83310199
79129399
74891584
70724645
66542643
62303155
58103906
53867375
49661812
45458772
41242512
36996910
32758169
28500875
24268835
20019683
15756192
11539942
7365371
3103800
247662487
243413987
239214518
235011809
230747105
226509539
222269177
218064561
213776290
209544898
205278200
201058046
196849996
192644983
188407205
184177972
179927269
175747480
171499148
167250818
163019538
158823647
154624163
150395115
146181639
141933168
137733138
133517945
129275109
125047631
120844174
116638499
112502353
108351422
104177523
100032645
95875062
91713471
87554368
83399695
79226019
75066015
70935071
66761307
62615997
58465230
54291631
50148431
45998011
41823280
37670070
33517591
29346059
25187462
21033401
16791609
12571522
8387158
4082246
248648761
244411486
240232111
236032342
231757803
227563961
223332323
219126469
214928309
210729469
206548909
202311637
198111933
193892589
189711501
185522011
181305127
177117550
173087277
169062226
164980768
160846381
156676281
152470942
148316603
144122275
140644802
136631427
132408929
128200131
124020937
119835977
115568010
111408335
107222849
103026611
98786406
94606461
90401646
86240311
81992374
77787110
73618426
69423361
65143957
60954711
56769879
52572369
48340416
44139435
39926086
35701623
31459299
27209436
22978053
18765597
14510963
10294092
6062617
248988165
244738355
240517385
236324590
232100597
227876442
223653730
219389474
215179289
210975715
206732760
202548665
198310761
194109726
189936889
185755941
181491330
177314052
173072459
168814720
164537914
160287977
156026675
151814639
147627098
143349941
139104792
134904770
130628179
126378971
122152864
117866816
113605366
109354536
105119252
100860833
96614693
92357778
88126441
83894981
79619526
75351976
71141683
66802565
62529632
58271597
53999893
49750927
45519008
41257077
37000142
32754377
28410694
24147426
19884660
15595569
11333816
7051978
2760287
247338422
243094793
238855671
234636319
230394208
226145160
221891311
217665059
213512319
209280820
205072431
200827440
196596010
192335159
188101160
183895493
179645771
175432606
171187078
166944808
162726472
158522553
154269978
150064230
145839244
141593865
137373370
133161925
128924924
124708616
120465833
116242279
112065927
107889837
103678474
99477122
95266664
91021679
86823399
82619819
78370425
74161711
69945099
65693730
61481730
57287183
53033398
48841254
44610544
40345442
36096166
31879353
27639728
23379096
19196115
14970650
10772115
6505962
2292068
246835629
242613187
238424134
234218525
230042191
225807675
221620519
217376776
213211788
209002476
204747106
200529429
196324580
192103917
187847708
183638119
179399486
175253993
171012189
166762213
162547716
158342853
154098951
149885707
145643978
141425127
137206667
132977816
128728055
124503589
120261860
116010313
111812697
107576818
103330431
99139402
94937818
90691989
86480889
82278280
78045021
73822689
69627440
65386903
61176858
57005335
52721786
48503642
44296051
40056566
35834216
31607673
27383154
23191040
18941223
14711445
10505204
6304755
2068679
246419013
242167359
237971559
233790869
229553479
225359694
221167043
216933768
212709830
208500491
204333788
200108833
195891259
191673355
187471735
183280860
179061638
174870756
170687092
166454982
162264083
158050966
153828924
149630935
145439767
141205746
137026904
132824006
128594040
124380002
120183396
115958038
111740230
107540857
103315035
99132335
94940873
90702421
86496118
82274355
78014912
73803354
69605875
65374321
61165703
56958078
52717860
48532040
44331178
40046576
35803222
31560928
27316708
23078325
18841137
14591419
10366718
6142733
1899089
246312089
242085443
237884362
233682899
229449012
225249276
221042580
216796526
212584626
208377912
204141445
199935822
195729515
191497062
187308294
183102970
178883771
174680175
170446427
166177938
161957518
157746921
153501914
149281478
145048755
140793587
136585101
132383431
128141229
123901683
119683285
115457134
111251244
107049742
102798767
98597872
94382143
90114967
85891863
81675274
77447350
73259295
69073037
64823967
60667282
56382864
52124783
47933058
43742556
39509903
35316355
31108463
26874122
22673135
18458533
14195821
9989930
5730901
250419888
246190413
242005668
237807330
233568618
229356943
225163970
220972074
216747970
212520989
208253291
204071941
199779637
195526883
191304017
187096215
182781702
178595607
174415545
170158924
165937102
161691291
157487725
153178247
148938230
144681186
140418618
136181017
131913936
127682622
123435008
119207116
115007472
110733451
106463359
102227092
98038553
93775209
89526977
85267092
80998523
76746146
72543388
68298934
64110613
59862486
55570572
51297455
47055030
42786759
38602138
34297912
30041451
25817853
21603484
17397359
13182373
8935415
4690590
249235893
244982519
240743585
236494887
232227622
228001540
223742986
219537658
215264549
211039417
206787487
202557256
198328234
194063313
189830358
185620789
181358366
177092038
172846413
168563133
164353922
160083557
155811665
151637787
147407230
143118598
138886703
134667097
130311667
126077887
121827473
117581995
113359926
109146286
104885003
100659000
96415179
92135919
87867573
83651615
79372121
75156908
70918511
66713900
62493367
58220813
53962979
49726581
45468101
41202220
36943833
32737455
28490289
24289717
20067737
15828334
11603872
7375290
3135342
247504354
243242051
238967665
234742995
230489156
226291302
222129127
217851737
213599764
209376493
205096084
200880643
196671922
192424535
188218541
184040506
179804911
175608589
171435258
167188346
162979099
158790767
154540006
150344849
146142244
141906318
137696378
133496161
129268712
125082085
120851232
116571797
112339338
108105424
103854879
99602107
95350157
91093108
86811438
82536264
78263489
74006477
69766859
65519949
61237277
56987495
52740103
48487883
44244149
39984068
35730925
31512629
27282463
23016097
18789172
14550003
10296987
6075818
1850604
246245963
242003610
237801184
233572790
229320229
225098633
220892334
216664097
212512365
208291730
204035894
199825593
195596290
191377952
187133242
182958479
178760512
174537102
170356195
166132644
161905917
157683763
153489076
149248729
145052077
140834374
136616426
132472912
128305261
124078924
119858049
115701421
111466486
107253482
103049593
98811030
94599989
90380944
86132592
81922789
77717259
73466424
69257367
65021236
60807143
56615046
52372866
48172082
43945927
39713604
35475323
31243731
26994635
22772179
18560374
14331796
10092180
5869071
250328165
246095300
241899349
237677142
233430698
229245451
225032539
220781727
216577938
212382276
208147991
203955157
199707739
195476671
191254837
187016942
182754875
178544422
174326542
170085427
165853138
161630669
157447333
153239618
149040678
144811350
140580607
136418640
132197598
128004440
123848134
119569068
115378016
111207224
106903786
102689640
98464496
94263950
89991618
85771549
81522502
77292908
73090474
68819640
64684726
60416941
56171359
51944677
47710418
43454962
39253269
35060167
30748254
26524289
22288837
18028942
13829760
9605892
5358493
249874853
245658900
241442711
237220199
232999257
228809942
224563948
220329328
216116997
211882359
207634359
203406299
199193549
194949609
190744446
186539141
182303056
178070528
173850623
169667952
165451926
161296337
157119363
152963452
148818172
144643217
140507198
136366442
132191026
128036336
123894280
119705854
115587511
111452052
107286470
103136675
99001392
94829032
90696438
86547583
82371030
78231331
74103078
69927940
65790307
61646266
57470154
53329791
49183412
45010170
40866114
36726924
32560004
28411032
24274122
19981350
15794335
11577714
7336836
3125919
247624130
243402477
239266953
235093629
230849077
226614814
222420650
218190041
214037716
209862497
205629579
201427607
197246704
193022594
188866653
184680844
180477650
176213585
172009511
167805000
163547181
159326939
155069279
150852632
146619010
142385571
138176287
133962794
129700432
125476949
121231271
116984632
112742898
108488118
104251669
100020233
95806964
91856873
87692391
83450770
79241905
75045731
70885992
66641341
63263969
59043099
54796865
50576367
46324996
42101644
37853962
33562904
29316093
25093839
20840229
16600428
12385280
8148627
3877132
246798535
242532303
238291160
234058387
229794360
225559165
221365641
217148663
212951066
208747640
204510740
200399257
196152665
191874959
187670332
183475332
179234576
174990362
170769093
166508846
162289201
158055450
153819147
149584686
145368034
141136486
136889253
132682056
128448874
124207178
119975708
115720379
111543595
107312560
103078154
98845713
94606238
90360758
86154860
81968982
77716260
73495415
69273084
65024671
60782067
56584660
52314666
48103270
43900969
39630786
35402008
31191510
26934049
22750785
18553180
14296706
10114224
5893096
250341505
246104226
241918920
237713153
233427725
229235041
224997865
220763546
216567579
212369385
208101264
203939444
199704920
195462109
191236818
187024010
182775493
178600663
174330581
170095475
165873501
161649611
157387588
153139757
148896650
144621722
140371461
136154927
131890863
127628671
123378103
119102545
114857020
110592264
106334498
102179766
97877131
93609017
89386007
85162047
80904356
76664648
72424209
68169819
63931305
59680874
55421978
51182791
46931786
42688305
38451473
34219906
29964413
25734106
21518320
17268246
13057733
8837596
4629913
249266250
245069052
240897382
236682397
232496787
228255166
224041439
219780569
215567506
211368300
207107804
202897521
198690327
194453437
190259162
186019537
181790224
177579624
173344555
169095609
164881125
160737157
156385695
152123427
147883745
143723739
139453524
135233323
131008740
126786330
122528499
118383748
114120227
109865380
105625451
101393276
97204905
92929220
88683402
84425552
80184743
75965259
71708940
67477200
63300193
59010140
54778661
50536423
46350814
42065113
37828759
33565514
29353842
25127328
20875407
16694059
12489725
8242941
4047867
248604649
244386213
240191420
235996623
231758555
227535906
223379167
219105641
214893705
210693339
206451606
202246828
198029986
193790148
189572696
185393870
181172693
177026127
172762084
168487643
164246408
160081299
155810161
151605640
147359508
143097396
138860633
134629265
130369423
126146238
121910938
117625654
113409442
109212310
104932893
100744627
96507529
92280782
88081112
83858871
79626399
75418792
71197039
66963267
62731957
58494215
54238116
50011210
45764533
41522075
37283879
33047857
28789759
24572804
20361512
16089924
11870790
7615842
3357210
247843016
243582838
239410854
235209784
230939261
226741695
222528164
218292054
214090508
209888106
205652873
201458226
197231937
193004562
188824956
184629971
180406216
176199921
171964284
167737432
163502925
159355780
155083855
150864257
146625907
142379535
138169767
133918479
129640311
125391735
121146187
116882831
112645087
108392159
104119358
99864486
95588877
91322615
87112309
82884832
78597187
74375058
70140065
65851555
61629547
57362979
53083900
48838128
44648583
40350680
36134653
31917635
27638648
23392276
19129831
14861801
10660247
6353843
2125535
246608139
242393036
238183475
233979343
229733015
225521563
221309910
217025245
212836240
208665079
204436683
200233199
196026687
191796792
187607878
183327023
179086420
174869144
170674458
166388691
162184196
157976492
153740312
149529239
145312973
141124787
136852753
132654236
128419022
124245794
119975748
115735204
111518812
107287294
103035759
98827210
94589467
90328399
86099115
81918374
77650928
73338476
69092698
64799646
60576349
56340413
52074282
47831847
43596305
39321430
35087853
30855468
26612386
22384368
18178393
13888471
9670754
5416174
249918271
245694010
241481196
237303579
233031194
228812821
224624640
220328795
216101710
211845809
207580914
203359367
199133465
194869104
190645393
186402398
182143090
177901253
173661652
169350676
165123902
160888922
156687447
152424472
148188037
143930463
139667131
135441861
131216534
126992637
122793448
118555630
114327496
110134936
105889034
101655041
97401879
93172820
88958718
84743979
80488920
76278719
72095822
67872076
63664671
59458080
55214244
50993645
46750131
42501582
38275555
34079292
29821742
25605334
21366133
17181189
12924740
8679664
4398804
248594232
244344093
240150017
235927107
231677090
227467169
223237179
218983029
214761690
210551492
206284956
202137985
197847093
193575319
189386786
185134667
180902925
176662742
172450238
168204793
163961773
159772526
155523394
151287271
147087394
142817780
138625068
134406677
130138174
125941250
121715791
117445575
113222256
109006494
104776780
100535231
96322080
92073894
87825575
83593089
79351097
75124121
70898329
66649194
62429598
58215885
53964117
49701154
45445913
41170553
36921037
32693369
28435948
24229864
19995828
15770472
11552899
7350383
3081632
247625767
243390151
239217508
235007133
230825490
226577966
222395347
218170843
213935221
209709283
205479847
201256656
197028791
192799455
188620342
184419863
180190560
175933671
171730103
167496076
163291544
159033177
154807421
150593888
146381028
142144172
137927079
133731891
129496046
125301450
121103705
116897559
112690571
108461018
104245335
100012747
95764840
91560798
87320352
83093509
78886680
74701243
70475263
66291935
62101129
57874844
53694758
49557714
45342270
41179314
36964151
32736926
28551287
24347181
20123684
15940121
11758464
7540109
3356662
247676476
243460527
239274889
235098873
230828870
226581837
222407513
218168478
213937869
209677540
205406313
201206140
196994287
192718920
188515923
184319988
180071211
175877035
171641753
167391461
163164446
158934841
154668795
150463259
146241044
141979724
137759031
133501783
129244462
125000889
120762676
116495791
112317567
108065248
103769289
99516618
95340209
91045546
86823316
82605104
78365532
74184453
69971672
65731649
61520470
57298686
53058534
48836858
44640554
40401749
36136781
31875680
27614379
23357841
19110476
14844170
10612599
6380267
2116335
246691296
242461336
238274997
234056161
229825795
225621292
221402223
217166314
212947539
208748763
204518555
200335655
196104863
191871504
187658948
183450909
179262875
175014392
170785832
166518164
162334866
158098701
153849816
149616198
145413382
141149586
136931812
132712316
128464818
124242788
120021612
115787005
111552591
107332731
103107066
98877034
94666404
90413226
86182010
81952679
77711893
73483207
69234589
65002379
60751872
56596032
52302382
48090841
43861774
39602432
35363884
31130168
26937606
22663130
18432987
14197195
9996044
5811527
250382526
246128115
241906944
237673151
233398861
229224552
224935523
220693767
216479387
212255210
208017288
203800847
199581438
195378805
191088150
186855127
182652697
178393980
174138587
169886591
165623005
161366235
157100325
152795713
148549731
144272464
140040065
135802357
131536665
127287829
123018210
118753286
114530165
110346265
106072038
101853070
97594968
93322543
89066451
84792073
80567625
76280045
72073742
67794286
63584965
59355957
55091858
50864414
46601560
42346054
38073522
33840080
29582103
25340755
21083112
16825447
12590389
8349802
4070052
248569734
244321267
240065571
235844626
231594976
227361097
223134051
218871336
214623892
210417380
206187753
201963088
197764190
193526497
189374233
185117625
180878332
176702975
172427543
168196577
163967181
159739123
155502830
151283280
147069081
142825185
138609748
134452364
130170660
125964891
121718511
117435180
113206091
108962528
104705258
100453257
96231903
91959749
87680013
83499075
79291123
75066382
70800291
66553182
62354441
58130702
53931531
49703072
45474872
41223469
37038326
32816903
28528929
24329948
20109997
15852427
11628113
7389554
3112953
247421389
243163217
238906561
234616534
230345550
226106962
221849206
217609073
213428507
209214749
205000144
200805319
196577905
192335048
188147297
183929352
179686120
175464874
171250836
167010748
162788425
158581414
154347133
150150206
145943571
141716900
137494373
133275650
129025381
124781378
120568652
116338750
112187297
107938385
103666826
99487806
95255382
90976428
86749724
82438527
78186772
73960257
69722916
65469265
61245522
57056718
52798153
48589875
44353610
40101907
35887342
31635481
27385721
23142200
18917755
14665181
10494231
6256348
2003575
246482957
242280502
238093358
233940151
229666863
225481414
221254624
217029292
212829384
208649180
204418166
200231375
196024445
191789809
187591238
183408236
179179384
174987583
170803458
166630093
162451416
158326620
154088145
149902565
145729864
141441503
137256285
132995075
128759708
124535293
120282328
116027553
111787609
107556610
103342953
99138403
94937470
90737327
86469252
82280350
78053987
73833973
69617448
65351500
61144146
56915753
52686582
48430963
44187574
39918999
35691754
31440400
27180138
22937843
18701549
14447884
10227062
6016742
1751797
246378316
242162825
238006534
233792937
229603457
225333714
221131759
216900702
212715660
208511211
204250468
200076837
195865893
191631082
187430906
183247031
179019172
174835227
170626740
166394135
162184986
157981127
153758663
149551887
145417811
141172082
137011314
132844856
128654879
124390786
120174958
115963901
111693961
107476463
