17789
23793
17142
27316
18269
12849
26531
14327
21538
18963
25549
20429
23076
28447
19266
25111
26938
27701
12771
23693
18457
24731
24267
17769
21266
22120
21553
17782
26098
18696
20620
27478
18607
24507
18552
27533
24070
13373
22073
33770
24429
16874
25954
21846
20044
28013
19356
21015
14376
15112
26487
28093
15575
28318
18091
24696
25337
23782
24382
17209
25429
18736
23966
11182
25583
14709
21582
18051
25380
28966
16248
16778
26487
24255
25689
19851
16193
23964
25874
26311
13089
27007
17425
22096
27272
24193
22458
17442
13380
28359
22411
23321
10446
26980
21992
17262
20545
27097
16422
22047
27704
14593
20685
28787
16620
23138
24973
23980
23319
17284
12553
28215
18780
25375
28007
26550
10530
29010
18222
23425
16625
17427
25644
29462
11247
28175
19043
22067
14900
29399
18020
22966
12538
27500
19642
23206
14740
27653
19420
21914
25718
14894
20589
26413
23671
17629
13236
26718
17366
25087
25454
31611
24089
17231
25569
22145
19173
27528
19524
24598
25796
23387
24002
22362
15063
19396
21850
18839
26311
20493
20813
28035
19143
21884
26978
14932
20733
28205
17345
25117
14944
28149
19342
23889
14853
27872
18731
25095
14914
27385
31064
27169
19533
26820
17991
24745
29695
19620
19848
27202
18135
23632
15256
27387
30071
17126
17971
28227
18642
25020
25545
22687
20215
27514
19523
21814
25319
30482
24270
27336
36324
22288
14940
25897
17718
22310
13655
26763
15150
22880
14765
25894
17528
20084
24008
21905
22563
16803
24250
26797
21463
17167
26367
23190
19925
15293
24835
23690
22123
22230
14180
26722
16342
22515
24628
21498
21770
25776
17826
21560
25502
21800
21788
26588
17760
22050
25045
20423
17365
26243
21552
16110
18285
26575
16953
21725
24795
26360
21576
20633
14810
22352
13580
25658
21652
18727
22146
26967
19714
21280
26003
13036
18895
25453
22527
15480
23845
22370
25043
17842
24374
22994
24944
18170
24120
35326
23150
16714
23820
22347
25220
18095
24057
23225
25547
20843
10363
27810
17713
24693
18083
25618
17010
21065
24550
22725
30667
19246
25030
33856
25377
31337
27523
29027
9940
37585
16122
34025
18643
32133
21740
30237
21648
30012
24230
30710
10954
30786
28706
33293
28450
30113
28978
32228
13650
31595
21118
31158
17793
31993
29468
31003
15185
30378
24680
32010
11396
30468
14854
30440
27572
31195
23706
32563
28606
31353
15390
36558
26297
29425
19056
32390
13055
29896
24512
32422
11076
31226
25616
30877
27170
30456
17817
31587
30063
38663
25835
32043
14840
31226
28713
31035
15138
30408
24438
32002
11282
30928
14290
31155
27425
24850
17648
26733
19138
32730
27783
13810
19057
24608
20788
17556
18711
25339
20333
21946
13198
25603
20140
16794
18030
25060
20181
16930
18009
27794
27491
18802
18775
24072
17872
20845
23607
22378
22595
17001
23691
21692
21354
16427
23061
21804
12308
20548
25655
22153
13851
19611
22803
22803
16820
26311
17199
19661
23135
21319
24577
23007
24371
22065
14433
21670
32543
21555
25085
16624
23464
21905
23872
17112
23177
21030
21683
15290
23259
23961
12278
24499
19801
22398
10981
24568
20448
15639
17273
24470
26261
25321
12535
23638
13087
20155
23163
25584
22050
16901
11830
23644
13097
19742
23001
21023
21003
16879
17699
24832
12621
20287
24115
19396
18641
24246
20133
22218
9442
26392
19997
21447
23290
27235
21603
15295
23493
21312
19556
21212
21703
17389
24026
21516
20214
15886
23130
22303
19927
15984
22989
22342
12901
19899
20259
25428
14780
24857
16386
22103
23690
20883
20725
20490
12734
24110
19740
26624
11650
24827
19883
27212
14486
24555
30052
18414
14088
24741
19915
26192
19188
24099
20125
22565
9952
25079
20277
22711
10779
23752
26560
26528
18927
15326
24420
21419
23326
16558
23730
19087
15695
24071
20107
21963
11321
25717
21021
15338
9199
25208
19872
15387
17345
34205
20393
23374
18882
24354
17869
24358
19892
15894
17469
23068
19267
20626
20010
25177
23297
22706
18361
23833
21860
14583
22306
21274
18859
20303
21418
24158
14541
27403
16208
19032
22573
21795
20517
24224
20206
16260
22520
20106
24470
18536
17203
23936
19215
21360
19445
19890
19206
29802
16783
18042
23227
21043
22415
17371
22281
20949
24478
16980
14043
23576
20479
27293
22929
23687
20956
16892
23139
21233
23857
17477
22213
20849
19270
25811
12247
19654
22900
19160
16328
23867
19622
28643
26811
23665
18778
22220
17471
22982
19111
21784
8594
23434
18473
20918
19153
22916
20262
20947
27580
13155
18653
22991
14643
18557
21913
20300
19166
19435
19900
13914
21566
20186
18420
19993
18485
21303
18200
23451
19209
16068
17609
23740
19049
24238
18089
23180
19220
15802
21755
21582
12734
29920
14822
18542
21525
20278
19207
21089
15449
23862
15078
18923
21624
19889
18483
20085
19128
24580
14733
26120
15324
19429
22005
19258
19402
13786
21689
19669
26084
20972
22977
20134
11914
18178
21805
20842
19171
20115
11257
23013
19147
15085
22876
20242
22782
16371
22349
22218
19431
14934
21900
20512
23074
25533
21432
34004
21681
19500
18060
21138
18353
20280
18656
22982
18874
23791
17456
22900
18408
21200
21469
23545
18599
19846
18550
23836
21351
21062
18088
22556
18249
20140
18874
14782
27010
20295
12751
24660
12444
25511
15486
25403
13646
24706
14718
24291
11882
24800
20228
22982
18606
20311
12235
23297
12200
17969
22406
20255
13627
23860
14736
24062
12268
19209
21967
20009
18309
19325
18176
20249
18651
19266
17613
19131
18886
14291
20782
19773
18092
19113
17867
18947
19152
27922
21353
23262
17809
21087
27042
27016
9063
26257
13658
26555
27335
27953
8472
26923
21412
28317
27206
12956
22030
25592
20912
19537
30800
26187
21604
27289
17904
26300
17129
19848
25324
22034
20953
22264
15805
27482
13482
28133
14842
17600
21145
21711
21598
22500
23089
26358
23775
27046
24598
27591
17603
27104
25038
26111
24236
27131
24371
26814
21575
27777
13093
26834
23902
25859
24284
26909
19017
26987
24604
26724
24526
26625
25246
27259
19949
27592
24253
26960
24717
25098
22018
25103
16328
27931
24599
26696
24713
27460
24860
25609
17240
28620
10844
27106
23800
26807
24498
25384
16018
27154
23347
26918
24669
26392
24660
27594
16804
35578
19888
25303
20368
22103
20450
22448
20876
22177
21438
22139
19909
9326
24792
22420
20753
22792
24215
22455
20813
21847
21083
22336
17384
27342
13004
27523
11100
26042
24005
25314
20877
21634
13072
23220
17573
18687
17229
18364
22823
15804
21620
19969
20641
18990
18014
19397
11678
23788
22684
15724
21088
18842
17645
19017
17672
18340
20907
14123
20593
19168
18132
21034
17156
19004
18034
19774
20616
18293
17130
20608
17645
18940
19975
18152
18420
21384
16962
18578
16922
18008
17045
19213
16263
20409
16971
18232
17073
31337
19135
21306
12330
24466
17358
18336
17166
18066
17394
21487
12524
24021
13322
23460
20609
14195
20433
19301
17387
18267
17464
18012
18642
23212
16832
18552
17226
18778
20370
18282
23007
22845
17367
18326
16730
18769
18725
22324
17588
18340
16878
18120
18132
22141
20645
14391
21070
18120
17098
18172
16684
17686
17308
17776
16948
18346
16954
22937
27700
21146
16379
17466
16392
18259
17240
23118
16782
17771
16341
18253
17134
17724
17340
18844
18902
22137
16739
18577
17414
18003
17653
21393
16753
17358
16722
17560
17516
18410
16537
18058
16932
20850
16559
17934
16701
18853
16310
20200
16679
17562
16944
18069
16976
18038
16900
18558
16413
20632
17092
17252
16592
18424
17429
21008
17263
18163
16272
19575
16693
17347
16676
18711
17125
20275
16811
18069
17049
19409
11506
20382
16522
17180
16375
19539
19992
17622
16271
16678
19508
17765
15869
27833
14622
21991
16531
18262
33026
28515
23054
26905
23053
24345
22364
13751
22612
24740
22856
28509
21914
26222
21360
21509
21251
22088
21489
22565
26767
25434
21357
21389
20945
23440
21751
24582
22766
25478
21898
25007
22420
24409
22553
21220
21776
20849
21144
21419
21942
22480
20874
25106
20922
22555
22562
21076
21765
22073
21500
24256
22122
21402
21807
24947
22509
23560
21893
24829
22180
20954
21055
22989
21091
26871
21449
21360
25354
22226
22203
13656
20498
24229
22027
20811
21980
20982
22054
21385
21375
21396
22327
21902
21922
21907
21427
19854
21918
22595
21958
24558
22249
21851
22478
23454
22455
26251
21986
20647
21974
20951
21284
20667
22265
22891
23422
20631
22485
24194
22037
30682
9675
24059
20077
23766
22053
19713
21812
20892
23671
24516
21205
22417
26468
24376
22240
24608
21442
21838
21754
24626
23219
23050
21024
21290
21456
24937
21443
20114
22326
19532
21250
23961
21921
21263
21354
19441
20921
21505
18095
24554
21190
20874
21014
19714
22146
19550
20534
23191
20556
19941
20890
21109
21234
21103
20830
19064
22061
17378
15608
17342
16660
19040
18528
17409
18385
18016
18730
16414
16305
24404
16347
16461
15437
16375
15699
17116
15914
17846
18443
19445
15424
16861
17013
20296
16337
19168
15981
17135
15939
20031
19638
17075
16353
16191
17825
17395
20818
17405
18503
17217
15589
19370
15887
18479
16003
21821
16844
16950
20558
20873
18738
17168
17258
19204
17410
17267
16649
19502
15603
17437
16110
17366
23229
9735
18785
19757
16551
16887
15979
16409
15913
16487
16319
16581
18681
18200
16142
19103
16334
18234
18951
18913
16325
18081
16422
17013
15726
19259
18683
17551
19292
17683
15295
16986
15034
17118
17169
18867
15755
16737
15230
22803
16482
34902
16276
16370
17445
31460
14734
15261
14557
16857
16766
17542
14454
16041
19806
17369
17216
15903
15694
19372
17012
16494
15161
16427
13883
16613
14478
17914
17884
16935
20034
16231
14540
16130
15281
15927
16863
16033
14995
15209
14135
16042
14397
18557
15198
15413
14922
15649
14218
18507
17374
16246
17532
19817
18050
18020
15859
16372
14649
18776
16172
15613
14401
18205
14370
16582
15079
15482
17428
18509
15343
16448
16130
16551
20358
17959
15337
15721
14238
14551
56485
37162
18309
18749
17958
15941
14685
15612
19617
17416
15562
17836
14648
15784
17275
16613
17169
16360
14526
18023
15034
14818
17470
18767
15627
16274
17215
15246
21093
16002
14110
16484
14713
15976
14638
17751
14736
15575
20487
17225
13893
16081
20882
15738
16648
16129
13887
15602
14298
15750
18733
17362
14425
15520
14991
20612
14503
16328
14501
15226
17008
15936
14268
16069
13760
15930
14626
17520
18063
19813
15185
17232
14884
15858
16521
15762
16712
15414
14244
16772
14677
16377
17971
15708
17361
17382
14680
15636
15258
15640
17464
16346
16624
15729
14354
19333
14951
16504
14480
17401
15278
15618
14870
15409
15147
14752
14797
16464
22764
16359
14077
15110
14978
15885
17235
16496
16104
16186
14794
16287
14550
15197
16079
16712
17526
15660
14886
16639
14125
15819
18080
16423
16598
15563
15223
16813
15243
19065
15081
15126
16937
15410
14927
15860
17223
16560
14689
17435
17827
16089
14341
15342
15073
15188
14885
14657
16829
15760
14633
15854
14961
14869
14786
16712
15357
17859
14491
20770
14978
15366
15139
15372
16718
15993
19285
16871
18378
14376
12007
12567
14042
15939
12237
12812
13972
12737
11905
14839
15075
13358
11926
12838
14180
13223
11618
15595
12241
13633
11750
13097
11753
14875
11744
15247
12718
13221
12040
12638
13965
13191
11521
14789
12009
13097
11790
14665
12193
13464
12195
15431
12486
13222
11946
14888
11611
14966
12036
13580
11872
13421
12034
13525
11890
14802
11660
14978
12636
13196
11453
15079
11849
15252
11711
14924
11830
15832
12322
12478
14120
12995
11723
15040
12238
13284
11857
15005
11565
14869
11543
20485
12148
13240
11900
13063
13810
12996
12013
15295
12701
13583
11683
12319
13512
14697
12310
12628
13514
13612
12263
12985
11510
14880
11787
14821
12305
12546
11544
21439
9406
15717
11818
14854
12188
13079
11977
14706
11428
15385
12109
12779
14228
13148
14275
13659
12220
15453
11817
15534
12350
13115
11412
14998
12088
14912
11695
14937
11900
13523
12119
14991
11801
12882
11628
15224
12765
12768
11557
13003
13901
13005
11996
15824
11882
15717
13224
16696
19106
17968
14742
15438
16810
16877
13899
16358
16692
16675
14382
16200
15966
15835
14361
16132
19318
17386
14487
15593
16577
34013
15265
15910
14609
16489
13993
16231
14001
16455
14263
15078
19495
17595
15824
15295
16062
16147
15002
15826
14106
15150
15360
15987
14811
15909
14505
15568
14756
20269
16201
18542
14311
15538
14272
17247
14681
16071
19364
19126
16705
15431
16123
16655
17484
15191
16628
17377
15873
15359
14019
16800
14982
16841
18326
16423
17596
15251
13595
16618
14499
16471
16815
17325
14721
16092
14280
16087
20446
24093
17088
16338
14510
31070
13809
17857
15225
17763
14676
15718
16374
18098
19028
17924
16302
16685
14508
15294
14483
15420
14664
16244
18319
17650
14607
18994
18362
16077
14290
16701
14592
16175
15231
16645
16672
15641
14596
15985
14434
18419
14894
15180
16840
16428
15356
20421
14268
15280
14096
16077
16339
16863
47043
21978
13578
13892
12241
26507
11559
12684
11516
16121
11621
15073
11604
15056
11576
15167
12450
12856
11436
14974
11658
15833
11909
13064
13596
12775
13768
12816
11669
16283
11775
15063
12366
13417
11892
12660
11799
15929
11693
12988
14177
13138
13600
18396
11888
13209
13726
12860
15037
13247
11930
14408
12031
13276
11463
12931
13745
16355
12355
14915
12107
12801
13836
13051
14347
13009
13693
13265
11969
15548
11617
13037
11395
15219
11668
15134
12000
12938
13526
12989
11583
15691
11563
12754
12463
15511
12718
13286
11735
14731
11687
15194
11775
13090
14166
13469
13870
13372
12058
12808
12777
10564
14615
13432
13644
12742
13687
13356
11884
15335
11882
15289
11925
13152
14263
16699
12443
12543
11337
15186
12086
12662
13677
13199
11815
14983
11895
13014
13773
12897
14795
13223
11854
12717
13785
12978
13629
13422
11443
14976
11526
14695
11539
14951
12190
12828
14240
13612
11761
12652
13833
12923
13397
13454
11513
12979
11364
15102
12571
12996
13938
13008
14587
15503
17142
16524
16050
16376
16838
16191
14403
19338
15808
15545
17180
16393
15147
17903
15276
17968
14796
16120
16957
16005
34501
10543
16797
16255
15423
31617
14250
16170
14067
15530
14832
15590
16943
18053
20163
15746
14142
16609
15628
15845
18668
16780
14586
15770
16496
15700
14849
15635
14213
17741
14420
15420
14713
15514
14727
15181
14460
16458
15306
16766
17154
15459
18147
16203
17683
18178
14639
16118
14421
16018
14910
15768
15059
16310
14011
20106
17650
16698
16640
16143
16783
17999
16126
15870
18272
15825
19696
16883
17695
15912
14415
17152
15210
16702
17078
15634
618268
553369
496888
428674
359049
289375
200305
129555
48810
130132
389800
313625
246022
179588
112843
45673
23496
12751
11018
11079
10045
11061
10859
15581
9828
13283
9369
12219
9326
11989
9268
12549
10424
12477
11988
10946
9716
12339
9370
12307
10200
10803
11233
11082
10855
10294
9651
12058
10058
10792
9376
9846
10952
10194
9548
12250
9337
12074
9192
11997
9293
12819
9915
12268
10123
12623
9643
10046
11068
10035
11384
10112
10968
9878
10718
14264
9707
11602
9457
11682
10063
10811
9375
9835
11085
10104
9266
12002
9285
11457
9835
11927
9328
10150
11316
10103
12078
10776
9443
9900
10877
10003
9577
11686
9700
9834
10739
10504
9284
11492
9635
11855
12185
11140
9854
9941
11180
9809
9562
12113
9307
11533
9279
11731
9264
10152
11863
9890
11953
10664
9340
12031
13584
10600
11232
10046
10961
10106
9176
11555
9384
11562
9484
10360
11922
10644
9494
10530
11240
9776
9197
11848
9304
11493
9274
11650
9431
10099
9340
11739
10176
12526
9685
9938
11192
9910
9095
11827
9155
11667
9382
11507
9201
11821
9703
15507
20577
17519
20512
29994
21232
17347
13037
14268
13000
13995
12527
15356
12372
13301
12326
14912
12286
13392
12269
15330
12554
14292
12638
13140
12289
15551
12563
13475
12453
14942
12311
13689
12630
15268
12607
13862
12481
13970
12716
15229
12442
12798
12329
14669
12185
13808
12620
15696
12509
14657
12607
13371
12774
14697
12789
13537
12409
13180
14106
13343
12729
13237
12269
15577
12465
13850
12446
12951
12451
15017
15598
13596
12259
14927
12331
13050
12348
15332
12840
13309
14474
14104
12210
13410
12351
14701
13023
13690
12403
12979
12092
15326
12720
13193
12573
14964
12395
13774
12359
13315
13932
13327
12711
13220
14223
13953
12478
13534
14164
14201
12424
13413
14290
13714
12711
12983
13879
13359
13075
14364
12505
13783
12300
15014
12526
13385
12753
15423
12520
13591
12302
13152
14123
21862
13237
14377
12436
13132
14420
13132
13943
13647
12543
14927
12396
13390
14105
15033
12533
13654
12767
15226
12457
13427
13941
13564
12484
14956
12666
13490
14164
19266
12698
16091
12436
13642
12660
15630
12545
13452
13857
14111
12681
14839
12681
19156
11992
15832
12699
13477
14229
13332
12660
15229
12931
14026
14221
13885
12486
15049
15812
13270
14187
13439
12444
15309
12674
13520
12313
15434
13374
13836
13788
13390
15313
15197
12469
13401
14037
13717
12292
15650
12676
13663
12452
15308
12363
13440
14088
17858
12697
13291
12608
15124
12666
13369
14319
13371
12408
14948
13003
14155
14414
17957
9834
15358
12469
13354
12545
15300
12129
13114
13897
13290
12692
15737
13032
13266
19762
13601
13845
13312
12567
14954
12662
13368
16191
13490
12662
15312
12751
13442
16689
15350
12549
13085
14146
13358
12385
14891
12923
13131
14423
13191
14590
13651
12625
13927
12891
15251
12584
13254
14260
13385
12447
15102
12635
13413
13926
13391
12264
15579
12295
13254
12870
16385
12566
13562
14244
13879
13903
14320
12392
15179
23897
13472
12246
15099
12129
13199
12622
15542
12819
13337
13665
13146
13918
13519
12437
15050
12205
13233
13377
13044
12568
15573
13076
13256
12530
15198
12213
13369
13646
14383
12485
13085
13846
13236
12485
13168
14045
13624
13337
13808
14311
13570
12703
14123
14375
15731
12535
13387
12175
15018
14812
13415
12267
13751
12793
14816
12804
13959
12386
13536
14073
14303
12915
13537
12727
13407
15240
13285
12070
13284
12221
15773
12532
13342
14105
13265
12291
15517
12361
13815
12670
13691
14784
13796
12488
13940
12478
15250
12543
13212
12129
15057
12361
13950
12442
13139
12150
15392
14640
14589
12543
13839
12615
15054
12347
13304
12375
15534
12409
14281
12826
13549
12585
15523
13249
13954
12305
13149
12407
14930
12763
13556
12767
14827
12485
13858
12810
14333
12476
13619
13411
13774
12579
15321
12227
13355
12297
15389
12232
13136
14037
16592
13573
13669
12510
15417
13060
13916
12583
13488
12318
13479
14032
13274
12376
15507
12530
13952
12576
13474
12118
15052
13035
13426
12143
13500
12691
13292
14319
14026
12576
13533
13949
16068
12565
13332
12228
15732
13120
13520
12596
13335
12634
15856
12394
13380
13997
13222
12115
15068
12532
14033
12718
13484
12865
12955
15326
14246
12661
13725
12355
15435
12836
14391
12666
13455
12152
13058
14033
14298
12612
13762
12500
13491
12188
14924
12208
13471
14013
13262
12877
13459
12273
13397
14211
16233
12699
13623
12695
13746
14558
13231
12468
13306
13820
13438
12960
14115
12625
14069
12238
16363
12221
13526
12379
15106
12599
13337
12387
15064
12196
13058
14603
13415
12399
13371
39093
20643
15540
13778
12390
13289
12630
15187
12298
13591
14168
22055
12744
13594
12236
13458
14079
13482
12880
13639
12525
13421
12277
14892
12507
18080
12776
14057
12675
13475
12096
13072
14118
12971
12751
12978
12298
12907
12351
20295
12316
13275
11788
15919
12396
12881
12113
14527
11999
12904
12840
13196
11976
13765
12224
14873
12199
13284
14066
14112
12889
13016
11865
13332
14455
13213
12660
13427
12420
13003
12172
14790
12197
13313
13863
13914
12624
13218
12259
13061
14075
17766
14735
13367
12165
13138
12468
14877
12204
13251
12311
15383
12471
13507
12083
15851
12269
13079
14676
13546
12751
13358
12702
15066
12178
13671
12760
15995
12073
13390
12472
14977
11982
13155
14579
13692
12292
14892
12180
13494
12149
14711
12289
16513
12634
13515
12506
15122
12080
13292
12978
13224
12023
14657
12239
13017
12074
15197
14609
13839
12329
13117
12082
13165
13809
13643
12999
13436
12355
13293
12257
15504
12043
13121
13877
14200
12388
12972
12236
13125
14021
13319
13089
13229
12143
13598
12797
15493
12412
13024
12042
15456
12612
13066
12590
14747
12054
13353
14382
13928
12239
13442
12390
15083
12234
13375
11878
15555
12409
13132
12917
14886
12490
13995
13448
13631
12606
13112
12332
14743
12007
13115
13870
15691
12167
13215
12250
15343
12233
13065
14847
13380
12322
13262
12202
15289
12298
13482
14050
13442
12304
13420
12402
15040
12335
13044
12562
13142
13867
13531
12172
12973
14067
13784
12260
16096
12637
13444
12178
15256
12166
12890
12734
13445
13810
13344
12395
13300
13972
13955
13045
13653
12449
12950
12142
14957
12231
13354
14330
12816
12329
13144
12546
19005
12453
13062
11896
15199
12730
13406
11935
14816
12214
13220
14410
12948
12003
14432
12544
14924
12109
12883
12480
14993
12140
12921
11970
14766
12011
13075
14255
20088
6330
15367
12026
13217
12166
14776
12555
13273
12082
12710
13772
12822
12008
12791
16631
6638
14896
13398
12054
13012
13618
13290
12323
13015
14005
13680
12399
14820
12407
14440
12632
12991
14310
13251
12125
13172
13932
13736
12494
13111
12082
14568
11920
13107
7796
15170
11832
12923
13559
13249
12109
12996
14495
13342
12113
13328
14220
13347
15198
10733
14238
13004
12118
15148
12182
13573
12620
13533
13958
13490
11833
14730
12532
14673
12743
13572
13999
13274
12194
14822
12229
13321
12375
13770
12303
15225
12087
13044
12583
36710
17020
31780
24220
31293
23664
31167
23050
30716
18610
19017
13926
27667
29904
12900
24263
22617
31093
31107
22803
30310
23144
30376
25600
24130
11624
30757
30493
30996
18667
19086
15117
48731
23030
24305
17473
20055
18149
21827
18470
19150
17680
21293
17529
18816
17423
20554
17979
19468
17815
18719
17611
18876
17626
19390
17816
18756
17185
19135
17687
19300
17918
19164
18189
19249
18224
19110
19545
21430
17678
18866
20521
21194
11259
19686
20917
18822
17262
18887
19702
18675
17831
19300
18867
18744
16789
19359
19914
19273
17463
18789
19165
19673
17278
19131
21076
12674
16650
19239
19302
20295
17893
19738
19526
19297
17175
19443
19050
19415
16721
19819
19662
19683
18098
19392
19596
21104
17252
19467
19882
19630
17598
27378
17568
19782
17626
21037
17443
19680
17907
21024
17239
19327
17371
21537
18664
19653
18278
19934
17415
19569
17340
19567
18259
19980
17458
19720
17558
21387
17235
19334
18044
21182
11260
19237
17072
21253
16854
19377
17795
20880
11535
18999
16700
22023
17655
19030
17749
21379
18379
19484
17929
19071
17452
19074
21436
22261
12008
19417
19194
19483
17777
19293
20154
20465
10936
19406
20144
12545
17497
18957
19668
19201
17085
19668
17327
19377
17232
20952
19132
19452
17391
19240
17572
18878
19449
19904
18447
19096
17247
19719
17439
19307
17167
19135
28082
19089
17192
19746
19200
19759
17251
18798
19462
18806
17351
19216
18930
19330
17504
18791
20225
20090
18696
18942
19147
19733
17254
18939
19824
19643
18235
19536
19317
19858
17786
18634
19277
18997
17199
19032
19219
20525
17358
18998
19566
19664
17565
19448
19479
20970
17433
26393
18851
19119
17135
21632
17227
19553
17672
20614
18052
19637
19124
18685
17582
19216
18856
19434
17921
19250
16850
19889
17138
19177
17358
19706
18059
18844
17285
19567
17153
19884
16934
19427
19937
19409
18662
18960
19554
19560
17498
19680
20660
21775
11704
19798
19482
24929
18969
22850
21952
19349
17334
19279
18782
20870
17844
19090
17514
18834
17395
18806
17213
19020
18029
18861
17322
19471
17354
18898
17397
19399
19429
19413
17639
19223
19530
20580
17200
19956
19991
19240
17116
19209
19701
19517
17077
19086
26781
20232
17409
19927
17988
18488
17362
18762
18835
18705
17307
20989
17557
19198
17277
20493
18236
18647
17390
20856
12089
19147
17355
20992
18331
19002
17315
21489
11977
18576
17783
20460
18892
19369
17670
20959
12308
19045
17617
20751
18114
18855
17522
21033
11441
19099
17370
21490
21254
29900
18190
11833
17039
16155
16643
16520
17386
16947
17024
16171
17185
16391
17931
18440
18675
12116
17294
17134
16220
16553
16703
16617
16818
16901
17618
16354
17782
16232
16812
19263
9426
18125
17178
19326
17290
16413
16667
16476
17237
16032
17930
16410
17281
16356
17693
16251
17081
16329
16885
18518
17403
16411
17253
18830
17610
16247
17051
16006
16952
16091
17762
16685
17196
16386
17109
18771
17920
16520
16625
16074
16440
16372
17389
16248
16641
15951
17614
18827
16535
16626
16886
18591
17485
16202
16981
16637
16415
16014
16405
16342
16526
16355
15255
18895
9045
17699
16762
18655
17020
15755
16168
16098
16268
16494
16755
16399
17906
15683
17996
16778
16747
15729
16576
18640
17510
16225
16477
16073
16624
18442
17053
16087
16506
16252
18517
16570
16727
16488
16485
18379
17025
16025
17736
16418
16547
16253
16661
11571
16628
19475
17173
16365
16629
16653
16530
16156
14739
19393
8789
18073
17246
16092
17098
15903
16681
18433
8798
18113
17011
16127
17179
17001
17031
18617
17033
15937
16618
16239
16671
16067
18093
16279
17026
15772
17117
16289
16560
18614
17849
18435
16764
16320
17118
16117
16817
16180
24025
17256
16663
15878
16912
16219
16617
16600
16207
18367
16873
16361
16686
21887
16763
18290
17010
16139
16043
27158
16899
15785
16364
17329
16042
17689
16792
15760
16276
15939
15891
16185
17066
15911
16374
16084
17510
17948
16183
17929
16385
17949
16409
10623
15708
15760
16121
18165
16170
15972
16010
15776
16514
18424
8559
17671
16690
17757
16357
17860
13414
17400
16050
17643
9954
17806
15920
21879
9054
17501
16135
15934
16934
15643
16918
17857
16386
16459
16228
17856
10007
17533
16990
15915
16576
15614
16445
15729
16085
15571
16184
19012
16604
15502
16724
18127
16229
17557
16618
16138
16422
16087
15905
15753
15680
17542
16056
18889
14051
17448
16068
30911
7406
17337
15751
17407
15760
15786
15936
15647
15739
21097
16363
17433
15749
15213
16382
17646
15896
15430
15736
15857
15547
15054
20423
17368
15994
15194
16055
17614
15946
14983
16430
17518
16028
15501
15724
18013
15918
15552
15306
15554
15695
15371
15629
17271
15736
14974
16199
17280
16604
15657
15843
15842
15497
16036
15633
15245
15681
15421
15566
17640
16343
17768
16933
10002
15759
15440
15791
15530
16596
15552
15915
15686
15832
15418
16220
18896
16184
17318
13938
17043
14081
17366
16233
17779
15557
17618
16225
15279
14225
18282
14512
17039
16367
15705
15749
15468
16060
15232
14052
17033
15785
17329
17045
15115
14500
17463
14020
17207
16415
15642
15999
15417
15720
15557
14386
17770
16035
17779
16140
15258
14033
17322
14106
16805
16213
15440
15909
15341
16369
15467
15808
15591
14282
17257
15849
15597
14436
16935
14308
16802
16768
17904
16278
15470
15988
15806
15939
15060
15581
17404
15915
16037
15491
15389
15052
17031
16221
15397
15390
15977
16096
15303
13920
15318
15790
17439
16606
15360
16047
15541
13883
17063
16454
15915
16105
15429
16227
15770
16077
15489
16717
15673
15804
15203
13971
17399
14010
15563
16445
15617
15686
15463
15955
17912
16078
15422
14125
17660
16189
15109
14540
17553
14244
17040
16322
15505
16799
15460
15469
15838
15796
15998
15640
17927
15859
15615
9624
17624
16334
15491
16432
15271
15399
15316
13546
18044
16013
15156
16329
16276
15385
15433
15484
16223
15803
15408
15619
15221
13833
16883
13942
17204
15690
15388
16019
15126
16295
15286
15706
15196
13856
16781
15565
15336
13774
16424
15509
17180
15648
16000
16020
16031
15626
15152
15640
15604
13970
17261
15987
15119
13975
16198
16170
17104
15488
15814
16302
15134
15329
15582
15669
15043
13854
16842
15692
17489
13583
14656
15018
15437
15035
14606
15500
14731
15134
14905
13579
14899
21719
8346
15479
15212
13423
14878
13391
14837
15359
15492
15259
15408
13285
15118
15606
15259
13610
14809
13731
14999
13427
15178
15327
14990
15639
16960
15549
15019
14463
14991
15345
15277
13785
15373
15232
14837
14238
14790
13471
14943
15473
17907
13830
15151
15103
15526
13603
17324
13915
17016
13660
15328
13613
15431
29131
14946
16274
15088
13732
15518
16144
15626
16064
15863
15073
16398
15551
15075
15886
14957
13224
17701
15433
15269
15220
14763
13477
15324
15420
15119
15392
17551
13055
17084
13649
17264
16124
14846
15009
14799
15449
15141
15311
14778
14032
19794
12774
16660
13524
16919
13495
16399
13872
17362
15358
15399
15297
15009
13346
14955
16640
15174
15320
15108
13612
16425
13506
15209
15286
17213
15421
14812
13886
17216
13784
17366
15836
14928
15227
15202
15307
15027
15109
15548
15385
17329
16061
15326
15246
14902
15279
14786
15914
15262
15302
14799
15193
15139
15524
15956
15176
16953
15827
15257
13543
16478
14007
15264
15898
15593
15461
14976
23899
14017
12826
14158
15039
17295
13579
14933
13329
16507
13175
14748
15808
14778
13798
16486
13256
14400
13419
14682
15778
14847
15230
14324
13304
14470
13529
28892
14158
15460
15593
15147
13308
14598
13409
14630
15870
14777
13700
15794
13321
15244
13682
14696
13531
16775
13481
14688
13197
14731
13285
14855
13844
14986
17639
17199
13355
14224
13318
14480
13310
15621
13702
14370
13396
14767
14010
14414
16460
15352
13275
15122
13154
14777
13333
16839
13840
17207
13547
14910
13527
32181
10852
13886
15442
14843
16032
15167
14894
15202
13295
17013
13959
14792
15382
14540
13835
14906
15033
14523
13355
14891
15866
15091
15044
14454
13153
16989
13746
14929
15428
14927
13516
14639
13213
14595
15374
14582
15776
15368
13492
15264
15068
17401
14017
14678
15526
14715
13215
14520
13323
15183
15047
14880
15727
14866
13576
14908
15030
16788
15180
14734
13497
14398
14790
14512
13134
14606
13491
14349
16479
14795
15079
14512
13468
16610
15814
14901
13436
14473
15089
14441
13160
24149
14147
14180
15578
14390
15068
14897
13316
15216
15408
14488
13107
14162
12981
16279
13130
14147
13488
14910
13282
14271
14581
14507
12994
14175
12828
16696
15270
13644
14840
14595
15029
15396
14863
15212
12772
14420
12776
14231
13056
14219
31648
14892
14111
15214
24086
14658
12976
16952
13963
13997
14837
14486
13454
14536
15031
14618
13574
14658
15686
14631
13097
14158
12866
16611
13257
14121
12910
20794
13356
14598
13023
14413
14947
15424
15272
14609
13181
14541
12858
16341
25726
15176
14741
14531
13083
14192
13337
14856
13117
14673
15184
14948
12871
14580
18044
16890
13521
14448
14829
14253
12814
14320
13065
14474
13138
14373
15342
15134
15089
14869
12889
17262
13389
14542
13032
14149
13285
14211
12890
14558
12779
14098
12955
16849
13580
14296
15327
14383
13349
14120
13060
14225
12877
14241
12791
13894
15267
14412
13145
16744
13152
14183
15405
14719
13414
14137
14415
14244
13054
17290
13079
14128
13018
13785
12642
16626
13256
14008
13310
14294
12829
13893
12804
16166
13105
16248
12885
14421
12852
14085
12502
15110
13087
14289
15357
14133
18729
14422
12716
14006
12879
14244
12785
14131
12683
14008
12726
14433
12973
14114
16049
14353
13041
14480
12861
14039
12839
14267
12699
13891
12600
13984
13023
14403
15197
14126
13324
13736
13006
13930
12638
13989
12858
14435
12611
13928
12821
15562
13007
16400
13179
13933
15123
13962
12562
13967
12759
14323
12629
14092
12772
14697
13084
14227
12564
16348
12774
13882
13579
14218
12972
14167
12562
13872
12775
14483
12869
14166
13011
13761
13245
16115
13531
14024
15221
13988
13033
14407
16163
14497
12630
13826
12920
14230
12784
14106
12847
14486
13021
14185
13459
14429
15329
14575
12726
13775
12873
14074
13047
14142
12679
13973
12737
14456
12872
13962
13925
14392
14364
13741
12663
13957
12565
14232
12544
13942
12641
14256
14433
20517
13319
13647
13360
14038
12515
13696
12798
13819
12513
13662
12587
13569
12423
14147
13017
15750
12727
13849
12989
14416
12780
13696
12416
13635
12888
13789
14080
14360
13004
14305
13230
14794
12730
14076
14886
14241
12559
14298
12456
14028
14181
14512
12416
13910
13189
15852
12830
14729
12621
13841
14402
13799
12929
14200
14530
13580
12323
14675
11803
12372
13651
12980
13215
13505
11827
14838
11661
14704
12330
13640
11899
14610
11871
14710
11943
13081
13796
12989
13261
13302
12191
14672
12052
14002
12366
14548
12173
12963
13297
13279
12015
14642
11810
12914
13666
13345
11947
15301
11769
14617
12177
13305
13725
13338
13154
13017
13176
13396
11620
14578
12118
18219
10607
14937
11627
13017
11751
14768
12215
13165
11829
14307
11746
12785
11810
14749
11815
8632
14597
13248
11851
14542
11888
13931
12238
14542
11866
12973
12095
14558
12008
12836
13671
15286
11987
13076
11785
14205
12443
12780
11712
14472
11570
12755
11673
13928
16059
6604
13725
12793
11705
14578
12368
13182
11821
12982
13269
13094
11756
13037
13242
17045
6028
15210
11767
13028
13664
12954
12390
13282
11514
14273
11616
12515
13489
12839
15039
13422
13684
12909
11691
14546
11710
12667
14089
13303
12178
12786
13435
13322
11800
14871
12237
13182
11796
14874
11995
12952
13607
12672
12254
13509
12480
14469
11755
14672
11596
12882
13565
12564
11760
14275
11805
12788
13380
12670
12166
13258
11879
15266
11585
12543
13578
12404
11612
14255
11893
12656
13420
12828
11890
14207
12475
13718
12295
12627
11653
14157
11634
12451
13334
12737
11997
14318
12107
12853
13330
12486
13370
13104
11671
14260
11768
13079
13567
12628
13056
12511
11684
14549
11715
14492
12101
12880
13761
12973
11454
14064
11428
12772
13103
12355
11532
14663
11967
13094
19709
13170
11534
14642
11513
14713
12006
12541
13462
12628
11862
14445
11561
14026
11970
13053
11619
14204
11982
12638
13153
13571
12044
12746
13306
12537
11687
14004
11558
13587
12682
14482
11590
12536
13307
12516
11722
14663
11906
12610
13619
12587
11706
15172
11930
12695
12330
14579
11735
12313
13231
12505
11447
15305
11863
12690
13214
12360
12127
14628
11725
12643
12093
14448
11515
12498
13284
12907
11627
14347
11931
12586
14637
13030
11800
14235
11525
12920
12412
14271
11585
12379
13017
12574
11503
14611
12746
12497
11380
14049
11542
12770
13060
12775
12273
13143
13418
12523
11572
13907
15007
8531
14264
13132
11872
14197
11322
12813
13217
13157
11877
12670
13433
12855
11632
14309
11996
12645
12322
14544
11515
12454
13343
13147
11608
14289
11919
12622
13281
12451
12141
14198
11899
12552
11772
14659
11456
12812
13290
12506
11582
15355
11908
12598
14250
12630
11588
14098
11597
12409
12221
14666
11856
14714
11422
14706
11842
12530
17413
14081
11893
14513
24220
13225
13437
12546
11613
14457
11501
12686
13059
12858
12658
13527
11962
14847
11788
12907
13410
12408
11584
14238
11904
13229
13530
13181
11955
14822
12101
14059
11644
13437
13484
12390
11960
14059
12381
13062
26695
12670
11884
14956
12270
12839
13323
12756
11539
15080
11883
12590
13566
12887
12137
13690
11868
14914
11563
12693
13074
12496
11623
14207
11952
12783
11887
14402
11787
12634
14305
13010
7369
14598
11409
12684
13141
12593
11493
13915
12200
12782
11638
14134
11589
12850
13030
12842
11842
12970
11810
14421
11520
12761
12989
12733
11992
12658
12930
12802
11598
14961
11701
13143
11688
14271
11890
12891
13343
12893
11666
14161
12247
12926
12107
14998
11958
12982
13012
12936
11872
12733
13370
12511
11265
14372
11557
12726
11969
14423
12128
12940
13376
12855
11530
14414
12043
12969
13256
12889
11743
14184
11493
12611
13072
13213
13220
12580
11547
14407
11448
13137
11743
14416
11780
13052
13248
12772
12586
12904
12085
14573
11737
12856
13252
12923
11822
14596
11837
12792
13508
12640
11583
12579
13522
14060
11910
14136
11475
12813
13455
12790
11571
14508
12510
13112
13450
13210
12002
14101
11672
14863
11589
12594
13258
13221
11750
14295
11596
14064
12152
13647
11850
13101
13327
12868
11613
14646
12218
13140
13456
12812
11594
14868
11676
14401
12651
13153
11597
14180
11767
12735
13280
12761
11631
13227
13263
13204
11552
14184
12019
12650
11621
14578
11630
12813
13142
12390
11457
14185
11696
12815
13327
12847
12095
12782
13520
12895
12211
12865
13401
13206
11733
14271
11786
13219
12010
14531
12503
13040
11737
14467
11369
12440
13759
13317
11582
14302
11760
12738
13593
13373
14058
8548
13747
12917
11426
14032
11592
13209
11615
14402
11395
17777
11990
14440
11837
12410
12771
14680
11485
12820
13561
12632
11927
13109
11881
14341
11755
12592
13504
12536
12240
12747
14490
12883
11614
14338
11801
12526
13247
12693
12041
12286
13161
12610
12200
12635
13304
12604
11972
12512
13514
12779
11674
14230
11505
12908
12044
15471
15429
9852
14060
12894
11598
14041
11878
12512
13036
12595
11809
14138
11861
13139
11998
14167
12591
13289
11510
12840
13365
12912
11842
14127
11665
12797
13127
12434
11736
14491
12880
12692
12419
12636
13485
12786
11896
14314
11727
12544
13268
12438
11711
14236
11914
13046
12090
12750
13618
12682
12138
14257
11905
12535
11890
14828
11499
12717
13249
12768
12174
14851
11748
12682
13645
12454
11353
14011
11770
12883
11777
14441
11792
14177
11827
14167
11481
13459
12197
14227
12053
12618
11542
13855
11540
12853
11597
15044
11623
12727
13434
12590
11502
14885
12306
13038
13641
13030
11837
14546
11390
15648
12280
12403
13554
12649
11680
13926
11762
13260
12071
14217
12265
12746
11758
14403
12345
12778
11646
13884
11521
12454
13093
12823
11556
14557
11928
12504
13878
12760
12478
12714
13536
12473
11856
14433
11557
12380
13196
13024
11728
14703
11639
12314
14412
12954
11846
14296
11944
12606
12004
13998
11664
13939
11521
12606
13144
12553
26968
40421
19172
285984
636563
568362
495053
416447
347350
280517
207221
139043
70364
27643
22414
10763
11108
23929
10297
11571
10043
11473
10290
11690
10533
11477
10662
9092
10894
9700
9597
11024
10203
9279
11801
9070
11784
9335
12018
9022
11706
8966
11966
9336
10111
10975
9504
12018
10326
8696
11767
9046
11687
9092
11904
9644
12823
15606
10377
11323
10097
10886
9933
11879
10075
8994
11795
9374
11770
9726
9680
11221
10275
9586
11947
9243
11894
9442
21626
11767
28093
22487
14410
15191
14937
12460
16682
12693
15635
12460
14117
14398
14003
12196
16324
12109
16818
12333
16943
12113
16043
12441
13703
14502
14931
12815
16463
12592
13980
14971
14441
11950
16579
12114
13603
14366
13910
12520
15558
12736
14497
12524
16198
12053
14563
14745
13511
14649
14042
11868
15542
12709
13445
15194
13303
14811
13797
12967
15994
12445
15451
12871
13534
14614
13371
12080
15614
12921
13410
15163
13577
15185
14601
12327
15351
12309
15680
12511
13922
14621
13444
12655
15651
12291
16271
12616
17292
13149
13633
12196
15602
12121
15434
12779
13796
14752
13798
12103
15383
12093
19405
13245
13552
12593
13114
12296
15484
12478
12980
14343
13535
12449
15212
12130
15443
13010
15695
12911
13807
15227
13670
12844
15075
12618
13021
14396
13102
14958
13344
12975
15126
12150
15964
12483
14060
15284
13397
13157
15714
12468
15569
12362
13179
15214
13423
12560
15335
12251
16459
12587
13974
15167
14237
12290
15831
12442
12934
15223
13830
14704
13222
12369
15465
12543
13991
14668
13707
14902
13732
12528
15751
12850
13663
12275
15347
12221
12988
14894
13288
14863
13899
12763
13309
15358
13170
13063
15203
12252
13182
14878
13605
14533
13466
12206
15740
12194
16134
12553
13360
15927
14486
12601
15323
12465
13171
14391
13291
14159
13210
11980
15370
12729
13843
13011
13499
15154
13227
12368
15144
12356
12995
15108
13109
14393
13074
12174
15641
16304
11651
15527
14353
12917
12910
14547
13085
14565
13171
14541
13874
12031
15044
12293
18704
12749
13427
14843
13977
13787
13499
14706
13869
14388
13148
14644
13211
15113
17642
13450
13768
14747
13288
15238
13941
12865
13236
14707
13339
14370
13736
14684
13207
15470
13825
12204
15900
12559
15669
12924
13283
12253
15395
12293
12816
14696
14070
15118
13582
14651
13068
12246
16516
12717
12994
14797
13875
12399
13469
14764
13404
15180
13733
12629
15418
12517
15244
12747
13461
15018
13720
12272
16024
12223
13489
15072
13514
14341
13187
14442
13420
14467
13364
11988
15184
12164
15373
12896
13165
13120
13081
13437
15606
12504
15221
12245
16142
12272
15281
12265
12974
14866
13106
15780
14174
12634
13154
14606
13172
14555
13608
14403
14182
11991
15222
12490
13443
15987
13283
12819
13391
12729
15189
12659
12896
14408
13007
14463
13499
14230
13337
12616
13335
14429
13235
14655
13546
12599
15452
12608
13073
14344
13875
14361
13557
14478
13600
12605
13222
14660
13254
14805
14209
12952
13224
15078
13828
14647
13677
14528
13906
12376
15831
12702
12848
14381
13841
14766
13669
12646
15204
12642
13365
14527
13819
12807
15164
12335
13237
14788
14013
14537
13864
15054
13783
12421
15518
12438
15851
12887
13140
14650
13456
14273
13592
12201
16920
12387
15363
12885
14145
12443
16174
12466
13058
14550
13925
14633
13328
12051
15401
12507
15581
12670
13667
14936
18676
13553
13474
12407
13507
22030
13786
14531
13215
26401
13314
14268
13569
14684
16367
13149
14292
12412
13205
14746
13700
14676
13331
14780
13631
14308
13614
12384
20663
12681
15687
12424
13460
12576
15315
12517
13356
14841
13642
12255
15218
12159
15225
13483
13235
12086
15806
12910
14243
12616
12930
15039
13670
14531
13609
12583
15552
12812
12900
12037
15608
12357
14918
12546
14404
13405
12957
12220
15560
12628
15303
13222
13281
12574
15444
12280
15818
12209
15177
12990
14193
12524
13009
12215
15450
13009
13053
14571
13356
12810
15360
12162
15248
12083
15300
12912
13945
12628
13474
13033
15126
12513
13504
14525
13119
14334
13854
12064
15396
12385
13218
14772
13461
16749
13814
12324
15098
12289
14783
12109
13184
14394
13066
11956
15149
12165
15212
12935
13763
12743
12875
11944
14919
12352
15082
12318
15489
12027
14968
11924
15345
12495
16371
12497
13962
12446
13016
14848
12790
14098
13159
14286
12811
12360
15392
12241
15899
12781
15260
12182
13879
14517
13104
12621
15398
12552
15250
11984
15282
12117
15650
12411
15128
12709
13097
14810
13908
12713
12850
12446
15176
12372
15395
11849
16174
12528
13026
14670
13056
14592
12927
14997
13769
12668
15179
12542
13372
14712
16905
12450
15724
12836
13326
12904
15158
12165
15051
12605
13782
12910
15322
12423
16697
7865
15505
12298
12898
14289
13076
12433
14968
12016
13237
14639
13895
12609
15606
15640
9523
14745
13141
14904
13529
15260
12916
11879
16231
11883
15160
12412
13223
14680
15247
12434
13516
14298
12963
14576
13295
14137
13592
12600
15210
11901
16168
13713
13412
14424
15528
12170
12809
15234
13230
14205
13293
11990
14978
11928
14760
12594
15397
13620
13037
12988
13136
11979
15044
12115
13049
14483
12910
14460
12832
11981
15182
13034
13722
12174
15135
12424
13779
12771
15302
12385
12888
14137
12973
14776
12857
13092
13162
14204
13362
12392
15339
12575
13474
12601
15241
12112
14896
12201
15887
13037
13748
14604
13339
12112
16039
12148
12840
14616
13635
11941
15539
12230
15299
12994
13248
14381
13667
12723
15548
11940
16021
13606
13088
14625
13374
11966
15327
15750
13843
12907
15328
12507
15232
12079
15499
12489
15161
12077
15341
12633
13231
12280
13228
14200
13125
14497
12944
14013
12953
12763
15022
11736
16578
12547
15066
12325
13839
12249
15053
12013
13264
14536
13331
14245
13091
11973
14850
11850
15936
12686
13576
15188
13223
12241
15040
12443
15309
12491
13389
14314
13166
12329
15028
12293
13889
12744
12996
14745
13118
12314
14923
12280
15435
12422
12778
14500
12996
12536
16233
12701
13268
14745
13393
13020
13278
14633
13164
14141
13156
14397
13033
12254
20196
12674
13483
14266
13973
12222
15211
12859
13203
12402
15256
12113
15330
12347
18919
11172
15286
12605
13140
14568
13304
13993
12920
15477
13335
12405
15559
12134
15263
13662
13309
12229
14855
12288
13045
15065
13191
14674
13031
14251
14076
12039
15207
12252
13190
14491
13234
14675
13007
11902
14964
12562
13539
12308
15090
12188
15765
12470
13206
12595
15312
12166
15277
12284
13117
14121
13242
14973
13548
12892
15082
12105
14026
12747
12980
14425
13177
11785
15113
12432
13907
14939
12977
14562
13205
12584
15927
12422
15714
12678
13070
14303
13017
14387
13328
12011
15547
12118
13016
14570
14197
12356
15351
12307
13629
12006
15518
12187
15325
12380
14914
12272
13075
12645
16258
12823
13168
14252
13710
14341
13417
12528
15208
12446
15340
12682
13221
14439
17469
12313
15273
12294
13010
14490
13577
14262
13453
12233
15368
11961
15093
12591
16692
13383
13394
12720
15491
12249
13310
14974
13508
14170
13725
12401
13130
14749
13181
12748
15229
12588
15338
12397
15687
12402
13205
14171
13137
14207
27192
12614
15374
12860
14349
27177
13324
14369
13336
12311
15042
12931
13165
12166
14972
11987
15444
13208
12825
12354
15566
12085
15715
24711
14053
14629
13441
14877
13700
14666
13034
15038
14120
12596
12684
13997
13424
14146
13064
14237
13097
11890
15308
12608
13098
15265
13473
13862
13446
12281
15275
12146
15245
12060
14878
12023
15139
12470
13732
15378
14305
12260
15103
12033
15282
12781
13212
14167
13647
12862
15285
12956
12968
20092
13594
14685
13735
14289
13261
12269
15179
12578
13115
14186
12829
14044
12980
15164
13527
12575
15480
12766
13386
14565
12905
14268
14473
12426
12885
14944
13156
17425
12925
13966
13037
12188
15259
12279
12928
14355
13245
14009
14003
12658
13054
24753
13213
14495
12925
14199
13531
12327
15373
12832
13489
12507
20833
12483
13705
12313
16149
12301
15509
12430
15204
12555
15243
12491
13468
14494
14051
12998
15425
12516
16599
12484
13586
14203
13266
14646
13484
12159
15459
12248
15120
12488
13370
14392
14427
12398
13660
12439
15533
12392
15021
12520
15304
12541
13354
14613
13299
14445
14253
12325
15317
11757
15879
13257
13719
14289
13868
14188
13657
14311
13609
12453
16253
13325
13087
12801
15396
12570
15727
12243
12874
14247
13038
12226
15068
11997
16489
12518
13050
14811
13511
14587
13728
12368
15834
12621
13080
14131
13343
14394
17739
12737
13275
12216
15517
12306
13310
11940
15444
12408
15569
12183
13063
14032
13652
13022
15251
12909
13369
12414
15311
12584
13916
12242
15153
11907
15408
12434
13387
15346
13052
14095
13405
12666
15122
12134
15169
12712
13106
14249
13652
12587
15547
13102
12753
14490
13067
14476
13199
14247
13232
12444
15304
12728
13086
14349
13242
14758
13374
12290
15280
12232
15091
12031
15105
12296
13085
14284
13107
14454
13442
15112
13511
14444
13384
12080
15682
12350
15193
11904
15113
12271
15223
12392
15244
15937
14394
13122
15459
11949
15629
12890
13303
14569
13154
14250
12974
12384
15274
15271
13020
14820
13208
14265
13395
14032
13875
12241
13078
14333
13258
14583
13111
17746
12879
14965
13215
15161
14076
12509
14744
12287
13484
12001
15954
12308
12785
14449
13198
14775
13495
12241
14896
12374
13068
12620
15191
12246
16114
13033
13118
14548
13969
12122
16468
12436
15211
12156
15155
12587
13286
14083
13372
12213
15848
12307
13454
14853
13166
14341
13044
14755
13107
12351
15411
12507
13317
14079
13716
14373
14087
12541
13022
14092
13041
14162
13185
14190
13364
12525
15145
12878
13640
12416
15935
12278
15892
12271
13514
14552
13367
14202
13006
13936
13755
12217
15474
12585
17400
12975
15537
13012
13173
12316
15431
12053
15054
12310
15303
12369
13181
14253
17143
12937
13191
14508
13570
11982
15387
12563
13160
14575
12964
14162
13079
14548
13381
13437
15615
12521
12836
14634
14440
12496
15362
12287
15475
12248
15551
12592
13128
15331
13364
12020
15394
12202
15165
12458
13515
12288
16198
12177
15511
12684
12961
15217
13653
14517
14330
12260
15456
12332
15518
12583
13740
12412
12842
14294
13033
14893
13514
12770
13021
14416
12874
12341
15314
12395
14873
12666
13418
13018
12872
15024
13358
14593
13162
13932
13245
11941
15156
11926
15568
11971
15001
12893
14160
14952
13864
12812
15293
12274
15309
11972
14990
12174
14916
13006
12718
14042
13518
15565
14248
12831
12839
12584
15143
12581
15694
12213
15084
12059
15034
12396
13099
15311
13250
14716
13669
12063
15436
12120
13105
14935
12850
14041
13145
14497
13258
17406
13803
12347
15129
12878
13858
12177
13620
12399
15633
11897
15077
12364
12883
16460
13041
12913
15263
11857
15491
12930
13759
12590
12809
14322
13153
14207
13029
13990
13880
12137
15043
12185
13232
14752
12851
14379
14019
12410
13450
12097
15077
12136
15844
12213
15040
12545
12932
12051
14965
12441
12624
14599
13470
12016
15387
12189
15684
12510
15157
12233
15600
12313
15235
12030
15218
12440
15385
13008
13994
12565
13507
12372
15101
12044
15226
12288
14772
11990
14897
12438
13128
14178
12900
14653
14653
12331
13034
11937
15317
12523
15182
11908
13338
14251
13418
12260
15527
12098
16101
14686
14202
12508
12761
14715
13325
14468
13349
14453
13299
14678
13247
12729
19430
12923
15391
12610
13394
12317
13655
12529
15098
12473
15046
12962
13038
14379
12827
12970
15456
12433
15167
12293
13568
12160
15324
12200
15218
12835
13064
14266
13497
12924
14993
12198
15397
12520
13274
15024
13898
12626
12918
18204
13144
14206
13165
14757
13512
14228
13317
12021
15413
12139
15248
12921
13616
12427
13136
11946
15163
13018
13545
14536
13419
12117
15536
12788
12974
14351
13196
14763
13868
12646
13214
14574
13514
14154
13115
14749
14103
14673
13318
12306
14940
12824
12895
15005
13701
12934
13181
12229
15293
12418
13168
14313
13672
13954
13052
12229
15021
12154
14899
16263
16729
12569
13016
14648
13169
14502
13468
12233
15003
12034
15156
12291
12928
17744
12989
14906
13736
12458
15187
12140
14912
12144
15268
12244
15152
12232
14934
12167
15709
12562
15321
12759
13688
12301
12802
12511
15337
12458
15203
12385
14947
12227
13525
13165
15128
12575
13569
12571
13787
12274
15210
12402
15381
12274
15096
12023
14282
14449
13230
11657
15122
12087
14915
12886
13945
12400
13149
14130
12981
14138
13601
12425
12775
14229
13440
12280
15397
12113
15430
12725
13198
12527
14956
12057
14039
14479
13051
14370
13278
12354
15295
12489
13289
14349
12996
14612
14006
13019
19059
12487
13052
14707
12797
14293
12994
12090
14973
12057
15484
12083
15005
12699
16839
15305
14048
12929
13405
14215
13571
14591
13184
14702
13298
12111
15329
12433
19389
12657
28416
19076
13646
18722
13095
14014
13269
12258
15196
11850
14816
11702
13400
15097
13348
12377
14964
11742
16045
12682
12916
14169
12893
14154
13043
11720
14711
12509
15840
12432
12797
13648
12951
13693
13587
12236
15283
11654
14809
11950
15153
11763
13095
12165
15241
12413
13130
13953
13238
14115
13286
12281
15453
11986
12873
14052
13589
11970
15981
12243
12776
14429
13018
14037
13302
13797
13241
11774
15097
11844
17650
12063
15141
11975
14891
12081
14994
12166
13261
12095
14786
11788
14902
12235
15276
12449
12835
14140
13219
13820
12657
12287
14807
12761
13080
11710
15055
12430
13303
12870
15632
12591
15592
14426
12794
13833
12587
11778
14905
12618
13276
14138
12876
17060
13266
12252
15494
11807
14686
11938
14873
11761
14986
11665
12902
14250
12806
14128
13363
12126
15145
12256
15004
12047
15087
11633
13262
14078
12817
12008
15110
12586
13360
12545
15380
11906
15243
12074
15390
12341
14891
12400
15204
11951
15448
11731
21761
12986
13287
14622
22467
12078
13636
12253
14959
11747
12991
13896
12824
14287
16932
12690
13056
14065
13813
14669
13426
13882
13669
12281
14986
11879
14850
12137
15233
13195
12946
11853
14714
12624
12806
14046
12970
11931
15097
11871
15213
12016
14771
12358
12642
14510
12787
14271
12953
12080
14900
12424
15028
12020
15484
12239
14767
13349
12777
11994
14814
11952
15004
11970
15082
12712
13529
14197
13075
14235
13301
12284
13116
14065
13128
12020
14565
11916
14761
12153
14745
12194
13340
14187
12916
13920
13641
11915
12949
14065
13149
13970
12709
11815
14502
11924
14983
12191
12652
13827
13699
12276
13601
12331
15514
11877
14743
12074
14712
12025
15400
11745
15227
12684
13112
12678
14945
12194
16294
11966
15184
11978
14603
11815
14768
11910
15126
12215
15014
13033
13242
11815
14964
11757
15711
11809
15104
12250
14943
12004
14648
12021
12795
14656
12932
14133
13349
14266
12635
14148
13978
12431
14988
11999
14673
11832
14975
17601
13285
11962
15150
27408
12955
13861
12706
13867
13505
12148
15011
12057
14604
16159
13250
14342
12966
12105
14511
12484
12801
13929
12958
14180
13170
12036
14758
11863
15090
12469
14712
12232
14664
12027
14999
12453
12883
14379
13354
14526
13290
12644
15672
12863
14803
12030
14566
11951
14802
11528
15056
12720
12824
14111
13164
14136
19331
12547
13501
14487
23673
14282
12481
14095
13077
12348
14950
12148
13295
14329
14963
12729
14838
12220
15149
11845
15413
12541
14734
12366
14754
12009
15093
13133
12906
14734
13258
14056
12904
12223
15002
12197
14790
11931
12621
13825
12694
11588
14891
14354
13240
12351
14783
11776
15165
12094
14904
11998
15303
11857
15130
12008
12612
15130
13137
12933
12919
13980
12763
13780
13326
12169
14880
11828
14899
11868
14789
11931
15562
12370
15595
12683
14738
11697
14937
12314
15585
12516
14731
12528
14622
11849
15370
12192
14675
11967
15085
12461
12600
14135
12660
14153
13008
12489
14882
12057
19534
12372
15253
11962
14836
12332
15033
12063
13059
14136
12592
13932
13290
12318
14958
12990
12662
13984
13228
13509
12862
11676
14773
12418
12891
14293
12963
13791
12954
12702
13223
14195
13233
14781
12958
13870
13516
11965
15199
12373
13284
13843
13063
14743
13269
12421
14846
12275
12492
14068
12908
13794
13140
11911
15149
12825
13055
14356
13778
11925
16030
12461
14749
12043
15297
11916
13168
13832
13396
11946
15518
12261
13881
12200
14779
12480
15245
12277
15156
12068
14892
11980
15019
11924
13067
13710
13411
12307
15363
11942
14822
11833
15760
11953
14690
11893
14680
12022
15144
12215
14851
12361
12977
14542
12892
14110
12809
13721
13890
12672
14635
11907
14997
11881
12678
14567
12934
12365
15301
12214
13156
14198
12876
13710
13589
11916
14960
12113
14961
12664
12652
14625
13254
12405
15108
12344
13348
12378
14934
12422
15432
11888
15236
16296
13267
14124
12806
11977
14725
11831
15211
12660
13201
13864
13016
13720
13540
12408
15419
12019
14697
12706
14730
11791
14779
11784
15235
12420
13388
14472
12977
11638
15787
12108
15117
11906
14795
12106
12738
14027
12596
11787
15181
12033
13426
13965
17641
11999
15651
12215
14846
12055
12608
13998
12758
13937
12767
11615
14795
12113
13542
12556
15110
12014
15343
12416
14957
11971
15165
11962
14787
12027
14840
12042
12866
15039
13149
14237
13423
14143
13040
25045
13003
13805
13192
12552
14662
12036
15277
13440
12683
14440
13452
11934
14628
11874
15335
12467
15180
20677
12935
11660
14428
12320
12967
12224
14704
12324
13251
13753
13115
13825
13468
12516
14533
12323
13458
17381
13074
14081
12780
11890
14769
12430
12923
14045
12745
12681
15061
12105
15003
11713
15542
12184
14659
11750
15121
12121
14885
12479
12827
14372
13251
13723
13470
12529
13403
14153
13248
14038
12752
14290
12910
12037
14501
12536
13046
14297
12496
13878
16477
13211
13351
14020
12908
12062
14934
12173
15937
12204
14586
12236
13362
14424
12762
14959
13675
12196
14902
12314
14874
11651
14869
12494
13326
13983
12656
14510
13372
14840
13109
14030
13689
11802
15446
11943
14700
11976
15476
11649
14840
11896
13112
17926
13200
14261
12878
13887
13595
11800
14904
12307
14869
12022
14821
12043
14796
12523
15755
12579
13528
14175
13159
11789
14904
12234
14976
12143
15060
11708
15123
11835
15298
12286
15274
12375
12984
14199
12764
13923
13337
12381
13254
13840
13162
13813
13725
12385
13188
12229
14532
12495
13014
12734
14568
11760
16013
12295
15354
12283
18803
6224
13959
12044
13078
11806
15059
11865
15341
12176
15167
12133
13148
11767
14745
11780
15849
11658
14637
12059
14924
12236
15074
11915
14802
12692
14914
12233
13012
14046
13137
11952
14696
11940
14500
11721
14603
12149
15321
11688
12654
14203
12926
14121
18818
12254
12467
14264
12632
14028
13027
14304
13199
12182
15186
12200
14969
12342
14998
12335
12936
12514
14734
11742
14544
11869
14815
12127
14961
11674
12968
13954
13138
12664
14786
12560
12695
12104
15203
11842
14321
11708
13023
13985
12675
12076
14928
17920
13723
11902
12390
14052
13364
11859
14831
11694
15126
11954
14599
12368
12390
14274
13298
14500
13235
12160
14664
12030
13055
12569
14532
11804
12782
14469
12750
13844
14121
11824
14658
11758
15434
12143
15122
12231
12606
14362
12890
13607
13122
11778
15318
12009
15097
11811
14424
11922
15613
12580
15287
12527
12793
11947
14476
12276
18673
12744
15066
11957
14467
11858
15097
11894
13147
14206
13356
14169
12994
12332
41301
11420
15594
12838
13864
35794
12956
12077
15026
12976
13274
14119
13334
23719
13155
13439
13383
26191
13145
14029
13507
14053
12927
12174
15274
13034
13320
14569
13070
18160
13828
12800
14906
12129
14746
12576
12737
14207
12957
12172
14911
12437
14334
14538
13810
12361
15618
12463
15556
12173
15223
11974
15071
11890
15133
12530
14980
12323
13959
12440
15054
12246
15178
12078
15070
12142
14747
12647
14743
12287
12871
14700
17220
11149
15679
12150
15330
12257
12971
14768
13333
13976
12990
13928
12818
12236
14890
11759
15855
12524
15882
12558
15140
12785
12873
11883
15508
12637
13055
14117
12940
14038
13671
12365
15027
11978
15456
12193
14717
12472
13497
12294
15070
12261
14830
11773
28639
12883
15535
12577
13121
14352
13416
12548
15390
11998
13079
11682
15196
11802
19569
12886
14905
12065
14756
12146
15214
12216
12995
14510
13246
14184
13010
12335
15013
12619
12991
14154
13085
13943
13337
12213
15086
12477
15180
12345
12724
14397
12940
12756
14927
12014
14828
11799
15284
11855
15217
12189
13114
14078
13984
12387
14852
17150
6923
14683
13324
14278
12895
14295
12925
12029
14815
12105
14741
11761
12959
14623
13190
12754
12786
14100
12982
11985
15363
12191
15289
12363
12832
14003
13318
14065
13072
15055
13612
12714
15219
11946
14831
12047
15024
12104
15231
12073
14881
12184
12987
18054
13375
14711
12990
12253
14970
12753
14811
12088
14816
12340
12853
14261
12940
11985
15326
12167
14793
12456
13284
12631
14894
12055
13148
14402
13081
14065
13165
12160
15442
12287
15080
12197
15029
12157
13317
12416
15105
11800
14953
11817
13794
12304
15621
11977
15255
11963
15087
12072
15290
12211
13335
12197
14674
12007
13019
13822
12986
14880
13160
11960
14780
12175
15165
12062
12959
14564
13724
12456
15052
11820
14704
12805
12985
14319
13081
14103
13016
11956
15238
12229
14840
12294
13113
12447
15316
13138
13688
14378
13094
12098
14847
11883
14550
11861
13011
14138
13561
14286
13236
11930
15435
12256
15052
12194
15246
12237
12761
13908
13303
11875
14824
11869
15081
12705
13799
12486
13048
14248
12531
14109
12842
14156
13124
12264
15052
12914
13233
14600
14545
12404
13865
12858
13051
14150
13154
14170
13388
12079
14955
12044
13140
12388
19227
21933
12833
12390
13569
14477
12593
12186
15283
12371
15262
12280
13011
14464
28121
12395
15480
12095
13337
14680
13437
11998
15256
12243
15236
11943
15189
12236
14861
13227
12557
14247
13116
12220
14901
12699
13837
12234
15214
12084
13265
13903
13194
16789
13474
14087
13085
12017
14848
12067
14628
12757
13717
12245
15230
11955
14852
11950
13382
14086
13309
13933
13779
11991
15103
11987
15327
12734
13638
11946
14853
11822
15646
12297
15008
12221
15050
11900
14697
11738
13316
14465
13271
14485
13430
12294
16936
12732
12744
14527
12904
14162
13284
12278
15023
12189
15130
12281
13144
14849
14064
13112
12799
14294
13172
11957
14895
12342
15213
12115
13519
14740
13074
13650
13331
13525
13724
12027
15428
12639
13184
14284
12916
12093
14738
12026
15136
11997
12816
18734
12577
14746
13656
12465
13130
12023
15202
12421
12836
14680
12972
11936
15271
11904
17813
12321
12817
14655
13057
12166
12885
12182
15298
12136
14965
12116
14974
11946
14683
12883
12753
14230
13100
13942
13385
13149
12810
12100
14637
12358
15198
12138
13276
14834
13379
12439
15042
12119
14947
12023
15187
12569
13436
12559
15003
12300
15502
12678
12829
14030
12756
12258
14622
11999
12802
14091
13848
12386
13049
85889
28944
19376
281234
748879
681527
614601
538072
471995
406430
328977
261390
193888
131593
60842
17370
17536
12986
13904
15718
13240
14367
13430
14785
13267
14114
13105
14449
12925
12801
18164
12747
13461
14255
13184
14044
13151
11999
15473
11922
15117
29896
14115
45840
25756
11457
12384
10044
9895
12798
10933
11724
10971
11479
10368
9398
12693
13519
10355
11613
10241
11749
10345
9415
12548
9388
12044
9341
12267
9402
12326
9466
6657
10408
10515
11469
10211
11534
10086
9728
12530
9420
12464
9466
12511
9486
12726
9144
12430
9186
12378
9337
12381
9231
12627
9474
12577
9249
12026
9385
12622
9580
12337
9370
12341
9259
12332
9245
12569
9709
12196
9189
11842
9308
12327
9196
12210
9167
12233
9366
12188
9595
13413
9450
9990
11564
10395
9332
12637
9245
12010
9293
12115
9058
11886
8785
12084
10017
10352
9175
12140
9287
12031
9300
12146
9530
12154
9203
12385
9140
11691
11781
10137
11642
10278
9683
12143
9400
12010
9588
10217
11814
9983
11435
10012
18402
10310
9367
12096
9516
12260
10039
10086
11552
10060
9867
12406
9457
11981
9414
12625
9329
12069
9027
12261
9387
12566
9636
12497
9211
12074
9141
12338
10080
10548
9529
12308
9243
12150
9052
12190
9407
6502
8689
10073
11854
10215
9140
12271
9934
9971
11385
10177
11654
10139
9825
12509
9423
12122
9395
12077
9361
12869
9284
10258
11983
10385
11529
9961
11214
9809
12096
10702
11885
10102
11300
9937
11683
10100
9926
12351
9214
12075
9236
11921
9256
12222
9259
12849
9357
12328
9702
10205
11917
10167
9171
12305
9105
12108
9490
12204
9438
11938
9082
12145
9968
10197
12222
10570
9479
12186
9392
11938
9585
12034
9229
12253
9381
12354
9444
12760
9662
12289
9520
12530
9715
12312
9087
12047
9354
12080
9528
12036
9501
11926
9210
12563
10061
9981
11617
10227
9614
12265
9177
12014
9657
12206
9454
12210
9407
12771
9574
12552
9856
10296
11625
10140
11281
9890
9151
12027
9600
12205
9332
11908
9836
12112
9239
12619
9392
12301
9951
10232
11504
9887
9228
12384
9292
12093
9732
10003
11328
10129
11324
10040
11589
10126
11240
10439
9364
12150
9898
10209
12142
10031
11726
10559
9341
12208
9067
12018
9296
12179
9352
11795
9035
12250
8995
12122
9577
12241
9238
12514
9507
12533
9373
12041
9383
12088
9262
11941
9308
12292
9589
12282
9162
12125
9210
11954
9877
10166
9486
12363
9552
12421
10239
10726
9830
13011
9870
12380
9421
12170
9305
12192
9353
12519
9245
12449
9887
9999
12108
10141
11572
