17310
20565
28087
22268
21165
20416
13048
15972
14856
18227
24939
21682
16258
24773
20948
12261
16508
9766
24403
21922
11099
14985
10995
20761
8761
14302
22955
22858
19030
15270
11333
15076
15395
14345
23136
29010
20276
14004
16219
15753
14567
18250
23437
20801
9301
24696
18398
17785
8371
13917
22795
22058
15614
17748
19959
17426
10121
13857
21790
20172
23052
20650
15057
12978
16437
16341
10301
13921
21442
22762
17745
21282
8736
23569
19110
15929
9856
13724
20802
22240
12883
16517
10379
14288
19156
12503
15232
18282
17908
14953
33441
28492
15997
17861
11637
15945
20779
12494
15084
24975
19659
11672
14588
14192
22357
21317
15891
28127
19559
16959
10505
12185
19835
13338
15048
19292
17661
14310
12080
9370
19179
13105
11025
24407
18440
13077
11327
9122
23066
20649
14639
17710
22108
20172
15590
13677
11428
15736
16517
18148
21367
20650
19110
14068
12454
18461
17786
13679
10212
11070
25343
26883
9677
18199
22077
19823
19188
12150
9663
11434
22621
18067
23028
23378
37732
31590
14889
28414
15694
20915
27359
27506
28985
31428
15241
24168
25090
19106
22581
24624
30894
22985
41168
46490
30401
29053
11938
17743
13845
16823
18517
20352
19306
12710
14868
17652
17889
13057
10304
18564
17499
15599
10437
18619
17470
14261
12272
24912
13888
17743
12770
17461
18164
12503
10706
10243
18804
13472
10837
18384
17565
14176
11994
9175
24377
21990
16037
17510
11930
19259
15432
12827
42459
33292
18082
20160
24477
22353
22747
18403
26228
22748
30019
22885
25245
14275
14473
23586
20435
22681
9570
29496
22372
11294
20793
17337
15666
22903
16211
15423
12092
16008
12208
9084
23475
20254
18790
13510
11334
11621
18670
9779
13908
23483
18346
13412
14877
23185
19197
9625
13691
12995
17999
13540
11597
12270
22837
29583
21219
23132
19230
11524
15028
18327
18195
19768
25564
21894
14543
13321
9962
20161
16294
13241
17065
19842
10788
14290
11432
21488
14557
11230
17369
18955
10992
14576
11531
19988
19262
10346
15148
18334
19901
22652
15807
14612
17295
11395
10030
10433
18547
13070
9826
23517
18395
9809
16862
22196
16525
16070
13051
18599
17486
9610
16593
14028
16846
16876
14019
22284
18566
19932
24634
20357
16117
16155
12488
15968
17175
17335
16637
21814
20959
14646
10492
20646
14554
9712
23055
23042
14710
14430
11475
15026
18181
14783
22785
11846
16654
14187
12656
13755
18621
9943
16721
13948
16857
14443
10646
14665
17772
19683
24099
20623
14407
13963
11082
19717
19331
10384
20886
33271
17897
12438
10087
21535
17586
9003
13065
12897
22695
19362
14605
21025
17670
18377
9045
10857
22903
20732
13492
12563
9093
19360
14102
16622
15682
13045
17138
12120
10140
30410
16628
20512
15790
22064
21100
35388
9194
27130
11770
20386
16825
26510
21260
11453
19352
25660
38590
23400
21087
17460
15285
20995
16602
13368
15537
13940
16870
12168
13235
15175
19640
18470
18462
11766
10790
19862
11128
21967
17580
13947
21780
20907
15302
14483
11175
22553
18698
10557
14085
21698
16505
14947
15315
13203
16465
10173
14243
12553
18285
16396
15904
13314
16540
9180
12972
12348
20494
19655
16070
13090
10730
21205
15290
14691
11484
20174
16180
22830
16222
12830
15130
22384
13274
19080
25843
12235
18283
26563
13715
14112
15873
13715
18197
10705
12845
22685
18188
16985
11575
22146
19150
11870
15806
17198
17592
13807
15820
10547
23335
25500
19320
20612
13058
17288
26300
12696
12822
26462
39952
36647
24300
17550
14567
26016
15553
20683
24702
27855
33988
27065
13855
17350
13062
23383
18940
11627
13635
16035
16164
13616
30490
26122
15475
10215
26742
13522
19838
12454
25108
12202
19838
26115
39423
25852
25090
12330
18550
25505
36795
31292
14885
22985
18568
19130
14890
12905
9467
11280
17150
21245
16803
14916
21247
22617
14923
11367
13544
16922
17460
14268
20598
19458
11746
21867
17248
19687
15492
15043
15478
19298
14153
22368
19788
11253
19693
20822
14070
13918
15908
16605
14623
14135
11323
14908
14715
22418
18205
13793
20808
16327
15150
14458
11436
21386
18362
16306
14462
14378
16777
13556
9943
13560
20430
19855
9885
22103
19332
11910
12797
19017
17843
10393
13468
15848
18652
20080
11060
21940
17853
15377
12677
15798
12992
22887
9695
22614
17544
20786
14518
13560
10578
25292
17566
12226
9010
22420
18233
14978
12872
12253
18090
12162
13014
12930
13413
17170
20386
19212
18398
11645
12895
23183
18558
16078
9675
13086
19608
19952
13710
13290
15192
18147
9988
13498
20180
18410
18742
18182
10318
14082
19100
16274
9968
13522
33699
16924
19708
20967
13379
12630
9206
20897
17177
8515
13585
16179
15828
17601
17361
16586
15630
8901
20197
19128
12556
14117
11083
20435
16771
16275
9352
20495
16774
11068
19066
22470
36046
34040
22884
21319
22079
16929
20186
24832
35610
29761
20384
15603
14277
21988
13608
9267
17824
39165
16593
21812
19670
25923
23741
24936
35032
36877
26830
24237
23063
10041
15960
22199
20345
21402
8234
24920
38352
25642
23546
19177
19223
24512
36124
23892
14220
23301
21805
8972
14907
24545
34648
20105
20474
16327
19376
15470
19786
15934
10157
20468
17323
15261
19299
13748
14258
20900
17119
16572
9674
21267
17421
10367
12154
20701
16978
14823
9515
12967
9820
18122
13343
20128
17390
18614
12574
20263
16808
15049
10157
20665
16930
10873
13392
12487
16430
12203
9168
18552
14795
16843
10731
13672
10790
18585
16774
8728
13755
20450
17122
14983
8957
20220
16467
8769
14660
12395
25872
11597
9325
9312
20046
11812
15550
12639
10925
19270
14672
13814
10896
20395
20981
19017
13614
14280
11430
20411
16590
16645
15628
15764
16814
19208
14145
20203
16745
8677
13515
20179
16750
10045
14361
16821
16077
8858
19790
19607
14095
20421
16676
16393
10011
20545
16605
14489
9181
16166
12660
10249
19061
18378
16312
11577
9490
10477
8155
17759
8868
20932
16193
15668
10306
28757
17496
11587
13810
9101
14420
17803
12599
20943
16741
10691
11905
21710
17866
11260
12602
20030
16124
13994
9058
20738
16501
16764
9917
21568
17157
11027
11783
10983
8901
19352
14244
15670
9383
20962
16275
16757
13752
20753
16233
13919
8807
20712
15712
16825
10159
21124
17435
16160
9139
20797
17206
8677
13654
20563
15435
16274
9566
20490
16950
8833
13412
16324
19783
18639
16407
11954
13523
20917
16159
15696
10006
20678
16406
13858
9090
13625
19077
19124
15889
12277
8619
22086
17670
11016
12170
14164
18830
18328
33509
17302
11918
19960
15959
12949
8142
19496
19430
13651
11778
8727
12046
21693
16213
10520
12289
20424
16575
8224
12711
19000
14795
12984
8744
19264
15816
8216
12585
20528
16368
15097
18973
13477
13216
19333
16219
15612
9320
20311
16891
10273
8233
7602
11933
18598
11958
14618
8567
19114
15431
15124
8825
19760
15509
13242
8389
19033
15758
15591
9833
19418
23790
15862
8945
12389
15638
10722
18484
16489
16949
9898
12691
14400
11882
17317
16503
15239
8962
11430
18769
10286
13936
20434
14869
12804
8889
19613
14800
15367
9618
19940
16189
13269
8756
20114
15729
14148
9034
20538
16798
10543
11629
13260
10609
17431
16529
15463
9109
19582
16140
15427
9627
19115
16369
18652
6822
19848
15329
13760
8863
19106
17008
15064
8647
19938
15469
15373
9125
19002
16582
8438
12602
19140
16625
13526
8822
19371
16118
14957
8688
19461
14904
15494
8993
19302
16309
19162
18706
15142
13649
14502
11967
25916
16698
8713
13733
11891
18749
16931
12224
12771
9676
17387
21552
16962
13505
19482
22204
17382
15427
24051
12318
15542
19262
18562
13825
23698
21331
21860
12454
23480
36232
31210
22600
11058
17011
24160
23422
17560
9373
21022
19708
8594
13356
23511
35034
22989
21749
11127
15491
24540
10003
10474
20082
10607
14467
23402
17724
21929
21822
22904
9615
22931
24545
9578
15605
22882
23836
23980
10438
22616
22649
18395
9267
23365
23940
17384
9960
11396
14089
21255
16262
9887
11291
20224
15309
13103
8664
19278
16758
10000
12306
20136
11680
16011
9524
19050
15229
13143
8434
20759
14853
13477
8615
19374
16633
15595
9287
7420
18791
17075
12947
11849
9089
19289
14816
8109
11832
15255
18487
18184
13034
10574
7747
20584
16565
10396
13001
11178
14033
16142
9046
11842
13000
18624
12042
11924
8780
20227
15243
14851
8783
19300
16342
10348
12585
13037
10256
19098
15178
11996
8600
19427
14942
15487
9127
19792
15468
15426
9722
19135
15796
15208
24597
17809
11449
11522
9152
18333
15496
15224
8935
19092
15198
12587
8058
18518
15718
13003
8347
19815
15322
13340
8524
18427
15091
14659
9033
18685
14707
12588
8098
13805
22413
16832
15913
8078
12289
10688
7845
18540
15478
12336
7969
19230
14382
13302
8504
11097
14640
18154
13982
11078
17267
15675
15973
15136
8630
18131
14905
7792
12240
18497
15758
15086
9124
11755
16574
15766
11449
15302
8284
17660
15232
9097
11996
18404
14395
14925
8855
11178
16944
15800
10321
12840
11618
14193
8871
16807
14298
10931
7840
8380
19456
17629
9897
18377
14860
9529
11587
12396
10976
19512
15379
9276
11976
17613
15716
8133
12053
19131
14936
13282
8060
11278
16986
15668
11568
16100
8233
11197
8094
17871
14972
14275
11951
32259
14424
8996
10605
10760
8204
15657
13425
8955
5823
10898
7095
18591
16154
14553
9145
18460
14347
14540
8896
18302
15931
10975
8429
18313
14020
12380
8046
18468
14062
15344
9054
11958
17667
15611
16335
15600
11831
10055
12069
16222
15958
12860
8295
18278
14289
14940
9309
13053
14974
12811
8114
18382
14229
15260
9593
12500
15014
18040
14772
17345
12731
14211
8311
22691
9516
16547
26730
21087
13727
18034
17573
12782
15475
22191
34649
23264
20415
11985
15885
22873
12140
17847
10872
21831
31145
29186
18725
18419
18204
23940
16333
7773
17437
11595
13724
18772
14533
18655
31833
24244
13917
22539
12435
17271
9413
19352
17587
18002
20229
16082
19573
22631
12097
15613
17560
22048
23275
13081
22918
10069
13133
16827
18132
22047
34020
32365
20862
10231
16380
20412
19824
7754
10980
9823
12506
17980
14523
14838
8592
10414
17169
17725
9230
18515
14458
15197
8507
18104
15464
10462
11720
11537
9171
18331
15062
18669
13376
11422
15344
9942
10762
12005
9397
20613
12604
21329
11285
10019
17805
17598
11727
10400
7774
8990
16982
15787
16658
12660
12673
14473
8346
16389
13879
15260
8103
18962
15497
9809
12233
13038
18906
8118
15651
16909
17567
9227
16560
21343
21121
8010
12725
13084
10062
18491
15403
7797
12284
18550
13971
14687
9016
18600
15220
14823
8849
18458
16282
14249
8714
12280
15688
20678
13796
22675
9195
15400
17973
17470
13822
16845
15568
21307
10752
19705
18838
7849
20408
21969
12054
20752
22238
16646
8346
20592
21466
13604
18210
21404
34028
22706
19506
9776
10488
20359
31280
20780
19567
23065
7252
20890
11072
15232
17831
17126
29790
22723
12565
18240
14058
18474
8922
14244
9536
18260
17142
16682
14074
19618
18315
7715
12390
20818
32250
23233
20992
23030
7958
20793
22755
22137
17715
19189
17188
14810
7413
8946
10792
12290
13598
18878
14697
7546
12132
18972
21086
10558
15600
18316
14226
18625
19938
15612
16465
20913
20615
21648
8869
31322
7960
15309
19335
9696
15212
20495
32614
35760
20583
9814
15888
7308
20136
9958
16214
20832
22660
9910
16716
19084
17640
21304
19856
19158
13800
20575
19720
9765
14954
20885
31777
29118
19432
9573
15542
20909
25635
10320
16690
18987
13713
12724
20330
9714
14524
20624
32642
32724
20246
9754
16386
19272
18084
7576
12082
20678
14603
11380
16130
20370
21764
7651
19900
19658
20900
21122
11932
15010
20213
9672
10680
20427
31988
21080
19876
9715
14513
19798
20090
21594
19050
20374
17488
19504
17384
7780
12217
20986
21915
14394
16888
20725
32238
21317
12055
13470
9166
11975
10902
20063
11483
20730
14003
7367
11531
17300
14821
13944
8637
11713
16035
15544
15910
16002
13028
10412
7224
17396
14910
7456
12540
10540
16616
14472
11124
10727
15640
18446
14758
9878
7209
10097
7857
17463
14838
7620
11505
17393
14702
9776
10620
14720
16485
14796
16074
20461
9038
21262
19848
9256
13392
21062
13654
18242
18936
23086
7440
20528
32363
28596
19644
9538
15764
20703
31070
20554
19231
19808
20153
20308
21772
10938
11004
16953
20135
22072
9608
20176
31657
20727
19570
9826
15176
14642
19466
10850
15520
16213
11270
15180
15474
20799
8785
16029
14287
11505
13304
16380
24862
22000
15355
17804
5738
15811
16306
16096
12727
16597
12911
16254
12435
15498
13582
16940
13098
17475
13289
16651
12224
12737
11395
13987
13829
8016
10369
16210
25258
16614
17012
7600
7626
16104
23538
15356
14118
11452
15724
16060
9258
16280
11830
14984
15464
7476
11852
14897
23931
22028
16327
7704
8251
15638
14840
16698
13511
16676
12399
16047
15156
7392
10749
16372
15195
14542
6862
16444
17048
6784
12231
5755
15657
17157
11901
15241
12600
11402
15354
7509
12647
15648
24874
16562
16144
10836
9395
15967
23214
21029
15817
18199
5484
14878
10782
16371
8946
6777
16608
16365
23954
15937
11187
10443
13509
24680
7052
14072
11503
9610
5921
13454
10322
12907
13120
12261
9264
13986
11343
7065
12889
10598
9864
13410
11018
6416
12376
9516
9166
14363
11002
10646
6103
14176
11556
7024
6067
13270
10837
13620
10949
9180
6727
6753
12634
8113
10273
7936
12873
11745
9222
13419
10549
11909
10404
11120
6240
13731
11052
7298
14663
8794
9487
13645
11157
9756
6046
13332
10936
5710
12785
12163
8912
14259
11336
7038
6267
7215
5526
14088
11135
9577
5920
13735
10334
11106
6960
13857
10231
11050
6344
13507
11133
5875
7995
7400
13637
11970
9756
13560
11442
6051
10500
13595
10672
13250
11166
6668
12405
7975
9414
13936
10323
8986
6444
6532
6216
5450
12553
11863
8414
13936
11486
6827
8753
7153
12550
15333
9883
13555
11100
6777
13170
13820
7584
13457
10509
9809
10418
7296
12632
15729
5520
13989
11373
6658
5560
6697
9491
6287
15521
8325
11747
15378
10055
12195
13101
11489
11719
15075
14206
18587
13748
9154
10106
6913
12997
11277
9406
13144
10794
9722
5852
13658
11300
10053
9611
7819
12715
10695
9467
14019
11042
7375
12762
12041
9257
13180
10640
5696
12719
9133
9220
14353
11659
7019
12852
8586
9370
14217
11591
7136
12607
10449
9300
13717
10340
10697
6144
13539
11383
10624
6096
13736
11818
7613
12547
12523
8909
13501
11145
5904
8955
8331
13452
19158
9234
13572
11120
5866
8949
8400
12516
12000
9333
13440
11207
976135
911058
903031
890924
881857
814671
783598
761555
753443
686736
675880
609762
548694
486555
424023
370728
308160
246845
177962
117594
391595
897732
877924
869134
802353
792463
783465
718078
651800
586049
517601
506062
439346
428347
354949
343484
276813
268733
201391
189262
182433
113084
102400
29896
20307
25102
15324
10024
19527
9175
17252
6555
19278
8079
17697
6374
19191
6995
16730
12580
19658
8002
16240
41355
17051
12262
18295
14655
19595
8068
15853
12635
18454
14132
16118
11767
18898
13863
15089
11412
18068
14158
11147
8876
18400
7659
15051
11954
19343
7805
15933
11432
18347
14067
21241
25431
18419
13717
10289
7038
18369
13661
10800
7518
17864
12643
15611
10884
17959
13930
15427
10503
18558
13885
10684
7642
18109
13799
11023
8169
18198
13202
16642
11519
18279
13720
15335
10886
21330
14955
18866
14603
14148
11306
18348
7751
16816
10164
17693
13125
14343
9861
17851
14465
18718
13096
9904
12611
18029
13181
10202
6765
18789
14518
11524
8188
19490
15665
17214
11614
18911
12577
14523
10665
18188
14162
11682
8387
18006
12834
10047
12270
25981
30781
13204
8790
14387
76776
50544
40461
46587
40126
29478
18079
9277
12915
12474
15336
9278
12463
10370
16060
8251
13045
9090
9525
14860
6730
14467
14370
11848
11759
8621
15003
9159
11896
11778
12211
7782
11994
10339
9250
5268
15103
10653
14441
10329
6055
13597
11860
11401
9558
7221
14624
10631
14155
10501
14641
7951
14997
9776
9331
6731
12379
7939
14384
8520
14672
11096
14380
10423
14526
9849
14485
8675
5706
13442
11946
13795
10439
7618
14549
8363
7650
9617
9889
7865
14531
10734
14739
9242
14820
10939
9437
6918
15581
6444
15226
9980
13257
11500
11745
7839
10253
7571
14643
10162
14425
10298
8180
8823
8355
6232
14096
12207
14963
11118
15002
10847
19777
7515
7208
4949
15250
10016
14327
10220
14310
10740
13998
7598
14660
11213
5997
13296
11849
13731
11848
6825
15004
10596
14387
10503
14593
10687
22988
9925
12810
9274
13190
8973
11182
7830
13057
8801
5011
12399
11050
12408
8814
5978
13064
5846
6616
7934
13075
9267
11775
8289
10927
10369
10766
6554
10683
6728
10452
8433
7410
5242
9353
5674
13522
8798
11035
7581
13060
7881
10674
9650
7918
8624
7224
7626
12822
7254
11393
7666
10880
9593
22017
7481
7423
12331
13283
13023
10707
9342
9729
8663
9098
9131
9788
9075
8157
5875
13484
9636
11790
6303
10953
9268
12919
9419
10979
9390
7691
5522
14088
9381
10847
6776
12568
9251
10846
9039
12954
9638
10633
9117
7946
8384
14195
9363
10740
7644
10581
9231
13559
8997
10974
9587
12962
9507
8295
6896
7280
11866
10158
5943
13277
9521
11043
9083
7199
8248
13436
9959
13712
10185
11782
8445
11242
10550
11645
10605
12890
10029
10628
9457
13537
8813
10414
9112
13162
10019
10107
7906
10484
6622
12942
7068
6321
8166
12946
5668
10127
9374
9637
9854
7795
6493
13810
8917
10914
6986
12682
6643
7976
6190
13032
10137
12861
10301
8168
8061
13140
9707
11030
22426
12580
8615
7971
8954
13062
9686
10394
7422
13089
10564
10547
8547
7470
5995
13509
9541
8694
6976
13155
6192
10549
7937
10437
7516
9099
9205
12300
12854
5608
7526
9949
7037
8816
7622
12912
5763
7999
6779
13040
10295
12635
12426
11011
6562
9384
6705
13017
9414
8274
6173
13192
4735
11053
7292
12781
8732
11351
7307
12799
8515
7009
7932
13470
9536
7955
5925
13410
6031
10487
7264
12702
8920
11338
7588
12842
9176
7076
7866
13580
10327
13107
9310
8121
8751
13665
10503
11496
8511
10685
9873
10813
9500
8496
6283
8270
12340
10735
12080
10468
9319
12949
9816
12667
9356
10519
6949
10300
9634
13397
9171
13579
8858
11196
7374
13148
5231
10501
9806
12950
9098
10285
7510
12934
5336
13737
9294
13640
8928
10723
6826
12670
4936
10507
9556
12658
9368
11461
7420
13197
9633
12993
9309
10670
7435
13280
9076
10519
10027
13099
10053
10438
7788
12777
9288
13006
5947
10688
7125
12764
9914
10183
9683
13474
4730
10946
7703
10564
7148
11378
9282
13895
4738
10802
7638
13070
9473
13403
9016
11109
9714
12553
9310
10157
9884
12807
9529
10325
9173
13571
9118
13468
8708
10576
6809
12871
5780
11472
8087
12965
9576
10540
7763
12582
5097
13697
9457
16631
6988
12804
8951
10571
9407
12881
9983
10335
7302
12784
9232
10431
9585
13526
8333
8152
5954
13471
8974
11515
10113
13309
10008
10261
10037
12867
10408
10378
10466
13536
9469
13624
8924
10470
9370
12702
4793
10528
8256
13277
9727
10885
7711
12640
9049
13556
9510
13611
9121
11420
7747
12557
9800
12829
9829
10461
7941
13410
9841
13297
7990
11130
9277
12846
9807
10430
7361
13102
4770
10737
9408
10979
7099
13324
9733
13358
4821
9526
7201
12628
10153
9397
9037
8302
11807
10687
12056
5479
9339
10528
12082
11188
4852
12820
4559
10855
9632
9800
8197
13154
10558
10801
9183
13208
5661
11200
7779
9177
10220
5443
8152
8350
6717
13168
5388
11148
17358
13524
8047
7542
6079
13177
8633
9073
6612
13126
9869
9053
7006
12667
9784
9977
9516
10086
6457
6804
5280
13083
6151
7677
8060
8303
6105
10166
6890
14163
10252
10696
9391
13040
9211
10167
9534
12960
6991
6539
12231
11062
9059
9416
8309
8553
9049
8963
10334
10600
7069
6895
8664
7627
5835
12863
5422
9500
6119
13502
7229
6735
8306
17892
5684
10933
10011
14023
9538
10372
6034
8330
8091
13074
9553
11541
7677
12557
9635
11219
9649
5059
12613
10728
11840
10488
6053
9117
9229
9581
6969
13308
10184
12936
9295
10385
7347
6924
7956
7493
9216
13904
9629
10464
9470
10510
9879
10965
11619
10714
8367
13200
5243
10713
7384
9153
12040
10575
12034
10605
13620
13013
10004
13311
9026
13644
9236
11097
9687
12922
10158
10699
7655
10116
9583
12851
4843
11377
6743
12522
9131
10244
7664
13599
4985
11623
8168
12717
9314
10728
7445
12494
4755
13588
9414
10716
7348
12659
9476
13397
4752
10759
7135
12664
9424
12858
9252
13486
4996
10500
9398
12829
6583
13192
9716
10452
9365
13039
9717
11530
7058
13294
8938
11768
10270
13047
9407
11470
8242
6948
8380
13354
4881
11244
7392
12955
9480
12818
9189
10397
9779
13478
9465
11393
7368
12619
9071
13286
5004
11050
7473
12657
9220
10874
7111
13064
5021
13447
9143
11483
8126
12788
8932
13533
4900
11017
7234
12583
9289
11594
8442
13189
9567
12692
9544
11538
7526
12613
9463
13504
5394
13777
9359
11018
7079
12727
9319
13524
5235
11638
7873
12979
9657
11278
8082
13158
5388
13250
9216
11149
7634
12801
9045
13203
5040
10458
9557
13015
9009
10471
6833
12700
5040
10654
8760
13279
9784
12945
10301
10178
10145
10964
8491
13442
10458
5509
8588
9056
10119
12725
10099
12648
10196
8779
7177
7392
7087
13451
8758
10900
7132
13204
9171
10936
7665
7267
8039
13712
9602
11442
7355
12483
4711
10612
7599
12823
7044
6866
7963
16257
8250
9760
9367
9384
13295
13070
10683
8849
8907
14301
5675
11087
9891
13861
10194
10731
9852
13300
9661
10876
9341
8036
6939
7111
7003
13528
9004
10851
10216
12969
9284
10588
9654
11273
8555
7191
5904
6096
8407
6917
7256
10734
6504
10627
9044
7997
5798
13306
5707
10963
7238
12820
9258
10804
7568
10484
9920
11371
6983
10651
6721
10480
6924
13533
5569
11031
9585
13603
9231
10820
8239
6801
7979
8274
6051
12968
9633
10811
7038
12792
4669
10772
8711
7942
8560
13840
16778
12196
10343
10632
12542
5975
8834
9520
6148
13913
4860
11523
8251
13806
10632
11723
8273
13250
5573
11374
9924
12505
7038
6843
8514
7400
8175
8367
12160
14007
13154
10536
8001
13200
5796
11157
7325
10917
9996
12760
9192
10494
7482
7193
5428
9260
5955
8759
5580
10768
9224
10616
8882
8040
5850
13031
9139
10702
9487
16967
9388
10570
9343
12652
9305
10283
9450
10990
8704
7572
5635
12727
9456
10848
9848
13053
9724
10380
6901
12848
9351
10278
9953
12946
7700
10391
6044
12822
9590
10780
9529
13316
9047
11034
7183
12725
9611
10868
7441
7162
5691
9019
5863
13486
10005
10435
9432
13236
9386
10434
9134
7884
5727
12891
9515
13670
9253
11697
7503
13046
9264
10715
7349
7129
8743
7167
6051
6471
8690
10434
6937
6822
5739
9408
5947
13072
9221
11349
10557
13099
9633
10354
8171
6943
8515
12920
9594
13298
8731
11738
8122
13441
10498
10592
9905
13354
7780
7682
12103
5541
8589
12785
5100
11733
7776
13071
7113
7082
8247
7178
8641
8676
7768
8092
8710
7734
6947
7245
8372
8735
6205
14425
10368
13839
7432
6967
9656
13453
9958
13227
9563
11188
8485
8817
6850
13135
9624
12612
8999
10768
9599
8844
9616
12996
9763
12480
9668
10809
9059
17649
7167
7985
6693
13058
5351
11264
6780
12994
6532
7904
6571
13122
9885
9096
8198
6484
6541
13236
9201
10308
9492
12857
9714
10431
10020
11407
8138
12974
10165
10681
8415
12956
7966
11250
9900
12795
9476
10401
8700
7425
7742
13555
9354
10404
7157
12712
6810
6395
7560
7869
5457
13484
9640
10651
7081
13482
9663
9320
6895
13288
7193
6756
5799
9341
8163
13399
9528
10301
7149
12413
9157
10620
7086
6847
8538
13093
9525
10890
8416
7115
7529
13859
5572
11214
8206
13316
8304
7726
9293
9704
8490
8569
5803
13862
10651
14545
7533
8113
6909
7236
5684
10184
6379
13384
9798
9367
8207
8389
7292
7166
5521
9889
7551
7359
9319
7604
5510
14005
7397
8055
8730
13336
9540
5157
9180
8276
5904
13099
4860
10850
7066
14084
10620
11358
10043
13553
4945
14584
10273
10599
8763
6486
7731
6533
7099
9212
6886
11574
6848
7080
5554
13668
6700
11140
9359
11983
9191
11022
6276
6574
7520
13710
4917
8708
6023
13982
9510
10996
7532
7372
8307
13179
8938
10726
10507
13120
5203
10758
7502
11002
9500
12845
9793
10438
10067
10792
8664
7151
8298
7584
6503
7154
8271
9029
8483
7034
8470
13787
10708
10780
9975
14168
9895
12189
9128
6983
8498
8842
9639
14339
6040
10321
6825
13393
10071
11963
5724
13621
8247
8027
6866
6991
5897
9030
8446
13975
10056
11097
8501
7197
8566
13680
6168
11147
8270
7684
12295
10615
12489
5434
6872
12700
9287
13581
9011
10802
7168
12509
4900
10563
8153
6773
8494
13693
10351
10857
10510
10723
9842
13542
9902
14094
9516
10936
7814
12337
8865
13157
9611
10781
9515
13017
5044
10484
8995
7340
8134
13400
8960
10757
9912
4927
11815
10752
12253
10482
7897
9133
7643
13325
9602
11454
7817
13193
9340
10502
9995
11168
9539
12904
9200
11412
7311
9046
11924
10516
12051
8299
5732
12273
9491
13021
4795
10686
7195
13116
6993
13194
8749
13553
5060
11568
7818
13355
9617
12880
9092
10541
9579
13572
8298
9230
7110
13001
9915
10566
9698
12800
9462
11515
8220
13464
8854
10929
7562
7297
8484
7436
7728
13564
9158
11000
4676
5841
7564
7767
6257
13536
8455
11032
7033
6923
8078
13578
9240
5163
12211
10540
12052
10639
8674
13645
9021
10288
9393
13145
5154
10266
9846
13562
9494
10758
7562
12744
4863
11060
9626
13297
9369
10878
6772
13099
6637
8157
8428
9510
6637
14008
4911
10763
4793
11820
6844
6945
5476
12900
10651
10969
4643
8727
12881
10990
12227
5519
8211
9322
9420
5159
9181
9683
8406
10791
7647
7110
7353
14135
6184
8048
6510
13501
6020
7869
9259
13460
5728
10463
7163
8897
6638
13174
5530
11385
10283
12929
9274
10477
7365
12523
4617
10604
7026
13152
8767
10470
7504
12729
4643
13427
9406
10583
7168
9145
11573
10911
17674
11121
8572
12908
9499
12699
9500
10601
7662
7275
5352
13008
9428
10576
7545
13342
5294
10903
7768
12574
7281
7269
5825
6169
6220
13500
7821
7608
6544
6620
5619
9229
8341
13551
9611
11209
8748
6856
7713
13428
9806
9240
12102
10311
11967
5711
7929
13849
5812
11134
9917
13080
9287
11859
6781
13154
4803
11120
7477
12608
9233
10751
7583
12984
4851
10584
7427
12486
9168
13380
8962
13645
4875
11758
7896
12901
9375
10539
7044
12805
5080
10528
7770
13289
9739
13165
9449
10173
10405
13681
9950
11315
7902
11655
9534
12873
5302
14011
10049
10741
9404
13411
9609
10871
9860
13160
10125
17736
10065
13696
9124
13138
5109
10798
7474
12609
9833
10425
8174
12435
4837
10681
7539
12741
9136
10749
9601
13232
4719
10793
7828
17492
10331
11207
7547
12324
4620
10725
7180
13192
9957
12708
7963
13069
4709
10544
7971
12910
9660
10281
8197
8001
8306
12920
9449
13025
8892
10949
7716
13383
5081
13775
9773
10490
7646
12453
8888
11375
9881
12881
9989
13784
9151
5018
11855
10522
12002
5718
8840
8112
5653
12441
9327
10491
9383
15111
6601
8881
5681
12826
9097
10188
10034
12845
9213
10165
6843
12793
9350
10206
9950
13697
9371
10570
7132
13566
10342
11314
9789
12887
12220
10061
6085
12634
9189
11478
10755
12769
7302
7038
8445
12776
9645
12653
6057
7139
9008
8972
7446
12880
9910
10322
4848
9860
6488
12840
5493
10335
9365
13099
5984
10489
10113
13170
8383
8589
6787
12894
5980
8324
7348
12849
10032
10340
7292
10182
10100
11206
9178
7884
6637
12884
5549
10674
6834
10708
9824
13900
7445
7551
6187
13101
5911
12501
9193
12936
5538
10328
7764
10344
10534
12922
7990
8352
6850
12769
9686
13273
10100
10324
8896
13117
10286
10400
5970
9399
8819
13774
10378
10494
8345
11248
8552
8844
12329
11481
6728
13130
8254
11373
8636
6899
6920
13586
9202
5025
12256
10757
11991
5501
6006
12776
7387
6906
7991
13406
9095
10726
9590
12952
9557
16783
10144
9787
7627
12979
9483
8914
6416
13345
9660
11092
7356
12813
4701
11223
7590
13496
9051
11065
8658
7299
7286
12916
9364
9987
9459
12796
9242
10219
9213
13235
9545
13100
8771
11076
8554
7016
6768
13233
9384
10602
9564
13492
9003
10465
9831
13198
9433
11131
6855
12690
7415
6852
6960
12979
9107
13437
8855
11443
7202
12957
6700
11086
7409
12918
6717
6488
8060
13536
5067
11336
8280
12807
9702
10016
10384
13265
4683
10513
7024
12553
6678
6119
8478
13770
6082
10835
7301
12949
9546
10484
6815
12585
4613
10749
7798
13158
9852
12821
6767
9313
7788
13345
9467
12683
9024
10815
6714
12806
5411
10150
9495
13364
6662
6597
5430
8813
7774
13769
8910
10523
6921
12266
8976
10229
9847
12700
7192
6767
7658
13119
9109
10384
9762
13227
8786
10684
9414
13081
9757
10425
9693
12941
7457
6994
6096
6332
8206
7561
9068
9673
7254
7009
5950
6229
8792
7501
9002
9411
6055
9168
8118
13032
9646
12624
5016
11019
9461
12665
9414
18333
9052
10364
6846
6568
7760
12839
8697
5336
11857
10580
11987
5465
8007
13685
8482
8246
5687
13830
5603
11540
7786
12779
9457
10672
8448
9379
8166
8280
6644
12949
10628
9607
9145
9947
12107
10503
11521
11014
6598
10483
9046
8046
9174
9657
8484
6245
8859
11064
9520
8267
8857
13917
5207
6701
5490
13380
10227
11277
9831
13643
13421
10837
5792
25115
8476
23061
4892
13191
6028
10339
7963
10893
8360
7530
8435
13119
10721
10860
9666
13212
10140
11527
4771
11166
7601
10566
9951
12858
9426
10179
9866
12870
9260
9995
18032
12679
9226
10709
5904
6476
8024
7835
6400
8075
8059
7497
8136
8335
7281
7811
6538
6860
9111
11173
6591
7304
5776
9638
5554
14066
10851
10875
10482
13130
6988
6456
11777
13494
9600
10972
4607
8745
5607
13114
9583
11147
6413
12864
9616
13310
10002
10289
7832
10529
9579
12729
5993
10417
9769
12800
9440
10404
7559
13361
4998
13924
9769
10301
8776
12684
7511
7391
7606
12844
9571
13540
9977
5162
8587
9047
5538
12989
10505
10666
8835
10768
6053
12680
9655
12940
10444
10166
7597
10258
8289
13094
5830
10485
7314
7435
12012
10417
6764
10500
9411
11134
6744
13045
9302
10795
7697
12986
10105
9568
7712
7912
6588
6811
12396
14336
9892
10205
6116
9599
6275
12955
9472
10932
10002
13496
8969
10286
7181
12182
8850
11051
7700
7307
7854
13298
9259
11166
7862
12730
4861
11036
7528
12774
9998
6800
8656
13001
9537
13200
8835
10733
6858
12719
9109
10295
7315
6530
8269
7763
8374
8547
6403
10257
7615
7726
6141
13247
10277
10569
9778
9277
9867
12852
5278
6468
8321
8889
6233
12779
5658
7687
6608
12756
9633
12303
8394
10560
9110
9395
7826
13305
10255
10842
9743
13564
5790
6700
12150
10865
8450
12769
5726
11000
10055
12566
9647
5024
10870
13337
10591
10336
5747
9476
7595
13060
9888
12875
10198
10453
10384
13272
9615
5351
7698
8093
6823
13053
5898
9329
6690
13816
7154
10911
8368
10698
4736
8804
5957
16055
7384
13627
10551
10898
10461
13030
9791
12816
9259
19905
5534
6435
7621
7778
6699
9905
8845
7763
6994
13840
6931
9294
5925
13356
10162
11307
8270
11005
10134
18048
10165
9850
6804
12900
9642
10358
5441
13983
9368
10447
7267
12959
9168
10512
9308
13065
9833
10664
9345
13280
8949
13422
4874
10453
9510
12995
9992
10773
7831
10961
9971
12913
9984
10587
7615
12918
8923
13206
4869
11016
7399
12734
9206
10906
7358
13021
5278
10272
7611
13074
10262
13010
9670
10644
9492
13230
9618
10794
7135
12740
9140
10770
9528
12748
9484
12876
8853
10134
6843
12593
4862
13553
9496
10460
12251
13160
9689
10615
9312
12867
9787
13056
8966
10568
9528
13128
5044
10378
7384
13274
9401
10507
7274
12486
4884
13345
9804
10766
7492
12925
9300
10860
10096
13107
9617
13246
9115
10223
7061
12330
4934
13355
9333
11423
7795
12780
9578
12577
5076
13769
9480
10473
9212
13760
8032
13232
5292
13287
9346
10564
7800
12534
9114
11491
10388
13257
9887
13281
9046
11291
7964
12609
4987
13273
9592
10751
7519
12537
9225
11215
9853
12756
9627
13288
9022
10261
7288
12653
4990
13544
9512
11036
6740
12876
9171
11613
5777
12944
9203
13308
9015
10378
6836
12983
5217
13483
9450
10640
7883
12505
9427
10835
10098
12887
9331
13336
9057
10374
7621
12647
5264
10320
9363
13671
9266
10757
7581
12989
10329
12811
9465
10497
6439
12827
9504
10341
9659
12886
9337
13155
8390
10584
6727
12676
6516
8049
6472
12825
10099
11163
6338
8190
12084
10679
12089
10568
9114
7346
9056
20936
7860
10910
6942
10134
6224
9957
9344
13277
5852
13395
10297
10205
7438
10388
7757
12563
5578
10866
7509
12843
10103
13417
10225
11359
6662
11369
8910
9428
8109
12445
9948
11211
8961
13213
9831
10885
8510
8639
7610
8176
8468
13185
9276
13487
9881
5186
8467
8842
10109
13863
10091
7173
8036
6260
7946
8871
10008
11082
8611
11283
8334
10617
7900
11043
10758
10615
9220
11514
9353
13906
5302
10763
10240
13177
10089
10151
7378
11303
8207
13070
5561
9323
5822
13405
9619
10326
6919
8919
9478
13963
22894
9454
11847
10721
9398
9720
4555
9407
6940
12677
8423
11389
7653
12701
5094
10619
7489
12456
8901
10144
7121
12239
4666
13063
9124
10372
9218
12925
8757
10280
6134
12675
8944
7101
8539
13227
5421
10608
9767
13277
9620
10302
9648
13984
9709
10272
9636
12965
9164
10367
9961
12353
9148
10517
9679
13299
8894
13312
9060
10445
7117
12295
4991
10271
7884
11785
8519
12230
9093
10260
9383
12809
9117
10425
6889
12471
8634
10177
4772
12788
9640
10096
6713
10295
6496
10981
9298
12794
8552
13263
8927
10562
9081
12708
4665
10452
7644
6973
5192
9468
6581
12624
4562
10133
7060
12403
8945
10367
7271
8903
11500
10529
12083
9930
8681
8961
20158
12548
5445
10456
8011
11071
7968
10933
10030
11111
18881
15148
6663
7965
6092
13207
4551
10552
5464
9360
5950
13226
9023
10735
10038
13567
5153
10520
7334
10260
9956
13176
7307
6911
7235
13249
9027
14058
8069
12928
9589
11703
7917
7178
7846
12898
6999
6457
8055
12919
5028
10664
7500
12528
9077
11157
7552
10082
10111
11244
9849
8838
6436
12867
9944
12802
5052
10831
6995
10699
9828
10543
6396
10195
11602
10716
6221
11018
9185
7935
5492
13188
9639
12825
9550
10434
7559
12631
9057
10792
8330
7835
5498
7606
12310
10763
12173
9456
9101
12879
9739
10523
7244
13423
9256
11400
10248
13300
9539
10589
7485
12943
9425
13234
5133
11007
7321
12742
9104
13398
9007
11007
9580
13077
5821
6376
5335
9089
6138
13253
9700
12790
9045
10862
8562
9301
7905
13056
9220
13502
9196
10826
8588
9090
7684
13348
5506
11120
7930
12685
9840
7972
6271
13167
4892
8506
5764
12891
9678
10784
8563
8559
9800
10066
6278
6018
8272
7490
6764
7131
7557
7751
8088
6895
8461
10844
6759
12527
9188
8860
6947
6727
24286
18523
9596
14640
12958
10855
11712
10294
6976
10512
7060
10394
9858
10917
7863
7797
8869
8783
7763
7400
8215
11042
6677
8547
7109
13013
9818
5143
6516
12895
10280
10506
9998
9946
7832
10886
9841
14048
9408
11038
6908
8699
12749
10472
12447
10127
7365
12981
9270
10889
6953
13029
5293
10427
7497
12474
8697
11136
7464
13493
4923
7405
12264
10620
12555
10806
8575
12508
9668
12899
9208
10321
9798
13185
9144
10491
9638
12953
7640
7357
8339
7537
8233
13151
4848
11123
7707
9731
12128
10633
12277
10607
6567
13318
9788
12869
9212
10099
9686
12763
5305
10943
7800
13623
10512
11213
6850
17850
6514
14307
9903
12907
9360
10629
7056
12691
4739
10303
9369
10670
7054
13201
8912
10714
9565
13217
10303
13428
8780
10997
7613
13017
9096
11324
7783
13744
9970
12638
9073
4827
5814
13285
9641
12812
9169
4869
11916
10539
11880
10688
8400
12352
9458
13204
7254
11591
8488
12918
7521
7423
5950
6206
12117
10837
9674
8903
8149
7117
8625
13154
9167
10372
9452
12895
9630
5088
11920
10352
11830
8251
8078
13403
9079
10974
9889
13297
8994
10627
9989
13024
9822
10843
7240
12873
9618
13309
4884
13525
9043
11252
7409
12781
9316
11455
10161
12661
9514
10537
7793
12818
9238
13391
4907
13480
9277
10499
7601
10751
9316
13514
5401
10527
7598
12887
9208
11473
8903
7560
7808
13347
9587
11133
7528
10524
9891
11144
9187
10960
6719
13095
9448
10514
7523
13023
5196
10506
9554
12967
9048
13177
9103
10983
9888
12917
9787
13357
8753
11614
8117
12724
4935
10960
7317
12653
9222
13113
8840
11330
10063
12817
5605
9189
6311
13260
8443
13105
6835
9291
6735
12706
9936
9018
7405
12797
6140
15771
10375
10589
7350
10581
7597
10268
8888
10404
9571
13035
9416
12626
9413
4900
499483
445737
377459
365378
375052
368421
361409
305889
244426
179245
167706
159840
95892
84920
78642
79187
129601
701533
639304
633234
629324
624414
614801
601082
590621
581275
571170
563339
555208
545268
535377
535817
525430
516310
505943
495849
490156
481375
471525
458345
447216
388921
382413
321121
261125
198055
133836
118412
100898
80576
66018
48980
39294
25206
13296
16669
8799
8896
9709
8250
15179
5531
7837
26067
29366
9940
16451
16080
21479
39954
18947
10117
17366
13457
17336
11456
15190
11044
16609
13907
16957
10723
13696
9324
16267
10947
15234
11051
17349
12709
8885
26066
18740
25273
19864
9852
11024
8288
17158
12053
8921
13440
6767
15175
14440
15297
8722
12909
6633
10988
16947
12115
10478
6865
17524
10139
13307
9921
16968
9010
12877
9053
16047
13422
16314
11794
12669
8580
16531
11311
8962
11668
11812
9842
16493
9296
6948
12501
17024
12765
9868
12591
10994
10895
9247
7474
14701
9872
14093
9462
17085
9937
8185
10956
16758
11279
12933
9227
16615
12125
11136
7859
17060
9347
13023
9818
16021
13559
16622
16633
11557
8816
16720
11385
12625
6597
9328
7510
17083
12458
9166
10887
10677
12659
6343
12460
8944
12006
11048
9282
16258
11930
10563
16491
13895
15935
14371
15463
11720
12204
8255
6612
17359
12439
9383
13231
16595
12468
9336
10476
16628
11585
13506
8552
16041
11359
9937
6895
16486
12340
14348
10079
21021
13697
16883
11087
13795
9613
16212
11599
14160
8765
17688
12296
8685
11134
9796
7286
16582
10816
9430
6609
16945
11760
14804
9566
16294
11363
9886
6754
16836
11886
13423
9560
16452
13035
17026
11061
12530
8931
16463
11615
15089
9663
16326
11902
8601
11277
16469
13577
16609
11232
9806
11653
10070
8026
16674
11522
13429
8812
16370
12121
14888
10720
16326
11174
12364
8379
17300
12856
13713
13863
17268
11913
13790
9528
16324
13387
16222
11550
14602
9408
16961
11887
10367
7026
16545
12265
15486
6462
16824
11564
10424
7276
16929
11418
13572
9460
16451
11744
9890
6738
16821
11233
13546
12736
17225
10944
8832
10480
17185
11622
7920
11494
16669
11233
9931
6355
16639
11744
9591
11277
14127
7940
13683
8446
14334
9547
14864
15358
8420
12980
16093
11288
13116
9018
16474
11278
15099
5054
16758
11979
13686
9578
16767
12383
14171
10003
16627
11741
14133
9136
16324
11948
8715
11470
7838
6669
16802
11952
13868
10058
15903
10647
8965
10602
17256
11338
12970
8782
15929
11018
10165
7398
16748
11384
13295
9513
16123
14834
14996
9602
14584
16823
14138
15373
8615
12555
6478
11418
17206
12144
8824
10691
15976
9223
8223
13397
6502
10440
17355
10891
15840
5774
17260
12712
9610
12065
15063
16687
7471
12468
6615
11533
11664
8054
16768
13779
16156
11674
10455
7191
16736
13321
16803
11823
9313
12010
6656
11583
16481
11428
14884
10952
16780
11766
9928
6535
16620
9686
13204
10079
16040
13611
16789
14265
10421
7921
16088
11212
13102
7402
9777
7724
17120
12299
8773
10434
16511
11788
11052
8071
16725
12389
9358
6264
17293
10429
9147
11567
10290
7942
16939
11141
12576
8394
16862
13258
16928
12340
9094
12109
6362
11239
17570
13728
16248
11660
13823
9837
15944
11732
10178
13229
6104
11326
16200
11623
13265
9296
16562
11586
13730
9636
17455
11851
13744
9539
16336
9100
13351
10268
15823
13890
16423
26072
15905
6967
17224
11411
14159
9553
16610
11842
10180
12306
11460
8979
16119
13555
16394
12054
10658
7120
16816
11943
8692
11968
14210
22572
15597
11585
18974
14091
16521
11742
8786
12871
17171
12357
14640
17173
12733
15886
13965
15344
8510
12581
12668
10038
17369
12599
9353
11895
6853
10355
16544
13311
16685
11750
14316
9079
9874
7568
16992
12370
9764
12239
11788
9227
16856
11076
14178
9952
17184
11954
8913
11270
6519
11719
6361
11271
13902
9382
14794
8945
13326
8266
8860
6613
16696
12083
9101
11126
16650
12191
9032
11177
12021
11912
11007
8836
13379
16042
14253
15572
7673
12747
11450
9213
16884
12580
14910
10785
16700
11429
14875
7223
16596
9760
13454
9542
16346
11827
8959
13346
17169
12440
9247
6284
15966
10667
13505
9122
16841
10089
13225
9445
16607
11963
14328
9173
16679
12310
8932
11326
16446
14736
10112
6965
21490
7908
14152
9892
16245
13469
16023
11085
9939
6406
16688
12434
9286
6633
16358
16677
7115
20149
15199
16553
14220
15672
7701
12277
6613
11296
10487
8324
16916
10888
13867
9641
16721
9498
13226
10129
16902
12946
10126
6805
16755
12501
9545
11209
11070
6512
12299
9204
14780
15696
14362
10022
14704
9386
15404
14293
11596
8728
17699
13916
16825
11266
13869
9909
16717
12615
9366
12038
17623
7804
15040
12727
8685
11923
16542
15263
9457
6560
16533
11101
9582
6583
17169
12511
8971
11736
16386
13295
16592
10775
13939
9935
17629
11289
12388
8595
16788
12474
9024
10696
16492
11468
8845
12314
7143
13203
17143
12381
9019
13540
16407
11888
10441
7288
16863
12341
9506
10777
16292
13516
10579
8172
17835
12331
9010
10713
16709
11936
11114
7904
17132
12673
9371
11898
9192
6386
16519
9476
13403
10090
16153
11514
13087
9102
16668
12143
8766
10463
16428
14335
8961
12012
6044
11701
17444
7160
14836
10278
17308
6728
16027
10175
10087
7950
17766
7286
14053
10499
17291
6900
14125
10774
16975
12972
13666
9416
17643
15024
10569
8539
17082
12551
9216
10481
17537
7272
14636
6105
16654
12305
14307
10505
17735
11090
16809
6274
16849
13426
16689
12371
11410
8306
17141
12371
9389
12137
6563
13011
16794
12610
14197
9550
17131
12366
8832
12691
16298
14289
16510
11220
13997
9505
15932
13668
16571
12320
9224
13288
16825
12195
9080
12130
6783
13032
16151
11410
13775
9353
16588
12033
10779
7603
16980
9413
13185
9853
16735
13109
17171
11908
12645
8905
16502
11504
13753
7415
9949
7525
17300
11680
13249
9083
16636
11152
9679
6415
17727
12756
9408
11254
17147
11630
10286
6818
17180
9615
13865
19700
11733
8814
16976
12262
9033
10283
16650
12079
9483
12159
12630
8460
9580
7265
15730
10116
13945
9940
16566
12163
8808
12116
14396
16115
8356
13436
8155
11822
12063
9129
16803
11700
14696
9531
16466
12221
9075
11451
16270
15949
11472
8909
16709
11930
13754
9530
16488
11731
14037
9150
17405
12611
8892
10428
15843
11357
14282
10264
16911
14124
9339
7036
16507
11600
8882
10676
16689
12293
9059
10719
17007
10165
13153
9826
16814
12128
14066
9914
16227
11260
8379
10571
16466
9063
13221
9734
16790
16620
9540
11941
6384
11647
16782
11721
13989
9366
16400
11596
10639
7308
16650
12127
9061
10566
8244
10890
17012
13619
16045
9308
13147
10003
16643
11863
11151
7886
17160
13375
16349
11893
14090
9662
16708
12630
9572
12531
10899
15732
16349
8630
16868
9800
13496
10379
16701
11809
8996
10975
16615
12499
14233
9856
6330
14920
14212
16091
10027
12523
6752
10986
16866
12172
8777
11814
6419
11391
16869
10841
19430
10267
15798
13432
17069
12124
9010
10561
16315
13604
16788
12498
15006
9519
16634
11970
13667
8734
16877
12659
11357
8066
16825
12300
9619
11810
11722
9370
18089
12182
13970
9886
17511
11311
15995
5593
16743
12062
9265
21279
16247
9828
17542
17130
7296
11607
16199
11219
15577
5321
17452
11266
10044
7201
16696
9383
12586
9470
16032
10385
8469
12205
15871
11188
14856
18037
13544
15978
14391
17284
7950
12766
6734
11826
16426
11827
11026
14255
6367
11406
16758
13334
15922
11811
10719
7310
17466
12904
9458
12090
6100
11507
17056
12009
14804
10494
16890
12392
13708
9199
16479
13352
17305
9629
13449
10025
16625
12161
11219
8443
17792
7280
14259
10353
16913
11433
9906
6756
16982
10582
13192
9773
17113
11719
10382
7040
17548
7345
14468
10692
17530
13856
8085
13193
16713
6937
14469
10198
16026
20148
11473
8571
17590
11557
13373
9092
16362
10982
9927
7263
16912
12308
13885
9318
16456
14085
11195
8594
17558
12422
9173
10979
16683
12154
11053
7975
17091
12366
9125
11226
16653
9553
8791
12173
16849
12696
9573
9862
17493
11421
10369
7333
16731
9708
13569
10266
16362
11246
9491
11690
9866
7171
16229
13056
15877
11173
9933
13206
10990
7869
8344
12448
11170
12205
7912
6563
17323
12661
9569
11068
7803
12969
16746
12196
9056
11198
11486
9200
13085
9605
15597
14931
9898
7223
16948
11998
13935
9628
16690
12404
9283
11584
6785
12148
7093
12585
14079
9451
14240
9607
13478
7913
8429
6257
17254
12500
13721
9403
16197
10970
12398
8513
17090
12516
9424
10400
16117
13551
17367
10136
8796
11158
16417
11949
14324
8614
16898
10839
9437
11539
6096
11383
16315
11358
13914
9774
16856
9252
13429
10154
16499
11646
14778
10410
16363
13584
16487
11756
14098
9856
16813
11135
10179
12863
14085
17199
12329
12511
6808
11880
9465
7435
16940
12486
14323
7735
8121
10132
6332
11803
11759
11902
6642
11705
6557
11197
14217
9351
13972
9014
14252
9870
14765
13338
12073
9511
8184
10785
16719
11860
13877
9831
16525
13384
16802
15094
9826
6977
16539
11001
9658
7002
16768
11684
8781
12810
16163
17115
6829
11312
16338
11821
8006
11514
16675
9566
14832
10478
17244
11248
13638
9322
17248
12672
10830
7677
16559
12203
8827
11238
12468
8705
18428
12620
9546
11729
16762
9051
13123
9723
17344
12082
8742
11899
16198
11534
13917
9821
16581
11550
9111
10329
16116
11742
9020
10383
16516
14970
9895
7160
16630
11434
13779
9479
16450
11171
12469
9013
17413
12314
8728
13034
16877
12445
13816
9609
16240
16096
11392
8563
18071
12001
14113
9420
16434
11119
14926
11028
16255
13828
16425
11724
13687
9444
16842
11750
7620
13654
16843
12608
9415
12356
14403
17376
13051
11810
10602
8270
17039
11291
15488
11315
17709
10285
13547
10224
17167
12070
13792
9611
16746
12623
9331
13473
16447
14155
9182
6913
17732
13162
9361
13073
6725
11453
11083
15331
14558
15370
7682
17167
10430
11795
17127
11706
10210
6674
17183
12163
9146
11168
16173
13601
17126
12097
16100
7618
17302
8554
13899
8817
16493
13499
16798
11330
13047
9323
16166
9718
14600
9429
17121
11017
12318
8880
16788
11809
10564
7592
16764
11667
13651
10115
16350
16528
7336
11987
6509
12789
16730
11956
8643
12388
7602
11366
7234
13314
14038
8919
11056
12108
6768
11355
16760
11837
8284
11473
16821
11623
10382
7232
16767
14263
16922
12017
9172
11434
6602
11757
13970
23210
13741
9770
8226
12552
6499
10974
16529
12368
9289
11486
16503
11889
14775
9809
16517
11818
8765
12724
6684
11583
16827
12510
9510
12082
6744
12041
6285
11120
11559
12166
6838
11017
16689
9783
13493
10092
17120
16679
11559
9295
16425
11412
13429
9570
16676
11384
8322
10113
16859
16311
11273
8632
16876
9834
13143
9759
16765
11994
8779
10475
17447
10016
14682
6634
16605
11653
8878
10108
16664
16741
11773
9178
17932
16366
12119
9511
16815
11525
12593
9128
16720
17805
11725
9019
16353
17086
11841
9338
17119
11722
14670
9281
16810
12170
8839
10958
11115
6832
12700
9298
14846
7577
14365
9359
17406
12382
9123
11785
6646
11701
6117
11146
14684
9662
14918
14438
11152
11908
11204
9410
16745
11940
8674
12741
16758
9575
13469
9935
16989
11941
8596
11993
16457
13766
8913
6579
16295
11506
13320
9229
16722
12230
9195
10957
6822
11527
14132
16728
12315
11977
6402
11035
16368
11958
8619
11323
17180
12910
9793
6906
16659
11494
13549
9078
16919
11437
13580
9226
16080
14121
16514
11763
10658
7478
16543
12225
14143
9740
16389
13347
16932
11647
13057
8642
16380
11261
12139
12097
10653
8014
16569
12121
8654
10402
16584
11840
13430
8632
16799
11846
8631
13156
16608
11241
10053
7198
16598
12187
13730
9057
16823
11425
12991
8690
16854
12335
8913
11264
10081
15450
14468
20888
8872
12255
11561
15170
8701
12986
6578
12609
6489
11345
16678
12216
14160
9365
17378
12695
9668
12612
6827
12280
16480
11798
9876
6789
17033
12320
9129
11920
11495
9282
17194
9265
13129
9431
16824
11325
13293
9021
16192
14624
10319
7824
17075
16441
11702
9529
16447
9548
13019
9758
16532
11263
12582
8817
16690
12074
9066
11609
16143
8971
13021
9851
16958
9120
12801
9613
16055
11441
12620
8835
16406
12191
8935
13529
6883
11797
6189
11542
8460
12991
14298
13335
9477
14312
10596
8104
16587
13815
16768
11839
13847
9723
15986
14185
16659
11942
14076
9644
16468
11518
12186
8759
16892
12494
8925
10789
16913
11874
14300
9914
17974
12988
9883
6749
16723
11698
13583
9476
16729
12688
9690
11586
8040
10762
17123
11662
10278
7159
17102
12034
14187
9695
16427
11604
14139
9232
16673
11491
15027
10102
16095
13537
16553
11443
13996
9353
17297
11568
13728
9652
16897
12618
14272
9667
16836
12050
8887
13232
6898
15493
15255
16019
8694
12198
11679
7320
9524
13076
10764
12792
10880
8186
16399
11646
10240
6844
17307
9945
12978
10066
16709
11984
10900
11923
11371
9220
17221
12397
9089
10834
8102
12716
6924
11440
14153
9736
11973
15990
14705
17260
8729
12170
14231
17182
8354
12508
6824
13377
16603
12066
8643
11798
11121
9069
17055
16800
12329
9458
16789
11826
9209
6379
18408
7656
13810
9598
16454
16597
11951
9494
16763
9511
13362
9819
16379
11602
13509
8746
16765
12385
8839
11478
7023
11571
11484
8931
14389
17310
13609
13604
6436
11478
10008
8023
17003
11619
8362
13115
17258
11602
13934
9829
16960
9217
16035
9074
16826
12303
9010
13550
16775
12022
13767
9736
16516
11051
14626
6748
16286
14042
16350
11296
12696
9072
16303
11685
10236
12159
10306
8393
16257
11237
13890
9731
16485
16329
11487
8972
21008
14686
9346
6893
16897
12030
8832
11854
9835
10627
10071
7427
14573
9871
14943
14992
6694
11384
16466
11986
10369
7171
16668
12116
8657
10545
16731
16983
7050
11058
16688
12502
9174
11288
9799
13991
8535
6637
15141
11359
16982
11202
16689
11488
9892
6877
17094
11972
8771
11413
9222
6708
16890
13967
16187
14280
9102
11192
10460
7889
17028
11788
12859
12117
12105
6989
11820
9440
15173
11353
17055
11628
9390
12069
11728
9280
16516
11928
9194
11913
11172
8895
16648
11824
13653
7105
16816
12086
8950
10343
17105
14563
11533
8646
17092
15143
9584
6806
16063
11471
9618
7003
16372
13776
17145
11362
13515
8416
16196
14186
16530
11791
9106
10835
21153
11807
9932
11899
11636
9195
16055
11460
15030
5976
16877
12038
8925
11048
17332
9645
13245
9899
16170
13508
16547
11552
13553
6785
12703
9182
17057
12017
14693
7716
7891
10441
16424
12021
11128
7700
17073
12450
9073
13893
13318
12148
6273
14552
12308
12294
12069
9706
17109
14394
12021
8915
16918
10011
13027
9808
16694
12094
11169
8019
17050
12128
8821
12992
6639
15254
14934
15326
8438
11892
6737
11832
11431
9100
16533
11681
13950
9678
16108
14497
15063
9863
16742
11796
14039
9468
16540
11111
13902
9159
26265
13661
10622
8755
16280
11069
13678
10058
16606
11858
15951
10136
16087
11339
13398
9176
16398
16226
11669
9330
16783
11887
12673
8765
19823
10409
13611
10019
16351
14076
16638
11454
10107
7186
16841
12302
9237
11170
16628
12259
10831
13169
6827
11331
16477
11837
8763
10206
16842
9209
14031
10183
16705
13223
16533
11390
15125
20547
17816
12603
9340
12209
12184
7581
16832
11349
12891
9119
17197
12021
14711
9873
17166
16782
11899
8344
16507
10986
13953
9981
16847
11725
14165
9724
17153
12617
9205
11534
6968
13310
16436
14623
8966
6565
16343
10406
18272
10386
16729
11804
8838
10706
16381
14181
16918
11941
13109
9008
16727
11687
8718
10925
6902
12789
16667
14599
9164
6670
17064
11982
10543
6907
16698
12584
9372
11068
15882
13801
17391
7718
13759
9761
17362
11645
14753
10289
16217
13632
16590
10351
14726
7493
16786
17229
7087
10692
16299
11650
8893
10877
16447
10843
9555
6606
17341
6827
13800
10219
16246
11361
10075
6606
16913
9478
13196
10214
15932
13507
16581
11318
12595
8804
15889
11273
13383
7067
9244
7324
16961
13668
16193
11555
8947
11831
11079
8644
17753
14458
9324
12690
11360
9227
17191
13387
16540
11943
12583
8370
16371
9240
15261
7038
16755
12354
13799
9494
16590
12013
10400
7141
17137
12599
8970
10910
16705
12113
13918
9530
16800
9602
13166
9853
16106
11204
9874
6642
16869
12452
9037
10765
21872
16630
6962
11674
16696
11756
9012
13991
16248
14126
10499
7339
16634
11919
14036
9366
16613
12186
11174
8493
16840
11906
14048
10104
16389
14038
10733
7924
16748
13399
16442
12116
13880
9537
19359
10929
12428
13882
6559
11446
17446
7249
13820
9547
17174
7296
14858
10772
17365
9635
8520
10649
17311
11799
14521
10579
16585
11238
9679
6768
17324
13835
16783
11217
13411
9530
16698
12508
9411
11330
17263
11808
12389
11609
6650
11736
16373
11869
13460
9180
16618
12002
13929
9240
17526
9824
13886
10637
17128
11528
10678
7469
17154
12731
9167
11076
16739
12147
13965
9409
17614
9725
13507
9888
16251
11411
10366
7204
17163
12932
9746
6533
17388
13953
16628
11604
13768
9663
16883
11774
8945
11582
16648
12465
9128
12029
14467
15963
7611
12460
6562
11607
16391
12073
8939
13170
16925
11837
13745
9030
17187
15341
9521
6558
16802
11946
10084
7334
16458
16574
7205
11424
16572
9361
12554
9123
16593
11799
13835
9691
16691
11518
10477
7385
16971
12296
9325
12425
11284
9450
16873
9381
13076
10277
16879
11238
13335
8996
16944
9016
14929
10984
16980
12221
9116
10210
16692
13599
16561
17112
11633
8536
16920
11349
9693
6676
16343
11773
9278
13416
7200
11766
6940
12070
11725
12381
6272
11176
16618
11432
15659
10923
16666
9463
13182
10138
16470
11267
9961
6850
17223
12424
14795
9584
16445
11600
14971
10334
16765
17126
11670
9093
16259
11373
9936
6923
16719
13677
17031
12198
9340
11175
13736
15470
15095
16028
8751
12172
6824
11221
16350
11573
8621
12833
6861
11690
17195
11402
9694
6497
16965
11320
13377
12080
11296
8973
16621
11619
13565
9001
16640
11668
14349
10383
17411
12089
8848
10428
16526
11330
13370
9292
16940
16613
11583
8972
16872
13725
17180
11502
9244
11019
16667
11174
12541
8565
16036
11514
10232
12096
14150
16801
8351
12386
12611
16600
9575
13570
6387
11556
16154
13790
16736
12148
10613
7472
16714
12025
8660
13216
16721
11992
11171
13288
7173
11328
17090
12488
14133
9133
17818
12097
9060
10554
16474
12280
9083
10774
17652
13048
9608
11043
16705
13845
9482
6541
16583
12235
9031
11095
17209
11580
8577
13096
17093
12818
9527
10771
16910
11733
14209
10028
17361
12551
9337
12723
6646
10860
15663
10718
13391
9279
16003
14284
9820
6971
15823
10539
12925
8980
16368
10894
14178
10707
15956
10753
13526
9521
16302
14050
9353
6673
15767
10413
8797
12628
15887
11244
13159
8833
17269
13263
11822
8746
17159
12898
9739
13343
6754
11537
16778
11686
13712
9500
16046
16179
12226
9282
16826
12234
8832
13217
17602
12696
9650
6413
17258
11394
12771
8592
16587
16976
12060
9422
16709
12557
9316
11318
8200
11803
17105
11899
9840
6737
16607
13260
17666
11775
14771
8454
10606
8291
16320
13407
16077
11107
14340
9699
16452
12091
9062
12147
6591
11469
16806
11719
9937
6996
16218
13729
16785
11897
13453
9426
17180
12115
8167
11419
16748
11213
13458
9586
17811
7235
13872
7282
8084
12938
16833
12113
10393
7179
17135
12793
9497
11466
17018
11460
10432
7513
17116
9782
13361
10060
16787
11475
9741
6502
17494
7182
15232
6532
16833
11495
9865
11983
11787
9553
16800
9416
15285
5297
16968
12415
13970
9992
16237
11408
14012
10166
16333
11748
13853
8935
16980
9311
13069
9946
16608
11983
13922
9474
16148
11196
12436
8910
17411
14058
17173
12489
15680
10469
16977
14164
11363
8141
17328
12582
13951
9467
16645
12273
11027
13329
5855
11213
16434
12036
8966
11940
16466
11754
14200
9924
17174
12159
14769
8834
16250
11443
12791
8841
16615
13755
16399
15264
12218
9146
26388
14292
10488
8028
16118
11178
9562
6608
17051
12696
9349
11540
8362
11700
16269
16349
11578
8789
16401
13794
16846
12230
10908
7828
16942
26736
14583
7110
12176
9195
14262
8871
15124
10768
15073
10555
29620
10910
9828
12658
8315
12836
16355
11908
13881
9547
16580
14050
9233
6310
16738
11843
9151
12992
16990
12680
9676
12012
10743
11913
10131
7653
11512
13419
14054
13437
11583
13967
10349
7801
17367
12194
13678
9616
16253
13695
16317
11659
9717
11985
6888
11742
11862
9325
14713
16098
13813
9337
14569
9181
14750
15022
10134
7657
17772
11985
14182
9622
16339
13715
16410
11178
10312
7486
16666
12324
9087
13288
16840
11295
9940
6598
16415
13590
17025
14644
9314
6728
16799
12840
14392
9827
16403
11470
8983
10973
17008
14427
16713
10981
14077
9961
26701
15092
7027
12648
16019
11411
13959
9906
16649
12050
10290
11955
11570
8865
16203
13351
16318
12102
11365
7447
16660
12100
8898
12152
11544
9533
22683
12171
14359
9549
6243
15013
14444
15392
8053
12716
14269
16412
7440
12529
9456
6657
16764
10042
13428
9950
16694
11604
14288
10065
16636
11813
8832
11185
16805
9565
13460
10180
16756
12621
13782
9608
18264
12340
9199
10244
16899
11598
8722
10661
16631
14279
9311
6804
16846
11903
13953
9446
16449
13754
17417
12810
11513
7900
17202
12952
9566
11892
8632
10499
10878
8328
15012
10289
13779
10006
16601
16520
6763
14734
17180
11551
12663
8896
16466
11612
10090
6970
17341
12846
9647
6668
16617
13664
11244
8974
17021
11202
13099
9303
16688
11859
10637
7640
16567
12116
9081
12840
16294
13609
16881
10039
13488
15789
16948
12039
8819
10554
16497
14190
9042
11344
16537
11531
13565
8309
16580
12192
8953
13130
7370
11123
16887
11282
10294
6728
17092
10099
13136
9678
16502
11819
10268
7145
16504
16134
11575
9185
17217
11678
10315
10932
16863
13568
16138
16256
11426
8600
16721
11544
14298
9585
16544
11173
12974
9597
17200
12638
9548
12094
6800
10567
16731
11087
9698
6234
16635
13501
16441
14018
8830
11343
17337
12496
13942
9149
16661
12367
13975
9869
16458
9189
13460
9932
16196
11341
14076
9828
16624
11898
8980
10767
11158
7020
12757
9200
14405
15790
14147
9601
15174
15581
14867
9763
14886
9932
14155
8844
16468
9164
12977
9721
16202
11328
13720
9848
16288
11158
12599
8637
16840
11897
9070
10514
6489
11395
16816
11601
10517
7200
16201
13409
16923
16748
11632
9004
16419
12207
14804
10741
16623
13721
16462
11300
9657
12513
11653
7479
7949
10196
14475
9627
11308
11494
6406
19206
15394
25841
6865
11655
36662
18683
14964
17614
14287
16283
8346
12176
6551
10646
21042
22932
8207
12377
6494
33710
35421
31612
18694
10888
14200
9589
15734
10177
6356
12986
7884
12037
13829
8336
8487
11268
6501
13405
12768
6992
7824
10846
10521
8663
110500
136153
129489
134241
113653
107886
103335
102637
40939
26324
15699
266155
816927
757226
695816
633051
566837
501128
436538
369192
358459
291983
226436
215085
150187
89010
77970
16170
22287
14058
11920
9304
11859
10653
6676
10292
10930
10042
10320
23936
17624
12065
6993
12452
12919
9276
16278
10264
6658
21155
17510
12004
10185
9209
16068
6095
8367
6648
8045
11940
6405
12849
10704
9220
11082
9381
10396
8544
11626
12439
10829
8765
10352
8693
10451
9278
10760
11675
10976
9120
10283
10217
9937
15453
11603
10572
8220
12107
10995
10054
14296
10068
11172
10376
14056
11001
10575
13778
11432
11283
7806
12960
9324
15425
10145
9051
11650
10066
10065
9133
14749
10576
9558
8541
7804
12026
7932
13309
9850
8705
8085
14795
11305
10327
15082
6993
12797
11411
10944
10121
14049
10038
10501
10291
8023
14186
13116
13057
10091
9226
10667
10177
13496
15641
9870
9146
8658
8716
9011
8049
14916
9760
8866
8026
11928
10527
11402
13715
9612
8834
7878
11331
10305
10347
13547
11426
9547
8346
7848
12629
14542
10508
11434
10316
15055
11352
16354
8696
11949
10458
11147
10784
8685
14391
11809
11074
10510
10210
11156
10655
14463
10873
10030
9453
8913
8604
18074
16818
10112
8423
8006
11789
9795
9115
14046
11624
9179
13894
10068
9366
15334
9937
10496
9847
12994
10068
9367
13807
10440
9746
10270
8389
12622
10792
12966
11349
10508
10048
10630
10054
17137
11622
13566
11298
10445
9586
10657
9910
15802
10539
9291
8331
7462
13837
7732
13837
9199
13485
10672
9834
9313
17193
12456
14030
14386
13970
9434
8671
16799
15351
11339
10590
8503
11719
10004
8781
13802
10535
11095
10088
11828
9775
18905
12887
13892
8101
9419
8622
13704
12126
14456
9260
8226
7412
8190
13186
9362
13882
10768
9756
8210
13109
6473
17106
15457
9662
8445
7505
14042
6974
8501
14407
8762
12828
11800
11232
10728
9955
10059
12498
13237
7711
12472
11179
6407
12784
6387
12427
6523
12279
6420
11984
13235
7869
10531
8592
