14371
14545
18363
14967
14587
17256
14976
15100
14580
17642
14402
14500
17729
14152
14535
14777
18180
14858
14331
17755
14682
14133
15156
18325
14904
14329
17424
14884
14242
17253
14891
21680
17783
18447
14836
14872
17362
14465
14387
15043
17802
14429
14231
14846
17871
14162
14198
20600
17983
14533
14242
17634
14674
14505
17500
15255
14756
17744
14480
14142
17640
14145
15396
15067
17850
14636
14176
17670
14291
14067
17740
12011
18009
14476
14644
17354
14451
23975
13907
13860
16863
13627
13175
16665
13800
13520
13873
16664
13963
14260
16422
13900
14144
15990
14562
13685
16517
13600
10152
8398
13590
13895
14795
13890
9380
13357
13380
16860
14395
13760
14060
17498
13670
13362
17505
12890
9987
17214
14453
13613
16827
14097
13455
16575
14266
13540
14047
17154
13444
13480
17088
14274
13678
16882
13894
13774
17128
13800
13728
17520
13573
13973
17015
15080
13976
13548
13897
17260
13668
13450
14473
16804
13655
14260
16765
13853
13840
21668
18647
13595
17543
14013
13827
17368
13353
13408
14340
16374
13544
14080
16544
13487
14663
16940
14320
14115
16887
14090
14288
10174
6452
4375
14160
13624
13674
13602
16904
13497
13520
16480
14110
13914
16285
13905
13787
16292
13856
13380
14690
17168
13967
13440
16152
13580
13640
16574
14636
13395
16823
13710
14218
16575
14192
13448
14025
16422
14028
13545
16358
13650
18620
6740
14122
13966
14078
16656
14120
13690
16505
13533
14273
16706
13700
13500
16355
13740
13760
13640
14180
16732
13347
16288
13542
13578
16377
13532
14318
14265
13710
13613
16932
23203
12985
15912
13345
12561
15841
12591
15738
12620
13003
15380
13269
12907
15664
12729
18860
15628
13003
13255
13336
15998
12973
12831
15722
13161
12912
15680
13215
12751
15813
12935
13262
15811
12922
12847
13273
15638
12689
12929
15502
12633
13180
15482
13238
15596
12655
13311
15985
12031
10742
13466
13300
13016
16118
13082
12934
15902
12879
12704
13122
15940
12811
17175
16015
13100
15612
12907
13171
16276
13107
15518
13034
12702
15591
12923
13377
15971
17856
12727
15416
12907
15241
12879
12873
15824
12968
12771
16108
13380
12725
15818
13407
13953
12918
16109
12785
12680
15642
12862
13467
15698
12887
12636
15795
12944
12889
15269
13891
12926
15724
13512
12797
15534
12802
12857
13593
15792
12669
12726
16142
13357
12736
16185
13643
12879
15900
12763
15867
12729
13027
15566
13215
13173
16049
12673
15989
12860
13020
15372
13054
12620
15718
12863
12790
8675
12780
12651
13183
15804
12912
15298
13414
21112
12259
15012
12536
12360
15076
12108
15049
12042
12291
14649
12776
14989
12149
12003
18947
13798
12403
15127
12984
11994
15192
12262
12046
14840
12700
12182
12956
15200
12193
14678
12567
15080
12888
12275
12409
14829
12265
12540
14614
12099
14360
12064
12531
15013
12022
12899
14993
12127
14774
12256
12349
14907
12119
12306
14930
12253
12188
14745
13062
12040
15420
12358
15266
12373
12065
15196
12749
12247
15096
12037
11972
14849
12101
14586
12518
15270
12269
12051
15344
12185
15016
12274
13011
14980
12259
14844
12407
11996
14778
12379
21367
6300
12413
12118
15142
12504
14546
12161
12285
14849
12075
14524
12167
14437
12045
11982
15107
13091
12143
14756
12476
14914
12240
14886
12362
12445
14609
12420
14794
12236
14573
12113
16842
10662
8313
12377
12240
15040
12037
11883
12887
15411
12366
12013
14700
12442
14513
12400
12353
14967
11805
12880
12051
14869
12038
14548
12549
12294
14928
12038
14598
12267
11975
12774
15389
15953
11452
14020
11658
14064
11471
11472
12180
14058
12050
11468
14116
11684
13924
11484
12189
12498
14553
11653
14095
11934
14395
11755
11986
14200
11609
13923
11446
13977
11544
13991
12238
12145
14194
11476
11525
13936
11497
13871
12565
11909
14186
11722
11525
13818
11558
14062
11982
14241
11695
14035
11521
14071
12216
13814
11822
14496
11713
13864
11682
13922
11996
13858
12229
14222
11633
13962
11800
14077
11460
14238
11823
14153
11483
14009
11680
13888
12014
11870
11972
14258
11676
13718
11602
13981
11760
13863
9573
14805
11962
7869
6132
11667
11624
18738
10376
14493
9895
14118
10108
11794
10271
11923
10519
11908
10027
11952
10052
11715
9861
11990
10157
12000
9950
11664
9908
11752
9980
11849
9991
12023
10041
11796
9609
12101
11418
12212
10383
12150
10023
11945
10195
11911
9831
12012
10298
11989
10160
11660
10853
9700
12313
10241
10568
12090
9864
11655
10331
11979
10045
11765
10155
11791
9979
11951
9821
12409
9941
11896
10221
12578
10009
11939
9885
11702
9902
11786
10063
11988
9777
12475
9839
10693
12121
9896
10068
11989
9898
11976
10076
11901
10036
11797
10298
12079
9943
11922
10498
9920
11888
9762
10060
12106
10254
11907
10247
11974
10009
11668
10229
12013
9826
16025
9962
11902
9788
11747
10259
11947
9843
11787
10180
11748
9752
11625
10195
10681
12049
11060
9866
11996
9911
11930
10448
11974
10011
11744
9976
12108
10158
11823
10258
11942
14139
9980
10171
9765
11987
9872
10279
12217
10037
12093
10104
11816
10081
12105
10463
9875
11966
10236
11955
9720
11701
9581
9893
11716
9737
11691
10019
11589
9728
11669
9977
11914
10588
9953
11661
8385
9832
10011
12408
9988
12194
9856
12139
10222
11731
9667
10212
11788
13381
10644
6317
9903
9895
11902
10251
12033
9715
11503
9828
11762
9923
11768
9920
11851
9691
11614
10060
11694
9593
11520
9969
11672
9824
11565
9740
11778
9738
11340
9793
11883
9627
11885
9460
11413
9516
11131
9746
11471
9356
11102
9490
11275
9343
11149
9674
11236
9208
11341
9614
11248
9223
11391
9544
11184
9488
11443
9350
11450
9190
11303
10004
11388
9472
10274
6385
11520
21628
7977
15504
12824
14267
13563
14449
12633
15095
12823
13439
15710
13103
15119
12663
15254
13879
14491
13458
14832
13103
13289
14730
12979
15103
12739
13390
14651
12992
16091
13664
14636
13506
14683
13133
14583
13014
14675
13182
14657
12531
14626
12842
14695
13455
13607
15323
13493
14516
13231
13157
14774
12905
12630
14491
12830
14660
13138
13017
18770
13265
13290
15367
14073
14860
12863
12982
15026
13084
14681
13352
13438
14690
13848
13126
15325
13375
14740
13109
14584
13010
15024
13491
14888
13153
15301
13029
9241
13189
14573
13036
25124
13012
15372
12858
14349
12985
14894
13201
13436
14667
12893
14553
13082
14591
12980
12785
14748
12797
15019
12672
14854
12597
14442
12764
14800
12987
14933
12286
14317
13104
13378
16079
13334
12576
14585
13028
14426
13139
14228
13364
14598
13491
12916
15140
12773
14580
12928
13824
15097
12801
14777
12911
12554
14666
12611
12921
15426
12717
14696
12744
14484
12835
14966
12069
15179
13293
14810
12663
14561
13106
12841
15346
13105
14808
13046
14855
13263
14613
12602
12835
14681
12455
14581
12485
13938
12415
13839
12315
14163
12314
14305
12339
13859
12471
14499
12825
14305
12483
14468
12537
13926
12882
10257
12407
13769
13323
13900
12661
14187
12337
14206
12637
14444
12779
14458
12439
8208
12776
15523
13677
14195
12629
14058
13094
4533
11975
5316
10528
9388
11279
9780
10999
9007
10621
9191
9305
10956
8844
10846
9710
11266
9419
9345
11433
9580
11480
9867
10960
9107
10580
8955
10891
9104
11044
8810
10714
9327
10706
8951
9594
11044
9098
10968
9067
11029
9277
10499
9615
10802
8978
10558
8815
10520
8916
10698
9615
11027
8642
10839
9420
10676
9090
10762
9153
9628
9018
10788
8959
10990
8763
10656
9232
11332
8789
11021
12107
10956
9261
10693
9297
10662
8768
10770
8980
10578
9090
10446
9498
10846
9271
10753
9557
11445
9015
10928
9145
10884
8987
10599
8974
10826
9059
10770
9391
11167
9027
10813
8956
10850
8971
11078
9128
10673
8810
10621
9153
11260
9004
10849
9105
10829
8910
10843
9191
20349
8817
10675
9092
10757
8864
10593
9021
10857
8880
10843
9343
10727
9160
10680
9115
10749
8882
10804
9262
10759
8878
10582
9041
10612
8919
10839
9270
10825
8916
10706
8887
11220
8999
11048
9184
10944
9055
10630
8829
10891
8798
10726
9566
10900
9051
10998
8931
11229
9126
9533
10934
8996
10602
8889
10558
8770
10509
8758
11007
8990
10453
9056
10591
9958
11360
9212
11521
9043
10711
9028
11308
9025
10785
8918
9174
10690
9200
10782
9159
11261
8893
10790
8783
10841
9222
10562
8626
10225
8402
10443
8872
10530
8688
10574
8866
10370
9014
10427
9432
10846
8672
6412
8658
10455
8718
10428
9100
10644
8646
10376
9340
10253
8620
10675
8936
10613
8648
10235
8590
10639
8390
10439
9059
10406
8849
10198
8749
10322
8531
10510
8710
10400
8546
10458
8654
10297
8593
10342
8933
10403
8765
10606
9000
10495
8806
10653
9177
10334
8498
10446
8746
10239
8913
10266
8765
10375
8572
10172
8724
10424
8454
13747
10948
8540
10575
8492
10519
8573
10228
8829
8646
10277
8517
10230
8866
10140
8460
13292
10888
8824
4820
8659
10912
8611
7048
8560
9015
10696
8919
10731
9078
10242
8633
10244
9070
10450
9035
10557
8665
10541
8595
10241
9099
10738
8642
10511
8605
10423
8553
9990
8782
10693
8512
10673
8649
10839
8469
10375
8850
10508
8683
10431
8840
10533
8775
10201
8750
10309
8591
10365
8839
10174
8675
10151
8728
10244
8870
10389
8558
10178
8622
10339
8914
10338
8461
10573
8611
10449
8556
10443
8899
10330
8700
10199
9047
10100
8603
10217
8946
10347
8566
15826
8891
10495
8651
10619
8883
10448
8530
10196
8748
10265
8565
10382
9079
10610
8594
10770
8861
10467
8834
10235
8819
10493
8807
10369
8579
10212
8477
10240
8963
10340
8507
10393
8483
9850
8370
9861
8662
9914
8260
10054
8342
10226
8332
9981
8477
10075
8154
10204
8521
9838
8396
9854
8844
10043
8278
10053
8409
9930
8225
9911
8582
9774
8461
9759
8871
9729
8233
9747
8410
9815
8042
9666
8440
9700
8400
10123
8425
9862
8343
9746
12341
10254
8528
10107
8508
9995
8203
9744
8214
10246
8152
9845
8564
10111
8673
10024
8092
10374
8253
9942
8472
9898
7989
8300
8219
10423
8199
10343
8380
10058
8552
9964
8331
22103
8677
10591
9038
10459
20960
8108
9957
8115
9690
8226
10266
8257
9733
8229
9685
8038
9948
8087
10184
8363
9871
8026
10077
8254
9894
8223
10154
8156
10042
8076
9610
8126
13106
8352
8351
10023
8292
9814
8292
9943
8165
10525
8568
10002
8188
9888
8220
9798
8253
10170
8389
9969
8578
8277
8208
10137
8165
10405
8559
9957
8034
9851
8343
9789
8253
22805
9008
10406
8574
10102
21829
8344
9887
8209
10184
8375
9790
8355
10112
8581
9831
8081
8656
10251
8579
9840
8484
9944
8544
10001
8371
9921
8286
10128
8393
9832
8098
9739
8301
10496
8343
9937
8412
10054
8324
9979
8514
9909
8211
9749
8253
9745
8348
9869
8518
9951
8050
9866
8702
9694
8194
10050
8426
9835
8188
9717
8075
9887
8090
9869
8295
10265
8427
9778
8959
9887
8223
9773
8541
9987
8206
9835
8185
9766
8131
9973
8551
11014
8389
9806
8335
10160
8147
9821
8353
10080
8297
9803
8313
10031
8186
9708
8751
10225
8301
10121
8295
10192
8203
9919
8334
10156
8136
9974
8116
10270
8363
9797
8696
9804
8213
9803
8377
9879
8129
10129
8406
9970
8284
9871
8203
9918
8119
9702
8356
10057
8412
9887
8501
9670
8179
9767
8545
9852
8309
9889
8040
9817
8325
9699
8381
9774
11633
8567
10137
8366
10195
8245
8196
10147
8169
8482
10090
8202
9826
8185
8494
10150
8237
9980
8411
9934
8256
9956
8341
9936
8316
9733
8320
9690
8137
9736
8564
9840
8045
10068
8189
9868
8420
9751
5956
8402
8308
9873
8142
9701
8073
9683
8275
9723
8348
9787
8534
9816
8043
9837
8508
10118
8388
9840
8400
10059
8290
9699
8957
9923
8231
10105
12554
4505
8306
10111
8484
10082
8181
9861
8361
9732
8320
9818
8510
9869
8481
10001
8519
9928
8437
10079
8753
10094
7825
8458
8419
9835
8311
9895
8494
10332
8639
9769
8323
9744
8329
9948
8688
10324
8338
9862
8216
9835
8302
9715
8620
10033
8264
9808
8493
9824
8303
10188
8622
9896
8278
9736
8247
9726
8167
9961
8464
10123
8469
9957
8404
9598
8293
12955
8392
10290
8228
9727
8298
9903
8146
9836
8435
9885
7990
10048
8638
9734
8162
9814
8617
9918
8135
10019
8139
9842
8250
9869
8546
9880
8367
9970
8337
9713
8099
9824
8723
10073
8108
9798
8192
10182
8091
9721
8362
10322
8242
9887
8503
9858
8147
9645
8528
8494
9953
8466
9758
8114
10028
8137
10074
8314
9793
8052
9830
8605
9936
8221
10007
8520
9995
8374
10326
8177
9785
8260
8462
9985
8080
10073
8697
9780
8065
9879
8223
10317
8367
9966
8129
9701
8205
9909
8606
10007
8126
9776
8246
10267
8410
10018
8540
9916
8399
10472
8305
9956
8401
9841
8625
10214
8364
9666
8350
9736
8333
10028
8391
9729
8329
10027
8609
9701
8258
10239
8369
10003
8257
9933
8376
9800
8017
10130
8295
9928
11459
10182
8727
10073
8163
9890
8941
10132
8340
9687
8332
9859
8230
9916
8480
10022
8071
10069
7960
9973
8334
9876
8255
9758
8338
9889
8381
9815
8139
9817
8434
9854
8267
9951
8478
9776
8363
9852
8509
9927
8151
9570
8405
9969
8275
9887
8475
10055
8149
13196
8511
9803
8146
9922
6846
8673
5408
8497
10421
8324
9933
8483
9090
8584
9959
8288
10232
8172
11929
6698
8916
10060
8363
9865
8315
9781
8190
9815
8947
10050
8182
9812
8151
9750
8029
9945
8550
10111
8318
10001
8188
9981
8194
9791
8730
10323
8102
9736
8356
9851
8223
9779
8700
10040
8117
9863
8228
9878
8566
9766
8315
10092
8132
9795
8217
9695
8097
10005
8587
8428
9889
8091
10105
8059
9806
8265
10474
8197
9869
8193
9677
8077
9873
7963
8290
10593
8240
10018
8407
9986
8246
10031
8658
10032
8090
10000
8218
9749
8237
9681
8380
10170
8399
9885
8209
9652
8070
9724
8599
9918
8041
9945
8137
9889
8027
9793
8505
14259
8226
9799
8294
9727
8019
9969
8627
9937
8287
10149
8094
9716
8126
9787
8589
9911
8418
9856
8601
9850
8090
9951
8348
10100
8037
9774
8063
9760
8056
10166
8673
9990
8251
9709
8335
9943
8162
9901
8541
9840
8330
9742
8077
9819
8500
9780
8505
9719
11051
10342
8391
9889
8158
9756
8531
9910
8635
9795
8122
10034
8116
9892
8475
9855
8221
10022
8497
9745
8174
10150
8237
9930
8165
9777
8249
9880
8301
9835
8446
9848
8312
10167
8389
9913
8393
9810
8253
10008
8108
9751
8060
9944
8300
9758
8595
10292
8380
10008
8564
9726
8012
9890
8507
9993
8397
10025
8360
9821
8166
9656
8568
9905
8370
9728
8850
9834
8141
9916
638530
613466
556644
498887
450648
394418
339311
280609
221783
199068
143909
87255
62288
21143
17031
248369
750670
693956
637413
579877
522487
464525
408112
352737
297248
238050
180562
121695
61853
12370
11813
8763
10482
8810
10796
9154
11190
9231
11062
9166
10630
8922
10685
9572
14763
9718
11372
8514
9088
9047
8416
10311
8513
10292
8430
10189
8526
10168
8540
9923
8247
13814
9243
10690
8722
10654
8533
10472
9064
10361
8934
10505
8662
10407
8530
10286
8576
10726
8710
10716
8498
10234
8579
10116
8637
10151
8414
10629
8501
10340
8490
10049
8492
9989
8540
10459
8570
10255
8457
10257
8450
10185
8353
10521
8525
10230
8458
10330
8422
10431
8695
8819
10531
8322
9993
8450
10302
8496
10434
8642
10682
8402
10118
8504
10190
8330
10250
8666
10327
8467
10398
8408
10157
8390
10233
8761
10255
8431
10355
8654
10043
8453
10172
9027
10489
8503
10332
8335
10268
8410
9996
8704
10317
8361
10081
8404
10271
8418
9989
9071
10472
8290
10043
8547
10182
8648
10195
8601
10751
8614
10351
8512
10029
8379
10083
7338
9074
8432
10778
8739
10139
8660
10130
8719
10450
8458
10160
8409
10134
8600
10306
8815
10823
8458
10121
8668
10763
8588
10250
8739
10278
8533
10138
8360
10101
8317
10192
8648
10850
8566
10134
8416
10177
8419
10173
8738
10494
8674
10175
8280
10437
8648
10335
8880
10628
8588
10267
8738
10211
8454
10188
8870
10246
8641
10098
8423
10069
8455
10013
8953
11192
6949
8829
10174
8457
9970
8417
8624
10532
8455
10520
8508
10177
8380
10015
8750
10662
8658
10427
8978
10136
8421
10149
8653
10229
8499
10228
8512
10414
6817
8583
8573
10855
8415
15593
8734
10499
8354
10071
8634
10456
8488
10487
8390
10136
8537
10189
8769
10786
8625
10116
8887
10438
8808
10206
8740
10277
8509
10266
8518
10319
8378
11165
10130
8651
8364
10466
8701
10236
8466
10677
8694
10170
8593
10210
8648
10186
8502
10193
8839
10653
8910
10221
8565
10700
8795
10012
8580
10257
8637
10259
8721
10448
8778
10139
9128
10633
9081
10351
8535
10413
8807
10044
8862
10455
8705
10389
8533
10144
8562
10089
8741
10802
8469
10163
8507
11138
8895
10280
9080
10227
8585
10189
8467
10312
8219
10238
8432
10488
8523
10360
8377
10350
8665
10522
9172
10461
8630
10470
8594
10289
8445
10085
9044
10926
8803
10481
8579
13072
8468
10152
8804
10267
8306
10225
8475
10384
8792
10314
16248
8488
10223
8422
10090
8530
10811
8678
10690
8473
10290
8345
10146
8560
10242
8535
10579
8662
10044
8691
10209
8643
10614
8450
10621
8614
10327
8603
10572
8317
10005
8525
10796
8786
10234
8393
10345
8642
10270
8709
8924
10313
8460
10146
8441
10302
8681
10138
8608
10415
8426
10291
8581
10220
8598
10309
9005
10718
8495
10116
8566
10695
8656
10444
8687
10526
8814
10240
8471
10250
8635
10348
8874
10364
8670
10056
8552
10299
8389
10324
8536
10639
8622
10261
8651
10372
14721
10524
8661
10404
8639
10355
8598
10165
8530
10358
8810
10457
8505
10074
8715
10066
8276
10681
8678
10219
8570
10233
8530
10156
8258
10315
8654
10250
8414
10107
8562
10220
8631
8774
8792
10688
8502
10100
8465
10130
8616
10312
8926
10806
8662
10323
8380
10430
8604
10408
9212
10320
8444
10342
8449
10565
8670
10388
8840
10645
8639
10348
8592
10313
8714
10484
9277
10330
8432
10327
8631
10271
8307
10101
8792
10400
8587
10093
8441
10119
8350
10126
9045
8627
10356
8318
10336
8559
6938
8609
10381
8682
10348
8606
10354
8770
10386
8635
10488
8549
10415
8506
10193
8566
10307
8465
10293
8709
10427
8538
9991
8451
10054
8477
10260
8439
10673
8534
10246
8441
10465
8350
10508
8814
10150
8590
10371
8481
10162
8588
10647
8441
10288
8392
10209
8242
10133
8422
10171
8554
10156
8443
10308
8707
10031
8530
10277
8663
10259
8664
10188
8455
10317
8495
10430
8613
10320
8643
10456
8549
10416
8621
10187
8488
10495
8382
10527
8562
10371
8364
10187
8551
10205
8390
10227
8550
10285
8332
10106
8409
10133
8794
10263
8667
10170
8471
10552
8668
10137
8652
10281
8383
10314
8604
10749
8547
10137
8907
10458
8458
10087
8400
10645
8593
10172
8397
10150
8361
9982
8479
10262
8611
10207
8567
10210
8559
10421
8497
10575
8422
10646
8748
10331
8646
10078
8531
10497
8881
10219
8439
10236
8423
10034
8451
10357
8560
10350
8323
10063
8395
9999
8541
10488
8519
10124
8636
10412
8397
10215
8395
10348
8894
10179
8724
10261
8596
10384
8599
10474
8593
10427
12817
11092
8730
10104
8647
11056
8750
10289
8720
9998
8374
10365
8541
10221
8837
10509
8363
10300
8591
10456
8760
10255
8970
10407
8477
10305
8769
10197
8660
10276
8558
10235
8930
10136
8461
10289
8585
10325
8593
10106
8815
10161
8464
10119
8537
10379
8650
11190
8558
10636
8750
10272
8456
10463
8696
10590
8630
10428
8616
10210
8675
10611
8647
10299
8713
10082
8663
10516
8718
10741
9025
10189
8307
10270
8542
10268
8638
10432
8415
10430
8540
10024
9350
8396
6537
9046
10370
8638
10320
8650
10270
8604
10032
8564
10081
8462
10046
8576
10148
8729
10246
8625
10404
8302
10245
8527
10182
8369
10336
8592
10430
8759
10001
8533
10455
12492
10517
8621
10538
8603
10156
8512
10643
8588
10273
8475
10437
8516
10256
8434
10043
8522
10252
8500
10270
8557
10360
8609
10140
8651
10262
8617
10128
8434
10184
8382
10241
8462
10308
8436
10746
8275
10230
8422
10472
8957
10045
8520
10115
8533
9975
8326
10209
8524
13753
8558
10298
8527
10078
8460
10555
8564
10411
9061
10199
8672
10346
8477
10388
8545
10053
8910
10379
8658
9982
8396
9991
8417
10228
8592
10017
8454
10237
8331
10256
8453
10249
8892
10581
8515
10158
8336
10228
8509
10389
8643
10432
8380
10389
8490
10260
8322
10137
8539
10460
8580
10117
8630
10218
8554
10296
8731
10701
8409
10467
8503
10351
8530
10233
8943
10314
8470
10234
8587
10431
8277
10223
8793
10286
8419
10397
8253
10224
8462
10137
8615
9121
8758
10455
8454
10274
8222
10218
8430
10163
8444
10047
8395
10334
8489
10172
8935
6505
8761
8954
10248
8531
10349
8604
10645
8750
10439
8438
10426
9157
10358
8660
10598
8899
10360
9124
10603
8460
10294
8894
10431
8808
10530
8507
10457
8495
10460
8919
10691
8918
10652
8593
10589
8482
10422
8521
10606
8521
10487
8366
10351
8598
10439
8994
10610
9133
10639
8547
10603
8464
10443
8594
10510
8759
10692
8423
10519
8479
10559
8889
13405
8862
10601
8626
10284
8581
10329
8567
10528
8490
10600
8638
8702
8930
10410
8361
10483
9090
10460
8555
10551
8543
10459
8432
11053
8870
10453
8498
10512
8595
10274
8489
10645
9179
10411
8633
19937
8478
10456
8613
10422
8475
10234
8565
10245
8566
10362
8443
10365
8858
10417
8531
10532
8544
10598
8648
10686
8764
10659
8799
10801
8698
10738
8438
10830
9100
10618
8806
10436
8493
10432
8655
10399
8828
10515
8464
10315
8459
10362
8746
10503
9166
10367
8422
10490
8641
10764
8600
10669
8523
10586
8551
10429
8440
10287
8506
10639
9180
10349
8727
10328
8464
10375
8608
10381
8575
10315
8446
10762
8455
10837
8524
14486
8750
10579
8534
10474
8812
10578
8606
10598
8696
10541
8509
10330
8654
10434
8520
12818
9192
10588
8698
10243
8722
10291
8459
10666
8528
10364
8659
10395
8740
10213
8658
9529
10589
8739
10604
8966
10277
8957
10134
8922
10628
8538
10471
8770
10295
8963
10571
8988
10550
8677
10215
8886
10331
9076
10251
8756
10720
8676
10295
8523
10365
9387
10182
9427
10487
8927
10318
9143
10367
8585
10201
8849
10473
8525
10396
8686
10080
9002
10208
9072
10510
8891
10418
6522
8509
9233
10507
8840
10496
8597
10216
8895
10431
8637
10568
9029
8865
11051
8492
10413
8537
10670
8708
10596
8752
10558
8828
10558
8483
10702
8417
11373
9040
10621
8533
10487
8492
10444
8927
10573
8529
10668
8682
10359
8550
10242
8966
10594
8783
10493
8556
10280
8797
10474
8401
10777
8488
10341
8364
10421
9106
10582
8441
10563
8905
10557
8828
10578
8871
10538
8559
10577
8781
6285
8757
10688
8445
10406
8478
10447
8959
10338
8624
10457
8555
10800
8694
10858
8718
10241
8704
10277
8564
10474
8423
10511
9038
10411
8541
10219
8369
10691
8404
10439
8852
10539
8618
10241
9138
10394
8604
10803
9469
10495
8564
10555
8539
10874
8475
10687
8514
10533
8837
10295
8453
10867
9179
13598
9019
10402
8515
10455
8682
10584
8572
10779
8501
10638
8603
10524
8667
10423
8939
13720
8767
10278
8498
10861
8616
10425
8619
10802
8780
10825
8622
10746
8574
10794
8524
10950
8760
10699
8839
10392
8649
10347
8579
10450
8656
10362
8644
10372
8643
10323
8616
10894
8980
10589
8527
10274
8706
10340
8428
10796
8720
10487
8575
10376
8544
10382
8569
11046
9002
10635
8607
10430
8475
10340
8599
10440
8530
10337
8774
10137
8521
10764
8770
11057
8715
10730
8818
10628
8566
10465
8816
11210
8762
10581
8603
10646
8643
10896
8664
10687
8834
10703
8501
10415
8449
10525
8738
10421
8605
10298
8475
10374
8429
10715
8912
10959
8877
10716
8660
10531
8683
10427
8574
10577
8624
10576
8556
10851
8686
10441
8569
10903
8617
10618
8416
10368
8713
8810
8474
10156
10896
8787
10186
8686
10617
8797
10351
9057
8837
10529
8650
10304
8696
10334
8544
10790
8547
10430
8575
10587
8889
10196
8647
10825
9055
10149
8807
10573
8750
10573
8428
10435
8466
10551
8494
10512
8419
10287
8855
10649
8770
10545
9062
10417
8721
10508
8636
10647
8729
10533
8569
10568
8594
10524
8656
10888
9131
10570
8540
10264
8725
10276
8733
7217
8768
10743
8470
10796
8573
10600
8630
11369
9398
10754
8472
10370
8517
10959
8607
10954
8845
10553
8928
10206
8619
10490
8672
13773
9054
10570
8465
10264
8569
10459
8461
10393
8723
10322
8900
10478
8490
10531
8787
16149
7216
8697
10231
8593
10714
8969
10698
8960
10631
8630
10430
8513
10770
8500
10374
8790
10650
8810
10579
8585
10695
8491
10448
8503
10525
8670
10531
8544
10624
8591
10736
9025
10967
8659
10481
8456
10523
8550
10590
8727
10762
8555
10679
8581
10336
8556
10427
8750
10950
8678
10515
8485
10560
8741
10435
8641
10698
8577
10519
8491
10273
8417
10524
8979
11093
8592
10447
8509
10407
8494
10349
8786
10447
8573
10243
8532
10576
8754
10310
8790
10872
8721
10237
8596
10370
8710
10332
9002
10614
8597
10532
8452
10542
8564
10392
8863
11096
8672
10562
8430
10503
8570
10449
8616
10773
8527
10266
8381
10494
8798
10542
8950
11005
8562
10312
8757
10234
8575
10578
8604
10463
8514
10321
8666
10637
8549
10453
11112
10549
8572
10735
8521
10451
8567
10685
8665
10539
8730
10298
8523
10491
8701
10387
9125
10687
8786
10567
8594
10737
8347
10507
8876
5653
9112
11293
8701
10308
9145
10525
8943
10835
8598
10522
8735
10397
8563
10378
8830
10660
9036
10326
8758
10547
8770
10626
9093
10621
8595
10610
8571
10441
8510
10519
9012
10550
8659
10573
8875
10637
8549
10195
9124
11076
8714
10623
8478
10643
8624
10386
8887
10751
8608
10340
8621
10362
8502
10727
12648
10528
8878
10451
8634
6064
8942
10427
9132
10589
8670
10461
8698
10681
8808
10568
8963
10618
9081
10646
8856
10397
8566
10489
9392
10871
8788
10213
8471
10301
8903
10565
9071
10519
8695
10120
8891
10087
8710
10321
9074
10278
8818
10412
8739
10615
8857
10256
9081
10649
8634
10413
8942
10225
8669
10255
8755
10483
8945
10326
8607
10594
8627
10640
8980
8940
10817
8718
10610
8482
10462
8425
10855
8594
10590
8450
10458
8388
10345
8652
13620
8666
10414
8548
10503
8410
10560
8577
10825
8448
10448
8847
10376
8644
10348
8527
11180
8607
10370
8460
10519
8401
10381
8856
10671
8671
10373
8427
10317
8606
10402
8649
11336
8544
10590
8603
10536
8662
10580
8571
10558
8598
10506
8650
10559
10366
8839
13362
13934
11689
8886
10829
8821
19088
8890
10314
8894
10490
8768
10270
8612
10342
8690
10355
8870
10337
10156
10563
8660
10396
8851
10395
8905
10314
8712
10270
8673
10249
8727
10451
8638
10264
9250
8579
10412
8550
10165
8584
10491
8834
10652
8534
10375
8690
10291
8541
10989
8681
10603
8614
10392
8547
10758
8454
10535
8534
10664
8529
10804
8514
10327
8674
10668
8555
10636
8901
10435
8534
10585
8406
10737
8893
10482
8482
10326
8802
8761
8905
8830
10907
15825
9522
8836
9026
10913
8755
27330
25250
21210
19996
17420
22710
18204
18413
18170
14063
9067
18137
18006
18643
18613
14400
17254
18323
17977
32037
16814
26640
30960
10654
23507
19227
18110
14263
18670
13907
42803
12960
22304
17856
17493
17160
14770
11404
17487
17583
17576
15290
12726
21587
17770
17317
17717
17573
18684
15774
17346
21620
18777
16277
21854
17570
17963
18147
16840
21277
17797
17656
17416
14603
16007
17500
22556
17680
17660
17426
16987
21890
17734
17093
17324
14916
21924
17000
16930
21740
17587
17624
17250
17543
21380
16873
17610
17690
17890
21437
17047
17243
15197
17014
21547
18633
20343
28520
11544
18220
18004
17597
17883
21310
17536
17114
17360
17627
21633
17630
17156
17437
17904
14943
11774
17744
17430
18410
17734
17473
17153
21473
18503
14280
20894
17600
14273
17136
17510
21433
18043
13150
21363
17717
17837
17137
17196
21300
17650
17530
14724
17200
16804
21230
17303
16987
21433
17970
17533
14923
15423
17540
18017
17133
17783
16933
14290
9267
17647
18160
17497
17684
17690
17970
17616
14600
11894
17147
17317
17066
17100
21324
16916
17053
17447
17203
17010
21067
17087
17714
17094
16907
20724
17404
17627
21250
17514
16834
21297
20307
17193
16730
17534
22080
17140
17183
16963
20787
17724
17270
17263
21900
19340
16427
21316
18407
16960
17680
18504
16133
21850
18097
14900
11690
21603
15593
17717
17423
17777
14567
17527
17450
17100
25377
12543
10034
11190
23110
15946
21723
15243
22167
20547
22514
16617
13783
21537
15453
21927
15910
22390
17013
17773
17480
16913
17810
11410
11753
13213
21710
15740
17443
11370
10893
21333
17283
17486
11787
11767
17690
17237
17583
11513
18020
15383
22110
15624
17990
11226
21206
18800
13630
21583
15087
21784
15210
15247
11297
10854
21674
18120
17510
10893
11133
13140
12308
15546
12541
12418
15142
13039
12385
12495
15592
13268
12494
12516
15411
12314
15108
12766
13031
10994
15479
12865
15402
13397
12512
12617
15439
12548
10324
12444
15404
12452
12443
15224
13030
12344
18378
13179
16211
13704
13097
12498
15288
13113
12227
15397
12475
12775
10648
12392
15139
12481
12454
22316
20730
12072
11993
14416
11839
11710
14292
12108
14729
11648
10633
11606
14554
11836
14381
12222
10577
7220
12411
9268
12292
11772
14514
12195
11692
14652
12039
14466
12099
10681
7530
12379
11774
14694
12130
10661
11959
14913
12186
12136
14757
13007
12077
12152
14719
12961
7023
12754
11804
15083
12135
12214
9514
14479
12139
12170
14403
12199
11870
14456
12095
10039
12012
12052
14581
12552
12043
14326
12272
11827
14300
12610
11998
14590
12123
12379
14459
12161
14139
12510
11628
14528
12093
12170
14746
12185
11936
15032
12275
14251
11897
14298
11885
12123
14441
12270
12049
14474
11859
14430
11952
18335
12190
12132
14947
12254
14274
11855
14501
12471
14352
12008
14443
11947
14741
12079
14128
12846
11888
14917
12057
11956
14366
11770
14716
12130
14258
12525
11813
14388
11760
14305
12115
12003
14290
12237
14577
11741
14134
12064
11801
14657
11813
12541
14419
11926
14574
12472
12001
14841
11754
11917
14445
11932
14294
11748
14381
11868
14677
12037
14806
12115
18141
12420
11697
14777
11577
11878
14437
12137
11808
14695
11648
13961
12041
12039
14436
12314
12308
14735
12350
11909
14503
12359
14894
12388
14521
12597
15079
11990
14435
12539
11907
14703
18368
11816
13821
11241
13503
11599
13817
11361
13412
11811
11199
14086
11388
11825
13872
11506
13883
11668
11398
14133
11352
11736
13830
11750
11332
13496
11286
14076
11294
12181
13806
11938
11593
14001
11369
14013
11421
11497
13567
11163
13423
11280
13943
11456
14312
11830
16306
14088
11450
15837
11742
13519
11475
11410
13976
11317
13400
11630
11032
13819
11388
12026
14067
11437
13555
11392
13697
11266
13751
11708
13819
11342
13976
11259
13790
11458
13788
12443
13745
11292
14081
11349
13888
11358
14130
11463
14130
11267
13574
11195
13615
11430
13996
12692
11590
14568
11248
13465
11271
13622
11705
11459
13895
11456
13619
11263
13430
11214
13990
11967
11710
14030
11263
13832
11179
13749
11650
13959
11779
11145
13548
11590
13844
11919
12828
10828
12339
10413
12341
10035
12157
10050
12130
10401
12557
10189
12423
10443
12379
10696
12495
10830
12526
10101
12343
10388
12551
10099
12301
10363
12768
10337
12402
10460
12743
10522
12875
10631
12559
10359
12767
10163
12323
10160
12356
10375
12272
10106
12343
10215
17128
10263
12435
10424
12325
10049
12599
10003
12308
10268
12275
10752
12359
10414
12346
10184
12436
10461
12799
10259
13027
10121
12521
10394
12266
10241
12344
10376
12552
10337
12445
10384
12691
10270
12470
10655
12558
10107
12546
10096
12175
10320
13192
10588
12504
10421
12561
10187
10859
12690
10512
13252
10358
12333
10263
12184
10191
12532
10063
12554
10354
12444
10335
12987
10441
12664
10494
12525
10174
12368
10550
12498
10792
12341
10628
10386
12412
10129
12279
15686
10337
12868
10223
10361
12719
10496
10068
12219
10052
12279
10481
10205
12786
10230
12370
10610
12647
10699
12510
10455
12603
10425
12441
10259
12688
10421
12061
10617
12470
10373
12523
10476
12483
10215
12719
10630
12538
10172
12078
10555
12406
10350
12203
10514
12516
10252
15384
9830
11986
9810
11768
10312
11975
9717
11792
9788
12073
9881
12034
9819
11921
9674
11863
9932
11945
9642
11932
10218
11917
9774
11701
9642
11728
9824
11941
10099
12439
9661
12461
9992
11783
10250
11814
9879
12025
10227
11908
9875
11901
9685
11908
9988
12070
10116
11985
9670
11898
9663
11869
9832
12030
9583
12031
9899
12230
9850
12028
9837
12111
15146
10079
11930
9845
11937
9908
10069
12095
9765
11903
9839
11817
10052
11780
9777
11943
9983
11861
9899
12026
9774
11863
10479
12120
9779
11852
9790
11762
9750
11714
9735
13568
10103
11805
9792
11836
9681
11823
10012
12046
9803
11855
9759
12377
10101
11890
10014
12172
9946
12181
10226
11715
9776
11883
10128
11869
9848
11696
9808
11999
9710
11739
10096
11963
10445
12262
10608
12050
9870
11817
10180
11961
10090
12004
9679
12204
9799
12065
9884
12481
7941
10262
9816
11931
9790
11832
10089
12197
9866
11914
9997
11732
9756
11740
10027
12050
10188
12345
9919
11855
9722
11935
10030
11903
9722
11794
9917
11804
9988
11895
9921
11845
10419
12132
9879
12107
9915
12063
10086
12088
10133
11923
10517
12074
9661
11693
9972
15096
9705
10131
10130
12133
9732
11754
10220
12178
8301
12034
10019
12234
9916
12020
10112
12528
10102
12036
9894
12155
10002
11737
10234
11843
9937
10126
9723
11906
9995
11999
10026
12212
9916
20102
7665
9603
9729
11356
10635
11403
9522
11332
9428
11354
9592
11258
9433
11359
9453
11261
9791
11226
9313
11452
9637
11391
9391
11568
9193
11313
9733
11279
9391
11377
9846
11260
9750
11397
9369
11311
9782
11493
9653
11310
9586
11457
9269
11296
9429
11538
9287
11373
9821
11411
9597
11230
9648
11316
9281
11080
9483
11223
9188
11392
9794
11355
9240
11391
9921
11625
9396
11449
9772
11587
10066
11577
9375
11566
9337
11393
9317
11490
9429
14050
6360
9658
10059
11519
9611
11482
9513
11475
9354
11283
9519
11599
9754
11459
9527
11305
9878
11375
9397
11354
9992
11504
9346
11531
9417
12046
9583
11354
9438
11577
9329
11211
9497
11514
9554
11236
9716
11517
9490
11376
9230
11256
9379
11155
9559
11418
9263
11191
9453
11379
9380
11393
10261
11641
9473
11423
9284
11571
9361
11623
9445
11430
9356
11703
9710
11410
9425
11786
9745
11634
9660
11226
9760
11524
9498
11557
9573
11352
9206
11194
9674
11329
9474
11557
9948
11517
9320
11473
9472
11550
9447
11450
9690
11461
9353
11249
9506
11605
9554
11582
10204
11490
9977
11171
9661
11350
9359
11092
9515
11474
9455
11314
9689
11518
9201
11336
9873
11269
9352
11516
9413
11399
9355
11371
9802
11396
9422
11394
22058
8279
10032
8563
24495
9708
11281
9266
11338
9397
11419
9362
11415
9662
11488
9561
11823
9638
11567
9477
11906
9509
11558
9281
11456
8902
9703
9700
9735
11764
9707
11429
9459
9835
11176
9500
9460
9000
11350
9177
10950
8851
11006
8920
11207
9226
10967
9205
10807
12967
9392
11146
9348
11294
8905
10941
9030
10906
9113
10888
9102
10843
9021
11074
9008
10883
8730
10150
8823
10430
9001
10886
9100
10828
9066
10890
9582
10796
9023
10774
9052
10846
9060
10816
9391
11327
8883
11249
8946
10961
8847
10858
9111
10999
9113
10864
9187
10986
9126
10918
9313
10997
9842
11054
8968
11155
8972
11064
9192
10943
9151
11196
8956
10704
9263
10853
9300
11030
9479
10922
9173
10912
8890
10750
9234
11037
9087
11031
8882
10719
9248
10791
9295
11204
9383
10701
8856
11136
8982
10904
9349
11191
9375
10860
9088
9790
11597
9380
11496
9216
10971
8906
11130
9064
10867
8849
10791
9014
10645
9205
11125
9046
10894
8940
11318
9032
10927
8807
10833
8880
10744
9043
11203
9000
10883
9122
11189
9024
10830
9182
11431
9128
10909
9373
10807
8881
11465
9118
11185
9194
10842
9056
10731
8881
11077
8995
11573
9050
10930
8926
10645
9283
10876
8945
10991
9134
11088
8917
11070
9054
11066
9144
11250
8981
10897
8994
10909
9080
10988
8988
11640
8860
10649
8970
10851
8852
11120
9382
11200
9115
11064
9182
11112
8883
10951
8971
11143
8991
10875
8966
10643
8986
10943
9032
11252
9056
10873
9260
10813
8900
10845
8931
11295
9090
10878
9060
10879
9312
10941
9008
11408
9369
10800
8958
10930
9117
10898
9050
10848
9260
9084
9026
11044
9137
10952
9523
11563
9344
10887
9169
10839
8883
10730
8880
11076
8958
10663
8880
10884
8940
10950
9384
9317
11068
9028
10890
9677
11270
8947
10807
510137
456619
397974
341562
282181
274020
216357
164032
103707
46029
277169
814280
755797
698231
638683
580592
520816
462983
406180
346517
285314
225997
164535
104950
43888
16651
11525
13961
11732
13155
11580
13092
10846
13503
10694
12780
10840
13251
10945
12974
10968
14807
10864
14621
11447
13625
11387
13943
11357
13592
11427
13115
12289
14036
11412
13529
11985
13133
10931
13185
10891
13388
10763
13103
10961
13379
11267
13955
10838
13528
11360
13746
11986
13330
11659
13660
12352
13862
11571
13889
11467
13658
11333
13858
11181
13930
11265
13305
11996
13543
11517
14342
11466
14280
11381
13866
11518
13167
11233
13668
18610
14860
14737
11415
11795
13721
11307
13972
11447
13411
11575
13386
11527
13421
11897
13564
11362
13738
11868
14569
11626
14144
11553
13801
11383
13813
11548
13794
11215
13861
11104
14593
12340
13837
11487
13726
11561
13673
11863
14198
11812
14349
11800
14485
11594
13499
11957
13783
11806
13450
11914
14614
11362
13763
11237
13989
12306
14239
11320
13861
11336
13975
11128
13923
12069
13920
11514
14296
11482
13446
11282
13717
11276
13711
12082
13465
11152
13571
11457
13702
12180
13659
11609
11877
14534
11486
13573
11999
13834
11285
13569
12422
14008
11519
7173
11580
11972
13763
11528
15466
11773
13465
11232
14548
11371
13852
11397
13433
11442
13696
11927
13830
11292
13575
13860
13791
11408
13715
11177
13746
11922
13883
11645
13568
11382
13425
11733
14090
11201
13475
11361
13556
11583
13569
12064
13579
11271
13679
11578
13691
11581
13657
11469
14097
11293
13828
11238
14167
11258
13578
11117
14311
11668
13964
11357
13722
11742
13674
11138
14327
11257
13979
11811
14237
11256
13955
11210
15360
11977
14043
11400
13817
10799
11639
14017
11905
14049
11568
13994
11723
14265
11997
6279
11452
13759
11330
13670
11453
13720
11499
13475
11337
13508
11372
13882
14961
13698
11455
13452
11618
14221
11700
14290
11436
14186
11815
13556
11646
13714
11982
13503
11683
13538
11343
13264
11678
13725
11625
13702
11277
13802
11440
13698
11428
14347
11453
13927
11338
13756
11195
13829
12483
13725
11620
13375
11422
13841
11529
13701
11077
13792
11674
18485
11699
13641
11579
13499
11413
14124
11756
13706
11427
13813
11332
13266
11663
13655
12241
13936
9260
11078
13193
10942
13830
11066
14147
11201
13471
11252
13700
11043
13950
11326
13528
11240
13605
11810
13648
11343
13549
11147
13436
11245
13493
11116
13463
11046
13860
11294
13586
11132
14082
11480
13294
10867
11080
13614
11664
14211
11870
13646
11553
13696
11138
13922
11579
13585
11431
13587
11352
13615
11354
13457
11149
13376
11267
13485
11414
13081
11514
13589
11407
13347
16546
8862
12729
13457
11508
14107
11050
13578
9970
11317
11416
13660
10970
13772
11216
8345
14120
11483
13309
11532
13612
11778
13545
11474
13383
11139
13297
11058
13488
11655
13517
11332
13318
11165
13241
11310
13703
11246
13613
11163
13556
11418
13376
11250
13194
11168
13440
11402
13674
11299
17560
11292
13505
11326
14221
11526
13691
11088
14214
10797
13984
11521
13471
11097
13712
11466
14099
11469
13980
11432
13893
11617
13579
11014
13550
11084
13755
11415
13699
11271
13695
10905
13581
11773
12020
14154
11350
13318
11553
13278
11338
13228
12053
13784
11057
14031
11220
13858
11875
14011
11606
13703
11429
13613
11521
13315
11322
13370
11256
13603
11967
13374
11345
14266
11456
13408
11922
13394
11257
13731
11403
13262
11771
13456
11241
13328
11193
13120
8489
14028
11462
13432
11220
13888
11996
13717
11340
13857
11327
13712
11097
13589
11213
13592
11210
13572
11444
14516
11131
13539
11871
13597
11152
13745
11178
13063
11502
13201
11691
13392
11340
13683
11876
13468
11498
13936
11266
13767
11193
14574
11360
14130
11424
13358
11274
13473
11130
13340
11992
14076
11279
14964
11037
13382
11316
13571
11266
13605
11488
14051
11579
13429
11225
18386
11571
13421
11426
14218
11449
13669
11942
14160
11655
13790
11324
13714
11924
13483
11118
20403
11147
14275
11808
13582
11742
13752
11497
13291
11659
12904
11404
13666
11486
13369
11281
13606
11090
13232
11881
13561
11423
13547
11195
13640
10986
13563
10983
13727
11388
13779
10991
13847
11377
13502
11259
13979
11255
13618
11854
13644
11231
13767
5883
12191
11420
13759
11357
14100
11425
13283
11595
14155
11675
13630
11419
13402
11830
13515
11686
13435
10828
13091
12174
17848
11739
13888
11145
14504
11908
13653
11317
13447
11715
13032
11459
13747
11650
13922
12167
15861
11434
13946
11247
13540
11320
13447
11131
13490
11277
13490
10992
13516
12137
13537
11130
15865
11184
13458
11979
13732
11471
13335
11258
14260
11487
13281
11347
13662
11411
13630
11588
14302
11609
14212
11486
13609
12120
13497
11705
13481
10958
13133
11296
13729
11514
13538
11564
13893
11855
14142
11455
13620
11131
13580
11715
13444
11264
12947
11717
14038
11306
13650
11856
14077
11242
13499
11524
13624
11253
13561
11357
13377
11988
13821
10966
13988
11488
10981
6580
11426
11503
13904
11631
13702
12028
13846
11389
13877
12310
13051
11515
13420
11403
12966
11320
13348
15572
13499
11506
14136
11281
13449
11234
13501
10952
13425
11949
14077
12032
13410
11490
13312
15420
14201
11422
13679
11660
13660
11373
13420
11371
12981
11611
13297
11324
13707
11322
13504
14492
6586
11952
7046
13325
12490
14195
11159
13975
11828
13593
11450
13346
11620
13324
11215
13863
11316
13867
11628
13744
11365
13221
11263
13233
11177
13515
12223
5679
13497
11391
13395
11398
13283
11405
13757
11325
13891
11475
13993
11459
13719
11054
14281
11791
13766
11331
13910
11814
13666
14784
14874
12175
14335
11462
13905
11361
13079
11957
13871
11334
13557
11469
13023
11309
13099
12624
13444
11277
13930
11885
13468
11259
14418
11306
13913
11702
13748
11736
14123
11264
13603
13352
14341
11011
14319
11303
13664
11375
14067
11363
13221
11468
13547
11255
13196
11298
13068
11917
14227
11922
8342
13639
7351
11386
13427
11590
15030
11326
13319
11391
14439
11248
13141
11488
14838
11715
13632
11327
13371
11299
13779
11781
14915
11553
13941
10855
13813
11322
13902
12510
13840
11540
13611
11607
13484
11135
13103
11027
13651
11255
13540
11195
13381
11420
13559
11181
19024
11619
13640
11649
14087
10962
13885
11735
13928
11260
13556
10979
13901
11656
13366
11708
19105
9841
11376
13647
11726
13992
11385
14246
13100
8075
13511
11241
13739
11735
13509
13236
11583
13645
11499
13761
11182
13154
11427
14016
11471
13252
11911
13742
11627
13384
11221
14263
11245
13597
11718
14111
11088
13341
10961
14364
11510
13596
11247
13359
11778
13251
12275
13755
11489
13613
16079
13509
11249
13470
11035
13564
11427
14244
11199
13956
11632
13237
11348
13570
11408
13647
11800
13552
11272
13420
11149
13749
11330
13334
11556
13539
11191
13797
11467
13828
11457
13528
12303
13666
11446
13329
11574
13817
11535
13814
11114
13811
11118
13657
10854
13601
11123
13742
11417
13635
11180
13268
11023
13918
11228
14078
11255
13768
11374
13286
10982
13971
11166
13546
11525
13577
11407
13326
11223
13950
11215
13376
11182
13874
11146
13914
11015
11717
13745
11248
17422
11061
13950
11098
13559
11465
13482
11251
13768
11091
13658
11224
13596
11503
13653
11093
13905
11286
13567
11295
13588
11461
13633
12081
13396
11109
13564
10871
13536
11948
13779
11235
13843
11192
13575
10993
13402
11717
13710
11073
13603
11448
13635
11053
14069
11240
14239
10956
11538
12421
13274
11395
13405
11435
13793
11375
14035
11352
13379
11453
14163
11588
13858
11310
13840
11755
13368
11310
13632
11454
13687
11286
13892
11691
13615
11029
14141
11324
14337
11278
15907
11606
13354
11395
14399
11550
13548
11475
14353
12543
13840
10831
13271
11795
13742
11835
18783
8675
11299
11483
13990
11734
13828
11652
13048
11361
13935
10968
13886
11623
13058
11635
13521
12101
14163
8443
11225
11124
9026
11338
13783
11383
13357
11628
13503
11566
13481
11339
13639
11494
13653
11142
13746
12220
13417
11161
13568
11440
13462
11205
13227
11497
13657
11703
13714
11182
12934
14373
13650
11941
13630
11098
13313
11328
13170
11190
13171
11441
13846
11290
13464
11054
13719
11315
13579
11789
13839
11851
13518
11317
13236
11373
8019
11469
13805
11133
13397
11526
13343
11041
13626
11322
13755
11516
13482
11080
13221
11090
14224
11258
13824
11070
13497
11640
13736
12010
14533
12093
13640
11380
13594
11432
13556
10981
13494
11221
13764
11290
13963
11221
14400
11379
13977
11632
13620
11287
13631
11413
14563
11797
13549
11272
13658
11177
7189
11415
13988
10897
14004
11653
13352
11341
13369
11344
14666
11127
13370
11352
13493
11366
13728
11064
11377
13845
11216
16663
11307
13617
11382
13376
11285
13574
11856
13907
11246
13615
11486
13418
11437
13274
11106
14503
11901
13798
11342
13907
11507
13568
11439
13608
11160
14172
11406
13618
10954
13775
11279
14052
11538
13651
11272
14989
10979
13468
11304
13725
11620
13518
11136
13402
11268
13373
11748
14018
11533
13341
11130
13636
11304
13591
11569
13888
11354
13771
11164
13600
10709
14076
11663
13806
11357
13705
11178
13242
11100
13547
11541
10626
11362
14118
11223
13680
11446
13299
11141
17606
11416
13627
11505
13730
11099
13557
11220
13890
11200
14021
11109
13592
10922
13564
11418
17418
11122
13327
10975
13610
11350
13153
11143
14535
11503
13639
11152
14073
11175
13429
11176
13728
11704
13422
10973
13816
11501
13445
11170
13564
11491
13477
11293
13470
11166
13217
11304
12092
13932
12053
13951
11927
13471
11383
13897
11773
13603
11291
15002
11656
13415
11687
13217
11974
13711
11287
13342
11555
13274
11359
13518
11432
13361
11264
13292
11482
13490
11489
13891
11917
13821
11361
13538
11475
13503
11437
13410
11980
14350
11325
13795
11357
13558
11524
17804
11747
14163
11507
13409
11126
13945
11137
13564
12050
14371
10980
13577
11152
13255
11421
19327
11558
13795
11238
13546
11143
13603
11410
13804
11493
13809
11038
13560
11333
13531
10923
13695
11760
13926
11191
15159
11239
14089
11197
15046
11605
13672
11437
13555
11575
13475
11392
17169
11694
14115
11372
13624
11179
13124
11294
13367
11735
13780
11084
13515
11427
13386
10840
17591
12067
13771
11315
7425
11388
13752
11264
13705
11277
13882
11206
13782
10988
13681
11426
13716
11639
14371
11361
13214
11441
13035
11450
13639
11487
14029
11114
13750
10786
11226
13148
11478
13995
12205
13929
11324
13609
11608
13400
11228
13521
11427
13632
11598
13312
11186
13332
11155
13496
11597
14007
11090
13757
11112
13252
11339
13465
11227
13426
11255
13267
11321
13184
11100
16726
11670
13930
11618
13415
11566
13617
11416
13612
11279
13540
11256
13374
11301
13408
11640
13785
11609
13512
11202
13324
11216
13833
11092
14100
11380
13349
11739
13897
11408
13121
11369
16335
11348
13500
11337
13322
11683
14029
11683
13397
11337
13507
11277
13250
11226
13384
11555
14050
11104
13520
11502
14515
11495
13524
12093
13879
11063
13492
11682
13678
11809
13321
11160
13970
11199
13596
11152
11215
13869
11716
14141
11314
13595
11439
13509
11373
13023
11311
13262
11479
14518
11226
13490
11644
13246
11373
13887
10952
13993
11356
8375
5649
12182
13427
11352
14109
11734
16719
11290
13737
12007
13155
11340
13571
12037
13385
11302
13315
11275
8665
6352
11482
13925
11038
11296
13541
11249
13831
11751
13474
11123
14744
11421
13595
11042
13918
11475
13640
11536
13601
11173
13635
11655
13777
11175
14324
11721
13523
11175
12994
10930
13430
11503
13797
11164
13283
11234
13186
11882
13566
11658
10689
11383
13467
11344
12123
8365
13627
11447
13183
11412
13271
11412
13281
11532
14166
9863
11248
11662
13817
11486
13421
10790
13448
10558
11566
14448
11077
13413
11545
13313
11773
13420
11438
13730
11388
13681
11347
13545
10964
13611
11502
13653
11150
13660
11190
13570
11120
13627
12216
13817
11451
13284
11236
13105
11258
13451
11572
13351
11801
6442
11399
11546
13791
11247
14300
11286
13650
11308
13574
11154
13257
11300
13782
11315
13410
11234
13531
11656
13088
11311
14272
11600
13683
11426
13377
11577
4823
13562
11751
13741
11568
13575
11425
13311
11273
13989
12110
13845
12109
13690
12546
13777
10823
13596
11307
13508
11760
13738
11951
13868
10887
13508
16225
11182
11211
13975
11712
13643
11485
14234
11865
13632
10957
13963
11574
13114
10977
13627
11631
14048
11431
13780
11342
13424
10821
13459
11450
13866
11052
11308
13737
10995
13588
11703
13771
11381
14311
11211
14043
10958
14086
12136
13994
11150
14012
11898
13533
10926
13910
11289
13857
15897
6775
11426
13724
11260
13933
11550
13881
11479
8359
14143
11387
13664
11117
13766
11356
13918
11130
11431
14360
11188
13169
11373
13894
11098
13397
11031
13673
10975
13696
11202
13686
11480
13304
11187
13731
11381
13240
11324
14125
11376
13407
11358
13534
11044
8655
11245
11477
13815
11580
13349
10981
32217
12102
14216
11627
13626
11287
11588
13587
11358
13618
11105
13493
11071
13480
11209
13335
12139
13291
11287
14191
11299
13367
11815
13768
11177
13708
11550
13312
11273
13739
11362
13363
11754
13445
11390
13604
11082
13576
11378
13210
11265
13590
11236
13759
11611
13330
11286
13638
11488
13603
11104
13791
11361
13349
11168
13715
10871
13268
11525
13560
10889
13616
11583
14056
11486
13348
11536
13453
11250
13285
10011
11106
11228
13411
11261
13535
11291
13218
11206
13419
11797
13821
11642
13726
11321
13361
11353
14215
11056
14075
11471
11661
14154
11046
14910
10764
11442
11100
13680
11619
13529
11367
13924
11181
13666
11344
13351
11283
13743
11149
13440
11083
13189
10985
14147
11428
13672
11168
13693
11046
13643
11771
13729
11775
14987
11512
14062
10941
13561
16704
7783
11522
13669
11094
13346
11168
13550
11167
13584
12028
13508
11343
13597
11634
8090
14112
11307
14053
11537
13232
11514
13827
11047
13290
11275
13660
11476
13552
11124
13612
11366
13553
11396
13913
11218
13343
11555
13474
11386
13400
11474
13899
11635
13994
11320
13448
11223
13850
11150
14347
11053
13765
11943
13443
11433
13589
11597
13373
11494
13277
10963
13362
11408
13591
11123
11770
13742
11099
13177
11152
13397
11351
13542
11233
13507
11553
13499
11214
13551
11418
17197
11681
13692
11411
13782
11495
13766
11402
14060
13705
11633
13741
11231
14038
11119
11521
13982
11415
14035
11485
13462
10870
13540
11190
13727
11946
13530
11514
13574
10993
11181
13971
11467
14033
11645
14271
11770
13471
10965
13690
11032
14164
11240
13615
11211
13297
11093
13799
11069
13750
11267
14410
11064
13324
11056
13633
11368
14184
11450
13410
11481
13906
11022
13430
11170
14153
11627
13972
11378
13657
11324
13697
11219
14261
11598
13524
11011
13352
10961
13485
10993
13777
11419
13721
11208
13653
11428
13699
11759
13583
11452
13640
11478
13654
11130
13435
10400
11640
13827
11311
14552
11624
13443
11161
13509
11287
13863
11572
13407
10751
11522
14085
12044
13801
11145
13802
11864
13365
11090
13882
11329
14399
11296
13447
11149
13410
10940
13608
11696
14081
11179
13548
11810
13332
11401
13380
11085
13980
11751
13887
11330
13898
11191
13617
11382
13938
11443
11552
13558
11512
13815
11962
13836
13762
11830
13838
11352
13676
11278
13463
11419
10301
11260
13723
11232
13559
13099
4819
13379
11518
13709
11747
13927
11259
13320
11336
13329
11781
13645
10989
13444
11461
13459
11473
13325
11411
13417
11440
13501
11404
13342
11620
13301
11820
13641
11325
13343
11151
13293
11624
13347
11363
13695
11306
13478
11127
13444
11412
13713
11534
13590
11668
13511
11399
13746
11918
13621
11849
13556
11792
13508
11314
13255
11349
13707
11189
13852
11061
13659
11031
17319
11368
13892
11612
14382
11486
13527
11061
13954
11233
14288
11736
13725
11237
13902
11317
17273
6157
11490
11404
14202
11599
13622
11109
13743
11288
14120
11384
13675
11391
13730
11254
13530
11538
13593
13262
12352
13744
11179
13651
11404
13929
11333
14011
11468
13752
11174
13227
11209
13560
10703
11871
13801
11165
13643
11230
13961
11261
13692
11550
13817
11293
13992
11489
13555
11335
13489
11494
13852
11314
13570
11410
13669
11582
13503
11686
13506
11227
13337
10946
13649
11242
16357
11950
8956
13872
11430
13620
11721
13308
11576
13628
11364
13467
11744
13420
10987
13534
11448
19127
11165
13826
11669
13231
11377
13520
11281
14097
11298
13150
11387
13422
11105
13690
11147
13983
11374
13409
11213
13424
11082
13436
8143
11608
11163
13857
11458
13569
10966
13389
11025
14334
11689
13456
11211
13726
11196
13594
11226
13493
11157
13600
11045
13644
11245
13646
11275
18655
10146
11448
13456
11498
13400
11335
13356
11864
13404
11104
13485
10966
13516
11791
13582
11222
13801
11171
14008
10895
13422
11185
13341
11140
13905
11122
13386
11003
13547
11352
13217
11364
13966
11381
13296
11306
13212
11513
13659
11391
13305
11413
6720
11882
10955
13386
11038
13982
14834
13459
12047
13070
11326
13330
11637
13711
11390
13292
11277
13197
11503
13214
11221
15989
7061
13293
7631
11896
8828
5851
11538
11314
13849
11497
13747
11069
13771
11847
13907
11282
14225
11506
13615
11398
14137
11751
13807
11782
13567
11187
13843
11100
13547
11238
13485
11651
13669
11826
4654
13878
11509
13741
12000
14016
11551
13428
11439
13600
10951
13576
11726
13726
11338
13577
11273
13247
11935
13620
12516
14317
8897
11683
13717
11043
13532
11315
13744
12125
13813
11175
13474
11253
13243
12141
14486
11757
13810
11398
13735
11547
13208
11156
13569
11681
13838
11395
14255
11591
13093
11796
13699
11705
13541
11224
13848
11171
13769
11290
13588
11134
13757
11520
13700
11899
17456
11640
13758
11358
13745
11294
13687
11765
14406
11570
13543
11433
13616
11297
13582
11162
17868
11398
13544
11743
13618
11431
13664
11015
13463
11398
13755
11422
13647
11948
13992
11606
16624
11119
14251
13066
12495
13418
11377
13590
11223
14214
11637
14670
11370
13532
11210
13306
11304
14149
11408
14284
12180
8239
13599
9910
11649
11330
13878
12160
14021
11495
13339
11276
13127
11607
27392
11960
13947
11566
13893
19396
6415
11234
13171
11123
13643
11501
13216
11735
13177
11773
13867
12312
13998
10990
13147
11508
13620
11703
13864
11451
13698
11318
14386
10959
14300
4837
11505
11400
13985
11399
13723
11206
13949
11790
14206
11567
13545
11253
13348
11459
13493
11443
13395
11488
17562
11040
14274
11343
13272
11998
13575
11918
13634
11366
13589
11964
13492
11924
13581
11614
14379
11874
13646
11982
13499
11621
13547
11612
13712
11380
13835
11961
13715
11504
13547
11465
14057
11737
13373
11308
13883
11341
13953
11748
13725
11428
13607
10808
13639
11235
14035
11704
14264
11633
13677
10912
13852
11940
13636
12238
13478
11403
13183
11387
13445
11775
13728
11970
14944
11332
13581
11528
14511
11279
13491
11461
13819
11265
13715
11105
13643
11315
13682
11452
14279
11448
13926
10918
13455
11467
13796
11372
14236
11684
13277
11197
13579
11546
13740
11649
13810
12611
13523
11301
13458
11407
13981
11573
13384
11224
13571
10788
13559
10995
13899
11494
14025
12151
13871
10997
13700
11289
13524
11516
13538
11314
13079
11800
13844
11031
13554
11537
14117
11169
13527
11790
13975
11531
13621
11285
13465
11588
13575
11341
13448
11027
13369
11704
13819
11636
13698
11746
13146
11359
13195
11583
13631
11545
13284
11220
13946
11466
14355
11178
14210
11353
13631
11131
13944
11294
13539
11109
13560
11480
13572
11099
13654
11685
13126
15166
13671
11252
13423
11290
13391
11195
13838
11790
13872
11522
13072
11357
13268
11337
13182
17044
7520
11377
13282
11247
14136
11232
8111
11716
14711
12153
13991
11168
13328
11380
13718
11356
13720
11558
13585
11138
13630
11534
13519
12236
13874
10942
11111
13792
11285
8365
13638
11459
14000
11187
17234
11688
13848
11450
13190
11834
13683
11490
13687
11244
13441
11119
13418
11478
13725
11184
13756
11666
13588
11288
13437
11616
13442
11458
13206
11604
13581
11253
13655
11310
13422
11251
17623
11643
13677
11496
13636
11304
13452
11407
13574
11272
13567
11412
13400
11259
13415
11504
15599
11046
13808
11750
13630
11337
13690
11268
13744
11408
13542
11408
13304
11332
13490
11140
13612
11943
13467
11769
13308
11478
13459
11200
13599
10939
13390
13021
13670
11873
13626
11193
14257
7467
11854
11470
13355
11809
13913
11220
13689
11087
13367
11235
13524
11888
13720
11026
14044
11287
13552
11497
13688
13702
11548
13478
11404
13422
10919
14160
12273
13815
11311
13258
12186
14407
11863
6501
10108
14214
11731
14653
11091
13566
11075
13492
11162
13821
12064
13517
11087
13757
11113
13351
11689
13669
11414
13555
10966
13804
11759
13850
11246
13619
11129
13462
11014
13414
11265
13809
11538
13886
11265
13664
11269
13539
11260
13333
11863
14032
11592
13042
11390
14425
11643
17393
11481
13668
12032
13746
11071
13688
11167
13391
12032
13660
11424
13342
10913
13503
11006
16212
11259
13892
10668
10883
11656
13468
11436
13420
11278
13498
11389
13368
11191
13376
11152
13360
12098
11481
13684
11134
10913
13609
11142
13657
11229
13709
11592
13635
11225
14259
11744
13828
11138
14155
11253
13386
11059
13464
11243
13604
11157
13702
11084
13586
10968
13913
10732
11883
14314
11303
13806
11305
13470
11135
13608
11014
14187
11411
13841
11376
13246
11539
13292
12234
5424
6308
11772
12131
13652
11872
14043
11265
13585
11234
13731
10906
13510
11621
13564
11621
13708
11358
13502
11837
13046
11901
13590
11354
13526
11526
13656
11455
13359
11157
13503
12126
13557
11489
13640
11021
14329
11311
13615
11600
13544
10969
13304
11487
13508
11382
13487
11404
13383
11228
13727
12689
13041
11449
13427
11314
13780
11423
13622
11757
13814
11121
13435
11042
13565
11769
13596
12533
13453
11315
13356
11259
13664
11602
13561
11065
13198
12469
14312
11566
13068
11671
13610
11886
13690
11760
13462
11481
13925
11478
13602
11417
13101
11750
14668
11628
14294
11730
13691
11629
14424
11505
13477
11759
14027
11509
13627
10856
14000
11686
14455
11721
14210
11542
13508
11955
13205
11291
13668
10903
13483
11574
13908
11081
13458
11466
13574
11962
13843
11366
18440
11125
14548
12092
13538
11112
13852
11158
13760
12124
14173
12141
7755
10949
13508
11408
13713
11871
13185
11470
13438
11554
13744
11038
13749
11452
13425
11957
13663
11291
13091
11457
15283
11850
13804
11396
13439
11347
14053
11457
13644
10941
13598
11368
14298
11271
15199
11679
13590
11624
7308
11431
11107
14120
11726
14077
11201
13636
11251
13565
10758
13630
11157
14022
11248
13075
11555
14000
11035
13917
11311
13386
10962
13514
10981
13454
11530
13793
11713
13558
11698
16297
5186
11530
11649
13334
11754
14086
10757
14547
10939
13468
11095
13689
11728
14868
11614
13155
12125
13582
11976
13047
11427
13663
11271
13034
11329
13660
11299
13524
11540
13651
11414
13506
11518
13798
11444
13595
11264
13781
11362
13732
11027
13568
11501
14396
11396
13241
11332
13266
11539
14345
11974
14195
11297
13608
11653
13173
11483
13638
11244
13491
11181
13583
11418
13813
11087
14126
11235
14255
11221
14300
10982
13964
11219
14179
12235
14779
11757
13586
12497
31568
11824
14042
11453
13745
21323
39824
11673
18653
757175
699052
638052
578881
513031
505096
443583
381444
302199
296669
235648
240243
235998
171959
172306
170772
106396
30860
19877
20963
12883
15013
13837
11738
13680
11429
14093
11403
14611
12853
11968
11458
14375
11734
14918
11706
14062
11629
14379
11748
14369
11350
14321
11355
13760
11330
13259
10856
13910
11587
14593
11421
13881
12552
14301
11215
13769
11688
14112
11338
14602
11757
13935
11696
14034
11393
14050
11329
14180
11582
13829
11811
13926
11702
14253
11422
23725
64259
6678
15076
11603
27683
11820
11182
11739
14529
11824
13627
11124
13543
11595
13932
12185
18407
12297
13679
11581
14547
11777
13812
11815
14057
11353
13549
11544
14656
11749
13590
11415
19919
11735
13891
11805
13698
11730
13481
11848
13708
11625
13913
11804
14019
11125
14378
11634
14401
11177
14671
11161
14665
11767
14503
11665
14011
13537
11629
13801
11485
13710
11430
13878
11378
14439
11847
13636
11190
14035
11254
14417
11345
14759
12113
13598
11834
13861
11552
13958
11378
14382
11199
13742
11486
13816
11641
14019
11334
14221
11602
14520
11698
13929
11950
13665
11552
14069
11919
13564
11437
13952
11187
15043
11368
14234
11602
14615
11469
14546
11692
14321
11583
14264
11216
14437
11634
14253
11584
13789
11546
13860
11419
14842
11954
14548
11442
14070
11172
14536
11454
13971
11374
14440
11173
15578
11638
14344
12009
13740
11403
14116
11430
14532
11388
14690
11636
13777
11619
13949
11562
14103
11702
13856
11494
13822
11650
14650
11715
13894
11243
14822
11766
14197
12424
13928
11249
14324
11253
13799
11306
14130
11425
14069
11473
13967
11446
14262
11408
13780
11400
14075
11514
14952
11533
14618
11434
14021
11025
14172
11676
6027
11331
22867
13024
15062
11897
13938
11788
13965
11698
6525
8651
8727
11162
8366
10762
8323
11170
8479
11491
8386
10751
8362
11043
8747
10773
8402
10876
8415
10755
8119
10445
8249
10668
8380
10968
8288
10901
8242
10808
8443
10986
7927
10646
7984
10450
8321
10484
8467
11135
