1961626
290222
999685
280839
183882
243076
252303
191515
251552
263066
207277
161152
152346
130939
203366
204900
167143
192826
159685
225306
270752
150217
140337
158854
120522
133441
153395
142119
137700
157399
173872
125723
156809
146262
134112
172701
258369
185300
267735
237117
189791
165765
165742
159896
141815
239444
157946
123551
130107
155501
120911
186277
131656
162279
216614
137009
492397
968438
388078
266333
243074
161899
266292
213447
149755
311934
258354
253571
383617
412745
413471
301175
279115
313206
141510
311741
218676
388455
376803
191206
286896
173820
172330
176547
226764
175243
194170
159056
118236
124901
163688
172926
210902
166585
240032
134077
148681
213646
297891
155501
145380
114142
131410
298672
123674
165863
230342
124476
151248
155127
4090289
1235170
353636
202702
269236
123291
132229
138616
231711
162159
133123
214501
199861
187628
363051
143596
142390
139078
214911
261019
226182
298900
245876
343957
620785
218659
179920
283672
271307
237249
446466
200534
303334
514151
294025
274014
297876
217456
256342
156399
166792
128603
280538
140743
165184
250044
217703
172118
131075
237300
230189
198376
246933
175274
323225
339379
272886
189317
229190
154490
242838
367444
176079
134411
165062
135875
172092
133544
140069
107262
170793
142493
241083
255553
258788
188384
279798
458184
397436
143345
140252
150507
177669
275004
151420
150405
259006
242865
187526
196543
272438
141852
236126
413156
259681
220141
232602
276903
292161
215124
170041
332581
479532
418904
294862
585549
365075
249136
268082
384919
259651
328116
263662
196573
338632
279668
526283
183839
399032
215538
292102
482559
169433
223406
465058
235556
374076
182061
510138
260901
361628
236632
178120
302420
374486
271400
306580
263661
226288
257912
307250
232767
138858
320757
311652
249359
190017
417600
331452
364744
571469
170912
203161
378867
249117
290384
201519
198864
250241
224387
262218
363502
197299
316412
201924
255884
275734
339206
345115
271850
298332
181061
326941
209774
192525
208167
464541
726243
174390
241851
217999
380299
2147346
3165134
290220
236569
388452
317767
262270
210376
233598
279195
143331
180920
212731
281988
485057
245288
194496
183158
111441
197190
213836
159822
176379
161801
161219
203252
148515
187719
180069
161038
151193
120004
290815
265853
248328
208652
135463
162352
171828
143830
153949
188555
121809
118886
157924
225880
207097
192600
315102
607841
244773
274545
219791
225558
232540
234167
186923
129131
190728
165074
158295
154627
177694
233524
216011
177015
194044
203768
271962
230351
156211
246400
118770
182162
156887
230278
155366
160810
143346
219145
254217
274546
415094
215221
393664
161750
230170
204482
182909
273799
173178
136860
153128
139038
227609
153150
291620
116592
221931
202965
202496
190267
172506
135439
149332
273019
137413
221748
127311
137209
303284
187090
138846
227086
158807
157151
285329
133959
170906
244979
390064
205831
153980
249582
130043
230210
183422
475054
196144
207683
156435
250761
166309
170968
175016
147316
147676
289028
455821
575883
405240
146398
265226
496517
150917
234979
136536
246854
324328
171067
246589
160577
140403
139515
239989
166522
194367
197068
231375
295520
206608
253469
251443
205398
186772
305995
254768
159213
158390
162498
182201
168743
212126
161978
273434
306369
210331
273990
299164
173444
419876
160765
156670
330377
224343
220358
197955
191025
166146
1912676
150758
121711
123929
142971
160217
152178
140994
150576
210248
231416
111733
172743
156671
148677
323232
258506
354832
328734
332403
166281
129690
163326
280093
139105
262504
208323
188902
212662
177037
306881
253997
344809
158099
229451
262955
195330
337324
290048
288761
267742
268090
311903
315051
266638
205518
171932
162707
277877
162090
243820
228553
224485
244586
254955
310021
159915
277972
390155
277634
238676
217256
218002
261079
251048
1868846
441495
282261
143068
154368
159127
193691
127498
153711
143227
1394348
172025
181325
154415
201001
163392
161762
150588
142874
182925
129009
156252
191560
131912
171722
175347
1449509
216832
141353
137082
176565
160555
166955
279710
179083
151254
214604
422225
170742
257066
198510
234449
152809
255269
209489
318475
151453
165351
189663
154495
167002
142718
193543
297155
192580
202017
276958
283157
284822
151463
323692
324732
246665
219397
130489
178489
130760
118713
171034
151346
132632
214930
183258
186315
235932
213981
197624
112286
164480
165600
135794
151641
156125
173941
125291
119020
118290
134937
137341
144821
179302
136998
234903
167108
137611
154128
153840
240176
167630
159904
124717
139544
187583
183083
121271
160012
142938
195573
232367
193542
186420
173021
182344
102414
144109
172245
185511
148929
128953
194984
246503
351138
384369
165381
2918150
769714
304591
256112
178745
169275
301291
284376
165561
357440
180287
127024
190338
172600
146300
189783
232406
207338
359850
115912
145950
136145
127649
118146
200235
268318
189180
199247
192750
144802
243357
120110
187891
134922
154323
185514
231093
145854
127064
171297
241828
272507
244395
195094
160807
164438
147567
216953
158723
203974
190195
137854
147456
125082
194009
175372
121317
167482
155142
144006
161854
145458
171887
273181
557492
224581
195228
176181
190954
203221
148962
151550
198135
182350
189430
170231
133589
247253
149039
167637
157519
167260
171259
339416
221787
192011
126234
247088
163427
134504
345669
250542
302302
170672
193079
255135
170824
174106
171182
144528
217996
202794
199143
221406
196590
152292
178920
288573
185668
268731
229432
178833
124330
257742
248913
228660
180566
309290
173132
139811
242548
268746
310226
312594
238533
627416
481280
203095
248240
330396
260482
354378
165913
234415
260982
184709
212763
298279
243450
623536
164385
179613
200714
222669
320447
169259
132394
200734
138798
134839
202995
190316
125564
127863
152845
196853
231278
336063
221098
275762
198028
245292
250117
208293
249467
309166
230521
206565
221152
183826
186575
322680
284394
174899
237170
139674
182334
151548
297045
186374
197126
268226
338747
206213
224586
175382
201503
350544
228415
6657654
4103495
1330367
466608
325028
313167
216346
279649
254943
234028
430385
566270
288101
386671
196078
187923
306630
310117
692986
257216
353811
143072
198581
259264
321820
128579
429843
230526
202617
192641
267615
321712
329890
341603
200480
146120
130398
146041
311097
233924
203690
175220
288542
196791
140039
123684
198634
586231
401629
369166
166898
224673
146038
172298
263667
173225
151661
294352
198447
200486
167103
235437
388497
177727
121660
165460
225140
284552
149720
224728
139882
218288
401979
250964
153454
293194
143730
162798
180006
170320
117762
178649
163234
217951
506047
182159
190554
196903
171181
284200
275443
233784
170508
136929
175966
173896
259171
350121
194626
255589
712575
238827
264531
244284
441700
493257
281952
188824
232524
251792
147205
155307
214987
111657
255194
233271
249232
368072
121222
194384
108952
110825
259939
652416
123457
228679
119470
265028
554098
261490
251659
134311
196095
259903
165577
174060
211761
207927
250213
117822
140969
191712
325257
197939
345108
182323
318581
353700
226833
213642
207536
224759
219415
238981
203712
150448
145715
435732
342302
184990
110960
190110
111413
127678
135833
388033
149769
275272
175398
129833
165890
226554
246516
130274
184795
186167
154920
219565
122318
140776
143974
142012
181181
165431
185472
163681
188043
156369
158690
3164883
238847
149577
123721
155556
163123
171831
118888
255675
198525
199011
297340
158787
147159
184486
209110
146330
133102
150497
258605
117449
150509
129563
250688
121940
137237
154060
154707
240962
147314
189908
271559
184974
429600
249299
161773
164080
216467
196661
137448
343445
357884
416519
214777
470870
409972
268657
219142
308553
252939
294132
363400
529404
244810
414481
266149
467643
254309
113522
118674
197533
164385
124823
182582
140010
135620
217562
140692
131533
209703
162381
185367
172151
141601
172385
169979
157836
132935
125003
176889
119720
134653
138347
214149
243912
129470
229622
210315
215487
216535
172756
165682
158488
137203
161057
138638
186833
192397
188076
221534
122151
157750
109619
109691
187705
265764
341672
334163
204365
203807
212879
166928
164469
165680
148238
92043
177062
186402
170449
212163
141753
210360
178682
208770
220683
253171
286791
886888
181003
228618
164075
135250
168426
174600
219696
150924
95540
135525
131714
235685
175592
188696
250752
374482
154673
242708
141835
106347
124258
128735
234978
130198
117968
131229
130045
154346
154387
143604
279198
179641
127840
159855
152984
217489
277340
95249
121574
231499
171763
143492
119228
147064
154021
115154
128625
127542
175987
122772
101714
132394
191505
94877
170084
313232
270389
135381
157582
434403
371146
649418
6046065
3644738
747711
193658
211700
149971
210386
364755
165652
135872
135405
168834
341056
203514
138759
140183
142525
143603
132900
198139
178624
122025
147100
140677
126667
110280
133261
211258
142306
122502
339315
187502
117062
232674
237872
124366
265945
111729
126817
127086
163150
122098
1613552
159079
117204
131349
130135
130030
132133
263258
208766
163106
187624
171996
155280
237335
153614
230228
573529
168215
158308
168683
124937
155916
190635
243441
308492
176746
133777
164847
162845
157455
458617
215957
138804
161090
152363
168552
253681
105179
176036
209160
253317
182035
300520
176920
169154
204921
152440
193743
197454
145392
171964
164828
225355
401100
159434
228878
174993
124058
217608
152436
150867
157986
543853
379974
228036
271761
173195
897033
145867
287838
623425
292446
222933
222734
192540
216249
169041
216267
162496
104971
369709
316334
202382
358698
235891
679690
580745
376307
116753
497940
382971
323161
189521
184629
255952
126280
610474
168961
332037
247295
157173
219985
300358
610936
195088
227179
335897
146482
191001
173500
214566
481028
333435
165082
176952
258446
193198
137232
203037
162749
199502
263718
335954
223851
135317
469064
204849
182994
231018
223707
285549
223648
299323
305812
169058
339421
225223
252185
177992
504557
311373
332088
155567
196772
196294
124076
141440
5928418
3392435
715701
156077
143290
206380
208057
123567
293129
268379
157591
149268
162975
183103
247818
191681
155379
222576
173704
207405
193713
257875
295401
155776
172056
192379
210500
319192
193233
175535
188905
138018
143213
179537
278757
133708
130393
95792
142089
246239
182618
189126
170651
133789
141727
183804
110403
149647
99204
96942
190363
136679
151358
142967
203436
242411
184080
118918
158044
175701
225512
311304
191688
341685
124265
227268
188818
195211
289695
193842
160258
359870
167683
168134
188442
206351
221700
121149
331258
331361
338913
348500
270455
257999
330109
264169
395237
197639
174440
314001
214027
406084
541009
351688
294521
169670
219523
248472
246190
164848
366008
243846
272256
385454
462618
175205
357803
476494
374767
216187
282299
201601
271509
167215
171980
162302
226280
150109
250920
184757
165091
293605
180273
530372
138806
137243
171682
99046
280123
188615
317761
452028
413689
224813
250658
268610
196045
155136
245553
222584
142206
121239
159608
245714
112239
207518
106337
397705
272769
440224
262430
278571
217209
270326
300465
213720
371200
420831
176528
170423
112955
3575961
352707
256886
232630
278594
155240
259997
220486
244232
193014
173060
194106
238758
163763
253900
213782
232144
135831
214115
223041
110605
133518
136737
223810
118516
272952
290841
205844
8000525
4524159
1374451
514824
440885
342641
290493
407536
450194
177061
115238
297621
133098
145768
144400
320678
311069
149128
152214
162216
275780
214286
244936
196854
178920
388493
174747
197118
215296
354415
220852
163996
309467
173255
108128
240722
141610
114503
293221
266040
149469
264320
311061
188432
296010
438627
275207
168484
162207
187596
294721
489431
256403
392126
337501
176214
109785
215836
721535
145596
194186
156382
252270
169474
130222
169148
187928
192282
139616
213292
445896
185310
179804
190454
224243
156877
216758
166543
179314
208036
144763
290839
734760
219035
738138
1335822
217744
678313
708357
118280
1156840
228111
1517201
278091
164053
138668
133691
132034
142003
211231
111108
180664
204320
346059
584022
177667
347083
152007
152251
218090
174601
345699
208122
153752
179550
173151
134161
191416
222451
451740
177334
246269
249290
175814
187451
191605
230323
98550
335795
147547
133635
197339
132770
157900
147301
145053
136762
94478
165749
221275
244153
394428
113170
226829
440103
226951
225015
270525
153633
140856
319513
136203
149555
133122
164552
159852
180119
250639
161836
301013
394051
372671
111421
204134
121123
146394
160055
163787
159077
156868
522034
187022
160136
344970
337927
234932
223505
144937
179325
186519
202850
526883
197624
230649
190771
283161
250221
232289
165871
5874912
4455649
1768748
222319
199094
289092
141729
198282
216619
140975
157229
210555
164597
174946
216835
186523
254758
162190
179565
147330
494217
165326
137758
137794
297396
237023
178173
277212
337271
182074
256255
259366
244032
279448
178925
288500
161287
120073
148449
198528
191078
133184
374212
82393
112602
130465
255905
117231
189623
257922
151690
226251
155272
262906
527326
196606
172509
138005
158527
132872
138684
155597
206394
124742
95019
137155
154404
167890
161323
124143
237016
139218
419879
179028
268323
216561
168388
206075
183522
158544
173863
218093
140682
134011
161895
195954
183135
262891
197296
208751
143782
214691
211947
402823
321629
245083
123808
135001
167269
265426
178849
209513
271598
229566
242338
315691
252370
248087
231745
184239
139481
167658
246246
267454
149560
234361
194770
186317
193264
161385
167598
199856
232279
218339
218490
130395
214370
152797
280072
172374
222338
213188
179928
185996
307375
215827
193681
155148
277080
214328
178041
271520
153040
213454
207695
279912
159845
190466
172445
186202
114817
110810
187949
240461
267092
358071
397398
165838
187794
178242
131875
256471
212136
366979
155475
262510
146893
169989
245980
183333
252217
364838
308396
153165
168876
470479
213171
177846
314970
88927
252065
207959
99530
305024
459619
154201
259367
258258
203961
11388905
8615084
6060955
2627187
282388
158176
231702
147795
240189
160036
110104
166553
248043
251841
418565
225186
360061
303362
128977
114470
536748
214463
123998
154857
117785
237391
288390
375688
157488
207559
135870
217229
266475
198168
137320
180960
156443
249245
156934
174671
138397
117601
140652
140615
114570
212107
167883
205648
229028
192276
298391
205059
114333
202819
100464
142604
251209
168968
339566
132129
200842
214286
119207
125281
139691
148416
210377
192454
145616
143569
147416
153610
170685
533143
137689
141005
2566249
184509
113082
126264
205228
174071
176406
175540
167627
154710
233512
393040
214034
214202
215722
953424
148456
136645
153369
156151
194265
166552
114984
118320
184435
123881
147471
149030
136162
125985
164223
149648
226460
115389
144833
118723
232289
188313
178049
241423
216768
243357
118336
177477
36199326
32159624
28175170
24181575
20130970
16300748
12278676
8298944
4309395
368941
315521
155991
302595
153442
245842
167601
164408
144500
155092
216610
144976
473329
375484
138808
676944
372810
217159
222960
243803
131310
177140
144427
142155
136588
125635
258729
116497
161709
177519
140637
234724
116162
166236
200859
193584
128441
173397
124401
166779
140550
1087996
142815
150419
161911
146690
135503
243472
130120
215796
187312
125729
95575
156032
609681
397956
152381
147778
111755
220902
173904
6748998
4654631
1593220
191350
291606
237636
141786
219036
177340
138123
171831
300515
171916
119952
254049
246047
369072
223931
1707965
213753
275110
183154
278494
242640
217388
161329
176737
114536
155865
99173
125438
117099
139895
158756
180549
110734
110292
122796
119696
192632
160539
237387
144162
150098
147713
193625
168509
113659
379306
142807
187897
125027
114473
272009
185860
110689
273919
238407
418303
140301
210964
205874
210340
122431
162323
350570
237299
249189
176664
214366
104802
267068
149349
137993
507721
199496
228239
221097
153655
905378
361548
159064
296215
170717
172789
143567
119740
165237
101531
213357
129905
95765
114704
95639
136997
120233
148827
233315
364751
121214
186397
304737
124185
255649
224538
169820
280549
603386
146426
163172
142285
148873
137725
243548
198625
160672
151255
152633
155132
175664
331334
170511
135270
114740
167949
125314
108898
152922
181433
171062
239732
173050
138700
188530
106502
233955
103979
148055
188020
153783
102464
136406
109091
157081
378357
189480
141925
183214
111748
123061
159596
169772
116889
187228
1001189
160905
193801
170134
193772
160743
189884
141954
159136
115427
135911
166084
122209
161714
232438
132465
162724
172340
171978
167036
271924
173954
222745
288093
133299
146531
154150
225165
213084
106469
252268
120337
131295
158641
97488
6684138
3398149
325373
146134
146964
164291
110659
136551
172754
135004
145371
102694
351390
219659
296333
147131
177664
147212
107939
365292
121738
160457
136405
136994
105746
203095
227735
1420440
126977
104409
99757
84346
114877
111323
120112
106908
104645
98247
126901
102847
147920
203952
95628
104597
104328
93662
107851
96502
102339
146671
110793
96104
100026
114203
106014
107233
89506
139261
94437
120152
107875
105330
114814
156512
231844
107631
144042
153009
185139
111415
126451
158977
137253
280072
153371
151022
111753
128250
143725
114697
184452
139613
162646
124963
180784
152530
171064
140521
156132
285196
132275
154988
120344
180031
142897
139020
364995
146984
129605
330162
237399
262137
423688
248626
214997
339961
327395
116359
215276
120996
228876
277432
124319
237155
230380
166412
235984
333916
413855
179855
229414
266366
616623
412335
281652
275658
333354
296921
390454
324329
225737
243210
386040
345748
614129
357765
333969
275742
554049
458469
381838
413811
398537
347758
234993
224394
336162
528238
462487
209174
164618
301702
492051
237620
170225
252042
106792
188000
204257
149520
235877
165757
216528
113512
110037
107977
99261
139164
162413
137272
150310
221108
210491
166198
110305
145379
115612
270822
160011
238718
172267
146124
152194
102758
118683
230852
367307
248074
110734
170449
6558827
3339208
1003503
331320
268300
166413
179755
194488
166287
135868
148477
141008
169679
136816
133812
290861
126687
164610
177963
306339
165941
79634
312582
99180
264554
363654
150048
142858
152759
204584
169497
196618
150251
554731
134992
193293
266593
257067
146035
154375
125144
251822
277687
121196
116142
220897
144131
233857
150196
201113
232930
224685
210782
257351
159140
313579
125434
238247
237607
309309
191765
371879
224884
296490
258284
130483
146631
270289
219601
136410
181871
180176
264489
150050
198808
164369
140513
318228
240496
715591
489274
284132
178586
143124
227470
208503
307979
94434
122325
168881
96842
137195
110557
137294
112170
154742
120350
132458
127739
159223
115454
119304
146075
146982
183682
206648
390172
215665
424044
202104
216313
110520
166195
210682
291002
149427
253649
218325
136815
129919
173315
124408
198896
460023
297499
503759
254645
238721
301493
575568
375106
215981
465595
249474
168104
217994
269935
295490
740059
325389
217878
137134
149126
256813
148104
222013
210327
158711
1389605
148290
255286
182856
141622
151845
121060
142339
141191
132836
223283
156143
192131
144512
179201
185624
160975
199077
112214
124063
155545
137069
158724
189982
214485
239964
133499
111281
120282
160278
130935
128576
117154
312887
138098
125947
302042
212986
261191
217100
123910
6064221
3346314
1186860
280559
253043
199740
216827
248738
267240
229288
270209
106917
404940
217495
278276
222225
235984
314183
412468
188437
487240
199512
193678
212405
130635
165172
136450
128777
185432
145559
94162
122650
108563
109639
101304
151356
151505
132676
140146
133304
130700
202469
222187
222884
113269
136360
197082
140548
139179
119048
311385
136923
126162
124275
229719
118125
136510
191209
159655
198398
132462
120206
215844
260119
162662
218990
209349
167175
175785
249783
152075
133072
193117
127734
481794
159491
145289
191616
208686
215868
108731
507330
177303
164570
211105
110022
895507
214855
139826
103651
136595
206945
142101
212064
191438
224315
143892
197370
211865
155382
215257
199667
204874
106935
230109
143778
262045
172900
177627
152471
154297
226097
144536
125040
113096
219122
190524
140724
183432
238158
315462
230179
135572
145962
274611
222870
271372
233354
181846
280839
291852
620883
224833
134752
133765
206036
162057
213164
266026
189904
199818
186668
132746
149484
135618
176408
123613
154923
175400
139346
132682
168313
194323
179383
499476
213023
245739
163941
207834
241120
192955
225581
131149
196453
151626
184523
237428
289857
245149
200768
178236
122329
159153
149922
118358
131131
116403
108003
93929
98428
119800
129207
178566
167902
137056
214630
113664
250657
91994
228521
6186279
3090658
704850
167108
187602
162481
103125
239868
217219
318128
195954
151424
129043
139052
231977
131846
179578
93814
177690
129597
158580
121484
143973
153923
117145
164261
291504
328632
192063
363793
304025
203533
235881
205862
263160
131245
123182
371597
169312
122619
167252
95670
171230
154110
166139
156521
222744
153361
150638
189938
123884
225350
143729
158344
193401
165884
198755
175788
145876
283363
206589
188972
124897
122985
159396
153068
200995
501743
125814
143070
161046
125517
135536
184294
115272
129994
211503
158208
110738
199253
158482
177582
279898
305182
287800
146612
113573
232087
270931
116982
256984
426386
150781
172660
166237
178296
336000
268100
219797
270421
171547
105483
174454
165237
174123
136412
128163
278259
147357
755503
113551
144606
389868
110181
164182
135946
173381
219654
154446
194169
155293
162689
176090
140495
142252
199108
182914
165263
147296
220083
127602
175855
257836
136551
153850
179654
175742
120624
182879
177726
153435
156298
171777
118803
103369
223476
129110
122645
164990
231186
205675
146743
133668
212314
119300
151674
152131
194217
126261
180829
140652
313956
144638
165840
234862
111119
178404
120917
157732
175146
154026
111897
137793
166709
221942
195565
219599
136217
174144
151896
147470
179143
144203
172665
166471
174558
161598
150368
144127
162504
143247
5874972
2920253
177166
130444
191747
125771
167393
203723
158946
233779
267342
114143
121710
142103
130608
162795
354299
174643
133173
152611
187386
140845
235085
175800
144571
130049
153823
175945
424448
154116
215446
177252
157730
109946
138655
160663
290608
163327
149022
138688
400786
236850
212710
170361
324856
200526
178635
160802
200560
126454
236606
207626
190497
142102
238901
122660
218547
160500
119062
192286
149439
122875
162818
148080
120752
152085
150224
143262
142570
210362
212597
290953
289578
291799
335065
191863
304533
284961
212314
160536
154085
153277
152051
154201
178566
133236
236716
165928
173393
162294
297809
325508
133665
131370
157203
133466
194632
119150
190644
152114
196551
344610
287359
163282
180723
207364
271274
107260
361969
211783
143640
322772
188051
162764
169513
411431
104694
152039
150013
154056
114859
108900
173913
117877
78066
168964
144780
118699
136228
170200
142162
239410
123409
118054
232792
108526
136532
140955
156688
107108
154780
375081
224924
177004
235913
203041
130321
441050
138777
176238
210040
474404
306696
342254
400891
193430
392526
183083
266197
273304
140249
153035
158352
182006
116708
113747
115465
148508
246042
211986
124605
149250
376991
184116
131706
129438
132288
127532
186917
186431
191322
103943
117861
171554
110630
229916
179505
174005
106559
6703576
3787143
484131
272113
160547
182227
134439
93883
119629
119071
205690
333764
269239
300779
131315
184972
152425
196509
151720
248434
131033
155755
152986
119606
134276
129758
114748
201874
242648
113520
236164
206269
273078
174592
192516
203874
380336
162163
160652
158709
178606
179048
154651
108960
113236
152749
164756
174376
270908
171339
235524
113855
166173
149861
140855
175066
244229
149090
327599
107217
131399
200800
155445
321365
155132
143073
134251
97970
207464
174507
167743
138136
279149
258672
283415
275561
153420
140442
257174
380025
536379
424117
134441
198407
178785
473274
210161
199926
146893
356132
233686
177596
214253
292019
133841
139706
162686
180853
143453
200248
208828
1860851
143814
122983
217326
153928
119028
117782
238745
205855
201785
161787
107494
156983
183891
140785
112343
133735
133233
222624
199641
182194
208812
192045
125573
202953
225967
120202
136409
140297
200568
124060
166272
125503
105150
102298
172969
191997
129803
99221
126917
135304
120414
295204
133536
108407
134342
1376233
127524
250069
141282
196092
170986
160139
351078
164857
141909
302626
207440
318177
172846
100877
219933
327568
372891
175180
210492
171653
266141
153880
160428
303955
235056
289341
297325
333005
186272
220795
296175
232154
145014
184636
120059
116990
141270
131946
170106
118886
126355
6185142
3176139
525133
262061
195393
194916
189784
158175
222996
130345
132874
164957
140266
117399
140281
136959
143074
116631
156640
122733
164996
106221
145889
146654
146339
113337
136221
133439
287841
99460
135890
268230
188985
158124
218142
272054
259659
191281
286469
316753
161155
260891
178379
122629
165868
200485
140662
119251
258146
164173
189391
163722
187762
236143
130491
222621
153237
187667
142472
226256
232553
287030
227031
202582
239906
123237
161587
427200
349218
238847
253204
217584
239539
163170
157461
132399
173294
184152
133547
161983
117515
150162
139428
262284
248709
313032
180173
219620
162212
211224
132357
165279
195905
197517
150278
477304
149943
123912
113358
465445
148451
168471
256963
970556
120630
261697
145296
229900
139132
158245
159854
194524
406914
162012
167876
587866
395272
257313
153726
154056
134089
137565
140134
172473
246690
200722
132713
149213
405517
191681
183693
156641
215720
630298
154218
277443
172975
587597
317636
192721
269944
205170
216056
364727
142722
479666
160254
210718
160828
420728
183714
207996
238262
193005
232155
197952
181707
140818
281902
185208
169285
139362
326843
144781
169262
180689
171783
184366
400703
152886
167728
101401
161167
143818
139973
433572
182418
226875
128026
131086
184408
186615
194212
185884
313214
185877
211536
216294
129810
5834600
3000287
961320
196529
173304
142543
229856
174949
108976
161515
173364
145992
207559
137947
181369
159054
352297
148156
161171
148059
252130
157894
128365
110581
125575
227205
144208
153656
132633
199704
163367
175284
194696
314079
179870
279328
237605
277126
259008
164296
158032
190234
149127
286391
129915
128869
152203
141067
130601
164403
137000
146123
149779
131228
133247
136045
154078
137884
129992
189828
142785
145408
312258
106797
153648
225445
307668
308470
389333
152539
262411
282139
304431
144201
176704
221764
431210
172165
132108
312331
183265
198450
428329
144279
143919
109664
138134
138203
195349
192821
191822
268204
127754
201885
205262
132847
170500
131080
184486
229680
157765
217459
119120
266353
195757
177580
138849
148258
81028
163265
173375
161226
264972
179740
258611
164572
129832
117129
174962
184190
169512
131771
140445
146063
136481
177178
157205
149905
128317
87061
140661
165911
189136
183031
165799
183424
183808
150066
148742
200522
152210
120134
164343
148815
154874
130763
191681
131554
116718
116136
187378
114969
222901
323988
191998
198188
192628
188692
166285
171664
242301
142206
115566
106072
112802
122985
1235132
149461
205410
168393
167448
175834
215011
162693
252340
191365
278022
209891
112214
184177
127941
125685
181030
148324
161572
171483
428491
133253
280010
7424540
5201603
1914172
156279
128840
251673
150519
326094
187539
197478
174263
285982
162254
174666
258603
181040
231985
136095
242634
127376
181535
123747
214301
224091
340236
202751
278988
210568
1296161
272997
187924
179050
122150
262699
282228
251987
230328
133998
238005
280050
145228
130647
113485
103539
104517
207872
299978
325645
312169
264278
188911
230857
164282
338416
231727
175089
221769
192811
207554
254114
162382
209747
311241
188858
210980
106504
145223
109999
137233
193473
120872
154693
137360
296958
209018
243718
741000
178316
139416
179824
253077
213402
148580
152939
167847
161179
150196
164232
377506
326506
119013
194025
242100
204793
218159
210644
170940
292560
148474
107861
302250
217939
375283
217094
258620
123363
200640
143155
240742
386764
194315
232797
251392
108465
165646
150657
170119
238275
115467
113452
230714
174915
265244
254005
234384
236003
211067
135454
153112
142172
194367
147709
199606
162461
225469
176313
272790
199768
186490
199610
162324
134510
161459
136065
128723
161504
230027
166043
187498
172629
202905
196006
103721
119358
171915
287465
246473
202854
248755
131036
141292
154840
312970
123668
113303
134974
209569
265818
239366
222896
162825
301072
155479
209217
235800
166642
184172
251906
130682
164423
184118
144072
180563
198879
205712
144393
196324
158640
2167169
5727140
1783593
256103
399708
248155
297500
111620
111637
172705
137091
584338
142870
157698
112351
150403
268370
104386
121609
168334
1189439
232445
137881
258924
136109
209934
122843
144205
129712
193647
253571
98076
257461
363810
303970
189534
118847
189512
142378
157506
236567
185169
134487
120293
144783
151302
145335
166788
139622
192999
178926
351366
116895
122845
349872
100606
200238
201474
127550
177414
112994
153831
113634
98157
423456
99665
146166
114333
96622
100813
100773
98281
143745
171161
101489
91456
121464
154812
125965
120734
118000
145957
130650
119487
122270
117560
124682
111327
121352
137670
107249
131411
123647
119730
165090
165460
131306
132876
132717
159519
196251
190707
174237
203049
224063
173818
138165
337693
161906
110697
131731
193000
340137
244579
190956
304300
156439
206263
222792
167726
176617
166218
301589
135628
141736
214527
1309934
164340
130840
103985
148072
163541
116266
192818
167920
133289
161183
180400
144003
337989
396230
126580
196727
251458
259546
120512
182332
190645
233362
144408
130044
153509
173016
206766
158164
147944
115198
137412
135168
130990
140607
189888
141196
145069
167746
179753
253810
193755
179538
212649
102891
176440
167660
200754
120433
178689
131471
172761
217845
265031
130904
218597
135544
110599
231221
211408
284506
153544
143576
122805
7099261
4073257
1105487
144889
164639
385126
126851
166744
196675
137458
164727
174347
452182
649901
237444
176702
196389
278992
254398
518504
224065
180185
195168
155360
188705
502394
182597
338931
187980
700038
133672
160835
141182
142899
136820
128833
107324
131226
169762
192961
107005
164555
214624
278315
251231
124666
124243
289704
276476
314736
198783
187096
234946
296546
155815
147767
175698
251617
211231
306121
151077
156509
194999
106983
124665
205739
136848
152685
216869
268636
146455
118828
138167
132498
138839
190609
175079
305891
278126
247833
267341
418192
170491
136782
292498
160646
155838
220412
262551
294863
274917
172478
399622
351942
226023
179334
110953
159036
127321
250727
99428
182321
207660
152116
137757
169226
306947
322431
114617
321332
206919
291587
380181
266842
177871
129416
239350
161520
249254
276825
193099
252790
197264
196997
348899
380545
331948
236112
187133
200067
653890
435773
309125
200739
341130
175355
184364
238703
147771
172113
144490
157403
135792
107095
122318
185021
148874
174019
214438
118055
140908
219228
172402
296283
257605
308412
163204
168262
107724
110655
214648
542505
156696
177610
204397
159134
143375
158582
129795
180704
195893
162241
157987
168419
192216
246735
546191
176471
108351
259336
281584
343228
157686
122378
164223
335192
164131
355024
150963
142184
8202798
5843263
2625727
246115
823953
194679
205606
166509
144199
169716
195621
152911
351565
364998
301911
179620
178300
205010
174720
182466
144261
161952
1185002
154297
110364
139129
368715
231091
157381
110432
154871
189262
209016
184448
167643
153590
127999
246247
149373
138506
107949
147805
136619
111268
113842
355826
139651
109981
123958
136313
161677
164066
196834
117938
294951
296406
164248
214097
310428
244975
239476
178156
116023
315776
121848
196505
139673
223329
128052
103600
280267
132391
132388
117206
132392
113617
221724
167265
191962
158098
185643
145701
103978
100294
142690
228508
254994
155945
109233
262310
148807
302037
320125
127548
122626
236265
132481
300637
423331
237119
126678
100294
175983
167403
235194
149535
164307
174903
299303
199039
166907
317077
190886
306373
376150
510737
224784
222749
320230
123094
235933
239019
376802
212558
265585
268356
121205
387236
119391
183161
179162
179732
130755
155480
141786
683372
340271
167134
397645
261612
230118
226693
192275
224773
141114
137250
126619
128540
105270
159290
156727
186203
185713
248428
135262
152174
152928
93415
180756
207214
324502
211315
107663
175090
169179
225949
190041
141233
151156
399878
259516
272878
260705
257487
335266
159579
254553
248641
177468
165327
191623
250484
141143
128773
132735
208016
210095
158540
217446
6302261
3579410
1410861
87456
85592
122068
131608
105585
125882
140683
137980
143679
126211
350731
163933
703519
201369
121853
187017
167432
160424
142883
173141
246758
177839
256298
177183
181646
178734
158669
248813
172770
167432
148464
104939
103927
364655
102905
131702
134225
128490
107959
107559
144170
129285
152357
384788
115417
115792
120979
206144
131867
146275
141986
102795
138561
115407
136639
92136
301403
529799
135992
154605
354171
99750
157815
174083
109736
118553
153042
272856
127676
174147
167970
202384
118984
143289
167696
111949
109551
302787
115193
87945
118480
112940
112921
113293
130460
106513
108008
136541
141742
124798
232890
82754
128638
80366
104496
167042
125202
134097
103094
93384
1909808
115195
157755
147480
135056
138044
173353
176898
208801
142982
214328
190362
115069
106847
206147
91011
272056
163802
318336
102369
227585
140932
350098
283895
148513
282537
138079
107999
257396
157752
107863
157197
116008
142966
103571
137673
128970
109378
124505
118570
111460
134674
191066
192112
140100
119421
136967
130869
136845
119479
114346
1175562
283173
325665
247397
179315
170175
199048
380577
157625
210680
105920
191066
130259
375600
175548
194909
241422
239293
304630
265005
137474
128795
114379
108703
103218
185470
140104
217290
212016
150133
167070
174912
204668
235791
7315477
4233498
1181350
142661
223272
196117
134061
141333
246340
116830
219843
179388
298387
114796
216185
179926
116743
88588
136265
136400
159859
175473
205262
172311
227849
104609
202699
287755
214269
128800
281861
194394
615451
177280
182547
115063
181453
110291
261964
154595
463048
243768
258621
220007
210016
343577
384039
367142
378428
345362
390827
286916
180194
265580
317902
454653
415029
212107
157445
444437
128074
191147
113386
186382
197014
313125
305024
266423
165770
311604
182760
165898
155277
186005
135697
246133
219691
152382
433503
196245
248113
575433
203869
267688
322325
147487
244918
787109
137230
133633
214553
504377
153845
131090
194881
208099
205448
194159
209010
159330
184602
192363
116421
133796
106353
136229
271158
153758
182612
100509
126283
107793
168153
202440
294414
148666
234381
150825
102976
142625
123834
106389
108917
130455
129327
137371
144438
244704
127178
153760
226548
319980
216667
251997
299835
395968
365422
210156
201076
312306
266266
176467
193883
241751
412796
287193
678791
263136
168340
196393
286187
320417
283268
170778
258211
206743
294112
154218
443596
338032
1722771
109914
198826
170801
137434
1440812
140005
131205
109982
260527
245420
124079
142990
142829
165276
145057
169410
168472
193177
147310
155460
151353
141168
150305
128517
115988
223710
126900
1438530
4621373
2008666
151338
168845
118631
145150
108179
152061
132031
172230
140585
161900
140265
176880
183688
131529
267244
106527
167810
164398
117565
190660
131428
222941
119309
122221
165089
160678
137413
101389
285044
139649
175028
158171
124566
174415
126989
260123
175068
133169
113070
197748
186395
138703
173383
205421
196191
162589
204788
198309
116031
163018
166998
234321
195795
158366
115472
140179
167909
199592
130863
113157
259706
137538
274000
114729
176946
147187
193271
136772
220088
136360
143301
130711
148910
359278
130006
151237
240598
166528
111780
171618
224641
281628
129104
226595
124588
129691
173571
280795
207795
146489
360785
159916
213502
142889
183125
200620
190619
136420
123791
218733
323662
294416
288344
592923
149174
162597
391963
251897
164830
329004
177245
236005
320654
104981
128842
152578
154404
121245
790546
129035
124581
131716
108545
113920
93295
96998
168781
303095
297236
159741
136647
164132
119466
105602
107002
241414
140927
232402
226092
169514
113995
252686
99526
379213
135566
172214
157163
403471
162093
136399
110258
101618
136757
127246
232436
128420
368922
104508
142508
145128
219350
208612
146305
131859
151127
147401
152236
203922
117147
201972
135436
122565
252324
147263
160553
163974
336003
175863
109944
143805
176283
134102
107748
116719
115980
132984
188459
4254960
1349003
110524
240993
136662
143338
301431
247598
162071
178512
187996
449565
191586
138606
274725
219375
163585
220253
212614
239071
350366
130207
370273
129126
93527
198866
213407
97799
155803
167791
175850
204309
166756
159426
203265
224585
288547
149742
158985
171751
133124
156676
185126
210963
226352
151986
144170
158823
119551
148424
127985
157693
125610
138051
126091
140601
112008
246551
165924
150657
151408
139043
186619
234497
147176
115437
139245
243405
258794
212952
131637
144441
211809
117653
171654
114367
174981
301657
283969
206725
115435
95479
210823
124279
228094
105874
147398
253987
152752
218054
119384
203527
228718
123271
184781
257828
194122
301961
158265
162737
144228
967537
929256
151504
123101
118479
156379
162042
171741
166067
187304
161328
160099
229797
152843
142497
337504
94045
119253
261617
156752
159707
262031
120853
154870
128392
205081
248718
203903
290774
298675
228503
121205
150633
146809
114903
222657
208410
137188
159890
209522
349738
114493
287839
143454
111025
162854
234312
260213
166604
222751
306138
279603
252068
134788
204245
817124
190519
154583
189030
163241
117740
165530
151358
195760
145439
186255
289006
208721
181200
162080
125088
130282
150621
152887
147061
122321
154112
257567
122851
163469
230437
265316
220460
269154
125205
213532
401249
200714
125492
4339597
1634668
213537
223206
294511
229989
189477
143387
193659
139781
134516
121867
133228
162901
255358
129023
191156
154351
1205954
281896
147492
165296
144273
169982
172608
214927
176307
166101
152904
139078
194680
135141
126944
167408
188213
99222
178535
124577
209268
179686
139621
194394
121512
121328
159808
218264
143695
205091
113652
117769
303691
155068
206546
139458
119065
180070
271858
181745
294826
178628
168257
302297
378700
215263
165940
196468
115007
228213
186048
140858
209759
254547
138863
200849
244334
143261
126121
269966
379329
180961
163724
360157
206810
238193
151856
287918
200683
231679
103058
247577
171362
118123
154089
112380
109441
125069
280168
162926
148729
277640
109930
151540
124109
281577
124656
475394
123823
202039
161638
131812
171608
121133
195480
256828
172296
149558
256462
350557
186757
185652
293648
165857
167136
241740
310201
339046
125744
95299
123523
198945
169548
117786
95605
134013
121417
145179
149997
128291
152012
136930
121502
103869
256556
196232
157768
134015
161015
189398
225205
124808
138129
143769
259305
141726
134625
187151
324554
201407
209083
157957
190319
133272
139077
168997
156694
178082
131037
105978
158201
129314
188349
182521
212309
162947
180003
147919
155636
130264
108813
150767
111815
137501
122815
121130
201868
130092
188715
151808
1302206
2880377
177474
146898
149040
439751
303273
187272
202931
220295
443311
721447
281092
271079
175609
175980
217504
128536
131022
172473
139384
203313
138609
159336
207053
293592
179352
428255
200228
142758
123877
193490
160082
134034
162258
129157
117579
160880
330126
186332
243185
123822
155823
149774
197257
601559
151281
107691
212393
222799
327970
153640
125846
167762
120293
155445
215832
867419
136169
166914
182437
108417
185545
102510
133253
113758
115909
165789
117033
139368
193023
187965
161319
167668
135095
155260
132184
188134
349196
128484
309090
148957
146301
248620
183121
192462
144238
246663
202734
232407
131949
149984
193539
217201
262468
202010
300259
236206
216412
221619
363062
290291
196022
278400
190916
228541
170032
141953
275535
144802
195257
136325
172969
136233
149396
184043
215241
208844
211754
377845
246062
192857
278980
303646
248352
282683
213513
351857
155194
290716
147647
121442
312509
359093
366740
177103
232408
208823
270695
278605
614321
382093
258287
322061
243529
490592
425539
404528
304309
249968
209118
138155
211509
254919
206136
282055
260165
122048
254508
396245
280696
394155
172524
390358
211976
205870
126537
258329
274363
104497
93843
448938
205774
147048
295300
208226
146252
117271
155376
131570
211637
128664
120697
173454
307778
148535
122547
271303
176201
126381
7695855
6210652
3219923
351737
278958
176041
332799
335777
246524
329447
315860
327509
416859
331739
282939
431265
238076
173356
300466
440494
35756633
31756130
27765591
23749111
19756449
15699508
11674839
7569445
3656791
198631
162862
233679
218774
243332
208791
179177
190068
197090
144327
227618
212433
257201
187019
112000
158489
250293
341072
405441
296681
411721
162211
150781
240395
124928
260044
277054
350640
230613
215055
225824
218190
253325
323217
222831
293921
264710
157686
322577
132539
222598
301551
216620
186961
198348
316721
259367
240012
148476
391802
212212
400259
209848
223249
193947
163867
206730
275576
243904
240413
139973
284815
228437
218876
181535
159294
184833
224137
186884
199636
220276
121112
189359
364906
193913
164434
250846
216498
346245
174914
655764
607618
157231
276559
145410
371361
295741
270207
307769
337341
168535
277096
396176
243130
142314
121967
262106
131038
158193
313144
255902
334110
369776
174620
161582
135017
403908
378576
405645
393339
540716
184634
593053
311920
135175
517643
611881
361780
446157
381192
422747
288506
115046
141802
121371
263667
225219
158548
187195
179157
188408
220183
160785
233511
181390
190619
291004
258568
178947
131842
115995
399139
204901
154200
142569
354913
152904
186850
726161
993883
178238
654175
149668
158781
184706
787401
336696
119510
87691
207539
163688
4044309
1736004
464933
116067
472987
144559
113710
146536
170984
131078
168516
156099
200193
247208
169988
174044
164084
148458
151350
133676
251687
132431
1363628
276220
230279
166170
231211
476708
591225
342802
299207
238109
238911
243767
145101
265636
205621
141903
141857
127930
158766
328260
226031
374675
276258
198661
256454
166498
149146
137644
146396
147397
239780
598002
117686
137932
171744
191602
202898
253976
170059
171373
352663
229744
154313
194042
219674
116623
206045
158170
178327
156655
132760
261067
143165
138884
213978
189289
213817
144644
257585
159821
284793
123167
158140
147090
225744
129168
136250
236970
272094
219451
255862
146689
148602
155009
150982
149054
373383
143718
166523
154702
179448
213921
183765
305674
207119
170938
156868
176134
249599
202575
174686
195423
140715
176130
139373
194061
145207
118727
167814
319890
234032
247250
432064
154700
257143
151867
208905
219476
288391
154158
223729
206483
269841
312733
279567
548249
259895
224701
150338
193409
203853
373017
176199
199525
198585
223835
214793
151315
187027
213316
210377
122278
144080
140081
133320
120688
184017
157487
139424
162348
127600
145835
130493
126713
215651
690666
155364
172455
120134
106279
122201
185870
195833
288623
169462
164261
125609
151293
252873
281666
361498
488527
416867
346790
132500
199958
1256221
5260793
2640649
453514
245021
307429
306913
387809
217771
158181
344182
227054
158879
233077
142645
141801
178708
175074
398415
296398
211852
402543
296313
227511
117316
255624
304552
195499
382841
205028
217547
349237
180317
162613
252683
285494
479624
329199
277612
266941
184755
117410
435339
143774
294364
181098
187949
301203
270614
296209
383934
157421
273662
328797
445692
332414
294306
146982
306977
180432
205695
156164
231318
424984
154777
240291
153915
198705
181151
144280
403267
164408
180386
603810
336720
496872
183143
362091
255958
124533
131425
127534
287090
118241
126101
96838
144121
120402
145695
134394
214652
89515
199459
275402
130641
92385
111005
117935
170170
123534
146631
118912
146236
197343
170439
223206
144428
175713
167572
171139
144856
200786
318760
126079
132779
124999
131900
116258
129402
131013
95472
132127
106865
90661
123079
108792
269363
163090
229656
246960
111609
129133
229909
120839
134866
147547
141396
131300
170723
198842
262809
151170
199031
193988
405731
436282
176762
142420
290293
205939
255414
128779
188527
167968
190216
206770
211535
234260
194453
159821
209832
124246
183499
243753
169305
172395
211927
149220
445468
278821
1075202
206416
351115
186098
326449
290937
298053
233584
164346
120969
133976
214967
309263
144970
474499
111099
176291
263078
173211
337314
7356452
4812363
937622
434601
166616
213880
246260
118787
285110
155148
128200
152315
171437
118600
200145
218897
230464
244843
426408
210942
213913
160823
165683
217082
371099
181372
150004
187754
236497
221402
249018
214478
168776
186192
206563
108614
275438
173276
147519
122809
145920
243275
208021
241507
262842
148752
155727
163890
258944
176981
142812
185959
123646
170884
147592
177274
135398
218934
152071
136170
128787
111694
183909
300998
107709
197223
226220
146789
296653
174317
291980
118157
186013
105870
211364
177349
298015
175768
349632
169171
170877
287665
215538
124261
230120
92543
189778
200097
204469
428035
161587
204440
216004
167855
194707
240970
648038
156897
130954
176339
133534
163195
744349
141569
116029
316579
118772
123081
133930
142171
187129
190159
184169
259101
202132
168960
290927
390571
405191
176876
374502
162204
206861
190944
236326
316434
168308
364766
149238
119378
119241
121867
196898
123696
100677
182076
307914
116828
152505
135162
157222
163335
174817
180029
140575
217655
192813
210189
181144
344171
152105
112903
132703
118363
211187
215971
278377
167841
105812
162541
119975
138017
126177
134274
164516
225789
142291
190636
168566
165733
120018
149022
177378
149804
208850
203209
153888
35828669
31759518
27776492
23787005
19769447
15744472
11684703
7624814
3573999
208828
272407
306213
2080760
4683320
2487404
328370
266437
231822
152393
162245
179647
289495
185213
133250
212683
136875
431136
105381
170820
161705
156500
411009
178922
188299
176594
137271
129913
173173
534166
107349
159368
137317
372730
246511
546991
110520
153254
99898
143479
189074
150192
301079
164760
134153
120485
212435
195020
180760
198061
178408
282424
282380
195143
151566
134885
199584
106620
515807
167224
161791
422308
125024
159482
175882
222382
113700
129802
422219
177386
98795
111162
108341
102116
120828
120928
116085
106889
100993
126193
115072
103835
104521
107084
120272
108366
123963
103593
119371
102226
91483
98419
125734
125580
99779
129303
99623
193630
126403
125645
127083
113944
131190
105078
158905
185909
123133
132051
136484
127940
179293
143809
153921
162130
106727
126699
171621
173827
232306
164634
212427
143969
311469
134264
135124
214809
217615
136473
179012
163539
119808
98808
156772
138182
118282
142956
249965
137791
182011
197264
189485
139152
142752
135538
174588
294585
211132
285962
76104
187714
148379
161618
110674
153581
145749
99265
127530
124807
121616
95738
149144
146487
149341
154847
140830
120849
112797
152740
110877
134701
118855
134108
154795
231292
226589
199586
151613
107197
163865
259790
160830
183803
138713
181781
187889
120645
125169
115684
200416
181719
215172
174885
188087
1492629
2205436
247298
172375
317361
297118
266285
294418
299924
370561
248770
107308
317211
230069
219570
265930
182555
150810
260185
233121
273968
258391
495506
218615
205883
169654
153614
163908
118974
202880
117996
198931
134563
145574
156395
168527
208750
359034
239804
163677
240132
153320
161032
332607
194529
191029
272107
148504
153711
313596
203786
188225
1067609
228632
190932
246782
174172
230973
112126
248608
181895
159003
129619
154437
118249
153274
308198
205822
194825
377182
153865
111723
142070
134866
225011
277994
351759
149747
215724
220251
140009
185735
285664
218470
214893
131732
116367
245412
281559
208963
142920
265670
180443
202455
317934
173765
252255
135974
180473
283750
223829
126756
166616
131223
180975
175052
184116
343535
141966
112022
158952
144524
186790
109226
144001
167893
144028
148680
167779
114096
164695
157467
135920
145906
139724
133260
124246
107968
155596
155579
119598
171493
170150
144649
175212
286044
244205
184459
170011
147957
174784
209521
117717
127751
118788
119436
121238
152782
128080
151635
236919
97965
254143
295145
171238
117454
203924
217454
288849
423651
231586
187043
157269
197721
350110
393048
486568
155349
218319
239003
279729
153122
214461
294620
176318
570677
379554
171079
507218
174458
278984
147410
152281
154683
340579
216789
258408
205836
218114
620506
213996
4672086
851940
749964
330106
159308
165728
218653
151981
226067
153153
177456
146346
146049
200379
245060
317592
395931
236875
222793
439841
270056
453000
164569
233403
156649
444476
346139
285047
428034
119057
324829
181520
238750
178939
202951
202277
194021
158846
132138
147400
247010
189298
219074
524574
224366
182323
173447
250670
162283
272833
270412
141170
195049
217666
154654
192873
184699
173864
145805
217402
293241
277109
239672
229775
132716
416242
338088
201213
248318
326880
241048
240786
155709
109629
230825
295449
143095
165555
121653
167239
188769
248903
125127
298343
201358
204763
288549
286261
318896
280043
191889
432086
152819
158509
317472
149455
274073
153723
130934
318281
159681
145263
120717
212120
299321
196604
247983
145878
136911
121359
116773
151168
182606
142536
548068
122758
144484
173292
370059
803908
156348
421865
216370
416582
298491
237502
191896
171922
288090
189560
275674
289450
242851
187042
362234
201058
205070
245373
157006
194818
227924
273732
157592
202296
251572
211700
346448
498163
323465
545154
307479
357978
413986
615163
327183
698892
264134
297161
344384
109580
140365
164795
161973
216123
194294
203535
178115
210741
176534
263447
218907
199303
154797
165323
225595
143851
121381
219105
136574
263029
287320
241301
344937
143331
103151
240445
187873
195077
204285
4355108
1361076
212524
353618
400118
272078
143195
266131
220493
166393
267455
255140
288930
183686
188316
177973
147828
204662
144339
172801
142332
126232
172147
136616
143293
171881
131709
1190694
583632
250246
174101
256776
190030
176267
145156
276040
144228
163462
140996
145249
173479
143226
102681
169481
129003
108568
134345
129117
200420
116868
121479
170350
237486
186555
156990
164093
313553
133302
235760
166001
151216
112909
197022
219394
185643
281958
174316
144437
301400
303037
127200
309413
206478
145809
135681
210333
239552
217536
148136
186601
138751
178901
139193
228497
149936
163709
160613
133127
141772
116086
150481
193431
154389
247378
163327
146408
165365
116876
94593
93046
136829
242308
146406
196147
176893
163003
130201
178143
223718
216038
240267
146540
623493
165772
174553
125698
192877
939798
134665
118302
120665
310469
323445
303661
222399
231382
177385
117814
111872
155313
154092
129041
202601
151792
110084
125415
157276
143039
164093
117618
192903
145093
152830
129154
158553
134652
96214
152147
157960
222273
308005
167082
178109
322511
148819
195537
259815
354513
182641
194777
110579
379444
179140
122528
194379
221411
163369
145880
129312
180570
159352
342019
304152
316374
199728
221603
246025
139068
126893
302440
139841
136634
139382
137635
118258
130251
439449
186215
200363
6615778
4026291
1066668
187625
303996
325892
174230
477462
1289892
283986
201711
206040
285211
249699
403410
199903
284335
120200
139344
248938
126769
138241
288737
179470
216542
259155
245729
229156
318964
180954
164380
160681
141571
139123
207235
158849
138310
119401
136422
234668
215126
432939
287139
172910
150812
119098
182059
182996
237882
157467
139005
171634
244533
221226
174866
206644
117277
141992
152332
198362
186341
193124
130774
142182
308193
137941
200666
121515
146608
224594
184928
196791
194938
243582
184188
331359
310277
194266
205754
192241
194984
229536
123459
152169
173676
302347
203590
129017
162409
164850
125602
259772
282923
249601
217516
179471
137230
138253
132404
239193
194390
319781
207358
189394
165925
383573
125796
298446
135588
141162
138739
182470
264594
181304
164260
155783
115158
131581
141557
132595
264889
188474
164385
324063
196123
197318
148982
194440
245179
241089
166312
221654
140756
149438
121595
102741
128597
99031
125088
216764
220551
189141
105334
119952
105306
118099
125026
181019
269779
184674
104255
153431
248468
213846
193702
170459
143778
125869
100270
114971
132659
359674
129131
142148
162321
136881
133857
178698
376839
364656
154950
129191
111932
282279
180515
315037
215607
205362
330362
283906
165149
187854
186885
229614
409384
198177
292900
133605
124547
8199320
5684517
3138161
156222
207248
1070135
246471
150726
109440
185064
134855
148550
132647
117312
151641
145176
157394
186365
198545
275766
169307
853860
1496734
244001
352660
215120
308504
375266
696772
293452
204882
151825
182098
159949
247088
249132
116358
185239
349879
156883
209228
271928
554914
300897
176274
344639
286839
133841
178985
184979
201441
193786
338554
225255
159126
1294361
429453
307510
176147
366009
367702
159773
231966
357143
295497
347783
603567
373629
214162
152225
140861
145435
136270
153495
197189
133403
863620
252416
197928
262150
135646
223124
120700
156539
137830
100582
173046
223246
178493
215004
246564
251218
152575
164969
263058
183648
193604
199936
113222
114780
128799
128201
249699
144354
270474
302181
236660
271254
405210
326274
222871
180406
145693
154394
193380
164299
171817
164757
113538
86134
165260
228910
141199
180462
160308
400546
153681
340358
389806
374263
387983
305625
301218
352599
123231
246883
328009
177101
205490
123531
277672
323577
232942
284530
157193
342980
176167
256630
257921
376212
274195
211078
247545
235835
307784
344888
345427
181899
377933
388806
197681
142425
211893
220354
168184
261087
179348
135354
284695
166156
166507
291929
205339
321552
225796
224620
178182
144402
277657
366951
311678
334756
331924
279634
339972
226439
204052
359325
266835
400021
8238967
6026421
2644433
333960
148003
352153
297101
184831
185391
187111
625755
200947
137761
340756
304609
188869
260256
133704
137325
150800
116815
234549
200008
209357
280797
269777
136070
333727
333725
133432
204152
235175
156045
124880
312790
204331
144607
181227
229252
172996
150092
231542
205618
156475
171981
183683
202034
207128
174833
403129
197313
187567
233514
154960
343573
191402
232609
203427
235495
168168
316872
309512
193232
164206
160745
305069
319064
167971
317699
176901
189182
211712
145604
149610
1627178
240396
273652
261799
196948
124196
320778
123225
158174
123857
165772
158319
151046
201225
143970
151725
151789
143898
168175
167473
159282
226960
139232
231713
165171
154294
156739
143524
123961
142309
114628
190494
175511
206440
247396
115336
129009
236282
158316
154275
363460
477051
264642
173854
194784
160428
102441
153046
115418
156902
191548
225593
117997
382686
186279
136220
220107
144047
216739
260933
106528
128432
194876
124337
391819
327925
315311
214771
183835
150515
267162
126752
127765
277345
141807
279006
147839
184227
243454
341692
177119
164573
157109
241848
252670
165928
130938
121418
118897
251987
149472
109692
125115
241621
146457
135901
235930
128427
110151
124020
149355
124620
178650
142895
113267
264868
145724
122292
140900
222904
143126
111183
152643
171665
160671
167886
6370515
3612418
869219
176153
155926
211746
136914
158468
129162
133782
212575
151373
98834
181778
144356
143575
307751
182477
149444
267822
196663
129439
123444
137752
421239
135141
162013
132534
175812
194319
169933
102320
153570
250999
166437
150586
173122
266858
130589
288303
791394
148434
138708
165267
158099
162355
252845
197733
195667
215587
213508
233672
261924
310993
200517
91909
211245
210693
253350
147249
154702
133201
137430
253912
195792
184305
205132
174031
199475
181124
198558
160593
234634
249865
159288
247311
206538
165094
143093
345793
194886
305904
347128
143489
175601
197558
262020
110185
151899
133184
155328
126363
157134
144839
188108
171816
177964
208872
167298
133891
113506
190212
261097
218356
211222
115953
143421
147956
151068
113540
127535
130116
175259
187870
152867
226940
172702
102518
125750
187385
275533
102999
190347
154677
203345
333685
156756
161223
175458
164279
132523
131748
173624
123651
165028
264767
156707
328721
194936
132195
279034
293506
210563
134544
191379
150452
152171
120908
166123
101320
204425
193591
144786
117859
115088
96623
119970
366527
148742
192441
122435
124704
112048
126817
100452
126381
124871
91872
137841
129078
99777
145489
84453
126291
123227
120992
118511
90832
103574
118308
97960
121211
200661
123244
133584
100669
125413
162385
149475
2101979
3967086
964666
448405
379354
157071
205296
124599
227996
200240
314036
174748
169323
169650
179844
178808
194486
178561
124037
171801
165039
286416
128226
150875
110690
379913
358649
409133
227552
250210
173481
384275
196302
121555
428523
292512
300590
300404
144932
243976
175549
175491
333355
267960
211435
147701
352067
447665
360161
536305
233534
213769
155064
216830
173418
315311
305784
266858
157746
168561
188428
437544
146318
153765
193394
133562
316313
167141
194298
149332
116757
266192
434849
271961
343088
198556
278366
154781
229265
196402
120245
140343
198765
199064
386852
303121
285398
189972
280463
249008
266088
377343
394187
221272
196652
468689
221523
148792
156754
249113
161574
164916
275673
229082
329795
166821
193221
190457
226566
213475
170749
256066
210308
149754
179627
274563
190313
148810
175498
200618
191898
174196
215852
149727
240800
422128
132517
237130
229111
196209
299434
196449
229661
288211
248473
262508
155849
133454
141521
360272
214692
198353
223146
230954
154929
160417
213364
177940
227293
328781
429105
193754
342944
239881
188561
148911
215547
182430
256893
137198
259249
254582
316366
284299
493610
146135
309454
345546
396938
207517
289341
228735
205463
331094
152841
169600
132246
211837
376750
529734
185603
496555
421072
295528
182274
267954
319526
286261
212997
631276
7370207
4488689
1578629
414255
757090
254752
291508
407489
212305
119349
891181
280837
333672
200123
155348
268189
247750
428391
332360
245972
300833
575086
274260
256238
392604
331686
110066
205798
211011
394355
177969
298550
262719
221614
400289
314783
305713
174080
212590
585986
328094
181328
288000
353260
164953
194799
384865
217752
174448
178226
560403
196876
182305
270929
369259
426072
378962
461015
152823
136201
472695
164981
164498
244683
330442
207889
345492
178923
234557
122961
126251
224473
285758
252358
753112
196766
134914
136853
516797
214528
176281
220292
182530
330931
378739
344012
156586
283545
247043
319048
213842
144917
129656
222108
171963
500616
320774
321831
387703
459055
259465
342849
370176
792533
599610
509592
202475
264160
209248
308732
479894
382662
228076
196956
309602
369288
263576
156496
152056
106021
244258
145377
190955
157593
134651
153280
436564
210092
149529
517911
263298
269981
252058
340296
420942
410814
297466
336609
236858
519381
177636
204163
446365
166588
195393
177838
169232
157345
249293
122107
112132
114975
142175
146971
249364
238024
329617
417847
251846
231072
219398
192826
173224
293305
165290
363321
171506
653046
370180
511092
282109
192186
375102
197970
138121
217937
422175
293317
257560
273627
161504
109114
221440
298077
161338
172222
164758
263342
140268
2332993
4064504
1492843
180686
300767
454170
185240
158823
145871
152844
119087
208740
145641
192785
205179
235747
131963
356041
307060
223208
233495
244332
204494
263820
185005
488637
286342
284946
389285
298548
184404
199984
117524
379043
295460
239220
219546
288796
285227
257136
250390
637939
201863
595895
407711
242701
283207
411933
244068
305939
248919
485617
271825
151048
150554
136627
339390
227655
139543
274665
417432
250063
325468
120723
257528
112912
279149
362160
173028
142589
179350
214297
131628
205323
168258
327567
1314341
201086
149199
145567
260961
133761
183207
108833
223605
168059
180125
156851
252899
180109
202442
171923
177196
151174
133988
142411
135746
137465
174349
107607
187967
208890
157823
155868
172421
162499
115495
134935
175734
137605
144471
176460
187231
134554
151670
188263
277608
203542
165198
191882
144307
189218
244457
205704
120699
1389536
186596
282102
143528
236671
185263
212576
224723
227027
103932
94350
194215
191708
180322
150532
178510
165523
143979
140313
184137
321468
286491
127261
253345
424805
143380
210766
254715
155331
246780
138517
115034
149214
177651
121471
159491
120864
124836
405527
139723
135047
269115
169438
181860
207693
199221
236111
164219
152783
265049
269749
244790
418191
167747
400156
212729
204701
300911
188950
145931
282952
237075
166196
123769
6481848
2595547
495560
148211
249214
246667
267369
205285
254956
155861
135875
180763
336469
202431
169618
378444
251995
452779
244912
151418
269534
339284
174709
411531
604284
140312
216311
126113
161476
189471
370041
310971
224178
222796
155032
512104
254695
170570
221095
282224
166638
155900
143278
283814
291090
139908
133309
225556
207762
203815
166384
102995
239103
198203
192341
153366
266384
162119
141989
223025
213989
199753
189564
182500
186959
235164
215295
369135
202534
722592
141581
184643
166545
198267
193064
226282
136787
109827
188391
165932
174519
171853
134256
144329
154629
106244
173063
181340
302141
266327
159518
189701
229956
110930
164602
125305
138249
107822
186617
330555
166113
162548
193592
109690
154858
120762
269719
119315
139362
133884
150043
192507
143463
149053
147116
369260
212967
462258
163434
202223
362968
150487
241348
354216
641773
177961
149002
264728
209241
709187
178678
168129
130641
495105
167869
231436
139509
158281
158639
168726
141499
155902
194149
137821
119844
149237
140800
147843
246502
183940
177839
255971
281867
139456
150742
142050
163759
656734
407892
158981
163287
252000
210186
128361
155669
174045
326572
252396
175222
194442
218732
274663
410467
383611
200431
177698
205286
138185
300248
532362
201798
285484
126599
236525
160792
135221
138089
359344
211493
10191705
7357672
3935878
752571
191284
161712
322775
226454
134890
218628
177454
426773
269546
210139
262989
295859
196486
101535
163912
215688
342949
164905
118500
213048
284383
399012
218241
247420
240215
299509
229244
239166
421952
228936
128809
414153
322954
293407
229378
209823
272829
212413
140056
178059
216820
210121
187819
167362
470769
201439
259856
168820
184760
141838
271002
556288
496834
539806
105079
131192
201071
171128
300658
178293
136615
183167
264484
953060
441282
437078
209376
185513
100179
125162
136335
153310
325211
261737
471389
211900
250353
210251
256800
184852
607523
802048
430483
157992
504506
579998
113605
569411
136925
149974
138787
159149
480007
220285
383713
381506
563132
223947
578713
177227
167820
126609
222157
241609
233076
231330
112521
322364
121941
178330
652780
185318
178349
486982
205229
345692
203477
330335
250390
315378
142250
126241
163987
283167
249034
217184
289434
191477
172915
164916
312224
207111
177493
171496
159715
139031
171601
271593
139142
177049
121995
141355
190343
150751
282359
182153
340252
489987
220201
264979
618537
196017
147308
150325
229621
182975
428500
193204
408948
238637
201646
203134
437499
141305
155559
196039
128337
118226
140399
160588
122947
189515
152177
141101
273595
174378
127839
139524
177114
152643
156837
249824
309046
139966
223291
125372
7628527
4752156
1999273
181413
192610
202374
149749
201565
133206
202592
201333
226015
166132
229912
265508
288775
172844
282804
431660
213599
222411
147830
144988
135375
281787
264469
444500
108209
129826
116399
118473
349634
179067
508666
144910
106549
318431
189560
575702
253749
322364
205875
172089
315145
129224
460641
333844
137881
149238
118437
131952
209414
155139
165375
213657
457593
211903
189560
353252
257683
131137
116486
145690
293717
233145
226041
177221
232804
159820
363564
291044
155331
156602
222208
157446
203866
228815
165029
141069
175666
158268
123834
131669
276825
176315
146980
187599
182817
184177
238544
168827
166621
185640
141164
115633
176019
242123
1522064
243764
229980
114198
133826
117256
244391
293838
165835
147093
401526
188159
226572
233871
227309
236497
210800
354193
172668
176365
145735
191267
233565
119124
219032
172227
214935
159307
233125
174224
206374
193583
160645
195654
159595
236264
212524
237780
406901
251060
262367
249135
192072
810049
157033
182537
333589
346764
151426
129057
204115
152527
171305
181176
250284
203947
195286
214751
171149
344436
159352
200621
210041
144299
271952
305609
185626
223139
126971
148810
129710
151880
179324
202316
116071
136536
130315
154102
243261
217340
114974
149456
186954
153088
183768
147097
171615
134499
143521
175323
156950
122938
257067
4263916
2241676
164114
171940
548597
169010
138788
200628
271460
173500
142451
138659
176815
135063
170923
126632
189972
228355
153409
137988
138183
146294
171561
227786
412399
274594
625182
129962
156895
153585
151772
156757
129410
129316
156790
143132
134942
435606
316906
147229
167162
114757
122858
136734
174460
147212
103537
140187
163010
159644
120121
134411
192938
144394
218305
564823
308859
177706
141833
244992
213656
160358
321407
118462
168020
167955
174733
233123
176481
197432
137335
140408
168065
182130
143912
162096
170603
155677
132701
165546
184794
160431
133328
266133
122965
135959
124810
142178
192086
201435
187710
350338
204887
170496
199730
156405
121752
129073
157671
120706
194115
168342
186686
156606
156582
35670592
31713434
27683332
23740098
19749067
15795893
11746928
7719522
3394656
253086
214263
189184
215395
178692
216504
115488
122523
117452
128235
203777
156030
99939
135933
150250
139635
145700
182581
146598
234680
142410
161682
193763
199205
192518
126677
232875
183878
211099
114429
100216
163552
103300
268766
170752
322395
199531
229412
192789
233783
156332
133936
133443
178386
169552
143774
158062
265524
156117
165299
169544
137135
207613
208622
150268
191050
168630
138905
204924
266159
249775
130289
222651
181472
135312
153921
161877
164528
190613
169488
106300
279556
210081
217103
271920
5659008
2411033
951425
231319
277924
317886
126309
243580
668233
155643
120759
186462
211123
159580
299428
114619
142471
131892
275146
435981
292470
172207
344523
145319
149871
190954
150855
135908
247466
135082
145718
140288
276699
176030
148023
212440
234755
160750
230625
127975
141824
153267
133254
230694
285350
122380
156807
351818
178774
143795
142876
186462
208765
185426
148063
181301
140432
220531
166559
272857
627014
156648
187482
190217
166716
195222
172284
136892
204900
140294
178083
232155
243719
153279
150306
159152
150600
167157
126242
163044
132263
175505
189934
245618
224494
414517
130123
128688
151685
153601
137706
145412
144053
370483
143341
142302
112132
126304
181659
177123
199825
217953
196157
268950
146133
166471
125349
268634
292151
282158
170698
150593
256184
132346
165060
618466
158879
129691
181231
372334
149012
150753
182505
163179
119267
152890
146067
140618
218389
182025
148641
199762
137310
129053
270693
177563
162636
160090
140144
102001
204016
115584
128680
182533
149776
96631
231485
249711
117471
152568
310636
180708
188930
150156
117529
151449
165030
310139
576390
136557
120472
119823
164310
149666
278221
281233
285678
137364
171374
183373
148078
156124
156631
123485
301506
132590
136749
135069
192655
126228
178419
153016
131126
278315
146860
118297
137055
128437
146583
118672
5881123
4145914
1038113
132580
129739
125720
133058
154364
141006
191781
822625
131257
133477
348242
147024
147307
138054
234639
164256
147782
145445
267082
295042
135424
368353
109873
256898
218702
392470
300330
230318
152023
802222
291331
159537
179181
180376
216643
107828
182266
163263
134972
159762
229347
316897
135739
141292
266186
247738
147264
132007
147327
211631
299520
190355
171592
222830
436195
165956
138803
160948
170740
125634
129199
128714
154049
227418
146944
253824
338566
179423
232767
136547
192917
137306
115713
444485
554510
448985
136502
136804
143963
244373
234137
151302
187086
404752
184669
339503
207185
145526
192036
328021
131655
146201
168392
217242
173760
135177
150891
225141
150954
134755
260896
219935
408045
194425
361141
486425
504986
204751
238947
136730
228704
153572
138816
239026
113578
143369
136262
117738
168855
297558
188743
346303
178408
150430
197547
219102
269285
435763
335842
166741
271236
256603
300199
209625
131533
182432
176715
288737
187459
269265
159201
182533
190479
329554
272208
225511
138387
131971
135128
153121
150899
393878
206969
245706
218899
290351
253338
209127
99642
139294
103318
411430
223852
329900
364369
274060
127306
320166
168124
238988
271919
177236
192862
182122
207258
146954
148503
188736
152434
172301
350161
145062
153571
173438
776948
164677
170747
6990129
4311444
1144019
149568
173329
146563
119494
142798
143375
146162
163900
186929
162314
141418
151079
414443
284430
216205
190642
174153
137665
137472
113532
229719
224170
181681
174176
173280
262901
191403
214535
122389
164656
146851
128154
152188
103767
112055
104721
125884
140384
123006
139964
155916
211065
122469
189970
118248
146209
158720
132877
185935
200825
137392
123724
123211
114877
139991
118749
113140
145563
205102
115010
157467
138068
174149
191664
143260
168791
557555
155517
138914
148444
169705
178772
274509
281225
187795
203818
178176
184675
114179
134520
157919
337101
173047
200787
201247
147824
403337
259399
208668
194125
331577
254876
528423
140616
328058
119107
263679
145511
250359
164472
406787
208437
147813
300616
157884
130588
136539
142919
168296
575487
201767
343391
122531
172470
267317
159408
158348
367928
200939
163822
187340
156805
185813
141585
272622
184739
131407
234327
319783
367231
167514
130145
149875
143422
268964
178848
152875
144588
168536
159758
159383
156732
135661
165981
176975
185186
226993
125420
321954
166672
153988
230519
268162
171306
231922
188624
1196901
294643
242638
190285
214897
245554
178623
251529
171623
273105
222309
127959
164448
156278
175690
139411
165729
145374
116493
162971
225570
253569
172946
175348
164333
199676
152231
209286
125492
161593
7087437
3377802
1125981
167505
177653
125151
335205
285518
185686
129422
146096
164489
326425
566437
212931
581623
169567
331111
193315
372423
233297
392794
241354
317941
452345
202960
114582
352329
135691
205448
179536
294825
262539
159970
212554
247050
154303
157482
181489
138493
195650
171236
297113
323439
168531
208862
186784
149946
42413822
38518218
36028035
