5186556
2423185
1216221
716763
1415569
1431096
712460
1549817
989183
1633496
939266
1186886
1226186
1830207
768249
1111340
2031825
1322601
545605
1498043
691685
652782
811663
1412560
1332050
609626
1118038
2441780
2345196
1121493
1471592
1141057
505444
1954775
708736
847591
2361708
2146226
863743
1632330
2409923
1571354
1114935
861046
634301
1828502
922876
903670
1323189
495952
2184631
740985
673251
752486
2067489
2984038
2659023
1972568
1095036
828278
1656634
1103178
783788
2331232
1500681
492323
2190677
1435994
647885
1500678
938031
1721089
1171949
808349
2183924
1293983
520078
649465
829156
1953688
1864577
380984
684390
1738175
726227
1092044
1093194
630033
1017891
1906284
1773224
1274816
485059
1739136
1261319
544198
2754806
2103119
2676515
964347
955120
2406843
818742
999101
582570
1415185
2027366
1264097
1148815
1154452
729336
1124277
2534272
697523
797341
803756
1030340
1396015
1523786
908190
482715
1140805
591794
451359
774098
968103
1025772
744911
2376385
2140372
1812316
927437
1165451
1362733
2149283
3391181
3058309
1078139
666766
630407
432736
1010723
2019899
1559044
731085
800011
932247
2574839
467271
908300
666878
374513
2067003
361902
603051
733888
1108033
509682
370491
1456795
2092383
491485
789832
1095591
1169374
1248432
758463
585151
913332
1791168
839657
1323844
1691368
398292
407422
1065613
737654
1130729
913493
1581444
483674
1695127
737706
511955
585712
2142410
1070802
856944
580664
548019
1503938
811763
985884
97743544
57640660
17561751
794552
1102944
639468
766589
958703
1105954
1532250
274739
1497611
723190
746774
869229
1161053
2451341
631725
598595
1202269
914244
1403723
1692263
472473
634716
1080915
1105885
1100868
580695
681801
2388551
1111200
548961
699167
581844
647314
1670822
2320565
824294
2954723
2513253
1188724
1487472
834319
636875
1551767
2181184
1293450
568045
2074932
533081
1205866
391461
878882
1068431
1277026
831095
802974
645466
569060
594467
339934
1756919
1162330
1924267
804811
2023019
339726
1160691
1204554
956183
520212
1868157
787159
1904393
392746
853981
1005007
1242574
1029926
639209
1061454
367877
836176
2133219
1034178
710935
2084478
2288453
1642274
2294244
1192999
1029515
3744059
2292228
1366072
1215793
789266
393831
2231209
745381
2442593
857607
794644
1393975
711531
1328862
2106981
1152714
588265
2073694
1604131
862267
926117
1700603
430263
1731120
1770706
2001365
750522
3246493
445821
767531
2626956
710449
733588
1863831
1118418
570839
404832
431414
793303
610264
1056992
1036351
1387146
854039
2085203
703005
837064
1284560
1045022
1241193
2237018
1888089
1047766
948425
1448603
780445
680715
558652
1123698
817200
1325191
692929
1440362
1992117
588399
691128
1829734
1228701
830396
1593785
1627764
713672
524635
793187
2051687
1249125
694483
1125701
847105
1728577
931185
1679943
669387
494533
764878
2419136
1274446
2035152
1015289
1172900
697490
1397694
1514507
850225
1183629
1089353
1463568
2857230
598427
694204
1642328
998077
1322281
2522043
943798
435295
1264990
1046604
403317
1430420
440950
1739514
1476102
1891701
931285
809171
2420273
2250159
3198202
634135
754041
1040246
1562975
1676238
712030
1660981
1111537
786635
1969798
779826
1665225
1328102
1693032
1632855
2155611
1469249
742400
779595
1842784
700729
1114519
2006064
707265
985277
1760499
2247990
885154
918397
1493752
896221
1134146
2304028
1129830
1595438
1650737
2961434
439524
3349628
323460
1212747
389421
615477
455114
610123
1254314
1511791
1950628
917148
1214855
1293467
921503
931526
522801
1843006
695083
1449228
1536989
481207
1806265
2180972
1131165
1051893
987460
1830953
1971813
1606317
1106890
900078
1478945
950513
1613223
467883
779270
1157744
976747
522591
1555410
509481
469832
698336
984548
1830002
560294
838854
688822
430293
570746
654990
753469
1305007
638194
1853429
904454
419237
484245
1305203
2203399
775075
2485191
2406279
1048416
1790999
1024621
1964644
929693
1493089
824636
1247025
749848
988551
388406
1019757
1100044
448882
1924603
956006
1282988
1464345
534891
630750
994695
1908895
1585685
1264516
1790298
454513
1783522
1922725
2069490
916491
1401277
1345527
1435778
1359308
1877241
567774
450061
582055
1046043
2001859
1996428
644215
1124372
1057972
665239
1864070
1044568
653035
941755
2401758
723948
2031592
602896
995038
1651998
2056586
995501
1318828
888878
928634
554864
795540
1212119
2169208
1450318
1832413
1449920
1091343
1995682
548358
1714722
1268223
1315781
1443006
1025284
2154149
800765
1154856
628695
575845
1136420
1587609
2115103
3414442
520949
1237115
1018966
995081
657199
1222182
1756103
679804
774825
443709
1654691
680446
724276
762330
929619
335300
410950
600984
1350964
1285369
1455216
1057227
609677
424144
389055
971202
1334479
1821058
868967
536834
1808588
1379117
791282
1985031
792892
1432098
1258030
490597
1414207
1134054
2387110
1150102
531921
656983
767882
611511
2945998
1872713
1147790
1485525
1798129
1080583
513815
1076436
1946813
641497
1552360
663951
1248773
2322973
496220
1590588
521017
1466179
674651
1535095
2779513
2008278
2823345
647097
2799711
2133091
1017382
2049805
951060
2933117
1319836
762498
2336916
959206
2435829
534280
476328
1522679
736072
517601
1308457
958423
712970
1071305
1349417
1215742
1021738
713419
656127
1216087
1361411
2056921
2643854
2411580
1154271
1359696
534282
498471
1305919
817204
593175
1591252
538007
419524
1750110
605603
949607
1169849
658509
792081
952236
1223706
1699934
1008859
4382824
2044920
1783373
1351699
2326084
2849977
561375
1625041
2174968
540403
1660498
2098856
730821
457095
1486510
640225
1044128
568691
518429
496051
718289
632255
686964
1109926
1857677
1367838
1287387
1409604
1055953
2730952
515705
366774
2149230
3140818
1949309
795308
715823
1182668
626054
2038782
1736984
1014931
1871381
807085
824606
1093938
1983808
1077830
1149464
2166701
2603862
570053
5039001
1151815
2640639
489972
973294
641059
3203437
936932
821201
2122383
1659679
2547974
1062062
741628
828683
933028
1611274
1083826
819301
1357505
1948008
1122276
1742240
766059
3515535
1073198
2770503
831204
1476343
882468
515590
872511
762671
1714505
1050443
947436
1223865
4255637
685426
485119
503154
2075808
1820165
556238
556411
848160
2714814
3183460
2430234
1530864
576798
1449944
773789
1701379
1217795
820437
2416938
1034091
856813
551301
1094215
5850900
1112377
1251342
1550205
2559064
1280745
994092
1095081
634351
2127741
969318
1822417
1365773
1371592
3203321
1019162
1109628
3171021
739953
2060744
2496445
1189076
1801196
727310
1815769
1182285
546346
714180
953935
691701
1401542
4561963
1536258
2317685
779685
1429232
2349631
305341
1098455
696904
964550
742276
911177
1158893
426847
780597
1798912
912359
1577300
589006
1225246
900224
1595498
613587
641835
678713
899644
1129914
976533
2382265
1277504
2592666
424935
854231
645527
1496545
1184511
693266
1257671
2345218
1752586
904589
1421843
619456
674521
720882
732759
2565023
1422990
413911
364679
1557359
1426532
1624076
766610
1573395
371629
1781816
1330501
2184557
2379221
1461290
567438
1327334
2119830
388519
1750848
1110320
809125
922180
1341447
2462114
1010343
1494331
2954257
861938
824136
828722
1800748
667779
3597356
1273387
938126
2318262
2112823
1148312
4031159
919597
1785940
883625
1370149
1469604
2511771
2124380
5385871
5421982
905171
555425
2049806
1560817
616121
1436277
494388
2686191
869764
1198076
3772908
4412888
1044250
628215
1626275
807906
4624607
603551
832864
1850999
1345179
1347058
1238513
2820339
740279
1208502
2480839
3466346
2797558
838100
1731501
2194620
2122030
2541004
891559
1016709
597379
589067
1033940
1027035
1047183
1915527
2252575
1236660
1795158
1373299
445754
1107273
902621
1703829
5161274
