4607526
1182352
595669
2664948
619336
3146740
3378131
2735466
2490517
2266876
1990405
1751425
1714804
1580893
2682124
2125865
3286368
2500696
1676692
1600373
1638207
3726709
1481013
19962897
2891951
2804670
1583590
2311549
3398130
1421461
3308922
2051940
2710978
2609766
2004830
3192859
3102920
2729090
3053918
1189384
3097439
2758919
913873
2414417
1954138
1568222
1616417
3095828
3505875
3972155
3477205
1965752
4161473
3498152
2802945
3733783
4402941
2932898
4066476
3389200
3589002
3063070
3111737
3042295
2541175
1781250
2462186
2159332
3893189
1541917
1342151
1458196
3954249
3154983
1805350
1838168
2743669
2539554
1854108
2052621
3625316
4064844
3292564
2913657
3404602
2162464
2639456
1702261
3964328
2328891
2859260
2854939
2382691
1553708
1529550
998764
1730619
1632017
2969200
2507510
17171856
3880145
3440696
3092169
3780090
2369463
2249439
1078229
3765732
3166723
2757613
1059095
2747317
1446797
2355013
1964886
2576472
1851215
2364099
2647681
2716420
3246207
2893455
2753867
3862728
2132171
2600040
1836369
1639774
1095176
1147766
772416
1679530
2395532
1706440
2139311
3242670
2974352
3719026
3685761
2542773
661218
1039396
1641440
2801013
2844150
2715690
2514423
3154343
930272
2642344
2062164
2832098
2413234
3130806
1737714
2176289
2625560
974018
3287361
1113574
1646464
1232184
3232362
11686731
1620336
795018
1069533
3044499
1598897
2067148
2953457
1359511
1657657
2001790
1177924
2681306
2671408
1548100
1752974
2411115
2818446
1409959
1116696
2246861
2354830
1551667
3506817
2972881
858336
1501207
797568
1794194
2032613
1750176
2353414
1714356
1033113
786588
1146790
2931536
2069862
1128574
1524148
827306
2515214
2574763
3049083
1320843
2677251
3398689
1963398
4088870
1773445
1505553
2534402
1816217
1828626
2120368
731665
2734583
2363800
3344536
2276195
1402278
2072393
2924911
3208319
2285229
2281673
3156663
2065673
2493560
5512204
4010197
1070613
2419793
2362145
3106884
3705720
2779880
2705901
1645149
3012834
1572572
2782952
3195222
2835145
3019034
2877714
3202023
1330308
5984149
3656524
2763240
781643
2412854
1816879
2722637
2447876
2940903
3473196
2260690
2997434
2891932
2745702
1721043
2589630
1604621
2570018
2563443
3204665
1724967
2814628
2126932
3313095
1775256
1541877
3217775
3213685
1967257
3070674
3007248
1703804
3322285
2442250
2926159
3980589
2453123
1832252
2865270
1954472
2002942
1530904
1530429
3087763
3698083
3410210
3284960
3851740
2479209
1783407
2357157
912055
3476124
2184801
2515708
1622475
3688603
3256378
2372684
3492018
2743324
2677535
2817653
1332060
1897488
1430970
1938364
3489275
3146010
820389
3318242
2210007
3271332
1014733
1072736
1062703
2368793
2174416
2814244
3324526
2060550
1563260
3730978
1751100
2546995
3601629
1150030
1441410
1053656
784163
1140191
3783428
1542465
3331134
3205528
3779851
1673926
3926624
3193685
2688407
1032711
3622330
3827650
3872559
3084870
1857228
3329878
3871381
3428664
3375562
2933786
3370901
3194855
2489696
1305979
3379823
3204400
2444845
2431242
1769328
3257968
2413686
2580974
2346860
3640793
3540169
2389938
1210723
3566900
2559689
3137912
2858566
1609286
3628236
2388774
2301476
2975628
3219137
1844311
1799270
1656327
1668779
2704738
2616671
1970653
2570282
1771331
2474271
2183159
3039809
1810356
2209780
2411977
2482941
3917409
2041617
2545650
1872647
1176840
2858195
1752339
1822309
2189773
2510722
3010957
1783132
2066651
2338711
1585350
2407402
2849975
1975322
2055074
1776018
2088471
1755162
1206377
1050046
3751382
2277537
2985348
2617520
1181061
1226837
2764427
2326236
3114367
1846022
1853728
1605495
3114153
2644233
3632500
3253861
1482792
2937998
2630222
3627762
1969416
3145587
2448263
2376132
1547796
3155835
3527261
3501167
2862732
3019679
1935341
3293811
2520317
2821016
2518738
2189731
1621583
2099391
2347642
2110094
2542673
2519570
1150165
2904454
3122811
3105026
2595184
3451522
2621080
1829123
1020314
1504374
2012590
1590355
2123639
2275703
2529903
2183880
1820808
1576865
539302
1221830
2159965
2798652
3586846
1432113
2242958
2761730
2649941
3356490
1048051
2627709
3445783
2057979
2502822
2961005
1898789
3446005
2228978
2040087
3257153
3011491
1195791
2517020
3207027
2027297
1941638
2927346
1561475
3568594
2479813
1110212
1118310
2019662
2864222
986375
2766836
2313959
3113126
1407435
2792816
2582356
2553841
2816342
2206868
2062629
2470575
3236326
2861799
2287557
1648948
1326179
1765334
1554293
981216
585395
1442870
1654011
1605150
1053135
1621483
1833970
1467501
5016714
2799640
1444557
1061254
2199868
1834488
1724414
2464816
3073635
909274
1832057
2935945
4562581
1648557
2415723
2708160
1460957
1765757
1262231
4474955
4023848
3084959
3544614
1736713
5248278
3752564
1658905
2836649
3400414
1264328
4467393
2653517
2017692
1907461
1153812
3380855
2080600
2119904
2872147
1319415
3011849
1694723
2195053
1649499
3318152
3489932
3654973
1428195
2551694
1755244
3497309
2485610
2599986
2196745
1859209
2175876
3280266
3038549
3055985
1658287
3198654
5035532
1602711
1736723
2652191
3292629
2954609
2144213
2200839
1463308
1248718
2394275
1560674
2911354
2668521
2074604
3216094
1797078
3083326
2090195
2772843
3014483
1231571
3249891
2748776
2412995
1633128
871812
2884070
2040289
2422202
2413380
2925480
3225371
2795270
3399579
3616117
3461793
2483574
3345599
2262568
2009530
1746052
2093419
3646400
2449811
2167487
1923387
2685260
2630981
2374228
673153
608311
2179547
3218340
1775026
2031003
2134015
2517823
1395978
2801487
3223796
2812482
3001769
1689018
2476422
2837185
1607363
2049455
2159112
2606515
2621993
3160115
1880798
1681302
1497449
2544521
1456947
1754450
2292789
2747289
3499900
2039199
2279767
3698860
2382468
2717180
1913829
2204202
3057577
3559103
3439806
2603465
6171291
3341927
1920713
3068865
2241946
2274362
2653970
2221042
2002272
2007415
3620126
3916917
3113925
2615343
2162424
2570379
1758305
3058773
1038445
1501246
3596355
4740872
2940581
1341930
3379878
3441516
2819775
2789334
1061028
964061
3343157
2782716
1945648
932856
1345128
2455282
2035354
2169243
1775900
2621881
2458351
2174413
2790636
2759274
2319542
2486333
2992353
1978968
1488939
3133782
1965464
2369948
2120439
1900186
2014938
2678551
1975724
2144373
1669808
953833
2071784
937903
2501463
3322960
4494654
1307767
2258056
2228147
2437430
2156025
3061313
3079312
760757
3023665
3029543
3245573
1526571
3270474
3041139
2214601
3071134
1583965
1590043
1944423
1367453
888784
2983112
1554388
2581189
3712397
2143423
1270918
2397788
2863780
2049857
1171404
2081325
2630845
1698097
3600456
2223987
3476371
3375984
2473533
1529682
2556951
2883491
1846570
1696552
2456271
1090398
1500657
4445618
2651235
1203728
1884044
2808284
1911226
2275898
2626355
3057251
3756033
1705274
3099361
2321148
5747787
2705885
3420507
3029870
2104283
1771886
2709616
1850296
1894854
2068078
655956
2606837
2039177
1010907
2379962
3081149
3012431
5122070
2622177
3038025
3139894
2616555
2857230
1508562
2859211
2529801
1719899
3939187
2161618
1312308
2822577
1559332
2623310
1993858
2715888
3346114
3882702
3044814
1815985
2913442
3247696
2160479
3186307
2942179
3287170
1949730
3055527
3089819
1803120
1908619
1222149
3438634
1560450
4423712
2808426
3522839
2364745
969440
978003
2301515
3307617
2046241
2493130
3227698
2975287
1881906
3720111
2691851
4037777
3267172
3188352
1327553
2942840
1293211
2820044
2504342
3222564
1721354
2281450
1037544
1247354
2999943
2393760
1730532
1236255
1707190
2066615
2058944
1979495
4576113
1944483
2708316
1171681
2623330
1498243
3475320
3447175
1781867
1619282
1073741
1608829
1190349
3376218
3387374
2600742
3350790
2038337
752538
1919560
1758624
3477807
3696753
2827985
3504400
3515993
2480123
1988361
2806473
2672953
2868611
2658621
2894295
3031064
2772391
2612843
2549606
1266144
1551181
3011009
1698677
1296018
2311738
1278366
1814379
2659855
1458732
2818626
2845200
2861151
2067164
2642975
1522987
2830936
2720173
3102583
2399059
2578755
3231570
2635292
2561258
1337697
1970154
1389641
907864
1020804
1272933
2855305
1104855
1574495
1642736
1569824
3153155
1776130
3551287
3240167
2835287
2961731
2404713
5160597
