8677899
4838021
9728568
14510810
19404842
24304846
29208538
33969004
38939031
43813019
3704727
8614267
13428221
18328388
23219801
28086063
32929914
37771391
42735284
2652098
7515495
12392526
17243826
22174650
27050179
31966186
36933386
41738088
1670179
6592104
11450554
16316706
21166863
25978659
30939940
35761639
40713758
569839
5358314
10200289
15002450
19903535
24783372
29651607
34524369
39543244
44248190
4077348
8871634
13718377
18592059
23427480
28294278
33147499
37990488
42834522
2666932
7539713
12418935
17192394
22045434
26893746
31725580
36566778
41391659
1272267
6154125
10961260
15762857
20616748
25424531
30318275
35180789
40004118
44854464
4701225
9554486
14378622
19211465
24126483
28955858
33855963
39055499
43611328
3446962
8267486
13142442
18003436
22918728
27747385
32580645
37408012
42259182
2124322
6978077
11787303
16710392
21638873
26459238
31322747
36120396
40988382
846710
5812755
10638646
15460395
20366086
25215531
30094228
34932009
39780562
44637994
4521334
9342804
14228173
19120211
23941749
28786225
33623564
38487316
43323558
3115447
7965730
12790081
17636336
22493568
27364770
32283160
37131619
41990112
1921615
6834346
11686820
16528741
21464390
26395803
31305921
36242727
41254823
1168043
6079714
10941911
15732148
20626949
25531070
30389111
35310622
40238982
45052265
4933060
9854892
14631725
19555740
24491452
29392702
34312152
39209326
44165565
4082126
8949359
13853749
18699626
23657785
28568491
33432577
38320265
43196244
3044097
7882315
12792482
17670526
22597816
27437264
32377799
37288572
42292455
2181037
6977165
11818697
16638591
21440862
26354986
31223322
36123928
40941460
818049
5724936
10597267
15418193
20301472
25201033
30065792
34933549
39811115
44814347
4631597
9376824
14270324
19188146
23996574
28859912
33708383
38543688
43427538
3290396
8165833
13023769
17967859
22848760
27575020
32475617
37293578
42123121
1980463
6901672
11833203
16667537
21504367
26263815
31316734
36081082
40865027
717403
5529689
10427672
15330472
20191633
25014220
29860093
34678170
39526901
44353511
4249918
9090766
13965733
18783102
23641824
28479789
33357348
38229562
64686445
24555891
7862728
12711778
17725750
22517119
27404030
32264691
37220017
42068821
1988645
6922437
11795090
16690956
21685999
26550957
31423057
36317136
41220156
1147990
6169687
10903051
15764868
20633461
25521348
30397698
35284254
40113475
44974419
4835006
9685400
14469606
19339458
24371881
29139214
34051155
38844966
43790984
3625051
8471224
13453154
18152421
23050780
27936648
32715831
37548472
42383530
2250742
7112603
12030202
16857559
21702053
26581156
31403284
36317548
41150735
1025756
5973164
10732946
15580879
20502407
25424933
30335796
35270318
40218691
45108761
4978930
9865618
14777956
19669745
24458657
29306585
34230156
39129917
43992952
3907014
8803465
13674353
18539468
23419903
28260698
33173735
37988603
42889735
2745922
7658047
12432276
17332565
22239956
27158784
32021287
36923732
41764666
1612210
6541097
11348094
16381882
21062233
25910141
30853495
35659098
40678022
505272
5347521
10221005
15027988
19903393
24744826
29606818
34482545
39325219
44238440
4100735
8936985
13805160
18656520
23524044
28427495
33255205
38118885
43075335
2912393
7719612
12572207
17407452
22261847
27159796
31981150
36813661
41669425
1523194
6349380
11260280
16136970
21069486
25918232
30764814
35623567
40436345
372952
5209706
10055787
14920318
19989675
24671744
29526185
34449890
39306167
44163469
4033954
8842506
13807938
18636082
23486671
28363370
33204387
38044654
42905787
2756871
7666464
12504376
17386548
22305850
27119942
32127205
36825759
41643867
1514616
6345358
11183979
16262411
20853482
25799602
30649833
35535073
40379249
45181003
5042800
9927289
14742062
19603557
24541570
29441418
34362296
39252968
44183913
4077694
8901331
13810742
18736215
23675551
28516314
33384885
38241846
43148636
3014485
7883092
12657715
17505109
22386070
27340768
32158194
36988125
41917196
1752965
6654934
11581828
16528063
21342432
26318341
31157216
35991358
40800575
650233
5547851
10431568
15293724
20147095
24975294
29804457
34692283
39609089
44460781
4334604
9125995
13931098
18894260
23767670
28668573
33590556
38531614
43329811
3252019
8063873
13020980
17923267
22679153
27551317
32375840
37216713
42186433
2070687
6894140
11738143
16649737
21508021
26345053
31199946
36184866
41025571
892966
5728012
10694878
15566665
20463614
25385925
30309539
35228266
40098126
45082490
4984355
9826058
14648760
19572844
24441750
29298806
34121282
38956995
43783524
3650025
8498410
13430769
18632694
23088103
27913587
32876104
37642644
42477220
2373613
7205528
12064558
16888811
21667249
26554363
31407007
36267761
41172248
997737
5882584
10686189
15542935
20377687
25251982
30195651
20393412
39917851
44775677
4650188
9533631
14331117
19249602
24056614
28904233
33754323
38630246
43496229
3418693
8361603
13282266
18213709
23110346
27977193
32848885
37704629
42545575
2426455
7276203
12162777
17090286
21824569
26852291
31568450
36386838
41252179
1210119
6025667
10911596
15771696
20683682
25598877
30483066
35353854
40319280
45237475
5070636
9945377
14747361
19681119
24578525
29403281
34328862
39647921
44024931
3816929
8795530
13603263
18466890
23403636
28313618
33160372
38039360
42941315
2763381
7601334
12321042
17265220
22206328
27055477
31864885
36784996
41594632
1442279
6363213
11182234
16053854
20987724
25793628
30620221
35632770
40389768
45240734
5116228
10015048
14811016
19670254
24583735
29481471
34308391
39112409
44012008
3901670
8748292
13656451
18527574
23450443
28364286
33305000
38212073
43140983
3031033
7952600
12850871
17731002
22640556
27513987
32486250
37408415
42260197
2186575
7090434
12051633
16885158
21863266
26775794
31689387
36543143
41476437
1364539
6286407
11206966
16127181
22276263
25847511
30766031
35678706
40693780
616507
5385893
10308099
15217771
20145904
25036908
29943810
34904266
39802168
44714040
4610263
9480274
14361612
19287227
24183592
29124430
33977140
38827982
43683372
3608911
8512672
13434636
18358303
23214250
28089572
32961567
37801766
42749177
2620843
7463111
12398199
17297335
22142457
26987941
31853663
36718621
41591358
1484883
6347147
11291200
16146943
21022689
25981863
30828553
35691972
40648924
552145
5376798
10286223
15234418
20133601
25069587
29969064
36405878
39828927
44805932
4684021
9480076
14380572
19295889
24223394
28999944
33845102
39160809
43721775
3653646
8484287
13381486
18419424
23238328
28141482
33079209
37886380
42755495
2624702
7565105
12494014
17400999
22270210
27186776
32009005
36851520
41720159
1620961
6589412
11413233
16284500
21119148
26040675
30854478
35695349
40616656
456146
5344636
10300434
15160203
20043332
24890921
29690458
34572836
39424324
44281714
4174916
9112692
13960363
20370324
23696184
28560271
33412947
38282383
43121590
2983544
7847503
12738499
17589060
22502164
27358007
32276149
37093738
41911934
1803123
6708156
11590057
16447164
21325987
26474088
31085494
36042316
40853899
742979
5591566
10462296
15377827
20375894
25190909
30112449
35017092
39883302
44839407
4766599
9591459
14454803
19321125
24202472
29034150
33910035
38757806
43630515
3552206
8450838
13377509
18323348
23197443
28112979
33065155
37851650
42718650
2596717
7456330
12322250
17148081
22007889
26979983
31729654
36535029
41368248
1281697
6263377
11080589
15907521
20753029
25607689
30524769
35418222
40268492
45092918
4963480
9789928
14658112
19524764
24369706
29273876
34110203
39054617
43857060
3749415
8544587
13432349
18290731
23182367
28033044
32926221
37767355
42540597
2372813
7260210
12204789
16988123
21912625
26740428
31576050
36437134
41308751
1187286
6079026
10931482
15792481
20707901
25559468
30438430
35357750
40222046
45116809
4980684
9746717
14607010
19469895
24348282
29244642
34071257
39069073
43798254
3643867
8461140
13361253
18173156
23026521
27925469
32735272
37667214
42527326
2394480
7234277
12638109
17069693
21928344
26820451
31680211
36499991
41361666
1245222
6075979
10935277
15820683
20656158
25506022
30385388
35334084
40151136
45049735
4922716
9752936
14671666
19476303
24388032
29341531
34201977
39068082
43950647
3824398
8656977
13541285
18394149
23294395
28136724
32976638
37841046
42668019
2565436
7454585
12332851
17220409
22078445
26925767
31825648
36696220
41553925
1413618
6365876
11127021
15873795
20734883
25666011
30450662
35268111
40121710
44991565
4846451
9655966
14428603
19329476
24193688
29061547
33887581
38681672
43562135
3434671
8198857
13060547
17859048
22726796
27708160
32454837
37627089
42105542
1952833
6896032
11811168
16675901
21537225
26411930
31242974
36127383
40959771
890847
5927386
10576181
15473909
23208993
25118964
29940110
34768838
39689073
44546950
4407572
9232129
14124439
18918660
23821741
28670827
33523086
38371252
43264547
3185417
8083987
12945022
17818206
22611582
27545921
32390271
37286586
42220989
2101423
7494615
