2838816
380772
309750
257529
231318
190712
171268
193011
191257
205259
195484
166415
156955
180702
49055695
44886153
40787522
36654051
32485641
28363296
24271643
20110404
16020794
11902710
7729212
3682941
154053
153984
155554
196038
170869
178839
184514
168600
175367
266045
156004
218494
154072
183960
175276
165866
217764
218749
194235
193436
135158
173425
150579
192519
163092
184165
198387
207282
206499
198892
158691
152222
169207
191458
173786
244566
232066
212919
156191
319619
206132
177753
195564
217946
160059
162240
204730
160071
186303
191747
239504
188884
192846
137283
154726
203558
212177
189296
188702
164453
218635
171598
237967
152679
181643
187825
216838
181452
173637
180826
182144
186145
205883
168921
156065
168557
206231
181930
282004
186173
148887
150991
172943
153005
181902
169291
306709
260441
203111
178146
167882
216680
163457
182492
181041
205144
180094
234667
169796
170101
161589
191316
227405
141586
151716
195935
148597
166153
199470
192299
242881
181034
212970
157218
154697
133149
168301
164818
163974
195576
188079
201093
234418
170265
337862
206376
142593
157915
142326
186712
201783
209664
138936
205036
197693
224063
277839
181343
178541
187415
186438
149449
194837
162880
160337
144185
205027
254035
153719
202809
168439
157454
181678
202160
191260
160393
164165
176448
209267
195934
279381
169054
205064
184668
163964
191047
176334
274353
172206
276625
208300
153910
157524
213631
196999
170475
257794
171875
172205
232895
161728
219759
146191
216942
211981
155215
189813
190774
210404
206416
176838
258845
214607
235389
196443
155059
176238
182039
158357
216074
219861
156794
222062
175067
169239
208349
173398
191683
181497
167656
151116
204679
140793
191358
161459
163466
198265
169191
209519
197152
156655
178022
228507
199552
189992
212016
216715
184880
45935414
41730118
37611959
33482386
29308923
25233703
21112527
16940021
12863961
8751488
4582085
494326
210925
234745
185830
169157
185466
213724
158715
190114
249293
216819
129706
176353
309469
226525
220506
197959
230169
260480
144189
189887
152731
135784
180160
179314
151376
187680
170626
197813
187417
151017
144488
183579
154941
177989
175553
138305
230129
133448
246678
164725
154812
175318
228849
187171
213547
198259
212764
208803
258808
155326
212096
237698
178590
166707
167951
152653
135791
215611
209487
236465
175400
174816
226655
188393
151177
179810
148056
261374
240353
132383
215831
218542
234571
184834
185292
127121
215379
199408
230195
142372
209628
164737
199265
233027
169023
158617
153389
211584
128703
131843
151407
204191
122189
173134
126768
217279
172909
192676
139456
195642
201762
178013
194726
203391
201836
178722
154912
188488
287084
182599
175760
158637
192526
178615
166108
190353
174532
160255
199885
148798
182651
143395
163650
176568
176620
206660
169415
188050
242235
167912
161138
166644
197372
149222
141048
127397
141374
178184
168616
168377
175485
147554
172275
190872
152937
161898
151137
173120
126464
198892
149258
153375
162313
225672
144070
267159
205197
170699
148581
183201
191431
221048
221578
195910
158828
177303
175983
170446
168566
174589
175663
199899
206112
149172
175129
198936
150315
254119
173114
227232
179612
230187
148964
208797
185115
195899
151226
146736
175903
131904
185201
525636
235913
155238
155812
148085
171947
205937
155456
223316
201376
150691
183713
149522
189275
134074
149088
175748
186272
207007
154494
169067
132535
191299
164927
193156
193860
216101
141519
212274
171033
203215
139583
294421
194494
183631
200696
47013370
42841308
38719957
34625409
30448139
26325219
22226938
18074676
13924526
9777406
5628186
1491727
232450
166051
167554
224645
216610
238232
179327
229881
190596
178065
154914
194118
133029
193331
139566
186418
137258
150210
149781
178667
145926
166467
204188
181031
198946
207577
141748
191318
172348
160908
219129
175522
166622
223529
139942
163627
149094
233815
189129
192669
220980
205205
170763
147394
136924
163826
202199
185393
169391
163186
228357
200088
215619
280297
266834
245615
173881
201789
171956
195614
170085
126228
183848
268745
204453
147073
166417
221713
139229
200291
145270
154914
150436
144849
204455
186338
178690
193457
244973
190473
149843
171963
177175
139355
181569
237814
170434
155427
230544
141668
136798
199578
153549
148913
193217
144132
203231
166180
202400
184036
128855
148186
140641
205733
137827
194194
171328
168568
197770
179483
208188
180833
155635
221680
195571
149005
144541
134974
253856
177892
276401
256498
216262
161493
238090
166247
126975
148278
207005
203263
137952
167348
278483
156000
207810
169829
181340
157594
186377
152171
190883
197554
137427
185880
310828
174752
131165
163208
157091
163289
149728
223650
152839
156401
157589
161469
170113
175599
165742
147600
200540
188049
181815
195823
196754
207272
177629
160816
214380
157090
171290
213436
156086
159740
158000
139012
210140
137971
330488
187316
140019
270463
184519
171446
191224
148086
205848
254358
159691
219065
223320
130167
175936
176618
152654
181024
182597
212400
143230
185042
180317
173939
240588
208723
191073
154747
159063
201459
137176
204108
183245
167399
184325
215614
173809
153504
149405
213979
170690
137866
205554
154563
213359
186637
199798
218251
232500
47411550
43186131
39079392
34948488
30779821
26631368
22509767
18371869
14264807
10135917
5963338
1826110
205440
202272
235041
192765
179853
138256
279134
161190
219410
187824
168574
179923
205342
194737
158183
152371
276105
176724
147923
140699
187893
201908
204654
197767
141197
196956
173742
137636
167317
164985
179634
190930
204311
174461
159544
165618
177624
179415
191141
181787
183888
183552
285284
221887
160646
159951
193812
194032
142506
128469
159869
182316
136923
220445
188481
139467
151996
142559
187220
239842
138013
208802
183034
194024
157505
149314
185297
170650
197911
160174
163741
142393
217503
150802
153447
134735
167963
201796
188426
184761
225317
200649
139665
158623
185683
162626
181140
182817
152036
153478
157758
135103
168561
123952
277143
201390
164908
262638
199586
207320
155051
157501
147372
177751
216543
220440
292296
203810
207532
181508
198501
191081
204069
179939
183380
183460
265134
141865
118575
211301
149110
144404
227205
265317
230111
178354
140252
175434
186190
159702
300910
131941
188922
170812
138958
180478
211617
239771
148957
172125
192243
181452
168737
159947
190403
179752
142119
161194
189990
183526
182488
154972
168749
175596
135094
170391
142466
165321
200337
164406
167985
170582
170024
219155
129435
143148
165528
181625
173788
215418
174429
176158
142046
180619
184285
189025
206029
139603
158730
228250
183127
148628
168846
193008
162083
178257
172737
151665
172779
115720
193505
169830
158808
181434
183768
181777
141264
203078
195394
223611
153858
209300
200110
189745
146288
212259
185462
148148
184598
183571
171788
195381
148020
263608
175089
180094
153574
162633
198711
255754
137055
194730
172890
182141
213193
171561
235777
48021895
43864517
39780276
35655387
31495374
27387751
23243931
19053391
14913978
10774402
6594230
2483952
231929
184774
185452
187974
215915
174551
201895
180232
155009
171063
143092
228896
201240
121603
184709
217343
210787
158685
155578
154272
139891
177348
210140
163758
214158
178901
203975
203452
198299
233104
184612
150785
129131
184498
211144
170704
197541
172351
171888
163404
146656
164768
161607
204732
133763
123893
221623
175314
188435
161946
195665
183522
121303
140658
143886
126470
135751
169432
203061
137379
212677
288837
180246
198829
219552
172189
183744
215718
198492
160348
182393
160234
203860
164435
144233
193614
181751
140223
206060
194998
176164
144137
125132
144150
169598
175017
184655
162792
204710
176063
145531
154921
270658
201745
185737
195563
180588
177268
141361
153986
437198
192269
160736
195049
194220
215162
193997
168274
124426
179759
154624
213827
143136
173828
215628
153179
171416
179151
157031
163108
127021
289143
207588
177654
171619
208594
199740
153792
130707
145637
176329
139660
195496
177795
163943
227415
166835
146736
181537
143917
142308
121652
171456
170459
145506
196140
207378
282377
166899
215962
193871
191637
156639
320814
140895
145910
201163
189691
139409
179443
138607
177457
147010
133023
179251
201609
179198
146392
144757
241674
172302
134384
139564
181698
155816
147312
202342
188923
148382
150430
249206
154563
177380
144109
194571
155656
170308
167144
161314
155890
170148
187622
209522
132531
308188
152178
165087
218674
248341
186752
191878
143221
178955
159321
154058
215777
225500
221805
222736
123428
171387
134732
108586
129483
165224
204472
176596
164576
215622
175830
126833
204146
148627
152063
149973
211011
121500
48106663
43933066
39819414
35728635
31594773
27488568
23381301
19207068
15057732
10972544
6796708
2703832
152649
168271
168207
234929
231465
160438
191219
171226
141381
155490
152874
150152
185277
175281
136370
141354
163193
238450
156776
156893
142517
131851
159080
180262
143262
176228
170737
186510
133243
144450
146903
127486
125782
167345
152824
146017
180325
177016
172082
120339
142006
175970
136415
221839
187022
150468
170877
188809
185235
193709
184015
168109
175819
138422
133168
181077
169942
193245
137443
135548
139075
134995
156663
153861
195006
131423
175445
119465
150933
136236
219491
196725
130590
153418
227390
165140
189315
172947
223369
241469
204852
148963
151762
192280
148011
153137
181007
229387
225134
171720
144237
184850
151309
147242
146490
187690
153967
165623
163216
165336
152131
124700
159912
173360
282043
137337
189075
122188
111721
141774
157402
140125
141039
155758
133074
132369
135712
199116
154296
164596
164531
109927
122595
175070
270970
205407
187296
129459
191772
174320
173714
154410
153851
215803
188241
161117
161765
179565
186128
193202
200028
150616
172868
156879
167677
156411
149171
223653
172287
159420
164957
209372
215927
128387
169078
191142
160142
137723
261826
212199
173281
163905
133523
150965
166360
166953
146186
179441
271361
140461
189014
180053
142183
148787
133964
160716
177637
147559
126963
237593
177439
194734
153057
139133
192172
213912
159063
140408
159659
119394
139678
141120
146322
154818
145961
183779
153908
161602
128347
195238
175460
196328
122654
189576
154183
155016
165337
143057
163608
176003
156324
135608
159689
124358
155111
140073
156839
161919
202770
168915
189518
122004
154900
146767
195125
200454
239008
189819
45121621
40946173
36812985
32687460
28507626
24408717
20279970
16106675
11993725
7848394
3681019
189790
162718
168214
185964
196062
163127
158168
177437
205179
224035
156548
291807
150221
190052
174811
183659
181236
159177
152918
105921
144413
169156
143548
170346
127208
166774
163407
146903
146795
211008
147747
170349
155971
179156
170713
179426
202478
143302
132889
166068
159223
176949
190477
271738
198761
169188
153152
122778
166726
148627
162138
171153
184733
153177
150244
181101
99093
163798
255474
138437
258181
230344
176123
120457
205865
151101
158221
149380
185990
146605
125721
172241
135582
149070
165658
177030
174016
169394
178096
159933
143763
128131
144901
146706
121074
123979
130715
147898
136834
130430
128595
142148
193788
184089
274828
152387
133048
139895
188259
158539
141288
186217
155516
151636
183180
160687
158494
135188
131738
201267
134629
244862
128222
166043
208552
121899
153097
160358
155872
120167
213222
119203
186907
104134
175356
161395
192163
129299
109280
181825
135203
183696
179248
145692
158740
186711
160748
122977
140126
127975
144914
166023
126052
121999
160223
191628
168850
127185
112296
140757
193859
150335
155726
152135
157908
138393
150049
153494
164805
230052
163202
141502
127141
1819858
185105
193122
134353
125705
154943
132945
162292
149507
124468
133028
163945
176713
146593
140604
174332
133678
119411
138016
129963
153329
168520
141289
139669
241102
130652
126883
119240
127757
134113
160953
144263
221234
151468
162679
170793
123749
153208
138955
141770
178820
109235
155682
147807
165114
130503
196152
139894
148696
129094
133738
201021
126676
128544
122214
114227
171017
177312
171018
149475
169868
164264
177328
152839
196275
46101776
41925142
37825767
33694641
29525194
25379560
21274343
17093635
12968391
8831403
4658870
516672
187729
177656
134387
167885
164150
171611
194192
132581
196982
143958
134209
180891
125017
179168
148913
166508
1236822
154074
148210
256599
146990
180855
123337
174033
149568
181719
148916
153759
210643
163098
170021
179047
156447
109718
149066
134847
163423
135700
155267
131473
166075
139461
127313
150424
117878
192842
147533
155752
199933
159610
151850
163836
116836
244910
186856
127940
150831
174380
131809
137757
147401
131362
150577
120863
116370
165691
128033
112829
176227
152622
155231
129517
132143
164235
190606
155874
202045
215802
151443
148279
129283
142522
139888
127790
176060
156435
128641
225328
137655
136721
142076
169499
165544
154437
137126
127450
99783
120984
97443
133922
192320
156949
141891
146345
178402
155645
126330
139563
127604
146691
137565
157461
155231
164081
126775
121559
135243
148066
198106
166138
153319
143756
156829
123151
93156
178162
166055
148497
150405
182106
131005
147944
124004
148359
143808
158302
162373
141165
103909
143099
152276
135654
124468
154545
180094
157200
169653
199672
165619
127761
127313
175410
122036
131300
144704
184042
143062
145639
170432
214417
113792
159112
151298
107764
264840
143738
125928
154095
155483
152757
117382
108844
124356
196614
162182
129935
151419
179080
140436
158313
122667
112795
195517
198731
305045
172100
135503
189892
118298
171414
97884
151881
149640
206962
147610
208980
125381
167102
140853
130001
123871
210983
158961
98983
129847
194452
128994
134471
146930
144916
131419
137225
178418
140705
128817
235621
169109
188776
151961
176837
174738
183606
143140
128869
162322
115188
214567
47464101
43314554
39195823
35088757
30913911
26816900
22690416
18510694
14397251
10304501
6129131
1964082
182471
137301
197500
178280
131318
179762
179008
144041
139085
159947
156818
173676
174102
127936
146296
130440
112413
134539
135000
123787
195190
140327
177145
138540
214491
180790
136874
154491
124705
139896
202118
268049
202669
115477
141722
174323
151355
148565
178972
128355
161500
151470
182196
107635
127297
119550
156713
192536
144474
187258
221279
177728
189041
158688
161221
125007
184427
193866
166896
139575
245174
135024
139307
169344
167952
139322
161043
140279
179517
118769
157061
171281
205022
155057
131728
135675
148244
147427
149737
136365
130989
143208
119971
122292
221413
223837
144976
144656
167422
169528
131791
138680
177020
159001
144738
134720
147309
166953
128724
134286
159430
131908
200830
150409
136819
198660
121875
126083
174107
199161
181013
108060
148331
163106
133738
129624
153554
151116
139767
317527
198190
156528
151705
194972
118397
181896
137069
158752
169673
139264
169296
171066
203652
161271
115330
153209
183786
186760
169197
184390
177944
154638
152799
173033
147209
166083
156940
159480
180377
165765
135010
196541
123043
144318
205490
141617
191464
133719
170603
127320
162355
187216
174541
178233
137530
146418
181700
176115
170970
176838
158050
153923
167724
150832
149937
157016
151971
126301
145507
190894
242042
147226
138867
137928
127701
127691
202574
118194
204274
140712
158135
151898
145704
163140
169166
176617
147934
228852
173829
153003
127850
160472
170707
150820
206004
151950
126523
147343
173419
174055
186064
170284
93367
130613
181137
152610
177725
132391
200475
134448
116758
160247
187735
114380
131373
124838
120484
48840443
44669658
40557027
36449350
32271036
28143583
24013641
19837081
15701425
11571068
7403906
3326101
153384
141134
174025
190683
120595
143275
268193
166000
194338
166843
113016
145924
278260
139666
126723
172226
149006
152186
113172
117185
143448
197252
113472
141234
151025
168978
140221
128617
154008
168996
188868
112636
290336
126831
136223
174435
129366
136976
144265
161808
104436
222372
184004
180185
178813
190795
167475
216318
217157
101995
218001
182671
201764
126295
159290
160409
208850
160927
172808
158090
176675
150298
135576
239121
117965
194073
178317
168350
176154
130780
112814
156731
235714
161899
240976
181942
196424
162382
200863
168197
156846
122507
137558
239623
213225
189480
186270
163305
125853
103209
184704
108398
133530
133576
127179
121597
158414
163669
142244
112636
146725
116904
161192
172330
141052
140656
126124
120104
182580
177762
92130
181097
153198
189687
273980
170416
126013
122944
121716
143571
135225
188154
135626
152520
163010
195134
127274
176060
168040
142756
165125
176818
209957
115233
110651
269550
195273
148147
103381
133398
155636
139638
223628
170084
120942
157340
158825
114663
144219
109578
144125
178975
166039
161340
121515
124042
161444
172166
130782
172445
139042
169920
148475
123720
160774
139393
121025
208323
129583
136728
168914
127613
133004
137848
143160
146393
161481
133086
128379
123588
112257
129448
228114
282471
129185
175201
172825
199791
159484
131299
125964
155594
121919
148003
166474
170299
185538
135292
132340
101909
163441
122020
184492
130858
106238
139252
135223
160665
120135
170803
125601
118376
143494
111099
182778
188779
143209
138544
128448
133779
146461
142532
158252
147848
132761
118317
177174
158834
46406095
42218966
38090574
33966424
29784717
25670625
21538915
17369766
13246269
9099385
4930332
775550
199023
191260
144486
199615
165045
126872
193242
166661
158211
261260
129977
147868
138680
141006
136809
163302
128764
137313
131008
147213
144725
155040
214131
127895
183820
133805
170395
181940
119411
195252
154113
132633
196369
142353
129954
117430
146980
156855
162691
166897
160848
179671
222666
163193
205639
210599
169417
155095
137083
151891
153679
147863
164993
145518
140837
158477
215246
154775
187190
173999
138749
162220
276465
185401
120077
146723
173594
200988
111257
168695
158515
192645
178163
132088
180726
175048
129618
138987
133329
175012
172919
131706
137649
140845
126132
147064
139102
149151
126211
137804
152584
170446
135294
123038
121324
96032
158567
152376
178244
137329
169072
165346
132516
189378
137324
140887
129844
163976
143693
165781
161808
134947
166121
136744
132165
146560
165120
152322
166541
124580
151936
174460
136387
172015
154571
161305
144552
154060
151876
119571
130110
124980
152616
117999
194172
136752
167715
182804
142694
181567
189147
207306
129054
156187
194553
135160
156106
155299
189777
133372
145672
156675
138741
149775
171379
198013
174024
169150
177517
153742
145998
206783
141807
151614
143606
138995
132730
124841
148267
180506
155284
177054
151888
157493
144010
189140
153736
160853
186617
136511
182576
129427
163422
125344
124866
207604
123325
160710
156487
143009
157165
190019
142462
166905
156425
150506
154071
164037
159098
154012
181800
140605
215264
147277
116849
138926
164170
195331
126252
181223
164994
152120
154943
163074
125518
148782
127999
125007
145284
138895
210387
138395
179432
173926
180291
147200
157232
47758993
43580153
39469944
35346768
31180497
27041407
22981593
18853019
14785248
10668427
6494930
2408623
145242
170513
162314
188056
145448
202735
154076
165102
149038
126713
122468
144862
152574
119205
162189
152807
120992
145254
143129
121007
129566
146538
113017
188670
171164
174865
143098
158454
150391
141926
167449
184067
200841
127926
127710
163848
143866
120876
145569
130046
178111
156641
150184
211236
126933
255306
202709
159046
164805
136643
140215
198688
151262
158120
148060
117010
142041
133101
171967
117657
145795
175452
150302
264988
296483
130520
179193
158756
156647
133739
153467
170428
169924
149095
195902
154173
140580
208979
127484
205291
129991
123897
114315
196649
117823
111577
192137
145289
176644
154876
191899
151736
162636
180367
101388
136561
147575
127276
218743
125962
140175
130466
172887
132753
269217
125484
126931
143113
164846
130699
146310
180151
150203
195000
135809
106255
174521
167357
140603
117957
141767
183129
141605
154126
139197
176215
109779
152606
138659
116425
142951
159132
252572
167746
153785
224469
183116
158859
123317
206938
109255
186924
128533
128625
156181
138564
137951
139106
108592
178186
147508
193048
107416
165327
134623
165994
161748
157372
191374
152688
126069
170445
148668
198110
185361
136879
157097
127841
127796
163526
159999
184482
129777
183330
152743
102481
124896
129128
180387
186085
188183
165206
173618
109166
146588
175560
121030
169555
159379
173968
149901
121788
152232
120442
136899
158446
172689
130304
169488
153718
154116
144559
134194
267656
131008
133541
113632
122022
122296
234923
123483
124849
134564
155637
134842
134536
150432
115740
177954
144271
151516
143768
152244
156004
188625
157391
107417
49104460
44942215
40831801
36696200
32519411
28390532
24319932
20170699
16051493
11894884
7721188
3589143
262736
138046
163631
176735
119485
159052
157149
134198
180293
186244
176953
160491
113349
151872
127476
134975
120151
140783
166619
112051
120166
129232
152761
200862
144430
154968
114886
175791
110285
206919
120493
130636
139679
200893
131256
120307
161920
148708
173641
161526
283909
115465
132777
120926
172134
202754
148998
169318
183491
184814
170222
141785
143309
131956
173623
130459
191909
165721
145983
130900
111489
116163
151118
105960
182891
117153
120618
160621
141911
150038
162485
121870
174518
288358
162878
131271
140907
179594
165443
147174
138728
143506
146171
138200
120496
150589
121553
184993
138290
161489
154834
131687
119739
160076
160887
145879
142999
114320
148461
156048
182271
135086
186138
112614
127082
163386
158409
130936
151995
131696
153409
141778
152231
165967
161608
177582
166216
153900
136543
178290
156142
155394
157924
135564
151699
135487
262299
131158
179040
114121
125625
211763
160235
127746
127133
139616
132792
119917
198717
142360
178703
164809
180977
123608
195865
116830
141324
143540
137731
138181
131631
152806
114276
113880
132238
106957
143043
150303
144741
167054
136936
151340
129232
124051
177991
165199
156301
146763
174105
116213
166711
111607
140672
140326
156943
141168
138609
176470
184719
151658
146394
120145
106573
187049
122865
123864
123452
154407
169254
148457
154319
136614
141456
123912
112076
136047
131235
125346
132974
175842
175998
123081
164021
116314
124827
134559
133041
117714
152595
158016
207002
140050
115741
153104
155163
154269
140255
125206
137768
124167
127593
138040
200478
133861
141903
126128
118845
129329
46475138
42299857
38172264
34049967
29879258
25743778
21596866
17465137
13334689
9224549
5052726
925439
122102
141576
146094
142341
186156
131814
164019
99137
106670
128784
269585
128523
123627
143654
213078
174567
160397
139305
129107
111499
166093
112631
162618
165523
136308
136257
171804
109144
127981
153168
115276
170185
162348
122668
285713
161099
291751
166550
157114
185146
113156
115376
150111
170232
142695
135225
152832
153817
175241
238616
127663
194358
134293
118867
124157
178437
112495
197653
139711
228945
150783
252981
165084
110840
136310
238433
131518
152138
145445
102831
193727
170213
159038
118368
139463
121865
90396
140529
154193
139617
157292
143901
161234
192174
167819
123145
126710
103346
120390
137700
169764
130748
111028
181920
211696
165345
154344
148424
157239
166527
119155
139177
164945
140567
178686
139662
175061
129987
133986
190170
141318
121826
144206
133286
105372
189373
147747
130856
173469
113731
159497
163411
167080
130982
142359
122512
155588
133025
149266
121541
137595
147886
164352
109841
124366
121695
146807
171978
161036
134750
257850
234933
173630
166715
180006
128439
105078
108330
147874
148941
154743
138114
156415
135309
122245
124367
167587
104003
127904
150190
168558
111859
145763
143847
134316
125948
172136
135435
158419
169669
111228
145094
140661
120045
138791
138534
170992
139203
165378
148998
208725
122412
145791
291516
116787
158703
145319
147933
156476
121222
111490
145654
149484
121603
126389
134053
220810
110078
119479
143531
156958
140044
107125
125900
126917
141442
190230
164676
131039
165490
109783
104052
129396
175144
159887
125758
213809
100250
140579
180975
157181
176059
100527
136005
185076
113833
116430
47494759
43329267
39202532
35073602
30906632
26756849
22629801
18465739
14353429
10211121
6042468
1899780
168395
172247
190384
166857
182765
193299
134476
142597
144258
117505
139339
258099
180254
182158
157904
179192
237496
154326
194856
177566
193096
119662
210854
195898
104247
145837
103184
175983
166693
124936
105082
138791
191210
197348
220173
151723
142568
241759
121147
145352
143075
202258
121232
109500
143739
119257
112240
160970
152243
184215
146538
173616
95750
165960
112580
182430
141185
152261
165237
129063
133956
177076
177988
181463
140715
119887
158453
185301
161566
159029
145676
195154
133298
167001
120537
182333
119292
148104
98917
157832
197637
130579
171229
160601
187804
151963
212408
183778
127534
149035
149625
147637
116388
200180
175670
165972
191477
165421
121260
151289
108399
160273
131203
154799
141636
163956
169491
229860
212752
159419
125212
150033
230123
144157
168250
172291
118671
127717
192619
193255
125795
122944
174368
168645
168004
148192
134095
122266
132126
162085
161139
181952
119953
143970
159898
125975
123305
135873
218201
110916
125750
151758
188074
161828
124118
122534
143017
135078
146703
125633
125984
154801
135651
171825
102393
161087
146700
140524
142964
161058
92729
152006
175529
182944
189035
133770
169861
194564
101315
137054
138616
120936
128015
130647
132863
142587
121065
149930
132854
155768
146709
172918
116267
180793
155603
108029
164072
162775
136207
123883
166919
174294
178054
140777
144608
123308
101930
189862
142712
125419
138867
157344
174034
255735
121834
156739
141484
125906
146845
119593
194670
157749
158269
195843
174905
151846
132906
159872
138796
182896
94632
118193
130267
127486
161836
150609
181607
48799235
44626394
40791548
36810199
32764402
28643964
24529934
20481272
16316769
13378972
9190978
5060963
972188
118400
181402
166219
191139
148592
121388
130706
210005
167699
170434
165239
200277
124897
104495
125031
180275
154652
144467
135798
122975
130874
189216
148501
156594
122033
124152
180732
137598
141628
168540
153826
128010
172138
122157
146808
133805
151982
184270
123893
176010
149338
174894
186163
166748
214199
155556
142104
138574
127232
110105
135698
172421
156942
145421
170882
110036
149762
171744
178242
167967
213262
215900
159691
201866
164725
168804
122423
185137
129076
151917
197124
142945
141909
101763
172481
116299
119889
134709
128705
130099
118507
111606
198138
129622
149119
160827
196783
137273
216383
184146
180171
162862
196792
100570
151929
170846
165526
135707
168487
130782
142515
178450
154369
137290
164378
127089
173967
152363
157672
128738
131259
178171
174796
124239
161975
120760
128943
133859
113455
169861
144248
146483
139993
139452
153922
145963
187550
133762
107228
183145
168595
147889
168107
167171
129562
151117
146138
183730
143250
171362
208630
169597
139152
132298
179708
170201
170348
167051
139639
185277
120904
163593
133688
158895
161832
189651
164502
124169
152668
175928
207245
121298
157207
186968
141423
115145
154993
130480
137108
137017
194252
137768
187007
138443
143245
167844
149532
137846
95265
144031
183597
137505
180186
199110
181053
112730
149179
140573
270019
128100
161822
109130
163653
113308
151327
149812
182113
178981
140473
150652
131758
148095
148717
175495
154459
184541
162606
152514
180457
163592
159694
150053
162189
137453
186692
156874
172228
154238
182835
163926
179106
197384
152816
152920
305589
181666
148626
45862971
41649701
37565716
33493473
29334956
25303640
21187873
17037979
12937159
8805037
4636382
538608
155761
128825
189607
132503
167131
184027
148344
169594
157427
220940
208525
119678
165873
159403
199618
153082
99419
126396
144840
179227
139149
168492
145796
160779
133028
171679
154383
177548
198786
178180
155577
168417
212940
189768
177558
166796
131147
170405
129216
181371
142894
140815
173992
226961
181625
116290
175986
175480
151694
152229
155239
221472
222997
175897
181554
111781
210623
147279
112519
161537
168430
150609
168061
160488
229634
204850
205096
172996
135928
138590
187428
206730
172115
181377
205421
145476
177811
161139
139927
195801
119374
130914
131218
251445
142245
303136
199184
193622
111108
187019
312261
158061
171202
134160
185700
238987
124312
192147
121505
155238
172359
157002
166701
131673
153749
170180
212763
144101
165870
170570
161158
251841
187225
170059
179489
156189
126334
191454
180158
180169
114745
159655
156406
133804
228906
169089
124108
165126
148217
158620
261656
177918
102084
161772
166924
96825
202646
95429
130940
193136
125268
191091
157219
138033
149431
157468
179634
169369
145134
152778
222200
124971
179632
121424
177985
218922
222590
167826
168935
115128
140898
190983
169216
130928
133356
185585
152091
166063
168250
110355
135071
141103
132920
127822
167425
119501
147136
112848
177771
171713
131980
183787
287377
206184
132590
246491
200560
150681
153791
167809
148224
271616
195898
122863
148443
564456
128956
148433
153022
166277
142543
120957
180068
155590
209786
126746
130452
291438
168555
134545
163248
143921
134968
145928
143651
116686
168244
156628
177200
136000
159996
174399
150221
184628
176511
156035
121478
46608274
42404439
38303039
34210920
30032414
25973362
21882299
17704231
13633143
9547181
5368118
1268134
111057
149746
195253
261592
161706
125833
133664
149044
115826
169617
133391
130974
126960
156865
190509
79822
186189
160898
165312
113533
133009
99706
156516
193178
133428
117640
128256
208464
145667
174810
135020
119180
163060
186787
144947
172682
136703
181866
158478
117549
133245
130356
164689
124962
177271
130637
156731
256554
101261
125143
137461
175722
175324
126016
157692
153085
141894
150953
158470
156129
167331
197364
188904
130149
151694
134845
139388
129546
182610
204344
252393
149384
177096
181404
193949
145773
143642
137861
129204
137775
144561
163253
124326
131975
164916
139012
158607
147827
175047
139230
177327
123000
179128
127242
169059
167660
162097
157866
216477
133589
165291
143743
111183
110993
130530
178883
148248
125240
130513
134398
203081
208148
145730
131263
156593
137569
163631
148724
163628
163283
184250
182388
161956
119904
144841
137670
176836
219788
156828
170687
142274
124204
905872
175805
161652
157701
144947
200048
165233
164424
170990
132662
150415
131963
150905
163709
155855
172510
129983
127336
170551
146257
170311
177477
154060
175303
151052
111459
172325
168766
114440
148401
158790
159097
184625
173457
123040
154194
122402
170527
159343
159552
143888
175555
112559
128008
112472
165921
112920
134156
125862
126334
161623
168157
160446
163055
120228
117147
163101
178075
137406
117644
106944
137673
124541
101917
173254
120074
140409
131107
189793
134594
144740
131822
159666
117277
127549
101873
145409
141199
106402
181131
141201
119797
159638
126156
136561
151965
102065
138002
152938
177379
157602
171286
160410
117778
104406
47507826
43325160
39213720
35089746
30915594
26781026
22637016
18470015
14307242
10165437
6001798
1906119
133926
139505
191551
148823
120480
133862
120617
138504
165645
140487
144232
128439
151590
143776
154901
130880
135890
118143
173452
184382
130780
137724
131302
164696
198175
119595
126076
153557
146521
154282
158372
114063
132252
130228
127932
181089
133966
121058
172601
120821
157837
138800
129051
130617
166208
144169
106100
126971
128731
113043
129693
114432
170255
189819
276895
113470
141535
132181
113591
122124
170533
142991
148121
149766
104703
122188
172833
160597
119600
175130
122251
124331
113521
142844
173099
234932
139281
98654
145992
100489
165963
125692
130308
168843
111885
165682
133282
136988
122783
182157
141652
110472
107358
120711
120382
119293
162114
116373
129928
179886
121973
120368
135280
131540
147130
128456
117443
144569
177280
128776
105121
149443
131348
114765
117694
148341
156485
133911
154970
125680
119900
139558
158421
136627
172130
148215
113041
120561
179165
136955
186477
177797
163217
136507
149098
114054
148086
119277
133695
163892
113454
101392
132528
132488
141429
135459
140838
113246
135549
123682
134193
146699
128217
200139
163388
128487
104659
191962
178497
94314
112754
124103
121969
189536
173472
153286
127138
150882
116371
183291
170850
165846
144804
176391
151549
118857
157565
123919
164030
148244
135126
194559
167988
192389
138168
138580
133632
135009
177908
136628
145156
117590
125833
178804
119242
117230
148061
121194
123630
152768
208792
113218
157828
139191
188251
122976
109566
161322
138707
147722
106167
174010
122627
164004
193033
150108
205555
132500
110107
235660
134138
121850
126049
126882
121808
112751
157744
48754495
44562230
40430898
36315728
32144234
28019257
23883264
19702459
15566372
11434883
7267296
3136059
184159
109430
132774
201473
142807
122889
127436
137269
173436
160724
170507
202470
121153
186111
106863
128185
133476
143353
119509
125795
156529
131686
124944
138815
144436
126943
130623
168971
150334
179734
170642
120136
115595
118784
117177
120238
123521
130278
180219
110936
122721
120233
132691
247040
133118
140668
100971
144968
143099
167206
128693
107247
156715
156552
277405
122405
126794
146373
129616
120387
166055
128882
95890
125625
143675
104221
114172
174518
130241
156969
203350
148482
152464
190151
132304
160048
110479
159343
146655
131022
134188
167081
135736
164005
154587
152520
172792
126285
144290
176341
155609
122318
135388
121780
173804
168070
118833
132548
105118
109240
141015
115475
163662
124468
144111
120754
124435
132211
126649
115372
167174
145337
129469
159405
267140
119365
145602
153076
123199
106444
170555
123671
106477
113836
120770
128800
142920
142947
142525
129556
135021
183367
159375
133793
143479
202568
238042
171876
142421
102415
211954
205341
141513
116612
107193
144211
174797
177024
147446
140725
153534
161998
162474
124106
119306
121686
148943
116715
133203
165035
173865
179954
130255
124844
160729
168242
158498
110989
137477
154814
192568
130049
135823
168425
178726
125277
139689
160398
110322
128476
147104
186412
162318
196133
178406
140015
150733
156181
203142
175414
127637
209764
154624
168163
124862
141908
90895
141058
166464
138699
185727
139443
258962
147726
104683
216613
164178
202878
157858
136182
123418
165840
141643
131040
165056
144774
147999
163159
131632
147116
164533
120878
118354
171506
146786
99850
117751
140411
46053994
41869057
37743791
33618748
29446218
25319365
21196701
17026083
12895054
8730703
4562875
427151
125228
142730
140128
263242
179769
186378
209380
127361
126131
179074
214948
171863
112831
138149
104219
174838
128764
151449
147724
136143
175290
173596
185250
144230
99167
137439
174640
132125
136726
155674
210917
137251
108689
111421
277259
132956
108066
102915
125140
169814
176790
157022
171370
160212
184425
108702
123779
172663
482579
172931
96685
110512
186473
173867
143441
144816
134908
119918
143440
141130
135945
169843
133415
143806
155685
113898
154675
151125
228949
123491
170648
159470
130149
116852
148174
153526
138338
148428
140913
136465
133429
125744
143121
123920
202500
140572
172283
134593
171296
194681
122621
131307
170241
172880
110877
156647
151185
173698
132192
105294
156113
195995
134802
139219
217284
180532
123434
139611
147454
168928
136219
166144
119179
194248
182102
136121
163471
198253
187482
122997
167542
169042
146205
160323
136211
147552
132289
154619
171729
135886
191237
116288
148169
119755
163690
163731
136562
178789
140676
165921
156577
138140
187262
109081
203684
239346
183644
171149
119558
138894
219147
179551
163723
123459
186655
162086
193886
126133
138881
128330
135750
118405
160765
126153
106737
116852
142828
163303
181876
141939
142725
131346
184122
104207
161258
103576
123747
130572
227069
130785
150666
181821
277228
121808
148078
159903
147700
140418
162014
147163
181575
141521
131578
170112
153628
147919
116365
140067
171758
155691
103161
105081
164444
146327
130860
119311
115860
194328
115932
152527
129441
191011
163894
101623
123661
137871
133535
117164
191414
148931
147532
116012
132406
101443
127320
196004
190382
46818820
42622134
38508663
34419082
30254191
26156692
22072962
17891285
13780106
9623991
5443881
1355725
110897
125452
189615
186186
167343
140425
115846
131123
190888
144195
129090
135840
128804
181124
150556
132806
112993
244443
131123
203758
132774
143852
184249
137534
149102
195882
159690
147825
171566
141668
118357
150185
127001
147691
240174
162439
131942
210622
124968
116766
197051
172466
189759
137415
152655
101544
177534
194600
266954
130879
191241
122843
137682
193876
181287
160040
123432
117647
125516
136864
132198
150185
160017
204297
129116
168818
114668
153591
141295
138339
143307
164680
146040
121338
134840
105025
160041
188074
112336
142226
146718
161928
161270
142453
164425
126305
179997
176084
182198
165128
236909
131457
195153
137115
174986
140734
223463
148654
193561
143480
155915
158115
152472
192432
124925
193299
158889
128516
167873
178509
210327
145276
131940
180706
163953
128219
119618
153123
114627
169791
154536
113684
131634
146667
143923
156814
160016
148282
108571
95739
173299
178056
193068
144716
134659
135364
170437
109087
194621
130663
145447
171164
162197
166948
110766
205080
159813
156559
142585
131077
151648
140771
143052
224951
163315
138976
179773
168941
106429
121973
124274
181084
138003
150772
162990
226285
140940
141672
121174
138217
127376
201383
137264
167463
152991
233303
163268
159511
153921
276860
122417
167022
143567
160434
192972
168727
148350
126112
158312
108455
146855
175576
187775
120860
184277
156665
140459
118135
126818
119026
121201
170654
134066
158481
133582
151616
133930
119537
149245
136011
174277
147182
136422
220490
166638
270638
97890
106282
151128
111938
182669
148343
135403
161968
132347
182741
150549
48197639
44005435
39851157
35731906
31557812
27437830
23312765
19142623
15005289
10876573
6701257
2576243
116549
108454
180587
293309
197473
136307
113935
136641
111815
133627
155015
108402
138704
168741
112530
137453
160068
121480
120224
135623
203359
158972
151313
133461
142887
106757
186966
141174
187979
141563
126593
104031
144689
102675
145528
143220
125012
124576
151438
135099
119701
106572
119940
185300
123070
178324
178749
189103
130033
145261
131917
159181
214762
152127
124383
124522
111201
111396
119356
147383
113102
166436
158836
218718
134796
152465
127330
256674
225174
158225
119078
129491
177450
98584
181613
160724
137749
172028
112723
138102
156244
114582
124589
204918
123790
155181
108047
122333
118744
186833
136848
169472
105901
152787
135266
136673
196781
153060
124443
105768
119260
155336
138997
141835
156105
154167
190558
208585
139529
171115
154673
180928
122084
112290
131911
138470
178520
128307
146021
133255
177843
190548
122843
164003
146455
149598
126375
162095
111906
135934
149337
179791
162862
157159
136734
206040
178612
226353
115429
194903
184500
124584
206553
129812
138070
137919
123065
127919
108598
112625
127305
140492
112827
172133
122730
125402
130165
124631
172090
163834
137558
184487
156573
114157
164480
171204
144906
107327
126835
121552
124842
126321
155601
142066
135004
153649
140149
122038
118148
151652
112733
166345
148873
153885
130027
132903
180756
148428
113838
157963
141879
114523
213553
127940
126398
136575
165113
373800
138384
153879
123679
125065
133296
149034
149792
114282
117865
112501
201593
143335
155951
99927
149379
162752
124032
115987
170634
171588
158169
115687
188387
113858
169679
170599
150648
156643
130821
97446
45221997
41053054
36918582
32768913
28599092
24465356
20341505
16178141
12053481
7911369
3742746
184711
108019
173183
122263
125149
194244
127598
113259
168057
160425
156084
115887
134102
152366
143979
183575
130168
165474
201602
138800
129550
197879
105148
194322
156410
141480
122336
152963
150288
163233
159622
190800
141317
145066
165503
172362
128253
267774
137791
151991
117847
124288
176087
167048
141898
172818
165939
126084
141174
104922
158769
150852
142443
153238
129784
145086
126830
158032
107540
156568
119222
122421
95620
285684
141856
135379
163268
139433
107868
154289
131094
109446
116819
181802
147804
133812
206569
154836
159974
154411
166498
142184
115471
150366
174118
170027
145704
161618
170233
144201
120233
178468
149482
128513
135813
162866
138176
123097
130054
140267
186761
156958
135710
146697
175378
130847
113495
170814
144389
138420
109527
107877
113900
188326
121472
119666
118406
120537
168826
148124
183256
170982
142119
146399
133253
115383
120045
123613
135721
117051
121846
267483
119030
148032
164005
105819
189539
177087
122338
156512
167094
109779
182945
105973
163702
151611
112908
160192
222353
102993
123687
178189
129521
158524
136843
139788
151094
156116
108027
113022
127606
172976
190182
200714
129298
137697
141653
150373
146320
141418
282575
164288
143836
150503
146590
134978
135578
130014
118484
248651
177655
105554
133075
151325
138718
241547
142476
179458
126983
110095
170488
108307
126578
152085
120133
146066
169975
152026
137920
109504
166693
147691
148531
181655
158620
146198
139028
256322
128997
190294
126186
125014
178485
124948
153611
146930
152815
160353
155643
143906
103052
154478
304537
176650
176555
142911
132887
168269
46449285
42277416
38146482
34006402
29876076
25722644
21564695
17391088
13257895
9124680
4980831
857432
128296
166299
190362
124665
134878
148136
153773
158998
101571
104369
141713
135038
135259
169420
111394
155917
222535
254945
135739
130025
161649
115476
127921
119096
147615
141272
121237
109840
135193
200541
149581
159302
168863
145719
197236
137532
115227
162566
118789
134223
124552
181429
127631
134686
138988
113379
170447
126971
142341
162115
180211
157778
129095
119095
147985
198405
123297
137912
138219
122129
116011
159418
145703
149972
114165
173652
133998
232719
109635
165973
133001
132514
141364
158157
120351
116666
182695
172479
152860
174812
138971
135319
187132
194978
118324
114410
116798
140248
121743
139228
118288
276212
167569
127378
168191
126071
111075
177233
133476
161497
150036
254704
154541
149914
240859
123681
118314
179757
136463
123658
123043
120538
159047
120848
113764
105534
162233
104337
190027
172482
96003
176891
132109
157919
182029
158584
135531
208659
140866
133065
118022
173819
92468
223793
189026
115388
188413
149985
124171
189395
91961
117724
192581
121308
150021
186189
170916
168049
129305
145952
142760
139781
208578
150625
139259
120289
173440
174094
131761
152157
117135
169998
195659
177896
119565
162455
128753
132498
162921
139565
162337
171577
211092
97440
185180
118808
147050
151131
147295
140451
149520
137434
132011
139499
166740
130052
132528
115373
135093
113114
119502
121119
123147
122129
171922
184470
150846
180914
154300
116486
136533
166348
162566
142267
122308
128669
139360
115992
121168
111994
112323
128684
111242
156653
100628
114054
154874
132147
210274
128087
126204
142489
207077
127718
156723
131320
201585
47788692
43608964
39472673
35346278
31172240
27046506
22921843
18764323
14615899
10481761
6312780
2232596
293010
278990
139699
191209
111165
155546
140682
164886
164105
127638
191192
121133
152120
225600
230872
123174
146428
156714
240049
113572
105804
129349
144150
123776
114658
140309
125282
176980
132348
127900
181102
125187
143353
125418
139496
123989
141373
165018
149416
124380
154228
191705
144553
140596
125884
123148
148924
169730
121173
166968
120522
117111
123990
129414
123262
128105
163329
144051
163503
181623
148641
126500
130977
121475
167605
110284
147873
156958
141518
166798
150483
126205
155410
202409
137473
156947
108426
305606
124329
126601
175354
130734
105809
143287
128604
114768
117381
120838
156415
129137
152515
142795
136517
191849
147200
121295
140040
166496
141603
133159
173071
131274
115772
118393
147009
119195
153318
115960
119639
162525
115605
128618
166133
146520
142336
212043
111582
135546
127670
116241
137768
163117
138201
228231
161091
193645
153447
193583
129095
138290
165768
164072
165118
140489
204226
159443
159917
164814
126499
140901
233936
120712
145403
122140
121987
117088
141872
154384
172738
197618
134709
150775
147827
207099
187253
145153
220491
148405
156129
179057
165909
152860
125176
220163
133231
170809
161919
155919
156743
179273
158428
142245
128874
133801
131371
147497
128105
107391
142358
122668
149776
141697
152268
140476
287818
199533
147054
110765
202183
142231
140581
171892
163016
180551
148541
106752
131273
114646
165442
131834
121645
183586
166853
135420
119431
179665
140987
178344
131526
143428
258400
113804
134610
121132
305234
198580
138861
185267
151908
152000
132016
165535
170284
127545
109211
168374
140148
48859051
44664879
40533855
36410832
32280138
28131367
24004600
19825804
15728990
11628887
7453755
3320110
130782
168242
150268
134956
173142
179706
160708
148745
156276
178040
148174
205140
119347
218916
166761
127714
161449
152575
189308
125675
132212
135146
101270
185644
163084
162756
107106
233275
178540
123576
120118
151972
178660
187412
133977
130649
132640
124471
175108
197650
120479
208536
122416
153901
158471
140694
116938
113844
156817
121953
133825
169847
151756
149693
119404
119988
157588
243897
115110
164949
163525
163402
196808
152045
155093
113194
132143
204333
111962
189708
138875
151588
122333
109003
142673
154228
151584
122134
166964
152208
220424
123476
157165
131460
157520
152449
146060
145637
159510
140612
185674
152305
182166
173642
229816
137592
282314
128603
105776
109437
146859
140252
138379
129312
164449
115061
122394
136201
171932
135447
182328
119663
126804
204058
157588
114947
136120
171466
176612
125878
127056
135354
124315
138034
128453
143380
167459
122816
168114
131515
140082
153080
111551
115801
125341
150800
186619
119022
160837
160978
281064
143253
122382
112256
154451
170191
167595
180346
119982
151776
94579
173470
185814
200815
127902
139835
138201
150605
116856
164461
145705
143703
116330
175232
124868
123959
144162
115224
102819
149918
161252
134731
114317
172294
141095
137758
134901
141672
154958
168137
184792
168946
187432
139682
170423
162947
221888
140206
163561
141937
205351
194967
141199
203330
134266
131308
147244
125137
125130
112569
146951
230120
133715
127646
132801
158456
130142
129139
131622
150050
133579
118019
115562
182246
176911
192407
139570
210021
145068
103675
113913
184386
134107
113626
541493
174907
143672
170044
45952046
41748056
37632111
33524964
29354608
25213430
21063630
16882107
12773467
8631867
4457157
334918
131449
158116
184558
155728
162958
122380
181317
113332
123482
128182
173306
146879
198335
102831
145347
156195
267292
148740
159737
148116
174285
129791
149064
177505
190313
189933
166519
119507
174923
174588
146293
177389
131824
174663
121538
134510
150103
198790
121844
154594
120869
152482
159242
199094
178586
177317
178559
144965
145654
112554
119035
123929
178624
111946
109809
222321
182053
184349
133115
158929
176908
126638
163236
167032
170192
110233
149846
138347
182136
175874
120187
161730
167364
112440
125467
181388
134969
128676
133866
177276
142603
118598
114887
129697
165988
130958
122804
121810
148731
122602
193921
149646
142749
137060
148228
121376
142162
117254
172997
155887
126878
138731
132871
130578
129544
184524
138251
126837
173554
133663
166918
160097
133479
145644
161098
138624
146482
140861
155411
116566
119812
168997
177822
141551
171130
129424
139927
144277
118383
190102
123905
124176
157021
180905
125235
115168
121630
187932
127201
122796
197276
123170
140734
115053
132731
186006
134270
189169
169530
152062
144972
118933
154333
153582
148447
151521
106914
166709
147430
122387
184808
193871
129228
117241
128151
177098
188705
120769
146267
141771
176570
110543
160124
130266
153183
107492
131719
117217
122667
142621
155801
175489
318538
154291
177076
114441
196155
185417
129872
129796
130295
179892
133655
160802
119655
165763
119057
128438
146284
151273
184710
162856
108834
165269
120107
131605
177207
107010
191054
127720
194590
190996
179374
133117
134997
144000
183953
161940
138430
130085
158529
129007
108958
176341
161413
231410
173316
47249204
43070891
38969560
34842293
30679538
26542908
22404370
18226030
14090554
9949275
5774222
1656427
125239
130260
184367
139099
137168
128750
161565
178013
121538
162822
118682
203900
121072
128352
136147
146190
182309
133846
131014
126468
116113
118648
144836
157557
145641
166518
149854
147379
141721
125466
480296
138422
155388
124745
109125
207826
186510
144694
121315
134253
134150
158830
158124
267496
144231
145991
131523
134041
162616
127905
129824
133781
139570
169470
137033
143912
153509
128048
128658
122364
127396
115175
146519
189731
290063
142038
180348
152563
138795
115136
214429
187088
143319
133135
144226
207052
146124
128521
180673
155297
126246
189974
125245
117907
111227
256472
147130
190952
126325
115895
132671
146069
242209
120433
125701
141535
146852
171095
124503
139136
142709
145844
111606
152194
125967
168857
151308
152794
184760
193689
157659
179202
187062
101821
123168
182264
153128
116408
122038
156461
144462
122135
142195
160722
115061
130762
149226
149510
122598
171508
176501
146591
129722
141518
216684
143344
111765
133537
129503
123142
132420
152772
124182
142984
137951
129627
129927
181345
146957
186338
130344
139901
179712
127304
124505
134674
183124
128243
121583
135100
178721
122004
124038
127933
151830
182457
173618
111672
127423
121875
219742
117991
113025
157456
161796
138149
131170
144193
154422
102604
162094
134734
145726
114377
159466
298912
132146
123646
144910
167008
129424
180199
147729
113791
121943
131979
124786
140688
148646
128962
117324
178755
126866
147002
128786
142858
129887
131416
176966
161247
157153
119035
144540
114408
168076
137147
120542
150716
146700
173094
202185
131559
133024
165372
173204
158457
128839
48455267
44274807
40153636
36015367
31837871
27754878
23739912
19565882
15500192
11469185
7301959
3152860
233478
154256
167421
147819
152442
125997
198897
209849
147381
146541
130703
165532
157862
186228
202900
151215
136156
141946
147939
181293
177360
180200
123914
181713
125367
148159
121335
177323
158260
110297
121434
153625
137271
138112
148260
131885
122347
192418
128247
143236
140759
129830
115062
139218
165959
174703
115811
150152
117582
125981
137476
145289
113473
148511
138137
130764
107568
142620
159589
198922
163109
126017
141894
180624
123011
171982
125110
150586
127430
190220
126857
150553
152262
137177
201262
186200
204202
153533
123051
114393
124824
109448
122168
124327
176344
193908
178645
165439
158884
150863
189871
202221
200891
170502
118883
166156
149536
129139
137981
172122
128267
190853
141625
106462
148176
107040
135001
134008
181760
185821
174840
146698
164204
127573
174564
154635
126040
192178
118722
193131
104826
123730
178199
142739
137625
173477
144388
125658
172103
128151
138622
147835
113142
138717
113880
216882
185244
152025
170359
201901
168011
106209
99737
118766
253921
130578
143844
153076
111949
122521
180242
136630
130303
154219
121098
144243
162360
151080
159995
139385
155827
142670
119586
145563
150139
141425
155693
184793
157126
270663
161019
137748
155714
172084
144640
110000
126783
125790
103977
120804
143442
192023
138451
161734
184438
140890
134814
114744
148511
163584
118818
118655
127464
276493
121951
240628
162094
157958
151495
119882
175906
119936
121706
119932
145227
163466
233905
165326
117897
160419
125517
116702
148802
131965
142474
147590
161498
151262
142607
109894
130708
132500
129799
149551
145659
147279
138799
125841
45427313
41254479
37109420
32973964
28792083
24648162
20499429
16326680
12194379
8065307
3937066
301618
203442
175289
175089
185919
162575
153491
154327
175745
129057
232689
114458
160518
154437
175202
158490
89601
167885
226076
177565
147521
132174
193977
189574
134280
167932
128872
183798
160178
139656
118096
120871
170586
144117
190738
145920
184312
163753
112049
118199
130761
123193
172631
175990
148015
145482
118936
174712
138398
175186
133011
176263
115389
126893
124900
135560
164123
167431
135813
120480
122502
178052
157554
139771
133498
135755
141452
122420
118382
200717
132421
158025
112713
160117
140769
117074
130357
119551
116262
133382
132392
109145
177148
139602
151585
151188
183811
140608
146781
143107
176412
166536
133870
131872
260275
118351
155206
130457
140110
227342
206232
140409
165482
142102
217265
201062
126237
155572
226026
140997
191698
137513
109566
150954
263977
150875
166763
191057
137561
164225
131899
139260
191437
159404
148584
167807
128522
129525
178881
147904
147547
138583
121987
166052
128195
128012
125108
119880
153993
136601
165628
222244
166439
123754
112996
114762
161946
129429
118683
135391
128607
158643
131117
164775
132325
127598
113067
175534
176134
142886
132981
146950
104602
117343
149430
135462
183324
134428
143472
124234
140794
109546
118731
161346
113923
130720
166316
150860
120801
131202
152801
136498
205411
179759
178995
185362
119274
121864
147977
119955
143248
133620
138037
119343
124776
119340
224880
156206
129505
113368
155343
173347
142714
113546
196292
104452
146928
143227
140775
132185
118900
171845
121090
122858
118556
251753
128731
118930
106266
149673
107054
145908
149024
132682
121364
134597
136184
141664
46489326
42302180
38198587
34070099
29899417
25769315
21683275
17504281
13369829
9252948
5075206
949745
125436
168275
166140
145583
110726
121124
114852
116214
174729
141584
153477
143412
156777
135138
122888
138350
145816
130148
162911
278850
154488
211592
93570
147015
200294
114764
175847
191126
132806
119580
136780
139094
156356
146266
154822
120247
110816
211181
172218
182590
136244
161391
108162
246296
142429
128980
138184
136691
111210
149706
181569
158743
112453
173739
106760
144042
107244
123307
101585
124173
121507
118912
180151
165373
161461
203467
180125
134191
137169
118206
183786
136435
146360
126967
129598
186252
108642
123663
131830
139287
144363
117799
157048
140482
110655
136147
146815
110771
182956
162573
150816
131100
149499
108704
178170
125721
203986
201035
161144
182936
137951
122912
172303
140530
165366
147668
125010
133945
127032
128212
174528
117674
141415
127998
129100
134381
113303
245477
168021
137938
243206
127790
208018
131226
156851
120701
132211
152251
119008
129954
123340
111049
109777
154140
105606
151632
131054
115610
167202
168808
126613
130065
98238
161628
156274
125439
150934
155111
135699
127404
188435
114401
143913
139560
180687
176565
112071
161213
131569
117122
139058
134516
123078
184609
128880
142979
179741
153320
123908
133306
115491
153330
117514
114117
154024
114552
93981
157307
177336
136456
112674
126437
117636
100402
148525
117383
148837
142858
147769
154585
151129
149056
117316
259569
137209
146364
137051
161846
167505
129600
128534
142222
196721
150258
151635
143342
110423
116212
132787
165185
172404
140787
145600
145621
119023
130586
132174
131888
133755
117666
129622
143484
177375
106221
136984
153121
129675
47586414
43407867
39294648
35182792
30998341
26829769
22677632
18508525
14357119
10208746
6036489
1922142
170766
151407
144571
157390
173874
162754
187155
120491
174718
188046
107322
229766
127772
124710
115122
150359
139511
144313
144654
130938
181669
125793
134535
147707
178194
130889
145350
192549
141649
120467
129347
124771
139842
168226
156105
168610
132575
180286
185203
131557
97192
126213
160306
134732
191553
117258
142972
127795
151849
123598
125268
119168
167748
123576
116843
182491
138845
114407
166401
129543
118483
127131
122866
170999
132061
119629
127157
119489
157278
106046
146296
166673
170384
119073
143107
127803
168532
122609
129279
162110
173447
126881
123679
164780
151119
168555
189402
152265
126200
114104
116687
174244
142467
113463
154800
125781
127478
109591
122331
179647
158321
147197
112863
122012
137306
119741
247902
121505
121652
111353
125892
140928
115246
128724
125921
129160
135260
131358
108102
191599
119148
119765
184385
141684
125760
126473
154298
111176
142955
148687
119472
144496
113663
199632
132438
116972
141188
158379
154171
154531
158795
108349
149087
198658
141126
153990
122500
127967
170487
148458
107007
125624
121698
118632
131002
123639
148999
248991
140970
146238
144614
173474
120779
127098
137373
125330
152933
122555
147057
139740
135488
127554
130713
155659
132334
148101
127666
149088
129202
189025
153504
104154
170644
115232
191404
177300
148877
168649
118526
151998
152694
115477
142341
148868
153766
145618
168475
107560
153807
132507
267865
170674
164865
154898
128133
161275
134702
171308
124817
129507
126560
125091
164808
144689
132613
143084
217957
181798
110866
167336
143893
166994
162251
117257
101268
139523
150861
48411888
44232102
40108796
35994366
31820330
27725270
23612613
19430972
15281104
11136181
6961723
2840295
152494
163858
178481
127205
165852
175179
165919
134183
134695
153544
162177
115089
151947
129265
190582
138213
133163
130545
137229
131323
172750
138035
161189
132693
123601
136697
194956
138399
176531
138775
163615
123950
127997
125287
130298
132635
147531
176216
174019
134307
169040
120560
129663
197425
162713
164792
138801
171052
188533
171779
117228
126271
113513
117003
147705
134240
117315
153965
118502
168350
147721
133559
178906
210715
119998
139847
130490
158551
174951
111247
132172
276369
129660
164874
185710
155224
139567
102910
135252
188758
131163
113473
155739
142920
108710
102030
146003
134943
138135
190447
112983
116727
169091
176403
116446
162254
107459
156063
165899
166343
110268
187618
172715
147488
140353
142877
124948
159039
122206
167563
154370
118088
179856
127697
151168
154258
173772
137204
154156
149884
136881
187217
152925
155682
249616
230332
154222
106463
155653
153242
165826
127870
154627
187499
165614
136997
126466
149362
119971
183081
107695
134862
117915
200960
122612
184032
134833
266047
135038
137025
175963
137328
119603
133545
126384
167804
167347
185920
277752
186334
163822
166992
172699
145732
118066
124539
211643
147463
112298
124409
153874
164618
141997
188503
160237
227167
175364
269355
134877
132259
146177
132599
189292
240805
154238
173498
144352
122048
212255
124235
115618
130948
165582
180662
148132
202934
162553
150095
111012
127473
153199
181115
130570
137894
173980
116573
141503
149954
121047
158459
128064
115872
121909
125406
167794
136495
132895
181239
147295
144472
152424
139509
143291
147511
134031
190532
144507
205258
45697533
41511586
37387898
33281038
29131191
25016889
20882805
16714330
12559142
8436118
4269816
213926
143773
195995
182799
145066
133689
121801
137709
136892
161510
182529
163253
146727
110090
147823
160574
158073
145908
113754
137573
144648
137860
96567
186680
166712
113473
139114
175060
131509
203995
168866
112977
147350
118998
193029
184372
138981
110166
121770
171241
140743
163997
154532
137101
145246
117256
211346
116177
143165
153034
174758
140319
130195
177859
126178
144680
133104
137006
144146
136633
158972
120485
140764
117701
120521
135347
152241
150309
210883
148872
150506
129072
127142
105621
142894
154483
181390
140162
142164
120192
135943
128810
113662
135712
136809
167047
129607
172319
166182
127967
180956
173198
132612
130520
121741
143337
123699
120146
127918
157794
123977
145169
109377
225963
137418
158761
146610
198588
154548
157752
165333
125858
136521
157244
134623
116625
184788
126614
140084
181133
126973
135440
129760
129138
100624
144675
248738
200220
159965
153286
140478
150196
172305
134345
115828
166306
157954
139976
115769
211398
126790
205563
208582
141909
119240
125948
113885
150073
219276
159850
178787
145798
111384
131922
129765
175999
122291
179250
150994
195518
129568
168707
147348
105254
147077
107607
162489
181387
173011
118143
153538
125678
111642
119219
156693
116730
151893
126520
184909
197373
263947
152059
114411
209800
118146
136894
128925
122452
239075
171030
259834
129701
171658
184660
145145
135999
158485
126904
159469
105042
154538
105464
162360
214322
135879
133845
141291
192319
152699
122699
168073
200026
122165
188366
162206
136529
114592
130956
194664
200565
124023
141150
140267
145193
208439
156269
144731
153185
46943030
42775147
38652219
34504711
30321974
26188597
22071190
17896369
13759479
9586134
5394732
1288431
149201
136888
164915
133540
123761
173112
225312
153108
149414
169450
115926
210998
139217
217709
141207
193855
129501
145657
122115
147275
170750
174125
132031
172966
132195
131847
149529
173635
173045
128811
189371
107597
141793
135901
192178
171083
153016
121166
129230
134799
124394
142590
160545
129809
107351
167671
132935
148771
131715
166707
119171
183891
126306
117514
279106
171758
103825
104822
188914
182459
170604
185485
171906
127580
197802
112201
161401
150486
123407
128971
116871
152768
114078
136455
127428
155229
136572
154456
127881
174720
137577
184410
170859
202527
186080
184887
115688
122625
153011
160462
121493
127554
179199
122466
140124
141110
182689
160317
121103
182323
152472
165731
164610
151441
181458
167336
133086
163046
213594
158262
201964
190383
123899
108363
177016
125052
135711
173372
136337
173705
175582
168781
142719
130254
161457
141002
138808
128309
114181
161408
114321
132330
136327
160802
202612
138283
140171
174161
199296
153953
130546
167509
135276
143352
182429
128946
194562
144295
125922
205345
156925
112381
157755
122085
145927
140327
164392
132929
188874
180403
132497
156348
155813
165178
139542
117565
127332
183082
171620
161675
132533
153280
141830
126422
174758
192979
138362
190357
161651
132104
126370
135192
144185
133279
169988
165402
125725
157735
119479
179157
126909
137957
184760
176913
118413
192500
180338
135165
170925
168612
112731
214384
142727
170847
179985
171999
138062
212912
146023
202374
148102
129995
152994
178761
142084
137121
187456
123610
415880
129776
183027
125467
147481
179665
149617
146876
131072
48487500
44344118
40211423
36064056
31895745
27777342
23643841
19473477
15355355
11242203
7064142
2939459
192549
193518
230358
177122
179326
191916
209762
189393
129500
169337
163178
175022
170338
120830
169671
115747
174142
201105
254734
166175
132901
130587
121698
136360
148429
164350
185780
160116
135182
130439
184220
183965
161657
123344
132800
127716
122802
126998
153780
114304
115096
126104
133386
149314
148570
163790
133120
141069
252807
142264
159007
189507
199540
151290
154066
137985
134154
133777
132808
133017
190273
153151
128515
218778
127082
127994
183641
174263
195554
125765
162996
129644
154086
138305
162821
140726
116823
139437
97838
180450
144831
143882
163245
122233
125954
136818
126969
134901
156091
130268
150329
131918
179254
211800
158185
130335
148652
124166
174503
183654
166533
186726
185482
170785
134694
115246
175007
153772
195896
119882
172099
185513
194333
120558
243695
169353
180437
145767
153222
261673
131455
192205
169823
160630
150836
148228
217771
121343
126155
177034
178236
148788
195666
130883
167955
170475
210805
236908
157289
129628
158310
218460
154048
122899
152592
187632
121571
199086
154321
190099
132888
197130
208270
227623
207088
112876
140682
113158
132009
125294
151442
186022
133513
179892
241762
160519
142626
138993
123942
150744
277536
129039
171884
128308
149218
133754
143617
140138
174208
141592
157414
178245
114807
136456
145860
133450
121309
147963
148829
210686
140609
142096
151079
238702
180395
131776
133082
163406
144402
120114
129757
166865
119241
142103
136926
138687
142508
143269
147448
130614
143425
130384
122879
157194
153090
116826
182893
134032
185369
167819
141804
205992
127244
173437
170992
166144
178889
159621
45207921
41038510
36926190
32819084
28649644
24522282
20379577
16207620
12054235
7911406
3734152
170392
161013
174644
202404
216560
223583
155127
154723
150473
178288
201767
166460
166733
129487
119941
172176
180364
150818
224744
185448
154342
158629
563512
160079
129239
166942
134041
144559
177993
130302
135450
189792
146057
142832
149903
124728
139572
124838
193499
116553
183156
167278
158049
318643
212770
120688
192060
212360
196283
135776
135214
202461
120813
180236
181282
164225
129647
160452
129124
159568
157800
147911
131293
151632
133593
139980
128219
158340
123334
174542
149518
257489
126461
193471
120308
118890
100593
119765
161821
139640
139676
136694
132420
157879
148139
184155
107604
122302
161733
147902
159880
111174
154953
200121
118506
140479
237774
162196
138838
185096
175911
181026
187225
125493
207493
116444
141460
169575
162531
154701
167909
198415
156899
115036
159622
200058
168336
181301
122246
142383
121873
139788
236903
146877
144285
121300
125225
124597
128894
172113
180607
221743
148501
200926
149651
127926
182145
162360
140780
166367
131145
125725
173943
134280
156822
152050
178669
112442
169950
203263
173327
135878
174106
155001
134183
155589
124943
175923
120399
119657
162670
126841
177532
143901
121515
124088
177800
158949
176864
191399
156554
127749
145037
140272
131807
199345
134798
139857
160258
214524
149153
183508
175168
175265
124680
152699
120675
179365
184702
144624
174164
125185
142732
110175
195276
175000
169292
150386
129827
157879
185671
162379
153270
159877
107307
127918
139395
131907
146382
138920
201346
158680
129835
109775
165373
156890
118999
112962
132615
113125
133712
130246
206895
181592
162897
159850
148892
122782
46361154
42172945
38047187
33912589
29736226
25637387
21488607
17310438
13137530
9006022
4861641
743942
143931
154308
189135
336645
220324
143587
151624
236066
233029
145173
146799
165908
181673
144993
172187
159097
174168
183678
280580
165671
158418
152594
153061
160104
137950
120815
140450
162518
102900
157603
130310
150937
136865
189651
172466
110073
115423
171090
129035
188851
156774
135076
171150
119683
137628
128109
171175
165517
149892
130234
113904
129624
113007
195173
126741
191468
152704
154654
289820
164573
140594
123375
167860
152591
248987
166686
190091
163585
183289
162274
138381
158853
132411
166569
269021
189090
129868
258999
158918
123421
200723
120391
167212
117907
224501
135507
172243
130412
152870
177140
162365
148870
176669
128788
177991
146928
168761
184420
129266
169719
160989
190208
144912
141100
169763
138576
147155
151916
131746
202040
241031
170977
145815
183085
169541
168425
98565
145465
145758
115848
145008
156848
119929
107237
150606
170318
170106
170122
190869
172624
203541
140678
152789
139610
120286
246806
127907
274577
174709
137382
119903
134122
163725
137517
131293
153241
149218
159894
166207
184656
121185
137936
191073
136491
123316
160655
133147
157994
127762
132836
125799
188171
171489
122246
145908
138369
131085
121628
143047
163395
187448
204781
183807
119335
173126
178002
198951
131396
98810
203990
155635
128772
288840
120103
173451
177613
178006
140808
156429
135606
149081
125654
158174
158859
184607
148239
198874
123106
178570
164438
161690
148048
144787
216549
161706
175556
155938
133361
156772
144464
191864
186745
134397
145628
129673
184438
170039
141417
142954
137212
148978
157413
126809
179457
219158
148398
148940
47012858
42818209
38686311
34540909
30376081
26258530
22122232
17952399
13846486
9709048
5526810
1392586
136399
135266
144831
219167
170027
125267
138032
215032
149093
247651
171774
170315
179952
125562
138807
182071
148751
136341
186889
153743
177960
177748
101911
133337
197069
226460
131435
164469
141911
130931
123793
140025
201645
167142
182835
128442
117747
157960
139235
114596
161816
207457
154234
139095
151021
186860
136717
181524
175725
114892
130254
145454
172670
178917
155247
119063
222592
216788
195030
134888
215320
134501
93688
168676
169508
174214
175553
125850
187045
162915
125634
178569
154091
190889
157094
167570
160941
115894
129239
137615
189105
153729
174627
188017
158636
149406
133901
123162
164453
208114
190167
177684
147351
155284
162039
113916
135839
180307
126675
176476
127085
133886
140734
149111
101752
156216
154351
127287
135809
177772
159784
166490
121246
193398
143992
127252
111908
132363
138691
171089
139921
133999
112465
118605
217662
127224
143315
153242
141351
173175
179552
132572
124103
148379
133673
125011
122543
146717
165056
170486
113408
136181
194631
182729
196535
152790
124071
166490
152398
130056
197963
214567
134935
179589
139563
156871
126164
118607
184959
205905
160343
209299
113711
194652
135280
123422
149462
200701
179462
169174
156624
155349
122220
134233
115015
169132
155241
122137
173367
181162
152913
174111
173939
183506
143984
142877
143875
146534
151430
167714
126059
161959
172181
184116
134003
134987
163062
242325
147578
155403
179587
171363
134624
146913
169559
139940
128391
144135
164621
181374
144737
136026
164967
163202
141236
127038
120853
211283
139535
160965
159355
148937
172899
172583
179537
165135
139261
48495695
44293633
40157112
36020263
31848687
27727036
23601886
19427140
15298085
11179882
7004095
2867290
204848
123402
172615
257668
184928
122289
188622
149128
132004
108145
147324
198870
168907
176646
135460
197408
142410
166468
123926
164151
150823
159772
163190
147482
130876
170258
156917
157226
150138
134378
157874
171137
137627
233194
156811
149827
132703
180986
185330
178094
153248
163770
137001
156468
176586
139230
121601
172527
121116
118504
127555
176325
120788
157536
189974
161211
199205
136212
169179
127582
150055
156098
151046
252931
167386
155401
176391
143278
132432
181871
191662
201247
112607
136422
158282
177255
186111
151677
203078
121176
140111
218507
183305
140743
156865
182295
145289
145638
190382
174661
133375
159621
145921
136518
171138
128192
185539
133026
126972
172559
111043
158763
135829
122774
125271
127681
185394
127794
163107
148563
153704
141090
142738
146007
141324
143505
198262
169753
185044
109707
171855
106651
124649
161186
136780
144677
266319
170897
107148
114699
268077
166872
171943
147238
190802
264403
132642
198281
135526
130650
134360
131864
163985
138121
160736
133547
177413
140348
172324
169310
136624
162731
131342
147349
169640
128333
178402
118101
150288
164186
190688
148158
154116
165093
139502
152656
256199
118687
157128
136591
163161
158270
120205
174995
163463
135339
146966
153933
271768
145992
192670
180016
135022
193202
151717
161345
154070
140400
187907
128076
151392
132276
128176
147455
182019
183887
153582
128415
134748
152466
204427
165724
176699
143120
146588
106431
158183
132166
161269
125728
150384
197686
161484
172016
158044
177105
191296
133462
122743
134041
141062
161658
245829
188645
193199
130624
136521
48891302
44721462
40612657
36493597
32316010
28176092
24039535
19865196
15726148
11569767
7399473
3264443
197425
198263
133571
197132
166322
212367
149162
172552
135594
126089
138855
120809
216100
134143
173111
141404
126646
165687
144265
193498
136762
151561
150279
131180
185571
163946
179714
142321
158702
143563
188450
170006
148040
120558
145871
185880
165101
176766
191614
138242
133175
134870
137240
130653
119646
604749
214317
177094
133851
157189
162536
131125
145034
164606
146133
139282
193409
197072
135019
152985
171605
191494
201333
207910
131079
188268
130805
218844
144010
120504
141388
208536
175770
151532
168801
148682
203738
136288
196056
139033
143600
121758
128383
156250
125640
125613
163634
178562
121388
153227
170956
228137
180664
131950
133904
119969
219369
168518
146027
126557
198679
199651
131686
126680
205220
125520
154197
169815
142497
138483
134323
179607
187501
168266
127316
167153
170387
157858
125049
186017
155259
124854
133995
128726
169793
217986
184109
123355
162826
136945
135731
191799
166538
172340
160916
253570
173441
118277
111350
196858
131839
158892
200677
142528
164940
213470
184225
129912
121787
131995
147540
135150
161844
122718
150727
149681
129331
212908
128104
137266
181133
104512
131216
263620
