1523014
502193
310001
340775
387676
317401
394221
824644
481317
402904
627839
427254
49126955
44895074
40787463
36217427
31424481
27017432
22881158
18653652
14397224
10171231
5813644
1674976
7281083
3172564
2272973
231390
493632
441808
510589
654382
502849
343940
303733
549146
937634
921733
457301
203341
687879
579146
545227
512528
533458
479321
597130
517895
790274
827701
299767
324856
651647
971043
948937
614820
684784
472007
448861
780770
419302
484276
1137883
553248
840335
256696
277045
1142024
562600
437628
379109
610689
690909
507598
288729
975743
1057713
385677
534891
1030206
482053
1052906
334804
452557
486347
451380
394414
628218
817077
467829
838219
1132557
1160606
436580
640956
258113
515250
311320
636993
506317
442071
890828
769580
331440
532062
435587
617659
455042
746042
395894
745641
197934
394109
330219
273413
801630
519822
695565
298247
839040
331247
491642
482409
477929
4026237
742577
224618
607515
672976
16443342
12197622
7503559
6163676
1291228
674169
1954773
407538
559780
478125
342028
506867
522244
881255
450148
719092
1210110
315685
647633
596156
323456
410886
928446
802907
557868
395074
507772
1374918
532628
1299397
610941
581501
709013
395471
749290
984394
897218
415643
10515002
6354259
2580954
3608211
1413620
455632
518487
393131
319600
670567
565579
660385
483363
382660
640051
972054
446460
499809
871355
517478
448293
304873
338599
739522
1088528
1507497
335190
836780
465933
491941
783666
607153
1007668
421716
501554
372084
320628
658409
514760
747319
725335
205097
497827
492946
952821
501048
888732
595299
484838
702760
521248
992823
758886
879890
671526
419530
47132397
42261468
37694808
33185573
28563180
24094532
19670443
15295267
10827368
6152401
1681242
7282488
1857052
302584
399834
694679
2062450
255123
472684
785300
309873
508743
533393
268613
521099
598816
618060
384007
1117152
573013
415481
501493
532991
406636
665950
602321
759798
1293194
806358
1690371
641400
951540
1021142
687971
830166
558480
442066
717459
422596
743517
905461
534643
404178
738726
957331
886690
462736
697962
558700
289098
854475
495073
797980
765468
614560
298014
667438
481442
633652
925416
534197
468323
471964
526848
1266909
609378
541588
466242
500375
855976
895233
843436
639927
1643764
683820
485483
424088
897924
555448
642740
315122
1142286
445638
604780
399799
584933
647251
421917
985022
512941
464773
356613
638865
319232
674237
408546
435994
556847
629193
494668
382577
442344
436823
705259
860608
597701
419498
686503
898891
494057
742436
317902
600878
578887
273804
291195
235181
614178
756622
382564
645762
496595
6612147
2352970
560010
767924
859395
981806
356632
407103
309287
383991
369673
1093865
514231
297248
747116
594268
314909
744329
570775
847348
341401
484147
331213
351638
499850
354118
961569
900359
535138
1293256
439866
515730
494998
973744
479698
436639
686513
560870
404469
397245
397662
659791
367691
359937
393228
273326
321371
834127
425650
451972
866621
985203
735126
620224
494342
641818
752878
539079
910129
317270
418522
431274
293698
1316708
1011343
297316
479748
389840
871150
478013
339564
372487
631650
575375
909014
896208
208939
337199
50871140
45416335
40428970
35972406
31274082
26830161
22315270
17863443
13502515
8683352
4451960
7302698
2902550
1451922
412456
1374993
380321
634631
838726
574921
555298
477755
532126
1406643
1059958
563444
791492
1766515
1016625
803366
441705
547232
370763
435168
706831
635659
428976
1087156
547397
427646
606376
1192403
453515
506617
513821
541754
1101955
431527
1062039
203452
859575
530894
336984
630767
668378
817633
517981
542865
607508
640407
628263
249023
896082
522153
658454
407425
727534
575665
880419
789556
293284
1241664
464617
489985
413131
361313
736797
629252
499422
838757
217393
962918
391184
522155
407137
802977
1058831
489623
729045
649988
1244467
326057
683197
399394
314313
271706
749605
444027
896902
486085
567086
429811
445783
485731
321700
1078362
600583
874888
225589
295502
340860
327310
586630
686613
611358
559422
381473
5173512
367267
234888
398758
892615
508362
641810
503276
515094
1318056
739014
881050
403285
871494
796263
535083
489284
749693
588018
390013
701310
564449
285003
623978
242419
372971
489866
372142
298273
576438
479078
575794
231302
559035
472256
471856
759120
516521
622705
254435
648410
788949
409038
563265
433637
554984
293105
573460
286736
269356
522207
471655
678346
733059
1024734
861374
432944
925536
563986
692728
343468
553558
152225
394392
565440
435754
252482
1158833
861412
782763
451082
830172
723458
673883
705609
788931
684018
586599
622345
774129
449813
722229
466099
618421
389676
1290313
487945
370144
415657
695700
521770
499424
736698
49894131
44485584
39901165
35338654
30838446
26315255
22151437
17666730
13399428
8794266
4197514
5611670
1229410
2541744
569954
1062223
360828
1101212
643006
696332
907343
738035
336876
546681
260104
300110
944760
770870
756835
1617843
345330
426142
442986
665749
515116
565538
299617
716881
737043
560942
589697
349309
757166
369748
1866154
697826
403195
606410
298185
466991
493705
686145
639733
402626
718564
425214
428218
484708
1036856
278018
491375
365299
536375
423831
836468
627516
582723
651795
956019
412985
262456
360511
329842
829344
605534
423457
506567
587022
452159
449242
937344
426359
336023
531451
993686
366132
736943
422499
625138
1060797
262517
885349
275087
637333
1132692
641185
543793
1261785
515218
664470
1043966
498670
2191235
704382
883222
339928
384741
603327
416390
491923
332729
367594
1078141
423079
335860
833081
1200567
708268
415991
594392
781460
617355
510932
261741
294504
515043
532073
322626
313502
763061
386572
670052
629286
358285
462509
704990
248359
437212
281330
871075
231875
456174
387115
685308
362512
842995
223857
288910
644463
855410
768362
538308
383317
865078
277848
553740
370383
312237
481110
1131687
419873
404230
243952
514553
518591
260209
844442
266300
648686
517401
422928
312364
470446
412706
480872
297727
558197
369478
387776
230953
383221
364801
850391
1072766
889807
3094898
540954
328855
595568
441264
666546
463021
361869
716878
1127838
850973
677143
251431
835281
707292
515984
863987
593963
998030
624484
277104
1066281
420377
533179
329616
570858
49614515
46219793
41865010
37743684
33248681
28754781
24410719
19897588
15481234
11075440
6467261
2025650
4593169
1555355
1395408
672311
741295
495461
457302
403183
417621
1146546
409380
274065
912211
834085
1154978
302510
393537
323225
1068529
197528
923980
877897
464750
409051
318958
688824
630679
378223
425317
973424
383385
292933
382322
554761
353295
814413
600052
640902
302718
775606
601567
517361
622565
501094
562666
802802
514091
544034
446781
914093
353602
303069
976364
376622
228448
436034
550123
1430108
510744
492577
531880
636773
376575
607468
684885
640285
971928
838339
271029
381601
447985
948154
810712
735545
4433744
348418
278839
1313237
532569
387933
324321
664234
921012
1151699
1029037
652622
655385
375570
372689
211492
605048
398905
979088
381753
359825
535559
362841
408612
217233
528876
254385
463479
902111
761574
365273
625430
394919
422198
930359
225564
220995
885787
465303
715190
455406
578387
493957
489172
701547
699279
252035
447409
223957
617371
512617
696700
445443
529459
305783
255478
592407
536546
421217
445965
209804
470037
535557
265219
271578
598084
337357
369260
227365
331018
489321
280757
525058
510955
409245
640627
799570
787443
306442
543648
338558
451451
239098
416919
334060
505191
512325
581978
507306
568277
359555
365156
397556
539913
388643
970673
671804
225595
461226
3063945
1071082
1288352
417434
836267
288275
497365
302357
329565
318763
530226
285373
612946
407837
235761
713408
1324428
889405
358722
735724
570327
569791
781599
708952
678783
283342
439172
48183451
43623120
39245602
34879132
29991452
25519806
21065338
16835349
12230763
7681709
3225917
4255304
2128268
2615646
269265
594732
492115
301827
660097
641075
1055727
518681
303428
1557317
365303
524522
482050
532486
618901
441863
1109020
434670
371796
385542
623160
773055
1295045
469452
401060
269173
807365
451982
454574
446400
509540
692671
440897
535887
495183
577163
651743
516056
391173
536836
817989
1023147
951437
652123
720247
436562
408417
409585
1029628
522872
305306
954953
739882
424587
259743
595420
543907
3945079
2230576
632653
575478
494069
655359
504478
609976
495558
471007
1491923
625623
409525
752474
1767480
716493
370995
615929
324350
912482
763556
356171
541553
376749
391296
890178
618584
854539
499693
991942
231356
235912
693147
274096
552351
838635
321612
472268
552836
327664
552042
763035
446398
793180
426438
622363
676461
269165
231164
707690
713969
289997
551180
547044
428101
448324
741901
287072
707224
526133
1273756
1059489
547540
481064
486201
978730
262053
516262
1039658
389830
633305
629608
342009
745879
616763
609805
265842
490138
1251101
650659
741918
577467
835015
614750
370441
397568
305869
612514
547051
532748
467895
473185
383420
357074
494678
634731
1011671
703889
730072
951242
683968
1393471
393492
576094
244760
646516
695620
498307
739269
1061673
286984
612567
460927
543037
585107
2801104
500393
1179302
481526
552990
1102184
369411
319002
1158982
678805
683265
347093
664199
526114
607681
313490
171138
593212
479142
797785
1072116
575849
1441668
714291
49190729
44125416
39472673
34670296
30132742
25468588
21149872
16556840
12262447
7733281
3201981
3958381
5408199
2020320
703546
454271
716284
573963
458842
342096
1520506
572005
625667
746646
593444
276197
579595
358751
372319
320722
544917
709898
173178
816663
533378
830205
486398
458445
403940
322762
265474
316271
677351
333838
459408
437269
1278569
369372
767772
957380
355553
733942
360860
566058
473446
652889
379990
323524
446630
1126951
1207459
921349
3301976
589832
628299
608288
427256
263950
271307
370605
1320427
628102
625472
689415
435536
354593
469596
833881
584203
435898
451730
446124
630559
379441
732687
658271
186409
246951
923977
328325
401367
938671
578550
577109
534907
294783
1179497
589522
376905
453036
568746
384420
688593
627948
518451
912418
586633
790385
640258
288861
694539
373331
832129
637858
621372
324290
287169
1035024
1223213
466010
568351
367966
442381
450055
429322
446891
703200
342946
392211
609072
678173
977655
446425
257538
566265
457053
750495
517939
631250
544027
510592
270270
490741
728072
370600
761748
535552
684597
735076
433378
1141752
487177
484971
717740
375224
524936
533274
242511
523665
966208
189895
645737
373865
383312
1207829
437996
580319
453172
431776
473211
394950
736835
1489313
485867
330802
415958
491588
274305
377155
218671
407008
518920
434617
462278
605918
396982
246908
485651
381898
284118
415813
915145
413266
219362
327523
213089
588716
277551
391200
415886
602655
417967
403928
209899
436718
460511
457226
613587
399951
796645
49162629
43941025
38568743
33798808
28947555
24393729
19656228
15471920
11077736
6460134
1927587
1936429
2860810
923600
590775
651426
330623
936993
241136
282024
401016
408324
715888
443882
726804
653287
822657
436021
642946
438029
366284
465187
426709
486761
697547
558654
260985
559436
824813
707387
817090
575664
650821
594179
345537
813454
969629
500764
828461
585477
491661
540937
506174
793024
381770
544218
1558988
2637160
229817
610878
248101
303800
547035
427453
534404
435533
561022
298588
766624
704578
284547
453404
500822
811561
994268
458686
865267
387838
553000
380742
498917
268012
663389
330414
1512623
587020
807242
923878
645273
807133
463497
437784
545500
273227
136032
1227678
1007387
310019
1473435
371555
386049
473154
393942
596792
626568
1402146
661133
723936
579507
457334
604486
427456
587486
375444
282770
229843
426035
516077
2915602
398350
273729
430639
561642
534010
455192
207150
599643
550286
550743
352745
814694
419857
592780
565337
363396
285420
616763
573937
649449
601355
442610
602023
342093
622307
684370
394200
380548
1023608
496268
526534
360731
455367
847347
1166119
505068
214317
831434
556395
312577
381657
540881
889362
785648
384111
754626
935209
768039
627176
607881
408355
645343
704280
986819
230887
471420
424939
1232042
877796
772340
456157
267387
773304
1027330
913409
431608
687273
391402
214233
499595
627668
322001
1148756
379657
392078
299240
268632
505019
765208
902797
658726
264577
712920
323464
456788
345290
472833
400544
967624
486570
490142
49463534
43906280
39362181
34847887
30156526
25605345
21026764
16104449
11819841
7408898
2791477
4401959
1593079
854084
408033
390537
359667
860451
716046
441338
376677
707867
320857
256619
1284781
384584
496003
614579
282633
224137
518146
613997
451886
515830
1076364
1514884
775618
544859
344570
461856
1149442
287447
677392
674677
637376
302882
287125
696072
554013
828012
827915
2126802
623305
4308418
1276172
585946
492196
805692
500229
605409
417934
1283312
516380
430191
573072
875322
794993
1986947
1251417
936583
193147
375098
223722
674631
231079
597356
804486
317395
1245613
468180
478811
262102
922634
548630
570968
548602
568452
818074
647346
394407
328244
878165
417674
259911
619711
1180219
597811
669416
378692
685171
592807
649131
439163
1012583
668325
635176
816637
439509
270117
622627
747844
276629
613270
895489
723231
290202
321972
515517
801592
714605
941914
918719
330328
617455
635165
911358
245336
210187
1597180
550731
348200
660090
799389
1203833
860576
642951
234079
310572
748281
472865
677598
1014869
573900
455867
512866
375680
601531
649183
363140
354958
340211
517084
311738
984909
473900
491287
652645
486804
280895
648218
598813
338619
704693
772469
394264
798723
989643
391457
1202429
471092
788013
521185
415367
825004
561831
321078
452570
325958
570957
716018
663599
777444
523277
464824
337056
625985
1042714
255529
838723
1038764
773951
412744
779785
362002
828019
500180
748933
657140
467852
621338
465049
800854
708557
451892
886523
306922
540820
772349
759765
49455041
44738202
40099504
35717737
31225415
26674953
22322717
17900096
13257117
8829523
4255343
2524185
4967549
1865140
392554
571421
540495
794437
992408
574406
524302
167165
1145271
562867
870996
413959
316191
224327
719226
473186
312851
504375
384426
1279922
327678
274092
530450
497506
594693
667748
632552
285422
382225
240254
787500
430346
857889
471393
778914
464748
578674
1111815
3777781
1790543
662516
396201
218261
378353
454847
669792
631925
364875
579230
694053
282411
448432
407781
397877
642792
776030
456158
374988
508299
385166
735853
940013
508304
438409
297276
658568
386549
314755
316550
583385
746003
761760
235123
383534
612770
917292
888501
173287
329963
250213
850413
487548
524128
894473
388649
417134
379172
463553
364943
445576
863203
286843
559266
903052
617357
452434
372645
331069
280189
568048
329749
288803
784008
261230
538540
306317
361650
348505
379187
301095
356599
810428
617724
595321
235149
510046
502387
591804
580128
379314
334793
370698
428857
1053068
501788
1030906
512001
465915
440202
196636
181441
491178
264864
358181
678059
1073292
639619
524796
1010491
553942
527558
409493
788979
731982
651506
546542
486776
737218
676971
288253
495435
316915
640405
849864
679874
547280
376741
381746
465088
267695
675903
431136
631748
610632
333566
372926
1017546
602950
451583
814054
487266
298202
615474
330079
1001583
397861
564684
348742
1054623
684002
794624
687218
1481704
370748
912997
581487
591800
455565
595675
721710
961831
549491
284587
475627
383139
527957
490389
452369
486184
48311636
43110678
38493975
34217936
29856523
25461694
21046463
16425810
11939738
7442470
2754668
7797123
3395192
1043467
649498
409634
599540
930508
561509
698091
584272
500615
648482
395899
265294
510837
359309
273249
563061
860133
440993
471700
582032
917630
392996
373199
1272330
353146
651054
881968
723210
578633
425145
724402
440801
702827
723298
4779907
1439243
1216802
925235
521413
721664
278983
295786
850709
1049915
284420
693178
369539
804000
771720
650888
753712
463480
463450
969855
1112511
498163
430690
830062
787415
473463
861570
659423
862205
271551
765544
690203
538475
626063
414332
796402
858949
597862
686107
719312
214551
760064
736467
402446
1026870
361483
275448
815459
516913
631749
347728
486739
223897
406097
585827
472464
544888
447291
256867
533270
577401
675725
743054
457607
434486
488237
514449
682594
408628
547539
940386
654998
417195
282768
574546
937002
363257
514702
767348
339086
2209770
610142
520848
348465
258231
688811
786163
866888
417581
604921
688332
605740
271080
586031
688977
510268
421508
1102468
807889
1049989
631105
542845
471022
625625
783171
323675
733974
584161
662430
373365
327655
612874
166307
510525
726544
990373
756515
795951
590483
376573
426346
312024
574594
284476
516187
427457
356376
612787
896085
478618
406884
497940
533649
294256
392982
539418
368243
435109
598523
215202
512791
974394
281396
722071
1356198
705464
700256
464482
843975
333007
680382
1058364
2574633
231840
306168
449626
293955
618056
582870
397347
1754017
462653
385770
50086597
45035124
39970447
35445184
30923437
26366961
21815304
16882872
12557910
8026225
3570252
2457228
3466201
2183170
752623
907204
347940
817222
316258
562012
379470
636189
587162
544603
287369
379535
715650
350845
529711
201573
249352
810053
447779
615297
405413
146813
370914
366196
494512
539925
273957
525998
508529
407965
575117
5281076
1071012
934836
507961
1181391
401963
297573
746391
1228122
625018
591981
385468
442235
790413
266239
779313
368256
641881
446186
512516
401465
707918
823589
936485
732576
673055
447362
376445
360773
464628
756474
318010
685480
366137
769057
635509
434405
473317
273900
445402
297449
401072
404438
418517
336521
412816
1126017
521893
525795
422584
477546
1034015
560777
303468
599917
734341
409959
858110
675360
478265
466570
408810
278548
267999
1109735
296198
776644
485900
815779
1386609
499077
758915
579303
488565
498829
210791
469996
614338
1287602
384236
1016701
787227
743626
733779
233466
518993
539449
4035002
360781
901075
538120
956384
398009
636155
621202
911438
1132213
623502
926920
493406
236555
298694
433032
957273
447981
543858
374761
690989
448399
655763
1269948
450585
660636
381702
543034
378100
875761
840363
470823
477870
231576
541750
334550
399883
673391
773480
686602
497929
383742
636543
692428
407806
863570
544295
1004434
1471353
738641
189229
297659
283383
1148845
378527
789473
1138060
380331
559797
787594
466802
1720034
515133
693656
518456
508610
891718
571479
475039
447026
665004
876642
701159
643089
287222
842791
382559
467016
47450192
42208253
37812209
33149134
28703779
24224797
19471664
14860955
10476841
5642609
1313768
4304010
2340923
610586
646128
467919
379415
293817
811815
493494
420990
443786
649268
751158
653658
418315
491090
499349
773978
699331
626427
625284
697820
232770
782731
493349
734362
701394
1026698
388972
900399
562537
403263
4537914
1874488
477832
1166306
1703901
295950
472903
366152
907227
395038
634276
340071
567247
1102936
362899
397560
669912
447392
872710
432479
499697
553056
308777
2074077
597717
467953
678975
520427
430188
293481
509775
374861
278158
319870
1218334
351695
751514
615964
598676
644497
483944
1086653
370389
182441
1173793
332083
488868
322968
599328
253082
541745
416764
932198
378065
849848
646211
664417
658062
658511
424255
364119
986461
243054
424110
417641
908951
274545
469011
474779
381705
892379
862569
428735
649664
374025
1030705
368723
461052
273039
562103
420465
943868
552204
544839
406144
612149
535709
281786
489033
337888
516663
545295
291390
444719
556670
378554
1425809
369449
456263
382814
1012995
724029
503339
683482
705690
421039
891853
345671
338730
407323
286220
561353
839931
569826
520929
574568
323551
411606
750092
384083
294280
560944
463196
411037
601509
474123
366237
1046134
796805
613764
474491
520492
746417
623522
431577
582752
543112
379429
283058
308523
408664
314389
1206273
779714
549299
599655
862065
537511
569327
311153
568205
1157408
370729
710704
611102
630497
489074
542007
389022
757301
488701
542386
424327
672014
481741
304132
1926718
49303063
44275007
39373203
34765124
30438578
25926467
21678209
16867694
12477027
8012191
3366431
6722123
2084900
1388172
413896
548965
687575
538160
377745
356830
781518
507335
429099
744122
377934
643706
341460
946612
646616
619784
610900
604667
490397
628934
327893
185397
238983
224642
777553
438173
545628
4331487
1189576
673459
276494
474602
602176
767535
891544
286089
637490
577726
351375
850724
431260
574175
890921
584646
402163
386635
934046
326082
366472
413362
673473
408959
819363
723909
466024
439043
416982
885645
419423
586089
553836
603681
413150
657555
285635
1008383
1089792
749200
636671
560875
636503
480490
247324
493922
262035
677235
710150
280821
571969
781259
361736
488466
253714
789362
336534
852169
355096
617549
462511
543719
449532
555895
458420
434233
515209
570325
700917
419206
304719
1387766
1584091
587429
586038
368779
350308
764116
490724
1033287
875408
496139
410846
825250
723680
366074
515502
360601
1053149
885627
937481
710055
735638
543649
637139
951002
553825
674683
467945
1031195
409394
440206
3230060
278177
775198
639649
648947
566722
1002193
578684
619100
381281
482672
739134
550857
362565
499628
569568
873158
510641
397114
836908
555672
565192
472361
507482
383603
428867
363777
699992
648324
555234
814987
539516
945034
502618
581855
847359
634754
670618
617888
509806
918571
415570
318458
980792
542945
1225335
786066
478282
518113
569734
590222
1008085
425653
819325
499920
456796
635137
820638
910011
673229
289134
309892
527050
403435
581260
423621
463471
48316004
43419592
38769540
34472267
29877944
25599078
18949894
14317181
10020988
5658232
1377118
5932377
2208643
472640
856112
946780
367150
567528
599933
752869
835702
517726
484858
602858
647994
575442
563857
336496
329969
501483
562212
596863
671312
820032
684752
853593
1032929
422661
6737143
2921988
786412
938292
601570
440605
338999
647820
385138
353850
998672
349777
720649
416374
1023535
705047
253032
575382
1151112
815363
1023629
500642
514417
431864
640825
373510
233351
783193
528133
424495
501007
878511
1090310
807002
649973
675947
596203
591505
807442
312630
3563637
590906
604288
1026724
1082914
423787
286833
326675
428837
938585
737722
904409
664920
646426
392371
564596
394898
737412
644380
448533
874170
397524
709607
578139
444383
423701
438515
728462
345411
591084
861903
1307146
1002089
514097
480038
805584
376040
774702
877767
531730
840324
281293
331772
524922
364330
468672
300966
491221
856639
1123547
444251
824544
200189
356152
508930
652318
813590
607702
713307
288905
374868
406196
611543
438420
327946
898771
1097558
811617
362944
866530
697209
560626
2750595
1111757
1494423
887338
1252870
415190
888756
487373
699932
399276
678202
803841
1028555
146218
352874
443598
353618
520531
440875
719556
712770
495711
569256
719440
426277
522940
549903
560681
532778
557040
241164
1104916
557628
736894
885152
640994
420542
466443
570383
608838
609911
444988
682436
651078
261731
750610
352844
347196
344987
1042465
431271
519137
480488
703076
882335
764368
754330
641990
583291
575134
743482
437323
46873969
41848616
36776542
32355985
27729029
23062991
18597757
14087839
9354212
4988044
5019866
2941183
1118378
422157
656600
484960
645470
771325
837388
1245650
329981
403012
1194462
351869
796790
998433
655603
414426
659707
541824
564252
479644
726222
491393
416445
3399873
1515760
309324
439616
867476
767558
971431
471461
557956
854071
975340
245402
373765
233979
239058
582059
1054900
615666
470286
476100
435892
545889
371603
239255
606517
1163429
501363
162654
329846
292563
372801
331527
430207
778123
1358497
719540
301600
603600
604084
685709
198900
470940
429517
898131
548963
400502
548131
1942495
461654
411994
430551
536747
666851
671366
846663
439271
1483407
632090
667917
276252
591406
682637
123034
284897
873767
845285
791239
484647
780816
268594
373555
340770
426786
288536
390987
898045
1241315
601844
1001997
530645
733781
1080793
489413
279324
641800
611832
426331
878106
520205
1220676
394741
493131
630632
403731
589742
1388505
891005
372906
234775
693939
315786
467364
575900
570599
150106
261531
322435
218780
409555
249897
793942
450700
1224091
489389
502474
755953
892126
1098444
360771
460586
1712794
836618
967740
858184
300694
785288
476801
253837
858054
321928
718846
276091
370138
1021888
679463
1167319
538535
506314
1149966
596407
320612
485415
331820
595288
1143206
494618
336114
585703
412694
509632
475134
418099
260078
1479312
276934
543010
394177
426731
435869
283474
929927
472389
396733
892086
466390
387442
563335
1103211
727165
977404
174258
257084
344808
873264
462311
46611954
41655451
37109364
32032587
27264900
22827096
18276186
13830361
8951794
4580930
2013194
5150491
995074
407661
862439
764225
2792384
498160
643841
784147
309969
1142395
709504
736803
391724
407820
443198
247414
184292
413498
430494
234809
350493
832486
1130599
2021528
363106
1339935
826490
420687
898930
523120
526205
401871
243187
595345
531665
335902
459238
331477
345912
516539
417765
491176
530440
540466
240367
539045
360241
519748
637815
655151
420758
466796
583361
399462
811480
324563
495019
564643
696103
490423
435099
309691
422137
525007
333739
953063
393552
591828
593904
605855
336455
681784
907058
264439
582516
384555
1329431
1788858
579302
412104
578647
416238
475418
522349
1325707
757616
388808
717014
450577
712630
308436
825927
760649
657220
1130748
463227
381088
980282
648570
725578
440748
476356
429251
717626
290849
473205
516050
517907
666203
287020
766322
424287
724593
600858
1315431
1374232
251312
413762
562727
225317
410496
279590
927670
433383
265279
316466
1148618
348631
826644
293807
613752
831354
218345
430403
442518
414942
533922
728379
486865
309889
734115
719240
236919
537844
496919
263797
1035473
501570
316748
1112214
567180
1698338
441560
563053
397947
771803
333600
755428
431930
1064116
660038
565322
444365
1083771
1188727
837081
614320
1151296
315541
406419
414131
359385
399008
936186
385697
871314
445361
588924
458059
380580
294509
459905
534562
235770
247277
541400
363861
483012
274388
422988
359020
432258
828207
814597
466455
762127
920077
567456
49813128
44717444
40052678
35431012
31078635
26598468
22313649
18144369
13503180
9140425
4569761
1983267
3640765
2819774
721831
368265
347133
677496
530788
534118
237898
656789
801729
756251
892576
689536
635299
458244
378755
753992
533352
481724
456992
668503
6457002
2814709
1367290
294756
396271
443721
199435
640288
522684
437605
331173
748901
444289
661059
227154
232822
477726
275055
385768
282740
430765
510328
609193
536901
801601
697074
842626
437151
544119
311136
204016
603491
1236789
422938
433886
729962
486971
572346
614806
471178
629486
209223
407424
564134
370332
820562
329412
437634
436279
245978
444979
567539
395989
372736
909504
805584
716861
373715
389812
325691
365047
522604
206945
541589
478022
435683
1185633
685746
284312
267628
465548
715885
562881
606441
365568
450531
660044
358788
784670
675182
299226
862372
1005223
365196
162475
485780
929936
381917
1052152
595103
888997
970464
845003
1178161
569849
655782
359228
1293625
527362
454146
552999
463864
442889
360172
401606
577583
477252
395748
206081
737329
597776
830031
376632
810726
338177
697511
440700
819472
653153
941565
366269
285939
321349
814964
695073
392741
163333
698867
372646
459423
809074
419581
241598
580574
272308
388694
572017
650704
425856
250656
947893
614379
874940
545225
309216
744509
658152
1162223
323788
659473
287701
1319468
839629
588040
402117
1065029
474226
743003
935131
523395
938339
371252
924273
1166148
421537
792740
462585
398445
458402
524735
332051
478544
467474
612867
455355
612622
845607
49504608
43929686
39255950
34712016
30398251
25753790
21555075
17131286
12493672
7970501
3556899
3369753
3726966
468362
702990
598604
653560
516888
593334
204260
450981
656347
315898
792449
338350
334646
767447
557551
571320
1139837
284560
441176
4544917
2504209
750216
599488
374768
613086
487600
680277
1042884
505758
1363299
577251
489396
943921
429738
456468
459205
322792
487200
619350
284742
726272
481756
840352
808800
435385
672928
956289
778353
239807
167432
677143
540975
631449
1078981
1321986
373704
1241139
407718
435386
445467
267294
818061
1019195
537710
624435
381727
690904
486723
263179
385228
714648
331128
221177
632123
1079909
278546
751908
332858
671522
874147
999413
485294
419581
380733
228420
363699
207726
668742
331809
3673761
328584
449755
384813
494766
266810
532535
198442
657559
752302
1101251
607019
599859
482099
590174
345142
633462
574307
541568
544463
737593
415422
266069
352694
268571
964621
880022
629402
585870
577043
570417
856238
1356118
968001
551882
474052
1055324
520631
493209
693242
1227826
172538
691444
808004
545584
577632
547371
491702
259738
672933
1180632
823187
596300
509631
613941
302779
490015
386155
306806
525644
616903
249056
747001
374457
647324
598909
550816
634009
664326
780317
337241
832160
513031
277802
340416
389479
477471
657388
290858
687829
821224
438349
485998
845346
441232
468614
675595
330257
584170
1026168
734561
612858
535575
424905
242389
331981
1010158
385343
900331
300071
351773
725291
922533
831885
568122
874334
1038487
900812
177057
49573772
44538938
39693843
35233838
30722589
26097173
21697184
16914738
12780604
8075395
3604270
3244497
5649037
1588781
892770
984574
707363
342725
1240278
430622
680869
248749
946055
320955
437464
231799
563227
470075
692150
945044
489641
2944953
760723
441866
329685
355711
975252
533942
405626
453608
684830
558992
862648
337378
343235
380261
185053
224942
395512
881857
632237
169337
312421
868930
205357
510953
514750
229015
338685
385395
594200
478858
439134
404718
432810
393444
611188
541091
407421
1452314
332284
203065
985245
330590
355059
418178
299075
485622
949022
804000
667243
338606
238940
746203
188050
1079451
601682
727039
598478
460093
667662
769232
372276
707110
390676
331737
610039
954740
488042
500197
475240
249326
887284
460863
425923
479424
663951
258918
691971
454681
479590
297303
337723
570443
1102497
1514096
188473
376263
310774
257676
240691
1152050
1251309
688485
378504
438602
540380
946955
372664
366976
420148
357447
565612
1113670
555623
430039
532683
254830
453852
660046
403970
206482
418894
855696
375204
606500
317589
365416
837343
169513
198762
361936
241577
458749
586511
235237
850085
314934
659305
607291
381978
628512
540218
577699
341882
427485
463659
255009
251972
769689
496466
889703
866046
302766
588174
544125
1016201
690687
529221
390328
217768
658078
1287682
925071
450733
442393
571686
1239567
295262
654891
447644
885438
379585
624068
337827
615759
596719
329872
715015
943138
434181
598209
420758
449210
409849
408991
642176
720035
606258
593668
513586
397414
49338697
44484875
39698044
35513526
30845231
26353935
21932199
17268514
12864415
8523410
3905765
5427291
1944454
1396718
289802
341441
627118
448211
558814
514262
678482
615919
574813
616781
422502
707581
314096
785579
2247024
707243
207705
309286
1052994
415652
854410
684589
667448
898497
379552
1078919
902259
545162
641001
2289311
627846
487374
274332
450025
387804
616561
403670
768419
495689
821768
567661
711035
554732
511050
436261
702365
363528
584181
872307
301661
466654
762233
416845
359046
577047
323034
272724
695269
454812
419272
600072
270665
1066749
547017
519147
1165738
418338
523540
187600
700334
321826
395215
603892
511742
670901
458504
316199
311130
495483
426025
702784
245253
410658
750241
468901
329783
690673
670802
284003
380687
555335
241156
265600
491229
1059757
267641
399690
462574
334916
397819
867462
3300352
877033
698625
620347
334379
669969
486098
564637
599677
541640
233789
431927
948348
304994
261339
748353
406297
475986
633352
353966
518439
506358
560929
819116
442121
761442
636493
552972
224212
629368
536964
639304
613887
303333
520336
682261
301290
713368
547753
317420
589134
426159
560819
379607
396907
399341
291256
276391
1030212
973914
414835
477720
471542
370440
736442
1489326
501897
1063556
323146
896190
596639
604684
468623
566505
811238
336483
1136706
710943
1021161
529295
466089
539980
1275690
496537
294275
357518
609814
393192
511007
414156
365551
518143
276677
1412146
439482
477683
720121
372537
488884
1606427
491574
676297
494058
641957
1353210
46935612
42030388
37492465
33075876
28449439
23803471
19294250
14493483
10270714
5621916
2187861
3484318
2835252
683549
787402
698951
164979
705296
401021
457137
462578
904118
528175
268931
623598
407632
580431
2479791
1184758
799558
525476
828276
332876
467676
546937
269264
401278
247119
1225390
569929
450950
614030
673543
448638
243656
350748
528326
536358
350826
652843
224364
478876
1054595
899918
242605
400717
476716
379199
529056
361084
370545
192011
630679
711343
346201
360049
342697
582768
448676
353328
532401
539624
440172
695535
534153
466158
352378
517161
859868
709318
622303
642725
560018
964611
637135
562657
326296
806773
245202
511142
259612
278930
481034
428172
772826
827519
432364
251531
381885
754484
577972
449962
368776
556139
804316
437251
661205
758473
274017
465359
446229
559871
257153
834687
990251
706003
810208
566817
876884
985241
538421
551922
914621
549795
241389
1187504
430756
959631
741244
439054
455077
314599
387356
956041
477701
580726
152965
301103
365358
319497
617181
1053079
259832
526227
381430
848985
495318
407419
363863
710585
1125932
872302
345084
310783
591831
448304
357647
312885
358523
921715
325688
722972
958195
592915
980103
464858
464488
698440
450831
352751
335669
612158
195459
302227
961372
332280
443575
229066
510776
848311
566200
545771
598216
344299
229865
632550
445059
619939
591328
431815
501744
258887
486646
550453
962486
522941
639129
464323
671935
1111940
1935047
601219
701907
985753
658600
1014492
577007
331945
252410
49307347
44117558
38672276
34363694
29706850
25402629
20897493
16162078
11765915
7338794
2861808
5599253
1226265
1278574
292956
662523
653242
478895
670263
1250185
453381
321263
400305
497146
534368
296169
2351738
1865676
776649
404657
358407
647905
673951
953638
528442
649663
396709
1187414
239265
479193
918950
690072
419802
248367
868830
1005036
587768
453495
479157
413340
1665028
191387
476874
551187
539439
299816
535432
2849425
422909
407015
460117
413894
645766
822454
308404
393311
864495
808590
587065
802324
290261
285200
1257902
847865
493394
587786
581994
325781
1118144
447419
374343
619691
265062
509626
530133
817941
277228
390848
607675
713428
795625
794150
473565
532479
414369
504954
367531
546752
389666
443788
299379
200551
267002
1194514
447951
524155
654627
380191
341969
309003
616016
739188
995892
838108
448600
284073
580476
585413
188405
416355
431074
539713
343393
754369
1089074
221532
368065
957058
579151
2089618
671729
632826
307179
501992
460906
749285
263939
899075
864687
352708
908797
340637
508514
448371
692369
523438
553676
604741
848697
336021
421646
367110
447297
402617
287061
523301
453216
490548
673112
475612
351217
216267
139865
841726
394280
1450221
329339
918067
580427
485862
605082
281479
494908
517470
338532
394310
371278
771488
684618
508789
314113
406290
868150
526119
333164
777612
474388
421219
188961
412546
670813
312870
474128
838770
588040
487245
538809
457836
1073420
328648
885319
829944
2181146
833255
479896
430669
468532
967993
533187
608402
49478875
44609932
39749802
35263210
30873274
26153033
21664505
17054361
12246629
7790621
2930665
7541653
3288560
1351754
1079888
439302
625940
1147007
373562
664385
990433
519855
1032398
398877
292900
2668139
3162781
815328
335327
783065
907993
427747
433873
576489
434384
695570
375912
219543
961990
356293
359408
711100
353413
512346
396912
674760
312540
667424
179487
535147
547006
682691
415809
221194
406175
335623
412691
381612
447098
703101
738725
512469
288644
839533
2550846
938110
250538
409207
612923
196268
435706
383420
1076866
601511
385157
457523
316956
790737
409674
451269
267167
272249
387054
384803
191819
463013
676448
742720
434860
735496
541938
420755
634764
443198
748022
1305940
405418
404898
196845
510060
594437
924178
482632
264211
963326
600446
490141
193542
591972
448089
518453
331097
441440
351711
1145601
494252
273064
482470
214690
235778
892360
443948
789848
463099
518624
308484
198080
474404
238451
1077351
313796
613209
319270
558781
1012077
280496
556265
441363
364366
1063204
564046
322472
467663
287068
787265
587290
308339
833029
298610
436066
349830
343281
561964
503545
441553
310818
626685
1168982
257806
202883
826792
329059
551120
483208
771280
305708
781421
520941
624681
558809
631801
454623
519232
923505
609480
716704
483360
963321
542773
427497
920576
587044
553236
351076
953892
461539
312473
252071
502550
409093
599778
263031
711245
883764
385422
530445
191129
259155
567586
488154
475046
619980
559201
513388
537588
783620
427844
278096
336281
220806
803146
48643824
43540298
39044562
34588910
30138041
25664687
21417955
16598628
12002532
7368225
3106852
3451322
2611100
638651
436352
880284
488810
403261
415754
885034
1231831
556660
602729
752224
2284013
463931
370504
529318
476295
918702
1048171
301898
524371
723371
570989
576233
434466
501104
397619
222830
650623
456050
392650
381081
398787
507729
591075
333560
948884
679606
255204
257636
297594
326979
344144
428486
349668
690080
509712
401562
578458
624053
237721
503010
590980
632850
379588
530432
309183
270618
468454
227489
610867
800946
792245
147306
523136
626710
567204
430712
752323
318109
349396
471976
505266
627577
1071444
627097
244125
338455
706207
417175
537556
865695
524689
350480
356832
613994
892819
237084
452066
401200
794715
351455
505360
731031
672895
293360
565390
397827
921490
486499
668706
341982
318281
360972
406637
610627
644655
486905
767229
458681
794795
826722
901506
379347
471012
300501
265857
705752
531111
679681
642209
320607
547717
460272
506969
620523
394014
550989
496051
602880
846046
2313983
822121
492822
513808
735320
943786
197688
404543
354645
654112
1415749
684564
496181
391569
578310
463307
576001
1121551
780604
517235
357224
526052
326810
362938
475999
766699
377211
406838
723319
544172
420664
530265
708177
545292
1194261
321912
1010288
447947
791341
569165
575073
2594999
1375867
684222
404191
633743
927088
953553
427412
553794
333469
848044
676067
477299
606447
305949
401776
957488
549871
165988
200165
361656
1617916
458512
404419
259141
595839
578058
755608
360540
48045859
43187819
38624558
32954518
28128553
23583800
19113831
14732970
10114986
5579298
3328332
3278529
1515925
480192
306876
570925
640707
545474
661073
646209
744371
2782141
1138887
1119455
599246
606256
675481
234280
294290
349254
616655
544716
413201
633554
714626
873888
1058419
579441
807102
384080
331234
485686
353543
646182
411026
702542
273094
501802
715358
332393
438292
267959
402161
331733
316950
357074
208209
273765
532598
197946
141750
932954
529116
687951
320524
284782
365353
501440
378863
493566
943433
764247
571830
700664
310971
2923564
584090
515620
781028
606225
265831
407336
309599
336822
501371
624559
500118
495043
438169
525414
330038
666563
256055
383970
327405
461218
386984
414564
531418
422659
314104
570332
677398
520464
886360
471201
867521
657313
424310
475980
556665
399226
582964
370861
399222
417282
494442
640537
369731
236812
492443
602758
381134
315999
720947
227915
666048
986701
387744
387726
275279
596207
747296
662172
496606
480559
519101
658401
804498
163681
336957
487460
417227
695456
610473
262139
364993
948035
605281
462281
874112
673233
185790
1117430
1183393
165755
371269
560068
548446
426119
447205
713909
523385
733341
336506
405022
586395
437091
1206626
717758
453185
495764
338120
873038
770924
479734
1049282
922481
517091
236235
328699
820844
271436
238590
473237
427657
524358
535851
255977
356204
1303220
578112
883532
576279
664073
255123
630029
224671
393370
342093
929187
376248
820819
659266
571662
490157
594539
342031
721119
330180
49498291
44191672
39171010
34565558
30130780
25821077
21256111
16634542
11986114
4623182
1502855
4218930
2856926
767739
282955
381462
397858
263207
313480
298154
5691407
2543135
498483
352895
227068
190904
300642
552387
287392
1027609
319931
512224
486011
646824
197849
499730
845894
959700
493774
463868
721003
457767
876390
667072
543289
1114693
669192
325916
698270
281416
959892
1190637
428873
838609
416714
487568
847973
1222757
259873
410212
817906
496388
417000
305620
818325
1708401
853757
360274
405361
488927
503453
535351
337515
816642
927395
289647
518075
521152
383965
484497
372370
2737797
1711994
385552
461632
780209
802305
609683
703728
1371027
1463165
415726
728616
399069
534556
330570
1019099
705694
446606
425448
563656
537439
487504
217286
599721
561215
370377
546096
418528
983555
347852
531888
745974
355865
546497
249708
316832
365707
513710
227086
691516
332223
916940
735133
720459
282690
1202755
457672
456348
385907
919062
242953
749871
571527
277754
221264
397282
305114
406710
355217
1396980
641656
516330
485696
557678
328417
881192
1239448
621231
208391
632177
290060
294757
472732
527997
349914
313804
513397
669299
647776
698055
580127
321226
534809
672303
381439
1023486
559358
632739
991589
916521
748124
336565
559591
336831
377165
702165
415621
280197
460193
604982
395756
562894
634931
628220
1188514
222658
430410
466487
646494
381867
727652
1624872
376707
539918
331452
524353
557334
375719
402474
283410
358689
1550330
430516
163149
747750
233438
435068
1084962
448956
48715545
43891968
38891903
34468192
29886454
25416990
20892422
16526869
12144693
7642295
3051037
3286081
4112183
530811
427462
524394
1507191
639473
1094790
757515
2951361
1237537
546458
434365
544959
386279
458486
985812
764763
313080
411289
411577
825357
506959
371885
604847
382762
266244
314967
324382
489593
569032
251125
1032910
550641
674823
628322
680664
430837
241281
286686
435884
712473
1182104
746890
801454
255175
399882
912695
290049
716167
217688
639767
620910
801835
429672
922481
277289
712874
371376
415725
844759
457779
341207
667955
352402
719558
328691
774240
387839
500891
485519
662274
384446
247668
552651
1055030
638001
1218492
1108524
630248
579379
827658
638339
332879
520042
297595
463876
607285
662991
845979
941463
520972
270939
567070
830012
392549
887940
505825
450006
497649
618149
635433
520071
513306
926560
490024
511582
788098
883375
477669
970580
802252
456132
422115
680465
315427
547286
204647
378600
372004
453222
356002
1173164
473169
727286
679319
448037
400318
734582
461647
1123325
728396
238025
405723
560388
509534
676984
717678
749003
418012
372796
491776
540524
662178
485176
583866
555204
598426
951014
916691
781255
346597
272993
423883
276950
397866
395258
557921
840374
716159
982172
668968
855058
603342
641352
486746
253525
386441
376644
305931
668156
553102
684031
402414
342164
644797
637664
513425
403327
431692
217801
217060
398181
787375
652289
402981
418505
784734
414344
1140520
354531
1107703
655408
995819
867791
404625
575341
904246
842386
49313896
43848066
39484040
34835457
30727992
26147892
21776692
17169778
12476051
8148646
3855566
2893230
4287351
1254841
540173
662555
343690
381920
569693
348360
2778804
652289
1145873
1599395
658217
648514
816417
614165
426364
244202
215502
725618
485814
926940
478855
663828
656851
1225009
771327
320135
697080
256052
772659
547031
949445
455090
687639
1016119
660676
284729
480428
909231
460893
337495
438609
1081126
599357
330956
281123
446622
688907
759290
1035494
681438
1000929
426753
404485
321485
382101
616189
483531
414643
460654
664747
933152
403909
324556
275458
1441097
1399840
572750
563556
707670
351044
492636
317613
889454
433122
508239
484568
313273
1437888
467975
559115
613117
1787207
1104930
688695
1022303
524919
1085107
586211
233180
796279
481454
357273
763117
263293
853837
963701
472642
732985
428542
355989
396303
654107
368719
858382
395231
399491
653195
691134
216169
284922
704549
1032837
845472
410322
582447
883710
741745
618532
672498
359109
1177109
873393
910483
859206
429889
196269
296072
839817
408879
611251
894954
537719
1327127
1021358
811449
450170
313702
349196
217985
394360
381251
1019547
331927
534724
396100
341530
515654
550841
248347
540206
607386
1227545
528294
428630
1660509
894074
644351
180793
320986
326482
514311
583623
604146
277446
635677
743055
290185
637342
405336
467745
429552
809104
971051
634260
479570
458395
372979
953692
420146
529370
382399
465465
266217
710579
645061
567459
480370
426491
489174
424337
406346
847515
877363
588005
1094328
822629
49485359
44150909
39522830
35190788
30786214
26357976
22030978
17436289
12673055
8176987
3920668
1695432
3574997
2033077
454301
408569
698232
1013000
390515
963596
3695230
1327340
665322
562718
797799
603126
1296374
477684
759494
745745
420754
467625
506869
1315673
574825
746414
459451
626273
265309
304006
428840
672799
727865
536366
448332
753345
483820
530069
671531
515219
327270
485190
587150
611952
211401
608335
597249
273904
708486
196062
323817
240288
697380
616719
516112
809053
260395
445469
717419
353213
174915
405078
364383
362746
470098
398223
287810
702814
455293
745611
504367
317030
393307
757990
574852
728307
226118
426367
831957
791201
803134
489713
538561
416752
447852
391333
365043
744577
587082
449921
653580
1202575
401590
639531
280941
672296
445902
658231
540499
702259
654064
1887320
417477
306206
369705
439826
642368
508912
650640
439400
546449
526133
616452
1266402
564483
603880
415995
836592
656461
533698
365030
803012
547406
294899
746508
582922
493339
691724
317332
942616
334894
824233
668917
929457
635393
701558
922326
388498
288106
723407
972023
213597
387427
366287
509485
223754
458180
954854
704753
459689
349959
315116
541929
400776
924717
938047
452090
853769
768550
664306
331281
438860
485942
331182
2457055
938136
583479
761721
423754
1054878
589440
1066797
493283
1263738
272695
969555
302179
637159
457894
549601
310339
432841
372100
862700
519198
229904
440004
904449
334793
920044
735883
339526
249234
520158
1430817
399538
338552
455034
795139
755996
326132
49224222
44218488
39147836
34282382
30007310
25494906
21051362
16602253
11872735
7326802
2105291
11063180
6627352
2048298
956720
861161
514934
1984744
436934
1061744
427317
296448
362063
722434
352904
776642
261981
394431
315996
565455
2288244
1294031
1002513
320801
249741
2633899
319537
409265
681696
1279878
855772
907821
250330
439371
781458
590863
339641
858209
418362
392456
363437
638189
296548
512870
343698
1039810
624121
614293
471244
739602
513575
548777
292438
200600
461505
330716
730067
545006
1044760
367810
764085
229298
792402
830855
443688
303795
1029190
456123
174873
807409
748995
935324
543267
410434
560683
474285
1020511
638402
421623
732606
477540
559094
1023797
310259
1044051
382797
811159
595249
349377
970730
370127
590558
578466
1003585
680588
560518
333910
265433
479458
336252
729227
344153
386500
643993
506321
538739
451982
505288
1066320
785141
495954
722267
667130
597511
597358
800661
1064979
324808
1102363
760054
137567
484768
406244
481569
1180825
409312
378025
471863
264585
892703
607358
349771
612781
427031
607102
750901
342108
566878
757771
541873
762522
754167
1105102
349657
244645
644522
868028
593032
311033
549626
571372
562793
596594
606033
305416
871774
382600
345583
444932
358575
554993
450884
712101
304280
563569
854512
866061
369056
971154
897521
718819
345108
619595
308668
325898
436923
860986
297122
554236
763004
284850
553327
359183
874807
893316
611283
302742
415472
233856
842587
647629
1525729
840961
211842
375205
735005
586021
623531
324390
49784492
44108302
39356977
34660581
29896544
25685497
21540606
16660612
12047711
7162872
2517881
5335282
4161908
1747533
1361941
438011
712719
5031930
2179418
657331
621946
369151
586197
1128089
351390
294015
638127
1185238
511644
524874
545973
190114
287160
790005
1078824
484327
692235
570481
388018
168460
846447
673270
489873
732145
537936
544729
337101
267078
551424
1181901
461784
340625
409849
722749
312304
637347
446270
482294
297489
582397
763553
877444
448032
1174945
725787
709803
382235
417002
718967
714420
894810
817377
879134
1107260
479371
549594
506770
651918
542225
543337
249805
597814
523571
699420
459876
431064
662674
557771
613763
616391
725538
865204
422048
920017
907757
668691
698372
233566
234681
535897
262879
747201
425192
440771
495061
392912
255079
705120
665620
238524
243230
227058
1054313
571337
636342
262241
534796
1155246
305278
428316
751386
606823
452170
333704
388334
575605
401432
1364433
330151
629092
594992
469120
587541
978952
320628
251111
463247
280568
300515
562638
305640
434801
237052
609460
693089
429261
729212
476285
1291812
576895
491767
354384
575161
683291
720358
884781
283396
300416
331395
609268
300211
339677
444211
505933
496284
751391
582772
471846
249405
429734
379304
749683
214042
369193
1466032
1335546
404948
608125
937169
341122
526894
347858
884364
745420
806215
528472
900914
741746
671812
1032737
241442
968342
700368
645508
953823
227736
607244
668854
897532
554079
434951
360669
295274
747941
610349
605182
470021
559270
608453
579016
50053494
44565210
39875380
35545837
31211496
26785118
22329246
17858366
13269897
8848094
4069910
3349268
2862757
1347726
779663
920613
304644
3583094
545136
867716
723940
906005
223093
796237
588968
522983
201096
423453
645855
911839
529101
625740
327040
628212
393804
628547
458715
455780
538708
600130
335883
635578
551306
168616
479852
413432
946049
668788
2566141
702374
1024033
334528
699876
456906
463028
443802
563217
1054038
306427
344854
480192
925515
268605
374469
408257
581493
611223
919222
452564
1209253
733428
662275
673613
423139
454097
543436
711165
567217
1266275
593442
816685
532434
731471
987256
452071
424047
457399
653000
759268
383171
599441
196436
1147184
635386
544432
264426
728546
468459
663453
732235
236574
298258
347114
233180
470457
540404
699565
535354
757242
984690
382020
420965
464310
594255
1079312
376511
754552
620321
708231
521696
1955752
387130
393983
710422
1160463
664445
489718
522896
279886
424684
260187
904752
340954
509838
658307
531236
1137338
168278
848179
424214
496498
673372
835034
798073
540847
572668
759034
751034
512839
657388
599033
273416
727188
477905
777832
663563
502107
404964
664369
508417
349947
630316
470528
471161
332046
298590
289641
370304
634228
700992
406732
727845
481477
673423
507827
698254
396221
462988
483847
586877
362393
387594
189461
336069
1027543
566155
497997
287484
464202
483917
445725
692021
754187
1361244
472457
256493
520863
616735
305706
744559
637085
369569
680223
582116
463114
834312
585221
609946
800517
49490517
44726595
39663226
35164768
30669799
26251390
21886349
17398948
12883354
8547749
4046526
3144283
4219675
3543431
929159
421124
434089
4483418
1994828
1335875
534238
411144
593248
715714
1337414
617710
463656
575092
785644
706996
774309
847100
905704
1023559
351672
401461
300796
960765
298265
590343
495127
603755
894706
637933
527598
472492
486207
233416
339521
273319
706445
366463
824037
431740
678756
721378
460230
610357
970571
541022
422075
344559
605460
609178
651407
614821
221858
633736
887578
793126
606473
892453
587495
502276
739119
370272
681225
1097713
594051
756404
1055213
1000118
409404
341867
1426446
403381
787587
376831
496560
683056
458158
363259
315882
513659
906344
452470
540430
513887
601983
602546
837949
325048
343346
461027
1055660
1073884
727491
493928
557265
382951
336160
452306
387806
598847
577730
554084
981156
253621
803019
896475
687185
864109
510449
404829
1126657
474415
308093
1305423
942845
534799
241927
949934
829664
394366
453139
645089
476347
467458
440806
969637
618677
382772
498387
497364
406017
554635
457151
494440
1329112
288946
569015
587195
1526740
534606
458827
396375
678886
756637
363206
260543
529712
1050438
270475
834529
521427
713289
720025
443530
898788
1003476
617441
1043028
388504
708198
1046177
347092
632965
595169
774562
716811
316668
898601
581572
420013
383282
1038331
1140640
610126
692648
669776
551568
330934
573602
511042
550037
429365
312048
299878
709105
473634
1554472
497759
1036969
504494
391639
392463
347753
769319
231782
248054
454494
49609710
44431497
39535072
34739586
30172250
25550757
20827941
15977009
11470268
6902215
2526292
3452341
3837252
1476650
389413
457767
1568588
1961655
358151
595840
1083382
304712
680027
1357340
606008
301422
961929
252601
382097
274505
511045
934612
375209
483012
989854
714805
294225
279289
1166758
671186
265938
591978
949144
308356
874016
808277
169231
524727
422015
892708
806286
803761
484299
382173
240269
878639
661363
473444
553059
589073
524709
465344
370822
600037
469733
546540
379144
740890
1092049
582643
691251
526470
954773
442470
808329
350351
409170
447638
495777
423604
641339
418226
675571
573326
462105
428519
372480
568651
349999
322422
263889
475413
484150
815486
641834
625261
753270
884406
574270
1247538
259094
491318
540317
350287
523982
362679
531118
753679
541481
869376
274783
163520
742113
482785
781268
693971
263413
671794
650286
500505
388475
433452
246577
274619
841305
1082907
596876
646357
684483
586862
377326
366141
649389
1075202
565382
952055
191202
1033303
292556
808068
616328
371722
442862
369789
271020
388598
454793
419819
671845
622895
652317
263110
346962
332128
631519
648600
536681
627831
858446
826738
988834
764185
422216
1419760
433950
551747
567085
456151
742421
810585
366641
504474
190314
456024
416085
1094803
321310
626710
851142
534382
1023395
639436
669386
398015
327533
1091507
656278
582258
341992
356019
785930
288373
911936
484289
709696
778892
604244
631149
573283
782158
442663
639252
1024773
736701
585788
886167
457964
2147890
462828
747648
558981
358767
48957799
43841736
39251092
34957277
30435509
26023380
21323526
16395836
11905062
7251469
2656309
5694626
911451
669572
4179806
4498817
480576
756803
840384
872296
348277
501093
496827
843031
271599
680436
1074113
1005896
558087
311062
489900
548655
386088
564199
570807
343426
1032441
331877
513329
355777
1035841
460914
267437
1085682
377186
519466
480020
864067
674372
257039
1144238
261811
1260200
556249
679546
581420
256630
439327
915176
640993
528804
551083
562932
1182527
624831
745228
780786
497674
2262245
588104
501155
632959
765926
604870
416813
3218521
452873
671487
424965
644027
726660
552273
548926
559309
640363
618899
636301
478691
642042
647479
1100420
602702
456372
816320
322998
533531
523824
905643
776987
479434
414578
572086
729255
1027795
753047
311561
565110
622445
533378
325853
649881
407680
476348
768189
358148
737269
534946
244560
603469
430913
966753
711629
380213
634797
459568
1246494
348411
781132
898100
391171
482117
505341
482141
352743
1048542
477075
666551
839931
447579
659256
364674
1592078
859830
491502
315792
466794
481625
545236
333784
200195
383715
1066172
642412
566653
957338
725466
183837
614421
379650
507875
410934
507687
383458
514387
1009745
350628
491770
586288
563097
732650
365983
1304176
574815
328151
547692
533088
352337
363140
452151
1755708
330452
768125
1051145
508003
403712
286041
632062
475563
450427
469643
345802
573980
489517
735629
746428
214125
831019
520539
685188
395913
625928
660153
334355
202853
314824
711144
224153
475728
740155
316952
552913
48269191
43014253
38166166
32069623
27322805
22962468
18503417
14087979
9681128
5001098
4073430
4111448
6720955
1803108
3430729
635391
502292
311109
722995
486490
742825
1056690
603213
498152
598390
696520
1104796
799478
761958
578364
834799
904672
488316
664762
444164
426998
746936
374890
521046
610136
1014971
244484
306752
237347
299373
430409
300513
267436
515796
310203
495623
254998
293480
266555
506189
468139
645731
369077
704966
324911
419801
321028
643302
587355
555256
685604
840392
491346
546584
302245
634795
271809
783454
356358
970506
372047
840677
361184
258035
456897
350377
503440
605101
467539
778124
384110
649208
455693
771913
457935
389778
397037
307144
699605
332038
843629
436082
907513
350570
847783
1019008
313073
363310
419002
726101
238435
626968
810217
417260
315178
528525
500771
777622
957906
978346
495035
824412
333227
401842
867833
613320
537269
816083
543003
250453
284418
1243107
472263
356382
763501
737923
485172
266545
582068
519651
605389
569940
1379036
583323
513570
839039
551438
840210
395475
497111
557576
376797
523902
477879
452805
459632
798212
923212
812113
1277428
582578
600325
567461
741208
510113
446582
847181
435310
609438
582885
511931
539778
467129
566091
229526
634018
444617
370863
518133
600956
413294
577936
1431714
852512
416729
221447
272208
1017187
703613
614411
389905
510020
629386
184855
670019
226236
627152
511234
527932
835558
627623
602937
391375
957839
672809
425630
566696
427671
463427
193492
518054
287867
1393611
435959
432101
49150944
44185082
39159957
34627239
30191203
25548438
21008853
16332090
11947387
7225802
3672397
1893753
349585
1973844
1406083
350508
302181
548785
777442
812211
1252365
1183715
696882
918847
1023259
445347
609620
494313
554329
577527
308804
395139
456696
900555
594654
789773
1010865
310300
238243
294010
336117
2309992
522589
552654
633583
1383473
238321
535509
1137662
600994
797192
255983
1185970
467099
571487
744605
560763
349883
930541
543931
760014
786364
366265
525538
306641
704785
840199
485103
319519
597313
664234
545243
574897
744784
436141
522209
1525548
716449
646121
520814
742427
3355763
593006
553130
729275
826489
956880
568139
283038
752036
680566
525804
701089
406394
857041
767871
796942
860642
328117
271237
480932
611509
642782
471362
1065168
808091
1448731
557007
359293
640944
737541
801095
660120
608497
554696
335480
661069
744622
960292
611036
1659171
248760
1372743
401643
846233
999925
1207743
634802
1436436
847521
416456
910352
1108121
602204
307571
419343
912090
516924
519317
378531
336112
496205
450256
1149052
898211
623537
308451
493010
216357
477805
1053631
622257
244422
680182
285456
535466
611707
201644
648915
318159
482403
437695
468219
466580
368254
614955
772449
500609
944738
480132
395135
404893
599031
1172292
493662
583086
471364
1128137
400452
556708
418188
191464
420018
574462
619583
662352
908986
338667
474665
357580
507434
681713
383458
312794
328560
289242
535452
367697
666249
448442
325248
530265
939311
618017
553742
558425
807099
609127
247537
257392
279055
46793654
41564475
37039330
32497402
28063267
23464914
18950368
14191141
9803774
5383450
4404305
4498815
9849349
5868612
813205
2588644
1419673
690641
527492
681375
599221
534110
386261
511209
462462
439666
492865
450826
1163032
354787
522408
331355
528210
770086
570244
669633
495612
540118
758254
849770
331585
707220
733068
1012958
500927
571360
834510
1314713
612068
588339
597946
496313
560227
379640
955790
708459
868597
269520
410458
821609
501761
206125
352097
352429
847218
939501
1125343
662344
550185
861763
295327
475657
895730
277551
535994
224115
477195
1560482
325253
700376
920418
437665
529566
835397
463596
856008
475101
953940
509363
645002
1071159
402086
610545
877418
295641
304468
340111
326889
431415
682666
889624
347344
1021968
270889
821261
454770
456374
576775
350249
407697
629509
478170
868032
596728
320286
233142
252146
512173
861261
458667
420757
685309
935157
926090
855183
771610
389148
656938
688752
435233
397759
384982
515778
336357
789113
833853
418426
401494
589523
810203
346727
577815
417471
712003
672545
565901
533101
792913
778508
376786
698447
838641
583733
786877
734141
664498
547774
460570
253459
368718
427902
355117
569466
965557
486689
286545
936033
196495
1603821
1096688
453807
417394
748534
740409
367154
276401
294016
760738
460658
577058
601235
582242
404652
698177
921247
365852
1593807
637971
587069
517911
425813
379140
566189
376219
442740
491681
805828
527443
444934
513940
246075
696436
614809
658380
852705
404568
411649
610583
676998
415209
49467891
44439206
39567977
35280369
30809660
26344188
21869073
17347724
12699578
8208636
3777138
4772192
9816109
3058309
1634161
947124
414218
755931
442042
705725
2855235
980751
328513
414774
245440
649192
457262
303939
461638
546177
494695
395343
258840
484966
380008
338119
511078
354596
452004
585869
580962
459069
334738
1057016
574656
961596
302658
484176
502590
866314
1280200
529578
622603
379878
856507
386332
417890
844753
393668
342754
947090
677499
1079818
467832
834639
517842
531155
950330
840338
571242
457490
642209
413637
490087
451851
456828
623350
310562
935139
917213
1257437
757409
499072
302296
561135
403597
429786
940124
879345
971848
644057
349983
818328
946078
532018
383940
717644
813321
312306
388697
342889
539595
690356
463280
275926
417374
706629
453282
587182
466679
527302
655029
374323
525508
695029
472095
704554
573060
1072184
1142898
887756
318012
321113
1475233
360774
444682
1250562
472439
604836
346701
382514
1033440
481962
489417
944552
532752
654358
814506
246293
782670
652012
746039
644354
247836
458957
833628
633143
733365
245215
703650
462724
841047
1301321
591271
381587
367041
823456
481292
461593
869716
621152
431905
361195
624050
185414
231160
266522
544534
329438
588858
512945
460004
253322
297530
779391
581119
412399
632752
565512
566777
653022
276002
612297
234752
457478
576481
662184
832612
532929
888651
636423
907765
662794
672443
461939
591733
653736
369345
1040804
369870
391262
299336
1105493
306725
1513335
427190
730703
399988
634870
534814
777371
560298
49134547
43883169
39030891
34727677
30298464
25761178
21143500
16844618
12219379
7967558
3447176
14314010
10215506
4599174
943115
803215
1078178
719878
1063331
811624
809747
862907
445454
444593
413221
1089411
651609
664240
331277
1070514
497217
219256
536630
830915
806795
595369
1185479
501242
776689
705562
1110445
617220
937655
830571
348610
382759
740958
1038025
617024
440917
363562
894461
348190
540935
328709
339742
222597
783691
535894
735973
206184
404207
403669
415855
284680
418116
482073
280576
1084208
756923
527380
474029
722264
287138
706581
323447
568683
835241
261487
318990
1017846
1295010
3386693
514075
458128
600510
1446023
1011986
444717
668541
364877
493436
731980
387689
675914
619977
364072
540424
1140241
554854
412141
1014448
508264
690554
359338
334067
433803
502045
560789
439763
718265
349146
501344
344431
383422
296757
732096
674833
520283
347102
704248
521187
618184
508645
904699
995635
827281
597416
247860
455972
440984
1039766
1521634
469918
1057053
813562
388624
704897
721735
394741
494655
398478
523112
426762
579131
628121
673240
752492
450439
976288
414752
661472
556824
497846
1228956
611530
715081
433681
613369
1380050
739895
326755
767829
848200
576847
613772
483476
696738
524558
1754062
351319
570961
512394
469400
413021
237638
244448
717209
732697
707123
1043976
946000
740774
490111
608601
630770
354038
724594
614900
321566
369439
354169
374364
593025
347413
340756
511768
702094
312870
727946
848165
454999
559836
565272
890703
531131
584516
197933
520662
446845
49300495
44230535
39659731
34982659
30433554
25943819
21515714
16984680
12620410
7958534
6217765
998954
4911074
3881974
2039729
363710
423400
1197786
769409
820972
632614
401208
531357
361250
340641
263328
701561
407732
178386
396043
941195
420777
356057
770147
377657
454913
1176340
557972
416410
679097
746460
1195520
505168
578808
811179
960680
1024538
1702909
670959
379801
685796
810867
243555
660109
907708
475662
668666
613763
647027
1468318
505724
719580
818508
1283840
812879
550862
463121
603488
531600
730597
598042
347043
532759
664142
827976
433556
475882
383716
362784
448377
417918
750949
289243
307808
239493
759090
310459
704177
944021
756797
388340
739207
605136
495811
453448
345905
516322
805570
727864
390923
576595
333438
456195
601781
401591
539201
523151
759165
797625
604890
660477
418093
283654
1285795
481824
342535
411158
897548
596786
603799
916524
490964
586157
564555
982714
405088
411887
594361
967651
329097
502234
432018
626277
558298
570377
989775
366006
375831
937454
618672
505716
607075
729767
554591
467616
812962
276324
1019192
359856
619924
400794
319956
458499
441908
430059
748185
459046
571125
1201957
522504
744096
1008979
375697
361843
1070692
611467
615320
555234
540006
544060
553135
687729
1093976
1501392
339565
764979
2455950
990125
551475
511318
283075
409992
393801
699338
1145922
475523
630884
612153
366617
545052
229448
768815
450961
693066
368904
450251
375605
922503
532112
1347407
685282
768061
566966
472115
442834
505316
1012228
589718
1058648
709789
567946
46530248
41502716
36990440
32498821
27756955
23296454
18843104
14310947
9666884
5770875
3355353
3598359
3067146
558858
417471
421914
703315
979615
486328
594063
442949
928533
586683
932123
831157
578109
731205
1085807
374773
312596
404271
351115
830702
881828
711853
495431
329302
2756864
430448
299492
386889
438241
568144
595553
620880
1117205
638447
738883
431457
631086
777725
536565
615728
1230929
197487
318135
665966
365907
691090
530420
995112
461649
411266
760652
403361
1331273
694479
463461
226523
549744
541929
424105
372030
611912
601033
1071669
637880
294977
567757
356313
585642
608057
1020832
810805
255044
484429
832268
1671006
606709
551936
607500
574714
1693581
471568
541304
555965
307301
493403
210365
447415
260962
890436
575421
505407
349048
294282
808284
327835
702228
2060284
942011
221829
706280
330930
1056060
384002
1010459
401256
387290
573158
682989
604632
141657
836101
596766
692733
1263316
844167
991367
605370
493828
419888
472731
402308
622255
465740
492742
499276
443198
340409
362380
616368
557660
479565
818619
337107
1034730
515179
578530
622420
328268
431347
1465718
212267
866965
303188
679370
606084
741437
952756
214639
547742
583997
644908
278839
252743
415954
1090834
689476
753359
303541
280524
604363
610951
372125
333581
722161
699659
688408
458396
866999
991900
2832324
411235
340372
900542
491130
367807
333780
440694
558231
358727
330783
550314
702722
428770
351821
958380
363052
727347
607010
909037
662469
458689
705322
753183
519792
860025
594991
360247
50894037
45473023
40705638
36075242
31671736
27080873
22686604
17977580
13651927
9227678
4078278
4819410
2365903
789771
416129
346047
755507
381988
738857
810892
370898
497115
825568
676998
393773
567797
199885
322378
293052
573639
288858
730613
318399
583089
466358
174280
501892
600781
674648
746589
691091
662670
749386
320408
477571
2190262
623575
243591
558128
931407
844339
681209
406950
512131
584643
563568
424992
345696
784554
273244
554903
466626
358661
643455
548143
871353
729790
560966
501178
314579
269064
598783
577912
420717
766539
603279
451317
400528
416588
475748
871196
547276
367189
378173
337139
376163
498903
525177
640652
824898
798042
288158
327591
222473
482422
520611
524895
402083
430349
859068
221675
556796
352710
1031112
620008
634610
645383
311014
432463
334197
240290
725642
665461
842662
977492
323561
594850
1865635
1114050
722735
565893
741841
637106
592594
394335
526234
212624
634878
715350
523331
515571
244230
1277430
341423
461792
574243
532588
421498
474370
744621
255619
485117
865809
333958
822708
506922
453692
1357192
1195464
417778
899233
1079353
712790
674307
325344
371911
674995
1012626
550753
280867
408211
291672
829635
460376
272012
755333
472416
579784
506773
813267
535846
390984
791598
450151
559939
476123
458993
440293
376195
923684
712611
416279
428694
487580
859780
841082
487945
299278
366687
545368
411523
446095
469227
1087707
1067709
790496
487416
792704
440872
566789
577057
543398
471819
826573
172211
789396
277579
534048
492907
487191
644187
47515706
42570492
37841315
33525682
29160502
24817180
20227638
15844447
11391104
6532359
4063596
3008581
1418797
359586
323080
768508
720197
273325
625849
495553
710186
279201
394682
1157243
297249
665139
313587
281346
798974
539387
340261
402248
635091
579099
561045
995304
710325
623232
869729
475646
361113
554523
235339
252703
942044
426635
397858
909031
769149
3857649
662351
717155
782524
343004
267247
422212
974801
702490
457441
653086
470652
351253
434930
316530
360421
529791
333933
318325
596014
646758
580724
1148904
387433
538906
363620
310489
358497
340442
283003
435084
806016
254218
610899
925671
708898
1080698
632816
470602
627421
611028
754506
513392
365538
569963
511353
497688
212694
221725
299720
603950
1216452
340228
520578
577822
824081
209311
598333
465334
540258
758316
810585
614053
1290129
704140
334916
356682
380384
385810
333782
278225
481839
592971
3791969
567032
356999
545886
596334
367227
756514
534213
775041
532327
717822
577409
514967
565161
572825
541973
236726
634259
700995
618242
654245
592734
655643
269461
922832
725303
310114
441872
304756
683956
485026
486984
482715
321896
957535
627103
738928
450497
582349
347546
298550
297473
566652
469804
962632
364899
1184822
682471
296762
486331
864931
1592002
612125
842588
592255
948167
726122
601677
333984
466188
870427
892644
350688
385495
997971
480931
607750
301056
530777
831729
619067
358359
849880
677275
659047
734209
518554
848526
630967
574895
356642
440005
430535
608676
331853
429751
860910
553389
218360
818536
48982871
44140069
39729222
34853885
30316084
25697078
20734999
15341087
10734758
6384389
6227784
4219307
2248195
564644
559954
335894
295062
434370
265913
600511
367366
418780
364633
396764
587299
385503
371476
369810
725558
937609
387769
224079
280920
676336
455549
667611
575684
745883
470330
579692
158132
461289
1086833
462303
581107
921202
496339
622304
436806
550457
269622
942549
862820
523752
2369833
475673
423092
667842
751313
565352
387305
674516
768221
470788
578626
332963
323611
540712
916195
831699
1085481
750022
307420
474533
355481
195419
1183676
461779
776084
397658
732964
452256
345882
515325
733550
456122
862407
570053
362396
711096
263193
564865
672902
488911
1040475
377428
348519
283240
684822
272588
528602
314688
370842
591360
324015
555064
609675
274194
835910
570418
249250
343915
320124
916434
375005
286225
968016
529853
425161
489496
359915
458322
477839
479049
564623
660578
1423755
237116
1308172
390051
648240
422449
326538
582189
594536
554902
244568
397665
425875
226771
582365
277369
369432
436568
474241
1071071
583937
600898
500991
619269
1388189
288825
877555
1500540
922359
931156
602717
1206355
424980
536009
588151
531556
453709
433990
692114
922853
362825
514169
393915
628616
596836
951164
496488
512397
365492
554538
316771
667607
481730
273144
563539
560393
183164
530248
449536
542631
240769
1009943
419801
424502
747051
290818
483476
465205
384663
364992
421329
685296
903815
372120
391327
223101
653393
485117
292395
909493
400592
594843
473428
528317
48585259
43874499
39286957
35070654
30769322
26034362
21791350
15993665
11604719
6830777
2475717
4408465
2654401
376450
464455
476286
466354
460212
527055
546382
389989
508222
294496
734563
624446
264497
223662
295599
337296
416390
473908
1072279
491088
490275
299684
521436
531861
302201
713113
501625
328979
617329
449193
323471
1040500
283420
294505
363129
660635
770805
560686
322690
736665
431795
355962
407153
394345
636418
571171
523848
4190424
490704
596991
599621
490568
540521
536135
467357
743190
856058
522965
526715
605452
413060
398540
809159
324000
598207
451407
951283
746549
814530
911746
865631
708240
943402
278548
307208
268574
332276
669883
675682
757356
475288
600905
499367
449018
789278
642833
1060566
764043
271807
283751
752163
424845
499595
320039
768524
509443
186692
417992
368010
471120
699222
295716
347628
621763
511988
458344
353534
682590
565051
1021309
772888
446954
844406
506493
374758
511819
342490
490598
1037335
371889
370041
526937
608729
524571
383008
603736
698972
514277
973415
852090
569037
324438
961423
346058
383614
768846
396878
557322
497426
712205
586061
947488
546712
493431
370958
392346
326842
1216570
407634
822783
704086
464934
570895
691503
623544
736885
462026
514533
461980
894520
874929
644395
588662
355467
220848
796736
950243
284884
823177
1243410
445514
263311
403872
330093
342429
940193
379795
754775
583538
1164846
582587
274453
465466
513743
510140
1170085
315665
595256
210444
642212
392963
1940111
494419
776498
929691
567526
666805
49314576
44319749
38988702
34344349
29875340
25435616
21280153
15281341
10846566
5980955
1630589
3754863
2758730
369282
321352
617270
541389
471696
339853
307464
816232
370074
998204
894900
330484
483529
324846
305040
502048
679209
461936
759430
378125
407246
1025881
361465
334487
325774
627592
942291
353716
784408
442532
477253
822363
785337
569617
354628
681571
446736
329808
234126
374743
344303
625394
523895
402210
488534
565957
346084
583271
672519
316570
593316
469740
650529
1223513
802422
811143
960574
652237
402405
430456
729692
340219
731092
914106
524750
785872
556690
464691
672052
497903
261012
463043
325559
1104875
36744745
32571008
28434514
24361083
20220545
