3174200
579071
544896
394573
483486
315576
347205
399756
352655
291195
247959
326952
284576
294272
264024
387435
368785
355020
330184
273546
300388
338510
227668
236931
243428
197923
239364
193844
241017
209740
197086
188439
187726
184738
198810
286622
186828
229191
220794
207939
222645
222021
183351
195999
193279
183210
193348
170085
184003
186660
203282
205664
227814
198741
214188
249556
270777
239663
222046
210445
206699
241581
207502
213016
194335
225441
228371
212942
239219
209669
223937
216574
183279
224003
243611
218308
185201
176282
180411
202007
275836
263245
230373
191944
227091
204180
215309
223102
228371
237118
205630
213086
199354
222108
228179
254244
222441
220477
236035
204029
203005
235101
215836
200232
219077
245081
199664
218383
215000
206480
224009
172548
194397
208153
185181
179864
180731
210962
212969
308703
219996
176539
217328
186576
204218
192397
167407
201458
224597
188641
170715
192066
188103
218746
184534
279598
226342
223951
176389
188997
198985
184161
210446
178475
187983
205360
211192
199484
199748
171321
189719
182813
222017
166221
162253
203271
197588
192802
208593
316001
203336
189042
213253
196466
211105
220891
185448
219865
232996
168294
192660
201436
205885
177448
215507
226950
184776
267859
197009
209660
191060
226389
180290
189391
205186
183956
183098
251583
234604
220756
205820
220785
208389
193290
218424
208801
200690
182125
207123
188848
222110
170908
183841
163635
173980
212609
180078
180122
216097
181407
192398
172648
208163
184044
223341
188293
201250
176594
189369
184838
186102
187669
169785
178561
163664
168694
189765
176127
172336
166000
179982
211495
175324
190486
186665
180947
220570
177082
159345
185670
162642
180613
164779
167188
163674
196242
163592
183296
177848
163461
181090
176212
188264
204102
183144
200436
240460
229173
196949
178572
213928
232253
209090
213358
171570
218869
203437
210350
199068
177699
181656
217228
217445
207421
225822
190065
193031
191877
230011
243596
217279
224217
174681
190713
203641
215027
189900
192467
191984
223178
217675
189873
220028
185679
185394
192984
219686
195808
217905
189168
174645
197892
196489
186460
211651
193758
222623
228142
207148
211075
224290
182186
203401
201130
231776
226786
194030
189546
218307
181217
179717
202095
209815
203421
175146
200158
198051
192310
167265
172768
202850
179252
181169
171834
178284
200210
212495
195702
203648
214267
176474
165426
208540
176394
207779
205327
311275
216741
306086
208788
207757
187815
184135
173630
200789
229095
172739
194547
201540
203969
175961
192568
197919
156722
220590
210376
235599
307062
197037
187967
188119
221986
240860
208783
227701
257707
175996
225004
232518
209491
173830
209974
203012
189108
181113
210141
197694
214181
154220
193631
187581
220918
184220
275694
171889
178154
178618
189857
181472
195199
209702
185519
182152
230554
185463
189460
198005
262355
191605
213110
230168
185041
208624
224329
200827
216575
229343
230827
206667
233946
201581
203584
226152
202325
235124
221322
260404
197709
216081
179017
230739
227052
194082
245940
213998
189959
238654
224565
186337
195958
215993
178504
203678
187325
226684
202138
215859
193638
202844
232676
203869
200162
203177
173265
255416
182878
202334
170822
175053
208052
188122
195250
217438
188683
223204
218974
194838
189385
193702
192335
206187
201013
301845
224340
183976
230201
207425
256246
208113
211648
231573
212907
160562
185708
193923
189714
201259
258679
197991
208997
190690
183905
187191
172381
271933
185275
168345
193196
178796
204227
197525
196675
171125
197666
215738
221585
216591
171913
212167
211056
204897
202673
202305
178803
187321
200808
196530
194936
195253
203725
230389
182283
201912
226739
229049
199604
309407
225901
173716
191306
232469
177470
196265
199763
217013
173409
211668
168698
202964
181630
167074
209592
209948
202246
199397
183222
242259
191769
198563
202841
185462
183497
214567
251562
163265
192049
223082
173856
163798
197450
205054
183835
201368
195242
156263
191179
187044
196166
169449
177934
180278
217822
220428
173570
183444
169172
232289
224017
188990
223525
227852
174537
181565
214310
200873
240512
177453
211950
217530
202817
261845
191141
207677
175861
221541
192036
215525
224718
221736
203869
235482
303225
191731
187607
226895
221618
234790
231018
164466
248298
171954
153244
216452
203276
356558
180756
227470
176788
185967
214640
205593
232067
296669
219822
233826
220106
182854
186413
223578
171547
171641
191301
242452
171264
224553
204966
229104
179585
176223
156380
234171
218136
237927
227657
176711
180706
194419
187011
177741
178259
175020
234842
229270
194514
186935
218643
277490
168114
241068
179682
178686
153941
164523
241345
215378
225753
171528
246121
190603
212485
197524
177234
200450
209659
193225
225845
166176
221807
179190
206136
208081
164685
182568
160851
256539
172732
193298
224451
225428
166645
179093
191170
191168
222150
218996
209254
227698
185758
183383
160959
177047
174909
161352
175171
157260
185343
155241
179213
173085
181505
155313
164848
165391
160661
165304
162803
189113
176431
161995
155650
161683
217581
181736
161208
215018
176193
156143
155606
164835
183922
239775
243341
174209
220845
202060
163787
166587
214337
175930
178299
189960
168844
236643
217618
169645
161430
209967
170003
172430
181987
221703
232142
174841
147582
187504
181349
209005
196781
185267
192374
158991
167745
172047
191803
148665
168011
212531
172271
174453
161019
183044
171107
218891
180920
174021
170756
173030
180419
199769
212595
183133
175793
161312
167908
172193
185517
217502
201338
175488
270206
237121
179399
168866
179589
163707
200260
209639
160891
191626
171513
163249
185839
169005
185466
225049
188471
198954
167520
190904
216796
163694
162543
185597
191535
167995
194026
285102
212908
240379
204345
185395
196810
169902
201001
210736
167397
182360
211510
173516
184478
206638
202900
171621
175658
172331
205068
166378
186582
183666
218306
226619
182740
197698
212199
188520
218342
180570
182186
270184
200044
202207
184378
185773
181127
194954
210684
216127
201378
326002
221949
193392
189671
209379
223299
195493
217277
202973
217016
164066
180963
228051
199722
169002
221575
187106
205142
149041
160289
173323
203752
197740
189793
172196
175955
187220
233584
169639
211778
153914
223360
168305
160353
201868
228351
195580
201074
216009
201907
203066
203550
230488
228096
241204
164125
216182
200166
199887
203241
229019
211901
199016
221899
282562
184015
195760
249884
177503
220201
184983
158236
172107
290910
216496
192733
212954
178850
303484
188341
189109
221667
207001
189752
183658
315301
309015
199929
200170
228466
240340
188179
215351
192983
216464
192684
219807
238484
195733
205059
211529
178168
212408
219427
170452
199635
191517
167729
167439
172358
185526
208076
448140
163219
174427
196894
182145
228407
178035
183210
245564
348834
165654
204801
145292
173575
189746
171275
163189
182709
196634
200612
154702
200149
193456
186849
168419
149942
199468
163172
210302
200241
183490
177050
210502
231517
165872
169840
216647
161771
198081
199001
153877
176438
161659
195398
204545
187296
188331
177158
190284
172968
190375
188617
155063
163566
177581
215310
167036
196991
181567
207878
159919
211873
149419
168988
156300
200444
178095
168216
175280
162046
179554
201157
141070
179599
211243
151719
192433
190668
165445
182521
170125
215841
204166
172828
167210
286894
282213
203509
187786
220230
203251
177245
213559
158299
199091
180181
174419
202804
194144
209804
158329
282812
208842
208567
210775
242901
195523
207462
176721
164683
204572
153818
177545
180231
190072
160438
171000
146300
168392
182638
188623
176734
144356
201112
175843
231449
207845
171797
186494
182219
193236
181604
157971
197138
197844
166954
198405
198914
208458
200329
158845
161639
160499
178601
169653
189594
194458
177926
172858
151018
165839
173721
182055
170195
186655
188056
172226
188231
168903
168224
188798
161980
164051
170185
175507
285129
211031
183729
174639
165884
191312
227220
209683
211082
208608
215629
262257
196178
206074
157159
211158
184559
187877
191953
172808
195856
198483
173050
158964
217392
169161
197860
176940
211736
170609
159134
204593
237509
284131
191983
160840
155194
202273
199386
184592
220539
178779
219593
187354
182475
182864
181918
206486
204163
223878
199319
155243
176342
196961
182260
208748
207631
160846
182133
194928
154675
200652
161786
160067
151941
187234
353000
199505
164761
189836
197804
180956
213606
204671
197321
214247
184040
148727
325869
199779
167093
199601
194127
280320
199961
177330
216743
183518
262030
179143
153468
177078
227132
158599
191249
197659
189500
150352
165561
166120
154896
175179
157941
156847
204958
154453
197107
238286
177213
286045
189652
221942
190246
221681
161690
170165
160572
200205
149780
177030
171608
232360
191189
183064
197119
165898
244944
152330
215196
195559
208779
201513
155840
153818
153495
173646
175957
153824
152473
148125
166013
173426
176091
165548
172174
180446
167890
194018
159192
148245
151770
166944
174525
187674
172008
168674
161826
177102
161355
172090
157938
201933
191742
193785
191031
192570
183299
171403
166845
171027
202009
167526
155764
179786
203515
168233
159916
169280
193477
199503
180019
199374
180234
201841
178567
155480
165032
166295
156146
194941
165849
171485
168481
181461
162622
193557
273507
164763
175841
182838
169475
176911
167331
176011
150840
145732
153515
208779
221482
163042
153107
236749
171056
209099
152882
150723
143972
147042
159843
173473
161928
151290
147935
158666
180598
168184
148244
163849
158615
158430
178709
196685
175981
178276
177279
179609
192696
147634
151281
171934
158596
148410
156368
157027
199856
179457
159225
196904
165278
157436
200126
140527
179186
203507
151175
160360
150369
172934
148492
148112
157344
144304
154945
156677
162842
152689
178349
137779
147097
146155
153288
154593
155066
171283
141765
153434
154374
149595
169988
147492
210262
229661
196865
168187
227119
313246
226343
166512
204475
181328
169247
173950
173142
183824
178693
186737
282392
176937
202530
168510
190597
175124
181198
182433
164412
183695
188452
181346
174245
200875
180016
172986
168006
150902
147245
153018
201344
210572
190909
172375
170681
172356
186474
143580
161517
148217
159211
161178
139433
150910
143990
155556
134063
141718
137392
151858
135431
169921
162315
140058
195430
179940
151807
171320
145899
139337
145106
150535
156874
156104
159289
160654
155156
143179
157422
151553
147797
149117
141048
134902
146682
130530
161335
144610
135503
163686
169460
153030
168697
179724
157405
154617
148167
155649
152696
138493
178428
163141
171807
157113
145075
171706
169543
145329
160722
131075
152305
152700
150707
162278
155756
147573
144574
171751
151077
188277
178449
155316
175614
163197
182707
142685
174561
154463
174198
154978
172294
172052
145541
208887
156730
159077
148987
172363
156065
133317
180085
156637
155898
137025
193149
174986
190269
203595
140742
139519
169259
152430
170550
148033
146097
271331
178857
157848
190707
129441
148065
161929
148150
136276
188339
224185
169649
170106
179118
187019
181300
191041
228564
169027
180828
188520
168965
199303
192826
178293
164144
848386
295314
259699
178192
177571
195875
219108
243414
186255
205124
206788
194232
196457
193926
262469
152808
206353
201900
179177
177313
182135
163160
1282458
192749
165501
206854
212889
218463
189561
147808
196940
187952
157414
211857
175694
182492
180848
160374
182792
142200
187201
185216
178146
162315
159952
193502
163577
151344
139934
153851
170700
172973
933689
167905
148386
150236
1506035
145918
138845
158512
162478
152196
155068
201402
144319
188838
157686
168733
179885
157397
146826
162551
142452
132945
136763
139435
149063
133170
199662
154940
149187
156037
140838
141165
141375
146607
162416
130955
153525
163605
150706
138107
193764
162130
134762
519200
134123
157913
177011
157952
142627
140264
141659
180327
131131
135540
139344
141681
145770
180141
179042
180394
128789
181633
159872
195854
163747
569096
150910
136184
181897
151934
196009
123063
171903
158099
141955
156188
205346
153622
898015
138881
148443
140659
159579
148206
308410
148141
145519
139059
139993
144294
175770
138649
162548
155635
148518
136681
134644
165641
200661
146689
147691
182897
138446
147944
181580
143494
144219
174064
159079
131171
177374
168334
161301
149564
260339
159589
178016
175810
153873
179203
171704
167436
223529
145402
159325
155176
144311
142740
137939
141816
152734
152542
160401
150774
177136
176435
138819
143499
154291
139796
162385
161454
154215
136251
160650
147064
199937
144386
148230
148801
138759
165777
150320
150194
250575
140128
182463
161845
150742
155330
154663
155689
155309
139804
170318
137575
132952
259314
160416
207919
162451
170591
166336
143101
154052
181429
159461
145491
139795
134240
178580
147377
175437
225711
188977
143799
190951
182767
197162
136916
156000
138959
145933
143911
146980
130950
135602
136644
134343
127726
137550
151744
134418
152301
154867
141192
158501
132633
139261
156733
144108
139124
135720
136192
125263
131696
127610
193460
183341
142315
127475
136728
140025
124550
121665
135568
124410
133732
140932
141078
135578
128209
125667
173313
139578
133222
145940
130130
162850
160737
132939
130490
139087
149408
141928
158193
141776
155231
132922
146987
120243
150876
125695
137346
182765
166100
185250
141470
122227
151296
217014
300890
189874
157220
181041
170205
173376
157220
152125
146265
153024
158312
182104
173712
165430
159640
165075
167180
191066
167704
149832
149744
193438
150455
151487
181980
181061
191699
191865
212534
167778
208743
170692
169328
173636
147716
155734
154298
187561
162408
176388
217922
168679
188222
137259
139542
167767
128532
157021
215430
171425
153363
149012
150304
155480
216255
137448
119779
161437
184930
156214
176806
133781
139230
117150
145363
143390
166021
136727
144764
135898
170883
162988
145699
188187
148834
162065
142145
187209
168259
182939
128094
158050
281062
185319
282085
168108
169826
155370
196974
174653
215944
176143
162047
243781
147783
216568
172426
183056
162698
197159
143027
159287
226529
158159
141964
179018
172694
156896
155795
201968
192170
143327
166896
132260
153206
170655
234411
189122
193494
177979
199301
139183
161441
231115
183509
250674
189634
173260
155954
183653
167319
156536
161812
184612
170327
282199
213098
158317
167296
179175
156137
177901
171307
186044
188131
185049
175596
166503
142477
129234
153882
152702
149600
153687
173361
184299
190513
149701
150926
213097
211880
181754
132931
175290
149836
183949
205745
180545
163506
173040
207780
163070
171553
166952
144307
189912
197541
165422
185640
135765
161297
153852
168296
126488
156511
158486
137335
170500
129434
135950
177595
131890
166622
199694
218858
152908
172440
128071
206908
167649
178862
205384
165837
145409
163841
138998
159827
161535
171917
164672
161958
211220
208689
138751
159756
144470
161284
155324
138747
167166
172674
178139
193194
205795
173819
173225
156311
178840
215674
243160
171903
198225
173970
139609
166556
152657
266791
170894
272790
181197
158074
180820
152816
160634
212395
154486
153767
141548
146634
124583
144009
176397
153065
145738
154645
134163
152288
162102
160762
142359
149738
149045
148262
158995
146043
125231
171459
135595
180041
182101
157766
183998
432196
144794
157700
127105
138931
189802
144810
142314
175544
152158
165361
150488
182282
189517
155282
183461
182818
135369
141160
151017
150198
194532
160921
168661
143035
160159
185909
185015
178375
270949
505218
190149
166144
141189
173576
180167
175731
156519
145559
142052
167351
198996
169748
175743
186586
196808
191900
147818
134711
143057
150773
152966
150164
169283
171908
156261
164396
148105
172819
146376
169937
179298
154014
128070
140185
144198
156325
148973
154204
188114
141164
178894
139093
171227
141601
126790
131662
150331
147308
139768
203567
151423
180207
166154
199254
175880
191859
153905
187198
180860
132974
146855
162498
153778
149725
138956
150887
156602
169342
144159
135663
154751
140097
142839
148780
163007
144939
153255
151717
130229
151584
130767
176255
133858
139513
136864
140755
176562
157911
175517
187713
182557
142996
127038
173946
164841
170910
210757
123733
145648
162996
171379
138352
142383
148174
147487
132458
141652
178291
142060
195017
191936
174840
163016
199385
155559
138552
149897
179969
158047
164772
180857
153472
123727
122055
182069
205364
144040
191498
136645
138163
161247
152149
159530
177787
143601
147752
136848
176964
142076
155141
148565
173617
148598
166909
186306
164996
209571
160093
144300
145517
156413
134146
159116
149931
148601
151021
145954
161173
190011
172373
139706
185787
140793
151968
157411
153367
155400
179720
145017
157706
179167
168450
143386
195114
148116
181607
163545
165393
142157
198127
181347
155870
144249
158537
121832
145297
172356
140786
169843
165077
168716
145392
141406
152866
134491
176548
172540
149990
168802
154061
187403
238986
188240
146999
126952
134877
151005
130568
125969
151647
131126
131484
139997
184855
164848
143763
135412
121869
119695
158544
150590
118643
139948
190983
144031
158182
135547
142754
127268
184024
153088
142689
138432
137571
133236
142488
130420
155537
141593
125157
131269
130430
129958
142210
123835
146624
147099
128262
133092
137229
147918
133767
139188
146501
147274
145916
133396
140369
137834
123343
135947
142102
136859
128269
260013
133927
204831
153658
150195
148741
188843
163801
165353
151116
141998
151149
159513
179459
187636
174777
175723
136927
163487
147748
149675
133698
128036
151460
195390
171612
133943
136182
139184
157353
201015
193100
149870
279751
137143
139127
137660
129949
169915
147727
139293
161689
168036
152795
187116
141356
284215
137694
153077
144927
134627
139948
188974
137383
195787
186840
196335
156864
124051
144475
152712
155341
163963
159205
206461
169897
164395
171543
154766
179557
172381
140992
155779
153320
173612
153456
161646
151455
264026
148196
162243
171510
165619
129594
134588
126958
158602
175001
169197
174087
174265
139054
140671
143815
134207
126550
143961
178319
148728
143351
133424
143246
124365
129913
136414
178922
153596
161282
209173
139146
139065
170872
155093
183726
147262
137657
135701
131929
138098
158167
179616
160042
139851
144915
151044
136865
143720
139470
155278
136783
131430
157692
147698
152382
145251
176982
158921
203540
167878
152183
151769
137359
134799
143871
165163
252642
162394
167320
166916
136609
186302
153844
181464
143908
155809
134756
203823
192539
152511
170060
180422
174371
202632
133350
145361
145991
123361
126925
132822
140642
125174
155707
131731
128193
114662
128725
130470
139059
135748
116677
133420
121721
148612
132593
135762
150019
130405
141252
124042
150161
159766
121762
127981
123261
162881
161414
166716
190570
138706
150293
133965
137232
146690
130805
133287
132970
136140
146447
118471
139107
115888
142936
177377
129214
153363
147843
133155
144022
141570
118581
119132
122482
157584
122007
175304
143918
123480
133004
128602
122471
138444
124743
146916
136814
138323
125304
145418
163465
124703
130732
121730
137514
124545
115894
138003
303027
179609
135871
189891
160100
196129
160099
204931
154559
201410
144360
139121
134021
168802
129941
120469
128906
196144
144223
135706
157886
124023
131738
125991
129854
129694
157390
122067
119081
124093
135132
133501
134765
120732
113908
115989
140421
121699
146268
132234
129124
134745
119660
124811
115757
154710
126514
132324
114224
146600
130434
113828
126459
118545
119496
129813
142116
170062
139231
161894
125178
129243
127406
131388
287289
135377
119070
128668
134955
123882
123672
119446
128905
122550
125957
118002
130639
123027
121360
122185
122689
142621
121874
131023
175819
161244
178116
161245
168996
135878
134602
144291
114429
133901
121307
145205
143002
133638
137542
151797
134906
119977
141325
133503
122037
145535
117398
144220
131147
145454
132000
134451
159854
126338
121347
127359
132725
136887
125101
132026
127103
139735
140433
128081
145605
129799
133585
146467
126617
123367
144293
171521
137923
118802
141650
125002
125269
124782
144226
144958
133113
136982
134697
124278
151588
136620
137949
166383
131278
166679
168399
162546
169666
191106
160374
155543
153326
141218
166873
159582
276628
188425
173922
200521
119789
158050
169967
270686
165613
141085
136725
172573
158700
154564
185500
156904
154692
127082
185913
139158
132712
183858
172741
125197
338181
181706
170485
151923
143956
139002
136014
127242
131082
166500
113878
131251
145947
199658
151338
146865
160223
154354
137200
129298
131347
162901
141473
164102
175620
169031
128498
164795
168107
137309
154313
145981
132196
187279
149739
131915
132772
167294
182991
132396
147282
171618
189376
142662
165386
173771
189128
140075
147995
136865
132862
143964
140073
139074
142861
148641
174748
179031
128664
155920
197553
148594
280405
131992
150405
176207
126428
169639
280152
145030
178649
173935
187770
151950
174075
130261
178259
241049
141989
145023
141063
165476
126395
145983
188000
133471
157777
166285
144148
134311
155390
133185
179959
136742
146494
157844
144465
220223
124035
155410
116452
160409
201680
174825
151294
153138
130256
137130
180039
180866
157228
171095
151766
180396
168867
155122
161874
162463
170509
159771
231769
171094
156679
178374
142332
141286
133777
156422
210566
148545
128840
134693
176530
127553
131168
130065
149243
200139
184034
140250
166444
196028
189831
182354
176089
192803
195268
157413
137807
181797
116994
136000
128865
146108
141214
147927
127889
123043
137567
154478
142121
132233
158732
135271
140490
125688
114975
125264
117012
127313
150672
149862
130284
142514
140958
121515
129653
132917
127848
143410
148499
126780
149438
124272
130896
140901
165369
154341
126148
125674
120455
123618
131336
130464
146954
130886
191277
143173
131975
191744
173153
148621
137543
139451
156229
130760
141271
139670
123012
154968
146204
129173
152026
262212
174053
178981
141872
147373
148611
164734
146527
155586
171091
132939
158852
153096
142896
170995
150468
153545
134001
144602
141923
176644
163976
141844
193544
194325
129845
200384
298279
124745
180271
177230
182898
197695
172266
136038
138486
168557
169903
139126
162970
193315
121010
150452
139062
137567
149532
139641
143730
130592
121280
153511
119936
148169
173817
128536
135066
157775
158763
133204
151754
150262
130098
111924
131720
146462
118741
132918
158817
152459
129767
135635
130365
132078
138457
138561
141026
174469
135549
132160
144033
137350
252116
121784
145586
131067
129026
129280
142858
126788
127421
148406
121833
149120
136034
134872
127412
148294
146566
207579
135993
142226
136634
158276
188038
154368
155201
171960
138051
148238
173239
138331
150689
159112
139664
138987
155510
186647
126976
144381
174962
128079
192378
122067
160217
137901
131732
125055
191282
150928
137732
131429
125555
140122
203049
185182
261816
137447
136056
132779
136384
135239
139460
172491
204348
188679
132046
128422
126567
118723
118074
158819
121079
159967
173931
163928
147939
139286
135457
136743
133885
172106
136745
129379
148916
129360
153235
127507
121572
137685
134126
138525
146119
129526
131185
122896
142348
445376
131444
156858
137394
128581
139348
134854
132579
112679
140929
122004
132454
114415
112682
140606
120282
134098
120165
128229
119234
122863
147140
152076
140389
156818
151721
203827
150307
149402
138578
131334
168598
119814
170239
131953
143065
171524
116732
140975
139905
147340
140472
213987
131708
122021
115324
136891
133183
151702
139629
122766
157041
146706
117988
160220
177803
131282
153483
176882
134356
214843
113572
213670
130682
125674
292590
141756
144246
116692
148153
139972
136927
150725
183888
123230
152607
127452
142591
132130
229301
127291
144498
181656
127924
168210
160795
158343
163242
150155
173005
331291
156147
147442
149140
146773
163618
136433
138757
140903
153995
163540
140614
155923
150271
154697
151406
146462
193468
135424
135904
122296
135613
127592
149469
144865
142883
144038
121073
152307
136989
154781
144118
133408
154077
142320
136508
158955
105443
169287
191700
174549
136664
130284
173220
151491
132800
181616
166936
157281
156247
308443
203920
163520
138666
132452
153937
158996
144405
127733
142540
148699
141141
139102
179874
119657
169836
160478
155863
164196
139038
161523
173371
162975
133571
164236
151417
175338
164515
172689
138578
154259
147767
150953
164021
159337
152448
155225
188316
163579
137190
145057
152777
151708
132789
163006
148173
159551
151787
121504
174833
171457
135060
254214
138146
152550
173409
162321
115859
136710
280731
140794
160069
137306
132622
124294
159569
261885
138473
153740
191380
297284
148502
149722
113870
125640
172578
134234
146866
134600
137640
160550
166220
134466
148329
169271
177761
161535
199826
171459
200533
278287
210808
155751
183963
157709
171929
153721
144165
142040
198689
165288
169810
190157
142448
252867
161535
142192
173643
164636
134189
184807
144381
148596
163234
167376
177714
148967
202874
167064
179840
155992
133578
146233
134166
140075
152457
169362
147257
175611
157796
151920
129841
158572
172518
133276
145558
148111
170897
160497
152999
148672
160621
150230
139870
135802
132201
134579
140401
130941
123741
163046
143113
139254
136807
135496
124966
149664
131275
145639
133141
134592
142277
156801
156456
166613
169100
147681
136653
141227
129746
229139
170984
227574
245126
165787
126898
177303
143457
162594
119346
181156
153058
135711
143143
147962
129473
162398
136457
256657
166338
159498
157521
152454
132378
172342
175802
185528
134972
129276
139595
133852
141237
153592
146063
111059
157858
164938
259407
128708
205558
160743
162342
178851
157472
142527
145278
123160
128598
132412
127424
137404
137759
131295
128518
134730
136456
123620
120379
132372
158005
131425
137273
150732
131095
137818
158095
201350
115761
176326
124525
136329
143802
137650
152477
156067
146476
139393
185080
151473
134199
141057
140184
169582
146626
151942
164283
143845
155235
138280
148575
130174
133528
144696
148435
121388
162474
129843
139667
129090
116827
141920
142410
150068
142425
124759
125652
143534
180395
199234
126980
152259
141762
138397
152520
137427
123652
168503
118298
122210
131997
158364
131444
135940
127284
127680
135414
222003
141894
181573
127087
126327
124295
125555
139929
134699
131570
133169
133489
132538
145214
149923
167552
162201
159062
130817
129978
121054
114981
134121
165173
137986
127724
147739
138538
143436
180322
129044
131220
131863
164875
142806
126766
125485
129324
148652
138261
145467
127805
152439
159024
153900
153391
118477
154351
176879
176484
136932
152007
172037
135568
189818
137234
117020
191427
167162
140724
165415
167526
158156
147292
175685
170743
152165
172991
152729
178476
139695
149437
156901
173055
180728
165747
165128
136726
181311
198760
140415
152155
187926
143876
202073
146343
156199
169002
145124
140879
196346
144282
150753
153794
141914
192121
161936
190058
156645
207001
151710
189625
159124
148099
173014
147846
163344
199985
134839
154293
112970
129020
136734
123854
122759
129494
147234
126431
127262
138834
134856
124550
146621
133467
131970
124110
136602
126207
134887
138166
123009
134139
143072
138724
136833
132420
165233
139691
133580
142595
123348
148261
128821
170483
169614
187932
213605
134951
124269
146845
127125
131824
125142
110684
130558
174182
140568
143832
133097
123502
129386
147671
139665
123326
131499
136088
121081
135129
166740
128033
129623
169359
172743
116211
124988
124624
129513
115651
125315
129660
130867
135622
123561
146551
142171
140345
119660
125663
125154
116514
123524
149041
113006
125356
128667
127710
124589
125379
153404
129236
127638
139271
121778
129246
144224
156559
129424
153663
129729
132295
128047
120050
130259
130784
135476
145537
123374
115844
134861
136587
125155
115558
126746
135491
135322
134927
131489
128269
175669
151581
157576
164580
149911
138500
120387
175628
192538
162355
120780
166061
128980
130458
161747
190663
170820
171192
178464
130473
175591
184352
140445
136115
151269
139460
145747
177946
125350
141297
151362
152332
134857
125072
130736
200305
163897
154812
195273
182126
155678
177678
160015
169878
132766
142347
209762
134932
148250
121844
136127
113680
128372
127563
191321
183939
138315
162634
161124
189380
148081
153552
129499
133842
127893
207621
142753
132820
127922
128212
132739
199752
186237
133752
150102
121681
122280
127111
140803
162636
126414
123651
153635
127578
130236
129605
123123
139654
142585
125146
124697
131465
171729
139782
121190
127590
127597
128975
116481
124574
125477
138754
144516
128082
128414
116192
122098
121128
150339
113831
127939
520946
123422
139286
113894
126065
108447
119718
115781
138557
123248
119110
133120
154120
159694
169629
124945
150360
151347
171118
173893
131544
138693
120169
148824
168303
162669
122788
144129
161801
138572
151605
136725
131551
133675
311124
113827
119669
135041
160858
151470
125246
121543
137150
123541
131322
140246
163328
128953
243470
138725
144446
130808
240945
139791
118037
121950
109110
160951
175680
152955
175280
133376
173782
167798
130065
166754
174054
163037
124004
183620
157256
118543
152565
128523
147660
115329
127400
114718
144384
132903
147018
121946
177671
164379
137833
126354
129559
122862
172810
119232
132200
131844
119429
171904
127555
128277
143783
145956
128242
164436
120194
126324
152479
140703
138315
130075
144109
276201
177969
129526
148320
124792
138796
122063
116987
162820
131365
156795
134983
124168
114239
120256
138280
132032
137481
125728
127155
121608
140438
130778
130385
129331
114172
132110
121337
116603
158810
170668
137819
119164
144298
123421
123509
125699
129291
128519
124584
141663
132170
117407
120153
113717
121818
128440
114124
118843
130120
113225
121974
116538
122067
137892
119952
141669
128601
164214
125402
151582
148043
139667
125194
132736
131356
134234
133933
120864
109562
131146
160983
174265
123979
127131
145364
113258
125286
121549
138842
118999
131160
120031
121851
118641
139848
133408
114883
126013
124612
113680
137586
192750
129018
130075
163229
160099
195262
172262
172561
170522
187707
154907
153592
117356
120334
121332
198284
168788
154274
131153
169867
142683
121945
110747
153249
159753
161185
140131
167985
147263
127652
142527
126054
133614
157913
155443
130573
146065
138918
153400
142734
146586
137234
144484
149436
128517
122783
144506
130429
115898
134261
156333
145087
126672
132704
128137
147716
137234
121577
124359
117297
121078
146500
133111
154057
188706
154240
135907
170377
170590
159630
187333
141062
140198
154976
159409
156434
174871
137009
207065
135415
188860
173789
176496
162439
167519
187240
138607
191863
148143
166471
140091
147517
170321
144562
139385
168432
143205
135161
111289
134603
164877
184491
122339
150406
151557
179620
196127
136649
342815
190123
123452
150481
213205
196111
164547
141481
177244
144709
166573
145822
222901
179610
166827
164969
151711
195278
196393
205012
142752
136400
135632
150764
120509
131129
131012
119386
133275
185446
148845
118295
139283
129301
129701
132874
129138
125318
142336
135263
128952
160739
148353
121379
158087
130509
157172
171314
182684
169446
163537
164930
150276
169854
176116
169161
130472
164852
142951
121553
174489
153583
168091
143869
213292
201356
161413
144700
133062
174046
170145
129868
166801
126745
131148
127498
175160
173809
137871
128177
135484
120387
182281
154978
143679
130149
116017
170270
131739
127887
129593
177486
129147
130516
132282
159412
254055
134357
121878
148565
131140
171516
134135
123424
119616
117982
110536
123545
160566
205540
168524
179915
176397
151682
198788
263087
131204
124478
166717
134893
154694
132842
149972
131609
174995
142241
172910
176204
135334
171728
170170
155212
151349
153993
133172
138841
158980
188888
142985
127202
129694
167311
142976
183229
147144
138265
134216
118089
135753
131430
123984
126379
119368
117869
134672
137157
127306
113920
127663
116043
150175
133144
141065
120687
135277
133851
167418
131257
132924
136733
128780
126087
132564
124630
134374
140394
133466
139866
126599
137274
130286
125841
141485
113042
141038
157153
136916
126452
128237
136812
122085
112686
114283
170993
157356
107769
119387
460999
129122
125105
125721
115216
104463
126694
122008
127751
342080
148145
157747
126320
124502
128769
167412
113021
170270
162386
116094
133508
116657
124584
111403
160045
154368
165774
130838
115476
169807
141048
126491
153850
149441
152308
143527
122477
134512
116610
136813
138488
137860
126712
117781
113292
119413
140979
116083
134182
127792
142877
142593
120002
128963
174730
136743
142201
118304
126506
131340
124365
123632
109789
113006
154927
128433
120983
127664
138725
140245
133026
123952
144736
135669
133199
121691
132040
132919
159346
180786
148067
172782
132433
112069
141805
134341
151772
133347
132158
163196
169958
137216
137322
163171
125237
149703
123457
253844
138737
192250
151585
123179
166682
147321
168719
162241
114363
184592
169555
147504
187772
211971
194061
185427
149188
156393
132245
172320
170364
109556
156429
207075
165297
150044
187029
144229
169079
216949
172405
354330
156755
176507
174521
229901
176039
159942
121048
175072
147558
180581
196017
141891
153739
194043
162432
122942
138887
144213
125565
164006
168226
131002
148896
221629
157151
131457
207135
166353
163929
175724
136443
178292
162887
203280
140144
163083
178037
148119
161209
153042
142408
174746
134242
149029
242569
173074
157418
119150
141338
178127
125078
136245
129922
175045
169810
121733
151401
155711
130826
125775
188296
151223
131544
173116
167256
164788
141590
131492
143418
170515
128877
143501
154892
117447
164234
162824
151214
165175
157596
188345
141097
152128
142374
178580
127200
138183
148077
138454
277478
119759
150879
134412
148834
137076
217826
186343
120263
127537
143121
118647
138417
198097
140134
120760
146466
145647
154270
146882
170169
154002
170953
152467
185565
133767
124392
132128
149790
154364
128859
194848
167625
139440
123396
144804
169961
159378
124384
137636
129337
170577
170433
198914
129680
137149
111121
156882
137661
110476
112569
127492
271976
143502
123817
119288
128538
124295
140474
124496
114015
118990
137994
128470
109685
126844
140244
116506
115903
144639
125461
148910
117834
122816
139737
112229
131966
150459
123592
113214
114609
120430
149548
146011
117933
139314
122067
142429
146598
132654
118183
137168
130823
142986
137506
172391
164501
136688
117476
136348
147502
128598
167419
121041
161218
146070
118302
166772
267857
164382
170330
133681
159589
124246
178141
123025
140710
125093
199390
133404
136009
146422
122135
122821
183558
153152
141082
118824
180868
126448
193344
127919
138889
182480
149695
126616
117683
173333
157003
123547
153404
132544
142274
126732
124347
130047
172626
125600
154321
149956
150023
325441
129733
130808
138934
160805
119519
143594
126344
159158
159210
113362
142046
159447
139780
194706
168521
128583
112170
124330
143895
158190
130471
149638
132070
151164
136380
127324
121665
131544
120979
142384
147285
131813
134516
128925
117058
126301
125997
116664
120878
143433
119224
130598
122079
121689
131818
180326
128768
124559
123488
136440
121040
106027
126082
123805
116442
127756
119259
123455
114750
130713
137284
117520
128098
128063
115048
134241
123972
129513
132426
121411
130955
136126
130354
132776
129770
130058
121413
139866
130718
134970
149956
116571
117484
116794
131330
120328
118647
158692
113437
119952
153698
154555
113761
143833
127221
158759
134641
136464
178489
162592
152175
140707
120798
143343
150237
186287
120950
157189
135845
141326
157466
192164
178650
155299
168715
167335
187182
167167
137659
157546
123099
174389
126987
128468
151258
150779
127821
137112
123044
156483
131667
118620
123000
121237
126414
143175
178419
149030
140399
120348
132800
144203
163081
136712
131360
136876
138068
138660
129188
161164
126627
267867
136189
145074
130822
122539
146402
144113
126495
117727
129351
124023
147610
159546
125796
109620
176107
156630
125541
136746
139839
141885
132104
134138
129675
113804
183720
161164
168566
110273
128101
128977
259380
156849
129012
122454
134178
155381
144011
134790
129758
126934
137867
191639
130893
254750
127918
147552
157830
161902
140633
148881
177607
163651
269903
147696
141939
141079
151648
163326
176853
126573
134013
136410
147268
131712
147525
158246
140165
148842
139297
142562
158369
171102
151031
131220
149782
119626
120871
120868
165987
161137
195313
192428
149983
154790
191060
133975
126177
228440
137577
170635
164640
129273
183301
174937
190225
145212
141209
113892
141078
133655
155042
131945
150447
140111
152961
163066
149453
153446
144577
136811
176260
186158
131335
182149
120366
127507
191965
160826
141543
136763
132063
118413
145995
143000
151090
158469
164184
186154
148196
174020
135979
129759
140379
179092
148056
127610
164706
150903
150360
142442
161236
129910
165641
107988
174578
136305
183320
145843
181764
153681
159233
156658
167612
170259
156036
169928
281359
171988
133406
141167
137852
146205
142847
146656
135761
169723
155302
155062
165912
145961
128984
133709
149294
159668
151270
173867
199156
158712
171605
137721
265430
189802
133475
139141
144047
182315
117961
162884
156119
144786
210034
148831
132675
160338
132878
156517
140424
160853
138347
124885
154899
167961
134386
154915
152056
128776
134058
138268
129432
118575
130009
157101
178913
128067
124962
147261
189736
164264
173425
189715
164249
132453
125444
134034
134986
123151
125822
127763
156710
125073
125334
138723
142257
131235
124218
116096
132528
131102
146287
187818
123292
134673
133919
178019
164705
148252
132951
135883
126431
145869
115976
118728
120890
179601
119101
149958
144083
168328
145882
151837
285439
158845
125534
176704
147929
452671
144601
175314
154206
176349
174917
169705
169510
147557
141422
154838
137345
165146
158590
134329
157740
151888
151717
165287
167449
130986
137402
177453
142986
174508
179549
114946
213292
142631
171751
157187
125175
145801
133273
157839
168426
155073
142610
132309
171804
147657
151292
191158
192332
136371
133522
120623
171539
151095
171569
158780
151384
171168
172968
139934
197074
154733
174558
164280
188814
182870
222798
160004
180996
179029
179677
161934
158919
178190
160191
134254
198927
740440
179279
121194
136585
134154
125738
146015
140001
136828
158961
130275
117498
189968
142426
119487
132054
123103
120602
160142
167435
125021
133430
108148
121832
120116
121937
162463
132436
115114
114800
124037
124859
117157
114751
151231
124584
156692
149211
142793
167577
137187
156922
136521
137850
197864
141149
196221
153279
154208
134530
180496
153242
117877
166612
149163
162806
151440
160008
166236
130299
140397
175111
165323
156786
140276
211897
172749
156412
164904
162217
192191
139014
140768
155085
153297
175971
187723
159255
162865
194204
137518
137718
181077
252513
160025
137762
157219
143014
134535
161064
185981
173741
131645
146383
146663
164066
151947
166433
143552
190832
150129
185362
170677
158107
187034
180223
504565
148719
154371
194233
160219
176727
144832
171445
179772
181771
155977
162758
173901
149337
147748
161050
180058
175580
599000
156231
172835
162373
289408
186833
177773
177984
120786
135948
138746
112914
123749
122057
113889
124615
110443
120678
113224
123001
126731
119091
113524
120446
133289
154525
134314
140312
137448
165507
142432
145851
128934
122806
116517
112986
114498
119964
127687
112272
126674
153768
139767
166867
139258
136210
138816
151977
130649
136679
146705
120577
154408
144148
135759
114519
116921
132547
128441
121706
129550
140471
122661
136186
139594
114582
121395
125990
134679
124687
156794
121129
131210
177042
164622
116623
173340
125248
131855
177360
124002
137791
176464
162269
127631
167619
140273
197352
109499
156772
195054
132148
253312
194727
145883
168825
134027
144146
117833
117305
130590
197280
147657
157660
205863
159953
146408
148109
141251
151542
141628
140182
128222
123402
142917
157763
140922
197430
159236
136960
153766
177951
131934
136927
121168
187307
134908
144609
170280
182942
191655
190520
195026
162933
171846
140510
117457
141637
133435
124810
133893
115901
183833
127994
125153
140857
133061
133221
126610
137128
125897
142825
137242
135117
136851
119891
140690
190300
163018
168390
124177
133462
116259
120540
127935
120259
112972
120231
139984
136362
115667
132603
140527
123258
151577
132025
128306
129767
118504
119959
152828
125659
118723
125660
138410
124875
119201
169227
126015
127416
132985
126151
130399
142692
121487
117939
115515
166371
113565
125412
118577
118855
131530
132984
128780
154793
159878
147136
192807
145264
160516
131678
125024
145494
134354
136112
170505
142507
157482
146519
163403
158399
201368
231650
178068
180310
125398
172793
143368
129464
143056
124299
288697
137456
137201
172646
179791
162896
149310
139196
129220
130783
139409
134259
143049
153509
119081
123636
127452
170352
146971
1650242
137727
172189
161762
175493
136249
131177
146474
153403
163683
151489
185672
133515
200163
138701
163860
147774
167828
164503
188408
164519
153826
145635
255784
166456
190346
146259
158712
202038
165406
138057
138898
149109
176604
203634
208140
182195
182899
192443
146634
144400
177099
194819
202878
167613
178000
162825
171993
134128
189802
149938
165144
188898
136522
129792
163223
145555
137012
129901
128751
139787
164601
171498
201907
152284
125967
295797
171335
138965
197485
180063
132081
157331
196629
195932
151294
175145
157456
138363
138791
125615
137117
137490
140393
132309
157252
150042
141545
157346
138373
123211
133782
124112
145397
187583
132442
162890
141031
131401
130205
137017
121403
137362
120853
128802
119641
152506
136443
123263
126708
124152
129138
164402
166770
176458
142244
130075
143859
139057
128291
148859
143095
142453
144563
151382
129378
124580
117129
121791
121716
122301
139273
120438
136651
121882
119720
125057
135434
145419
118371
122375
135320
155270
140523
138411
164975
121860
121714
115730
132845
142485
135155
165897
153214
266809
149057
265415
180237
192470
149724
164801
137665
136752
162097
173765
171318
144800
194352
127933
142199
265653
133664
134488
139313
180484
180757
161604
869054
140785
116200
112724
182501
142294
168742
154474
159108
192996
163846
132526
140309
165397
193783
161238
150183
158865
145984
118957
144189
148408
162993
163734
186603
175021
182970
167931
136740
165571
169587
178174
201745
217979
168655
210994
358828
221278
171964
155776
163034
150117
180680
183738
176969
136546
137870
131429
143616
170873
132206
164835
130503
172187
157777
186937
133192
163035
158030
164007
194910
172633
154168
160443
174446
152325
200023
192110
159377
184212
192173
165820
141076
173989
145482
148540
108010
183447
108101
153095
134507
165611
155111
165146
167926
123711
145998
128839
139957
153046
214848
169021
132643
135053
123094
147155
184034
166855
174111
177458
175317
142772
169687
157708
186099
129722
175111
132139
161069
249383
169677
170579
195792
175033
172505
168205
143180
164010
129956
126649
173897
138304
153203
160031
188399
194402
180150
154387
146036
158797
123063
192548
152520
165927
162985
153021
128170
172764
183852
160781
173797
125801
199039
178121
150333
142568
170371
168289
151107
167642
136973
146931
175591
197380
160594
131127
285396
137785
179075
178196
180718
154885
140184
191593
139393
168196
132567
155743
147694
138855
146090
146605
132168
120593
139925
132919
129381
125253
200272
150689
130335
147016
138253
143734
116713
122883
134627
136337
136335
130237
159729
167241
172006
167481
156363
131812
152865
147020
193185
174638
204973
172447
182864
160385
158804
156613
133606
153894
157946
124478
150311
172604
150813
178077
179336
197171
140228
304359
188309
189149
129347
163878
170503
165074
150997
183983
150315
148912
144801
133100
138718
138328
122322
120407
136964
129708
120161
139645
110657
118909
127468
130356
121643
130968
132763
114542
138145
118736
148251
141974
140370
129323
113100
128287
133412
174141
121245
149428
146904
128294
133943
137121
135248
124391
136241
136306
133733
139391
146344
125783
123528
187036
142531
123465
132892
134799
285686
116700
125492
117066
130660
136766
130014
578125
140238
135120
122286
146543
127020
129720
117070
123318
145658
134373
125967
195704
120189
126757
115843
141965
122036
116773
115290
162182
135617
126676
125503
115252
115186
116605
129802
121541
120446
126272
116612
128354
140080
133136
133798
125326
107718
123928
146440
127374
133699
120282
140996
136406
156676
115276
133193
125706
119865
136064
125993
127076
140418
138185
154047
129150
127192
121122
141402
144177
119759
114889
152275
137462
133636
120084
139473
140708
127653
134623
177287
125996
129670
144557
138560
162378
132660
168977
157780
134628
127476
113830
131814
122295
163464
148056
157418
126206
135822
116899
174987
277182
140449
160830
118298
138576
142095
137137
166450
140878
169934
169694
126827
130888
160853
192376
121990
139633
158227
114787
154781
132472
194500
167567
150850
165927
120888
144393
135418
163164
142258
158121
158152
148556
150212
171553
123479
136251
138591
190855
148662
152825
156376
162120
147008
131601
162323
154618
184219
165114
158943
197978
144332
179464
146052
128322
121940
126690
143643
188829
157033
146189
157596
145584
172691
202270
134078
198798
165751
169305
207540
179927
169614
146638
174258
184222
134168
176391
175536
188404
137274
183212
123074
130866
156972
160246
183955
139433
196273
152621
173725
155289
183884
184834
154244
155051
208132
117705
137997
162350
153227
165247
158690
190550
147980
143132
142533
141906
154045
187066
162293
141937
131781
136325
135908
120691
122943
132448
116987
160715
126876
137661
135857
150725
117486
125631
124265
117556
137324
185459
120767
120313
137613
131146
127166
135819
140131
143377
161305
132498
143009
124107
166016
166437
479606
142813
140172
148993
125073
127909
150391
135241
134228
129610
127117
150214
139228
159037
128807
142678
128421
125882
148991
138841
145262
139258
143291
152459
135233
130229
134826
136422
125629
142645
133113
126584
146499
139800
137740
131117
151587
122123
141542
121715
130337
141455
121992
150483
125251
118533
127038
127654
140120
127228
152471
135863
133348
126256
141618
145713
159328
129691
141207
141979
120568
255884
161021
152153
164568
171724
139693
168142
160357
123056
163490
135217
136353
129199
143256
164186
157804
175488
164229
147745
146699
159850
125106
185578
210985
151236
186505
192608
183785
196136
140215
130396
150253
198575
162208
124519
166904
126727
194557
140371
160555
142785
128855
275295
147474
154690
116956
171346
128584
173415
182023
152216
119812
579724
186194
151944
133409
124835
187996
124762
158465
139397
140496
172312
169556
164145
142160
161797
162865
173304
173320
159015
216428
150421
166184
256891
168590
156905
173750
148562
203918
185177
143172
200661
161802
180454
153699
153819
157639
156972
181950
133113
173682
160727
135040
160176
187016
137160
126453
140040
166736
118557
124724
132966
116217
136645
132028
121280
137112
120277
127138
173583
177974
219903
132510
133831
141761
128277
127259
131964
122290
119171
120093
125787
113638
119304
128590
147633
117268
113138
120983
125544
131794
116574
127378
135731
122287
116614
118212
142114
117257
123221
121739
137112
115531
138307
123646
122735
114160
111873
127800
148816
134542
127462
118075
125546
119003
111750
107950
116416
128586
134292
116717
136282
115922
118981
122235
129595
127552
116625
127408
151238
126472
163196
176591
173745
134821
263328
138422
123443
140831
121909
189090
134048
121236
120633
107416
124224
137179
125008
133130
156528
130038
126984
137072
157637
192159
119925
114908
116106
121477
111154
121140
121349
118464
119719
118960
137203
137314
137319
139319
115884
135666
120854
121650
134719
173080
131841
124623
133517
132174
120926
118024
121654
133516
143323
119761
124167
137495
114191
161760
113915
120763
140037
123577
120396
118712
121795
169350
174079
140282
142386
198143
149699
128337
108559
148528
138163
191706
144700
153491
184995
131290
145691
140178
260909
143234
259846
182874
141395
140872
166833
171941
157883
179358
136089
144791
125334
148593
172037
178431
160038
166547
156200
160317
189622
185146
190103
181322
140588
133716
140419
170826
158368
191713
162114
177453
127019
146464
177270
195386
150699
143061
158505
136693
144613
149315
321644
139814
222723
191893
252924
116401
160906
118855
139939
176480
177835
143160
128337
131675
139067
164884
116537
120211
124278
128544
168629
131345
162286
149755
125681
144917
147901
139591
177249
156453
155089
167197
119026
135817
146627
124576
135888
111451
123366
123979
134968
112872
126023
147134
137364
125490
137343
143186
123173
139805
137921
148760
142312
127831
121129
140320
127996
170377
139947
134112
162189
164216
157545
151713
156440
163551
130284
178136
144190
168877
155789
139402
123639
130094
151093
124745
172142
145325
136006
137473
211839
143875
114341
151106
143822
133425
133744
130706
154909
148300
139779
125414
155308
116376
116212
160169
111012
116713
160040
130384
140227
117415
141614
127118
148818
120358
124203
124533
120614
125126
121797
120276
112333
133821
145376
121194
141164
117938
108898
132478
213978
116696
123765
130767
118736
108833
122784
137374
139000
126539
126260
141000
113526
126151
118384
136905
128828
146034
133513
133564
135954
183096
191716
151000
182987
166116
195879
198197
186710
143168
147116
150950
171402
173999
164521
147651
144136
137925
151136
193530
179722
208308
155724
166555
166335
177937
144450
146348
160862
181129
136331
145248
180004
170663
152520
177837
161083
124603
168121
170591
222245
142895
184822
193380
182273
165526
136941
136199
164549
182219
145546
173687
245072
161576
173939
178236
133231
196122
172892
180211
154443
163653
131232
140363
143854
148126
132129
132123
120313
139130
136504
137771
135242
138468
166060
135609
148652
137303
144794
135884
117039
126605
131803
128135
124673
118802
121355
141768
143118
131034
125297
133896
119949
113800
139070
133717
120486
120817
137652
126057
126945
164083
140361
105824
122196
126453
129821
133246
121389
112503
114340
123979
132646
121841
121585
108955
118061
129905
120782
137103
121924
116345
132141
131021
120746
129948
135381
138462
129218
129672
176721
132584
122525
147712
172375
124554
109765
136064
110801
122901
119675
132326
123122
126035
117026
123131
116228
117959
140770
125208
132219
143907
175693
152742
122035
158705
136693
154595
142544
133257
142348
206222
126316
130242
133271
124095
148849
137286
131404
147468
149650
129550
137589
153004
137856
144741
124972
161676
166125
135088
149767
164886
163712
197847
109914
148036
127329
149701
137503
122246
144480
145061
168856
170179
161360
144842
159205
181166
121221
152670
125852
146611
117511
156946
135900
181736
169839
177890
139384
139800
157214
146743
174817
139509
180623
125888
124245
130064
165569
144656
145741
1081939
174135
133263
113558
148450
149068
141556
135501
127695
162028
169454
131059
139565
374367
149712
161945
141101
165901
290445
138099
151768
121609
193270
116709
117820
177212
134029
188401
148915
131489
252077
145243
169013
131047
146400
118545
152148
176424
135060
132772
119186
112325
134040
132685
188097
187265
117306
123397
119287
129594
167961
167715
166437
184054
160669
181492
143749
118442
121789
135222
111659
116156
131862
171161
131094
129082
135748
130594
132035
133674
136736
140165
136823
134310
135830
126134
163919
129055
209289
131414
185967
161791
141042
137572
129486
131268
129802
160279
141013
125392
136569
136015
180454
204558
115972
130145
183100
200497
162803
136619
132655
123118
159540
135649
145025
126249
132896
141520
130518
116601
126792
126306
128084
128097
136786
145630
124217
148495
128655
257697
124161
110945
117978
139280
170802
125349
128962
138621
136319
117258
139950
118725
131192
177231
148890
179615
133266
184191
148568
133671
127237
131941
119147
117745
138882
116249
110360
115381
125121
118590
123386
125509
117579
124593
158843
157768
169370
124260
130515
121748
133181
138882
127772
165640
168612
130598
136245
133362
122931
124629
137820
109258
135741
148959
121240
131428
128371
129932
112783
124165
130790
125779
137345
203789
126504
125770
121210
131470
113268
195563
176702
152886
163601
138495
163800
146715
153610
174552
146991
146058
155478
154383
168396
153540
190531
170953
199827
151585
151346
155983
126301
141844
176601
150541
179855
164682
166644
158935
152447
149436
149374
142207
148257
155740
189297
212928
160103
143711
153841
165409
149488
187643
159247
142086
180206
170153
178747
139466
149533
183845
194352
119916
161805
177190
137501
162558
162140
134236
142233
151506
160331
131904
204209
170207
162191
153077
151274
153468
158084
119164
193396
156334
181875
143426
131071
128219
169378
163038
170089
185169
161383
172805
149183
182203
149256
198706
199577
176171
164880
195848
142774
153729
165983
189188
151048
169684
163051
125370
129065
163323
179482
148612
145602
117921
184272
170625
127613
130020
154420
130510
148395
178764
147841
155175
160014
130705
147321
159171
186189
158751
152380
181528
168638
154260
205578
152822
118255
150273
161360
204618
183396
263493
164036
147091
126820
143253
152858
139373
137253
149074
133235
174415
132355
153567
128430
143214
131788
153621
132437
150197
144788
137616
131671
148572
130266
126800
128392
145920
136788
141479
139697
131695
126524
130821
167709
158493
139608
261131
273279
131092
151136
136992
126682
129089
121863
146847
151639
132588
129055
149600
132229
134352
138016
150749
145754
132947
140188
143884
140816
131541
124399
138429
144466
147358
132256
149203
155251
156079
121845
144859
126032
131421
140945
127504
150422
127477
138204
130105
139581
126555
126257
137730
138078
167515
140825
143759
124167
141741
132973
132109
146877
119733
150892
151710
123765
132796
126091
144963
127439
148746
127828
132257
139602
148175
128903
141816
141166
120638
111014
138156
139277
179787
157392
118996
144663
137939
151472
147892
143554
167074
170726
137711
154650
145067
121973
157356
172413
145178
148955
178817
138990
114209
130441
172065
126165
132839
137048
150252
148245
157184
170108
118640
157101
197605
111498
147709
143859
140279
160368
149423
169622
137683
190448
183696
177527
146489
141524
134096
316569
151325
134839
177576
142498
122793
163161
139604
150845
124591
140436
140621
129360
145830
134142
131845
171241
171742
158055
129603
151614
153623
165841
144526
133053
150535
169727
140385
186137
158459
147625
150148
125090
129317
139820
162290
162131
131569
177834
189598
183349
158096
167407
149394
163753
131143
147331
154961
172291
174790
156610
135000
128605
186997
122569
140947
208158
191757
193010
178367
180811
156793
139096
137087
190882
141596
273368
141086
143692
142888
146863
174155
174203
153061
159026
169370
132587
160061
146544
121832
128222
153409
144291
190468
164047
154603
134541
129012
149906
128243
249219
138687
150473
163663
131376
146161
129187
168784
128747
150394
135703
141356
142552
147974
198640
170492
161151
156508
164153
167788
158016
130346
162511
208191
124991
154347
161119
141206
134030
180579
134465
163827
152066
154232
153764
149542
126920
139490
186419
171879
129359
126782
140672
149586
135408
145002
144095
180484
148177
136311
132263
126523
146547
257874
125348
124610
144484
130538
146632
142126
161904
133307
154691
143908
141103
134756
152277
133316
147152
144463
171233
127748
402285
140560
134844
141358
154464
158252
140438
132790
133726
145235
123045
138137
142209
124234
124844
150413
121998
119165
132833
145487
124707
120883
118101
126926
112642
125532
135653
134827
118545
119058
146893
115753
114451
117560
150596
123904
149250
138805
131720
129065
128945
134025
129203
111886
140371
134135
122721
134249
137075
148413
125737
122484
150323
136415
142716
125963
116322
128231
137203
129239
120263
129048
129174
141904
171399
126853
138018
124031
136934
137823
149150
134140
121425
147084
134264
162742
126284
153064
117033
154364
131202
145915
133955
130356
142671
152154
132005
154476
143224
126962
127529
173075
143089
131648
135840
136222
120110
136112
128112
150003
120127
173135
153242
159225
129600
171655
151490
157645
140041
140645
127035
147051
139206
189308
205232
144832
181029
146706
160270
139948
154783
132822
196685
186018
185396
148072
159018
140889
164255
154504
180870
145813
160629
170351
141990
220551
142473
178760
158397
163103
150952
192410
155699
158456
137950
151163
170713
189684
153036
157136
153094
141269
143521
169546
139736
206579
129666
193372
148424
135656
144224
138445
153167
154520
199903
145121
170036
165650
163198
165545
144915
167786
141407
172431
194034
163185
152551
193317
182149
262569
170469
178179
123597
148123
289112
154268
126698
167068
157372
123440
273827
147436
159255
142804
293333
129007
151286
160123
144854
128686
121090
130685
145753
154564
155322
129243
139729
167081
146789
125389
132981
139171
138381
152081
155851
145897
140184
154672
163421
171168
164198
169970
174682
176009
131306
168898
166871
178934
156633
162891
172346
140512
148899
124480
171616
169092
143021
162995
156644
159096
132431
164184
169388
126531
120523
124948
198812
150402
126344
132471
178368
155191
173945
164342
119858
154961
193771
153935
149647
138608
148212
149552
139889
138169
177048
113250
182523
174225
159292
145348
156171
255107
149314
188983
164750
175247
152353
145209
177627
184180
173540
175216
117150
207821
156152
157059
160611
142399
150283
185190
139273
148289
170193
131723
125793
187190
136307
150651
196268
127032
137142
134280
161604
136624
154137
186582
187842
141164
156012
161362
140069
139919
139587
202987
141804
140995
130963
120453
179602
133594
139941
149007
171494
168002
141587
174901
128510
126347
162674
134535
145392
133653
139202
136913
144385
157072
170491
145927
160149
169079
206442
188681
170159
141724
185826
195256
142078
142905
168122
144624
146978
135580
157095
189997
160232
157223
191918
172610
152901
161228
142853
160403
150874
155018
174826
125316
206759
187444
195611
203659
192346
161006
189034
192224
181320
182388
157739
167331
211891
195876
250792
218335
184744
170940
143038
191611
182692
145097
187004
145651
181811
166187
248813
152860
186541
183021
216464
157213
183119
162578
157334
187913
182821
152410
133123
135011
140637
150341
150087
169305
139993
121531
149815
165801
193252
181123
159685
167850
162248
173501
131589
125217
176968
136602
150455
192323
151905
144291
176902
155903
162975
142623
143192
144962
141264
187614
153883
130922
154971
170914
259272
167832
153701
190136
133855
133756
147994
169203
200787
193105
164106
156434
179983
183547
144258
150599
245969
175260
161753
185501
160992
168045
164187
172908
173707
220094
151921
148566
180546
148972
126566
155208
150023
156255
142645
162556
148999
138153
184324
162505
158711
146781
190032
142756
191526
165440
157284
136158
160397
196955
179634
140037
169994
143887
130077
157727
175298
119643
159966
194026
132917
139105
154207
156042
153876
148349
142423
147070
152788
184054
133858
132272
144962
130539
129831
153150
152568
133924
142466
125552
153197
159340
181273
126590
164574
134143
187454
135715
128442
140233
138657
130970
192478
181689
168532
163657
139294
176147
168330
140994
164725
205633
120534
193968
146461
147958
176896
198898
203006
154849
149329
166388
148254
165130
145198
169315
151411
143605
130928
174173
134862
148612
132496
131276
137232
148440
142733
167394
120491
120844
175104
159241
171535
140920
134187
146877
125188
130049
128647
138932
148248
147367
165858
152595
138128
129196
144154
140720
137149
172609
134543
129612
141758
137405
137988
145279
127545
131519
161890
150515
140599
126245
134883
133122
121277
119056
128887
134937
143994
133629
133715
129597
333120
151195
144960
118738
132250
136642
143675
148592
156786
137007
152139
146272
131170
142554
144411
161045
126957
150414
132994
132334
181411
132527
148853
126425
140283
134351
150206
145253
157046
136028
136433
128391
138526
151598
136242
138762
139841
133080
125090
140093
151918
131772
129150
138491
135229
142304
129420
138603
138226
135742
156326
128010
145981
141455
137661
134471
149284
133872
136967
134034
145456
136840
130349
151336
287086
142902
166281
133272
151790
142051
132595
144536
135960
138176
134461
252756
127354
136989
130435
154924
134593
145646
139529
145617
137075
128794
143665
148770
137759
136383
147175
140952
142538
151597
154091
132729
142485
131088
130836
139166
142106
136488
133301
124540
143326
126180
124502
148362
139393
137815
131845
145405
149827
128964
142852
161821
132451
136994
125870
121343
167481
165079
139967
126447
137996
142222
143550
129580
151158
141061
139115
160241
129963
132914
137438
133984
130912
133070
147044
130301
130045
133495
151949
133647
153460
156909
168313
163062
140063
166454
127613
132847
141204
130204
158178
137687
143485
138196
148741
141885
151630
177633
138837
143780
138880
146316
126013
159538
167923
162551
143539
139526
193929
280647
141869
127999
129608
137235
138893
130057
129071
130488
147047
135399
165539
155785
151623
137512
140063
149092
148768
133707
141570
134445
146252
141510
133402
131757
138028
148381
130795
136375
143675
160546
140104
130043
157543
158737
135503
132704
136328
127794
159063
150524
124874
134772
131434
146029
132701
154785
150098
147499
132162
150605
134587
148577
140467
134034
168095
154924
141149
147756
141245
126115
137969
135310
152201
129870
133493
147799
129018
144603
134770
162548
144733
128678
139872
158616
126030
139020
147770
136696
135010
165781
140633
127773
150932
152628
144695
149438
137731
133013
134806
133373
121931
128206
170939
148797
140096
139282
157992
144749
129637
139331
145591
126424
130210
132886
143569
140192
148894
149731
135122
135041
126101
133399
148986
144337
141372
129063
133495
140789
128360
137586
146202
132099
136338
147687
152405
127022
141475
141997
141039
131278
143533
136838
137188
133733
136060
127971
147794
129224
153527
144172
139531
141780
141727
129795
134347
137820
129059
128392
132747
140843
138272
132005
128637
132826
145014
144694
143643
151005
161285
140539
131525
153492
130953
147830
168242
146231
140991
177191
134266
121349
163057
138870
134083
136157
152579
145742
132041
147506
150377
143738
141620
147516
150338
135226
142168
167173
193537
151100
155468
258010
132576
136226
142885
203503
172361
138603
158287
179721
146516
166062
153818
171709
150392
136981
132997
145476
146595
156547
185213
156341
144826
200208
161353
186639
147600
184483
130667
186345
154756
169458
156906
211347
200540
185221
140931
134549
174034
142325
170535
142952
170781
135851
150820
171801
119952
143037
139525
145603
200640
185165
173273
139975
171409
154156
127252
126382
181230
171368
166958
170129
168856
140689
139470
143198
135887
126948
149434
153925
130873
129198
149252
144662
152258
167592
135359
168692
147466
144907
127371
126630
156865
189661
130731
134700
139750
131837
142302
143277
140972
130839
141893
259167
130147
137211
143165
131801
132518
124555
137028
145812
145672
120934
133113
160280
146459
190255
169329
181251
155648
143340
158042
140104
515441
164169
191270
133056
162261
140726
166955
138337
132675
143898
150209
131911
128398
128349
147701
135817
125846
135870
128223
131847
133270
137708
148589
133544
135901
143952
151537
144563
131582
140478
153281
154165
169630
145753
131560
144130
176957
147354
164540
189427
136403
143358
157998
150238
145322
141290
139009
128435
163198
133459
129073
136821
164549
156034
133853
135319
142748
183041
145445
131688
176332
126842
145330
123747
135284
122905
148110
140459
127078
130554
141256
134620
130724
123882
135095
124976
134657
172620
278262
164180
152152
191919
190243
174927
135111
146421
205489
184993
156365
151641
156228
139766
145551
176464
142440
163264
172101
187963
183661
143130
169821
143095
131502
169988
182415
149836
133725
130946
154346
183218
183343
137773
142825
124919
132465
143731
168058
127528
133220
133338
187023
174011
141511
155037
115496
173347
126536
155619
128270
183720
153417
159241
139601
124989
137904
183231
149312
134175
188447
189568
197632
160774
133312
166819
159978
179152
161781
131738
147223
147677
128125
181153
201953
182421
206531
149842
176565
169773
190085
143209
145001
206145
187779
147071
164603
159399
155912
156636
140898
130425
146445
143952
152095
143099
163440
132957
164115
134945
149602
118089
128117
202788
140655
182049
159075
160864
151472
190410
183824
162141
123589
137701
119493
149930
190495
284467
164419
136428
263368
178536
194005
146173
127053
137975
149571
130516
277595
133340
159182
218750
158949
139822
143332
157401
182085
126948
174404
161404
125778
159186
128377
148086
175789
131107
131327
170569
136226
128785
152590
146807
128493
124181
129984
138896
138480
139933
137093
127939
129169
149924
143990
167548
137234
151401
144615
118193
114765
131683
133692
142145
115847
132294
144167
127274
128178
169153
177776
132248
141023
164129
181884
131741
125478
125397
131806
134864
146485
123553
118688
130672
119650
145342
128874
165589
138067
120504
155161
160084
175552
176705
163119
155128
136453
127942
112768
126659
122204
118135
120362
135398
147815
129077
114249
136827
136727
134901
137787
141269
121285
132248
139657
124752
198447
123333
137361
126494
319082
217003
201177
148866
169445
135895
167104
138132
137406
161219
147757
155658
197935
135179
175647
192468
150767
146948
139518
192633
255921
159755
206977
191643
158538
165085
141315
190550
162992
162430
175867
148858
159089
204178
191960
184424
172957
142791
133723
158733
116272
151339
132605
144278
153392
139769
194872
162090
191783
191762
138243
158185
131024
142588
139851
137897
126912
123937
134850
126849
140167
141473
155442
168684
158094
157991
144667
125192
194141
133894
152406
141668
149714
175376
131257
148509
136908
173856
186153
145702
126446
251058
138798
175299
135593
160996
152580
148216
120888
133162
136789
132236
250924
137614
146303
153491
161929
160936
136089
120877
155054
155065
123363
133729
123583
119654
129104
177469
181504
174260
176268
155183
168703
143665
175559
152649
182023
255242
161605
138795
165154
130687
143567
164192
122125
197106
180744
169768
145419
144810
200275
179736
184352
121248
224581
153220
171462
182669
206971
190610
140639
153394
165046
157292
193412
159977
131856
216029
191133
163973
158713
164744
135941
143076
152734
137138
149000
193429
204145
187747
156148
149780
141317
192990
162407
179213
137429
165843
179401
192414
186124
177477
168556
131068
156972
136080
181393
156410
150601
171394
139188
181833
163828
198162
144098
168622
149002
154817
176865
192340
143848
151329
191707
148985
310957
176236
232014
196604
185319
181065
187989
148536
153709
166377
181400
150930
206622
148995
125814
193737
198639
172811
175547
163312
151919
203694
143036
207082
194681
181582
150463
165044
172857
184523
159310
171961
140219
149539
163504
158756
146074
185732
169115
152647
182868
164758
186415
146152
155335
158421
217218
192225
158120
212882
145265
163370
162556
157673
212515
154144
171667
133526
142913
175034
141502
168764
146690
182259
161273
158605
189863
171501
164499
155194
147503
161692
199221
147190
123623
158119
150999
198210
141386
172888
203895
180739
147639
175298
154547
147474
122980
163304
148530
159717
139230
170753
157484
117176
139636
132822
110748
126263
152392
131585
135337
111947
121927
138212
157086
156620
116232
179968
152844
146964
131959
122010
147182
141086
118881
131732
146606
249694
181397
131504
124896
130270
127330
126853
136717
126690
160582
143564
143293
119743
124080
150252
132471
143343
129790
266350
165888
143999
157840
151205
147917
168328
151634
146645
129501
207508
124898
137353
131690
168608
179659
219920
129467
151403
134052
139123
138819
152602
128207
119375
142534
132100
145126
136703
145965
248071
143359
128412
139681
130748
153704
130959
147149
132169
157584
122486
144708
145363
153807
129781
147469
172090
141586
131986
141562
143378
150738
130163
149515
131258
132137
128077
138083
145110
136605
141051
136147
155550
136551
146788
153036
144153
147597
126882
145079
134951
133686
132676
140194
131293
129503
145103
124030
155273
149415
139122
130314
123337
139293
144613
114223
125781
119916
142889
139843
144532
116748
129919
209049
127301
123591
123855
124246
142406
138446
135722
130277
146310
126722
133326
134143
163823
123366
131105
123518
128157
129637
134011
124234
126107
138129
150199
139308
127944
151279
137777
134752
117639
140344
125224
134532
142103
157707
168570
161049
153999
148792
137307
193371
149779
150839
145287
132673
139567
144725
164432
157447
136880
152055
146575
193387
130891
186400
166875
223766
131764
157005
138559
171078
197245
186914
146512
132074
189713
160562
168039
158187
172339
178235
121973
200465
181487
203091
161796
185415
182841
209349
187539
208664
337602
160878
124452
174000
168244
134030
146531
171191
153761
194017
181242
148690
156018
162459
161545
153325
193235
177633
186511
188399
156749
131653
174996
164221
166044
124717
141539
144063
137189
200750
126691
140607
153172
165290
173683
139464
134268
136773
149651
171822
133571
186960
153109
161798
142893
134259
162038
160103
151853
175505
158431
137952
194634
183333
143569
199522
134028
203358
172727
233012
184362
159811
173243
152465
133267
157873
139253
165201
176565
165929
171533
195826
169190
162642
135115
143073
128604
125516
148095
143282
128076
128786
126273
138782
130545
134766
136437
119358
129580
132667
141459
118947
142683
201448
141057
131598
165161
161587
135482
138042
132050
134194
130293
139169
143327
117303
159136
144178
145750
129915
158911
149657
146598
134006
143044
131926
126939
127943
139537
142246
122515
129643
243383
139041
148209
158791
139340
132375
167118
151186
154409
123525
129730
159495
134329
125673
179580
135682
149784
129218
128273
176244
123607
133790
137300
142394
139200
135187
136948
131686
144397
126327
130413
119328
151250
144569
124628
125484
119873
127467
141374
156614
126555
147490
155864
142621
144454
205733
141824
118336
138076
122929
131585
148236
161048
141094
135108
131862
184385
137685
131464
141423
142912
129004
142185
179037
193446
157957
132251
144724
136303
142654
137916
136408
125944
139964
152210
129394
150761
138847
172426
184523
212316
152398
149734
122910
185626
187673
171778
141669
133214
137065
129978
142975
129925
129615
124724
145259
150872
144433
153367
135569
140281
156751
140849
127157
172269
136928
151159
143816
168018
230380
212408
199868
174153
155765
202565
187418
156691
180088
144091
207879
167316
199308
149210
175153
185530
206433
137636
201379
130261
157968
182512
182232
177693
219730
148215
