1528544
471748
269377
382971
267079
331921
251601
251453
236813
350926
187273
310413
191181
279172
179734
379658
220639
249754
185737
209601
260460
298847
225041
234918
284565
184965
175409
181466
206754
183094
201576
177925
180738
181167
178394
200162
184886
218363
150915
292257
156793
193396
183495
194986
184183
159823
207836
162144
253540
210689
180807
203876
189006
200654
181649
214068
159150
171023
154505
199329
188871
186637
164736
172435
171208
330283
172653
188370
182327
3952450
1944405
786188
396345
330547
315696
300056
328756
232955
198809
232335
265674
222257
224161
355418
464706
190669
199216
174494
257508
186324
214369
221469
236639
161190
194074
201398
259874
520984
232100
189543
236195
169714
200757
199516
209905
177919
202600
191146
265858
208682
212423
239818
355246
416779
439760
217992
196748
221643
262441
186565
194837
156600
211851
187379
168617
175884
195580
169572
200325
450981
375578
213470
222252
288520
238841
267099
222933
487632
325210
284170
230083
311438
180414
206328
374159
161986
232872
219625
265535
167729
191698
186951
498675
176854
184621
233228
190627
343100
182145
173954
284788
251328
279825
186959
181090
172939
215382
252640
384172
220498
207568
302724
243349
194339
178100
216839
226576
175112
306936
252896
261165
178531
191448
200019
310546
173898
273421
210093
225120
234622
202694
284412
354532
242731
286875
1837256
312740
288596
397723
209671
279396
206023
303467
345471
576076
372192
354511
362373
335336
208075
237894
1027546
243828
254811
364555
232526
643749
282877
432130
416733
580427
366861
503726
194434
366295
335890
421116
418707
206805
309570
395259
282370
396354
255488
204578
310355
268911
301680
563831
471847
416168
305230
255937
480922
218981
336236
340827
202841
359279
6426700
3793137
582035
1016380
550156
384783
221454
312334
218306
178443
180764
487861
197832
228693
217884
195479
183569
170943
166608
157703
222289
256452
160761
459276
181211
175201
195488
196661
200431
164319
202047
319100
212952
163465
179418
238007
200255
215087
221588
236309
251522
371289
416550
211607
483634
416341
252358
501050
172226
338142
238043
313023
197015
215666
202994
218916
227467
234140
189287
234541
245581
241023
358446
226738
222615
344730
288017
224283
193533
222172
220997
194490
332135
232651
228808
183984
286081
327506
183337
503237
569458
398757
186706
214909
196632
320448
234929
225257
328869
375608
199315
333556
344601
723367
425569
277671
187955
306400
240042
497850
193055
168730
202659
273379
228466
318817
320315
285709
292059
348707
326460
236657
458871
629544
752245
285523
671050
322586
263317
256350
401304
227854
292634
343032
273066
226947
327615
366735
391680
256754
386894
588652
295813
155725
544454
247620
279365
387589
443039
253248
449477
260986
237550
263759
281486
379337
374097
413269
491471
325947
222263
342854
350876
393834
259258
415545
390916
449871
349056
370488
429237
510811
576458
334190
524045
533581
236766
310001
517259
684858
516142
323269
467742
414605
224766
474977
407474
444136
564719
218886
293930
277082
567257
659069
427205
452411
256797
4721521
2088096
598330
331332
237979
187900
339869
184949
315314
1230995
1050618
329366
229844
267312
202864
170232
244442
219883
193034
168939
172648
198491
187523
315086
318968
250887
503258
450311
499970
229021
413930
247538
320089
470255
241889
337759
267908
199864
216939
384720
267914
182148
308908
344550
388983
274786
330319
355428
615626
302300
289508
858924
221230
249024
163918
391019
257083
289841
310290
236710
186276
189462
192773
164589
159437
187053
284893
229061
320387
234168
251444
200144
208391
214535
222645
300484
208545
347357
160732
213745
255047
296767
368282
308533
328440
218902
266801
306649
288760
214681
245551
164256
289590
221922
254683
359073
279618
326347
319534
315519
309906
307277
376805
243168
312281
284292
465004
208361
422210
427463
286185
616527
312777
347935
466169
761956
357968
487310
313734
303141
539904
409598
232170
187405
420240
234451
195946
175171
197998
192471
175660
311122
176666
163851
168801
155777
147726
215820
160702
205459
216306
208339
178251
186286
169999
185444
148494
169901
264304
181796
209372
177271
290609
228797
224892
411445
323817
373252
452038
366017
312762
220894
289127
511036
397618
341083
364871
350776
304637
230263
254540
286625
186131
281444
370717
235551
544627
402294
231478
270633
267118
250130
389599
781017
226066
421206
253386
5169152
2096034
411477
193055
214574
261880
296915
335141
265791
404090
192501
186841
347941
267358
167136
404785
298534
334092
333604
235717
185079
184246
205167
312556
253636
371964
184958
345974
324254
419171
624575
242342
147899
310693
369863
296251
292272
328069
261577
551924
262807
269362
291002
286477
237510
363624
384081
320452
298001
270695
401999
277448
422861
223171
323706
386700
409973
322027
229418
328335
207397
449864
262322
223167
271227
294863
359000
389699
214071
322937
397490
1417630
319014
294491
300645
278048
284800
214169
216733
156365
160014
138638
190059
172428
187201
161507
139095
214614
187385
401010
154881
580833
194758
186127
228584
144384
171981
161209
158060
172440
277523
204317
351208
227294
194180
185978
135001
208682
197686
159867
268398
162946
293036
215794
171263
262659
193182
199427
242068
181338
174962
186955
179296
165074
202570
202868
201433
216713
160978
154534
229595
196841
368403
245124
383973
229139
304299
288600
189203
413491
591663
218709
155150
504127
251842
443200
235665
239120
183826
423073
317497
505841
357704
304045
204656
420165
190495
179945
235576
180461
192465
175793
270330
319263
212395
259306
223983
258949
173540
225324
315591
256571
222501
321651
224307
252506
237001
199936
368713
235326
165480
188460
193908
206928
190716
179026
181822
154353
4623571
1373223
194620
173482
215768
394788
149162
263612
215557
221466
216240
221400
270650
188268
193316
183504
342292
175447
265420
163642
319564
334699
281487
201271
227448
192836
222299
220909
190969
202091
182470
236951
258922
261264
190837
244495
204301
193801
233385
284988
267387
206497
189565
198176
244724
290491
201785
172497
165906
187534
175302
209894
195011
198972
180437
258804
207856
187857
168740
230469
282897
213900
278877
311760
225805
293168
183876
319231
214816
268760
193388
196501
171639
195909
235914
270269
274931
257628
281814
217075
219321
213751
159767
183422
178175
205051
220166
185100
170714
182734
192655
220062
181850
166997
237569
198605
192929
207441
170333
199641
202793
202517
203519
206051
217853
180427
194504
256074
225266
178809
248320
160127
158744
173614
262376
228476
468188
392519
279515
234210
235731
226769
218255
196564
288583
323472
259005
279310
196374
251443
283591
253255
272482
255219
231418
251932
229544
278481
251674
206611
313078
359499
210154
174098
282133
172893
241406
390490
260999
233004
312300
238219
334817
181128
341925
202600
286784
309198
356332
175442
284206
315639
287688
200220
227033
357680
299114
414839
203476
257510
340065
225592
164768
182209
288725
170812
232608
347136
206587
184236
220293
469809
365471
164829
242100
184629
285016
7809666
5208531
2539170
263033
281803
225712
201790
333604
166554
405272
195931
196397
262864
159007
207446
193726
189951
203074
180796
167965
183845
168457
282817
259858
169451
224547
417070
418107
192424
181532
243846
179359
243915
231670
235053
164209
237594
251369
164142
166836
492552
252532
249282
437819
243662
184341
154801
321193
189051
192518
228029
188793
176079
211283
238511
221612
234602
284158
215928
189736
214031
305109
304491
185644
173284
326821
194161
234894
213354
404217
200084
209345
235572
176735
406924
273260
158254
192022
230075
364659
361261
194312
385329
312417
323399
433764
302172
218499
237108
189563
235293
315694
231296
243209
401019
177238
414002
170277
194443
220036
309551
267821
285982
582167
497808
262881
273324
197844
510423
255635
217922
147514
171201
355576
262260
253505
283154
421964
355514
284938
224312
213003
456737
325046
336461
266137
151539
254388
389547
208765
172903
438812
281577
212267
235865
237906
203094
192226
174233
228633
266760
268787
159979
158263
249725
193463
353639
205204
341063
202531
266853
271689
243826
561955
278004
298738
341556
355630
233805
466568
394850
286442
255973
240141
323180
215046
299812
280175
181314
207584
275723
281240
255392
240640
246528
166622
140096
171481
166956
267464
246525
180723
224348
390895
333292
162118
217171
6201021
3581937
724661
328996
248488
290548
467140
332183
297376
135576
194070
182561
200700
199644
169719
225145
198071
207576
362219
141204
195374
196148
158443
142644
178054
186446
170561
220226
169664
551130
171987
138820
185825
182902
221879
232828
181865
247033
263874
205464
200187
152780
150722
153770
221096
203178
340733
147473
177725
174750
174400
475327
385145
291013
285035
255701
169991
202971
197894
205588
234167
224365
371587
221759
296127
328795
299210
209775
209148
512683
258512
702206
380951
167849
328484
218642
278888
172037
165654
304923
230564
176641
155443
270085
184854
311189
465370
449809
468266
318871
204468
193750
164877
259636
234534
213645
200334
219796
207020
172085
180518
221574
150683
214607
362312
288412
252912
195992
189383
196801
142630
173493
190979
168095
310874
278961
165642
156028
201357
138365
160798
137679
188220
223247
296335
206940
176579
169723
260121
231866
135760
192169
219581
176788
223083
244634
211100
193351
174936
157971
162480
176669
289311
296255
360991
158970
181240
418635
168909
142682
193359
242904
179760
193872
155790
276445
191808
166493
203847
170307
193658
160423
189419
317036
177516
178871
336455
208975
264170
226805
131033
167077
197981
235392
171486
150552
523611
221536
289429
221472
179929
283139
245102
194561
215560
338351
2508248
5502559
2048106
504713
356889
233531
268073
220839
160355
194401
130608
174169
272413
199357
225587
146240
185562
234110
268760
251420
197259
158687
324804
207929
143384
158575
230631
181622
180932
197623
137117
197781
170307
215672
187223
252267
161763
238969
155130
160784
181628
171259
155207
192982
152075
184363
142168
201998
183142
257896
141867
148466
241816
261441
349727
186541
209117
120953
206028
288700
162049
155828
297209
188420
226275
268776
279159
285581
247100
310877
276946
232172
325081
242101
436468
162130
404371
303885
166126
175578
217165
281308
247663
232649
238768
216676
323638
261133
178447
289708
162613
145906
157259
151187
149933
215698
157320
159944
165009
304805
246717
206468
277653
158657
199217
188689
221579
366713
347825
374940
350127
309238
195675
427164
358456
290252
404654
280546
347330
213781
464870
268983
124135
221431
128943
215528
238658
260217
405870
329077
449868
463016
335570
356749
284104
166574
272751
386767
138888
202188
165403
159530
213576
231931
423455
444502
244024
375729
225373
354850
280916
204032
279923
221220
298330
186002
189005
272305
285550
328644
282651
424276
180126
223322
158931
228587
134700
201334
429846
172014
377334
330900
280599
178588
300117
210379
205430
212857
369212
393118
218349
286306
701194
451460
442929
319231
225668
257043
235775
4876952
1158344
228887
229681
444703
489665
367164
477020
550928
1152982
355607
291748
231359
211045
137491
184178
235046
257912
266658
142492
248577
193650
248705
153277
163662
147304
137762
206833
181183
190336
177819
215842
386476
260660
260084
279226
310555
220182
286779
1070839
318497
428302
213082
306078
459247
292342
167762
172130
428909
535368
750708
263971
330804
173069
322435
380553
287110
165310
228565
613695
257899
206447
275050
225154
396589
241868
247081
257740
335432
352512
434823
302472
268448
348481
159899
141002
184890
204125
166063
191158
309600
196843
118165
237542
223006
191829
187323
112433
154279
323938
177738
195311
1278692
132362
145205
166855
143515
198566
1243202
279802
271949
135798
190102
170238
218810
153288
175779
164345
202181
181313
142805
221108
141907
168616
333684
154731
143586
254097
180388
176015
213079
243657
217703
186567
334490
158340
146644
359571
258686
143486
210566
185572
196377
244442
297884
323522
295535
407731
253482
200275
200379
266133
232019
521123
175781
175491
232277
363130
263302
332491
284415
240932
420621
212886
324468
236315
200794
139871
257909
277861
157479
161466
287489
322384
187167
232285
231782
215566
205521
177561
351371
194601
168559
270237
251979
210926
307035
152778
340713
318102
485224
217207
381139
299897
238270
164556
249049
412941
7144438
5865935
2729364
549547
364851
199901
312805
177580
279621
172713
233105
195418
291592
465510
179994
152589
227802
201044
341983
195157
297164
344357
262389
366633
204198
233050
285976
243450
262241
128852
180948
476440
237171
155380
253086
432840
501001
332600
261508
221234
424055
263561
185080
266117
137738
155033
251183
241586
344389
488297
209238
213741
393917
290892
306721
611211
257244
144004
164837
447078
214019
136350
206957
182221
587403
207524
403432
146153
303908
292099
271300
124409
244593
167029
158475
185175
2859589
2511176
213107
144234
331369
229581
192973
244268
180845
140612
338864
165994
189621
202273
226122
177031
193122
431604
209085
202056
170069
169015
330769
149999
156623
275335
214175
276727
161760
299334
240562
372529
181481
275477
300115
266571
280010
307896
417473
241222
219692
371141
347971
437923
375573
510811
430390
351193
217967
313137
231231
275988
283729
354283
282976
235512
177079
386222
487473
341764
318468
256010
340685
473628
127556
159148
136771
177525
144092
177473
200959
164816
131392
187019
162196
182417
182680
111980
163031
145054
143939
169615
161084
143403
128909
223216
184564
255900
202489
161118
183427
153734
366801
298273
140716
140558
143041
157181
300863
195264
307931
161853
242218
148980
180568
162885
182618
190725
152273
234732
134930
190887
6415344
4489153
1434256
207586
173406
235608
152746
162059
264366
163895
189346
316596
345112
175549
243065
251566
226138
193625
191022
182865
162792
139416
188655
249942
346577
249180
216161
272947
249704
203951
184699
252490
209237
206336
233002
233762
169595
190530
175223
147820
218240
205859
160341
148792
148747
262838
230576
176682
210349
140760
157910
220528
204601
322303
136256
161676
192064
217323
245165
203717
175892
234094
312243
187596
208309
155828
206106
163928
314343
236771
207494
173212
152557
243368
171005
180427
227636
146213
155992
143937
206585
225729
255264
258379
173491
116685
136001
148211
192303
268712
165610
188742
147409
138835
164996
176027
161668
206788
195938
158472
151845
158897
174168
131920
122516
155510
148030
150603
200496
173060
190789
163801
131893
180120
133235
146472
141118
145581
130271
334385
453045
241803
229144
193433
219286
296212
166926
234302
182707
209241
244038
181737
258125
216937
179873
194944
270719
263992
244930
197164
232902
130308
171409
555491
404516
345017
389177
212087
261490
231939
293103
188222
277210
305755
309594
188952
297206
172656
142075
157335
281429
441159
282704
182321
286725
204192
184180
223198
233229
391626
239408
352736
321221
166234
161208
256102
273458
278991
379619
324919
442513
238289
304416
314415
279479
390383
288681
5544160
2955535
1776164
172275
260758
187857
235170
339463
295318
445276
234311
237815
271741
118030
294626
147569
280866
215236
228843
236372
354858
180368
256314
217870
298667
316077
236231
293127
344299
270006
384898
239795
301777
192043
266678
190054
267994
280522
354849
268750
254115
276312
157733
278570
232306
188469
177993
154786
333751
157918
202091
165875
284681
203037
172115
170612
235307
128457
155359
137061
181441
230886
158925
242937
197701
244214
257586
248107
178959
315914
318461
176957
145595
235870
269095
183950
262514
325598
161202
228506
319564
224385
160205
308178
306022
326522
328449
326974
129555
177915
190806
194692
212364
464466
515501
295935
347206
167281
240298
142378
136059
140702
288335
325666
224255
251107
399765
546216
337523
356875
276019
307198
313672
422074
365611
362527
242674
186412
179400
209063
264404
257571
205999
165456
245639
246416
207473
390831
353647
301132
298349
425508
301538
204567
230180
148417
381119
232032
330236
392180
351882
602445
173554
131455
234939
228386
239091
270396
264060
412193
181503
178626
271821
159202
206445
487737
267471
296619
330946
153540
297382
457270
161264
114305
168631
179760
184544
151915
148772
150321
130580
136625
289703
260370
157195
140647
211625
217620
219548
277858
183102
168363
346161
335166
266033
236181
195325
5706088
2523103
679234
268683
261165
178833
306810
191363
293909
354311
146581
194683
183048
157525
269807
235893
247511
244639
272031
318979
218164
217272
219322
183351
156556
250638
164398
171523
193406
172773
157258
200164
221184
111445
212760
218377
166366
182589
185271
4754303
892199
212572
253511
357401
281219
206238
218747
169426
144684
207785
166868
157767
229357
230921
333282
448144
228718
233870
312284
263287
400422
326436
186386
265945
332326
291457
282654
162926
356713
174152
143110
253183
313163
211171
221599
221907
199342
140697
270977
138967
156247
200821
238892
342865
195664
236545
225012
270767
1179245
312115
198367
188894
214898
336052
479636
352725
167474
162249
247214
168129
140764
192578
282270
170673
183797
169285
169931
291554
158843
205217
234188
197937
406374
481872
221452
201541
210121
153644
232285
181766
210196
376258
375192
284570
207226
210303
983717
199586
157948
423240
214213
142878
208354
511456
283172
214195
192048
234612
233445
310395
434707
312576
370182
241396
218812
272332
350984
302593
205569
347280
142183
222255
182698
196919
178651
163632
151444
206460
268396
228017
211273
258448
302375
182549
255322
174013
132040
118794
114854
122564
160168
233236
111297
193158
151749
139899
145712
130063
148958
129538
167634
195539
152745
129931
171534
141136
133785
153419
333504
5226909
1680527
157106
190666
205225
184957
135047
190987
127531
135988
152638
168328
182533
244468
213488
161615
143807
166542
149049
166545
160206
878957
150443
151579
158484
141009
153209
157881
126133
124215
145358
130232
152300
139487
217144
143581
158063
191160
154043
166286
147294
131516
120791
153382
126286
168144
176125
112811
125134
177838
168950
110999
171116
204394
174216
111215
171312
163021
156911
169668
149831
216301
167598
361609
165621
132152
140468
158359
186224
607574
191266
243202
271272
124789
137408
229403
312224
170881
160410
107630
118300
147085
154852
203646
160817
140300
211116
178498
178056
144073
241237
223168
152277
173978
136676
312674
132177
255506
273648
266250
137352
144691
216144
112773
136923
248743
172809
145133
188075
175248
223278
216557
297789
225051
187961
255189
239329
195808
318380
202542
139392
112245
151187
202128
152783
216561
238748
164339
135742
189160
314030
198456
253855
299430
290976
253716
360243
460093
273400
333924
158417
167186
176317
188733
148312
174421
133084
148660
168909
126502
104409
172483
185144
128859
145380
147967
194125
232475
169235
165929
347936
275763
256992
196703
125659
186905
165598
196650
203156
307919
232314
289094
144449
185295
139196
198268
255958
233284
186323
177788
224490
161686
182476
352674
180462
237715
165178
1213282
3112279
939049
343152
237846
287955
272787
144760
185305
230918
184366
240178
155483
205512
165668
150025
196667
265121
171142
177126
128120
119387
292867
192200
239745
745172
668866
223255
247488
174410
399745
350104
258998
130051
243583
135622
306417
511059
493378
263658
1000840
194129
226638
163831
192132
162069
297814
157302
184410
161859
124107
210450
209309
133912
170195
142798
166819
165283
149171
210101
109795
171723
132388
162725
121946
198529
260314
206938
201808
196856
238758
359870
124121
201267
166303
238586
230333
128614
165064
162496
151127
179477
188762
146419
231493
196204
233771
184529
138589
216243
251028
153916
180250
158684
194347
186149
126908
132109
221979
245826
333928
250807
393290
182922
284754
233858
263483
159537
398076
202399
223309
278364
169399
267856
271411
154133
198596
293382
193038
238379
180910
153213
172540
389976
221141
183477
313453
319159
189828
293820
168992
209417
271615
577374
465752
182951
314468
225906
243085
336733
327583
297928
226816
154802
194983
163376
209411
274258
264115
134913
215683
263666
258824
240326
306301
264362
296562
253611
558140
358454
162610
401600
432130
590039
211309
341273
248293
227449
269666
309918
318647
196746
182136
281424
287545
203224
245127
132570
253937
406143
404551
262117
257450
290360
277444
270618
160451
293158
2713485
5940625
3967355
1837611
316532
356366
123391
201579
157962
249829
209787
366724
198319
171732
354704
214850
347485
152326
355801
160708
202352
240897
167202
330945
369371
129668
159478
135249
178941
226961
161182
166011
190987
95530
132893
402239
258603
182286
149877
184819
246125
188876
261929
481576
177821
190579
361757
145769
199891
156471
234092
232390
349462
164248
221290
150767
448458
198312
155025
318931
238057
282847
447649
255897
217841
428550
313674
277257
182275
269826
191628
149927
152957
322177
328908
205953
195974
147663
216715
179530
126047
247448
270501
513246
170235
151175
174777
225527
162909
196735
130447
461636
135342
284735
405634
265668
166820
279544
233525
167066
233414
226751
268464
409645
164288
278826
204603
189751
192411
306038
333859
1371869
270445
505810
339202
208289
314782
563159
380029
371974
354810
417686
387884
494135
427470
500655
259160
447397
519329
362644
381057
395296
319063
350056
220513
272557
348818
330108
260020
339797
196595
371878
179711
234122
226700
326025
143856
156715
324234
548820
510150
361791
222911
310623
213424
548690
299250
295191
289078
719011
326781
388809
445725
359451
255617
327521
350514
425609
678134
245220
247381
121938
500352
185708
189467
231808
160906
149287
167140
103339
149325
154678
200578
178929
218633
236545
271442
269557
3237825
1628105
189183
168768
172923
298315
199556
168285
172024
559049
201333
316628
182002
165572
316255
184199
164772
160759
251972
191246
123033
156655
126170
229416
270235
217906
150219
161968
159665
138488
198301
143455
122461
153670
151314
123470
140905
127879
174867
120776
183368
206587
198329
105230
149629
1005042
204843
238884
119636
186503
136639
135987
387801
205576
136530
118932
657994
139009
123473
156029
163358
185308
133318
118231
122519
255690
146639
126841
163433
125266
184335
145973
145615
168757
196171
150605
182115
358669
132029
114588
334742
109115
113859
150950
129791
139203
173441
136054
161435
143300
233494
138917
167627
263468
194412
263295
149826
139906
247796
148503
258975
164939
118516
252721
229880
229904
184337
223718
268771
228541
1835580
340058
286694
319808
265047
170863
150274
108426
137231
222280
231280
243050
251139
200315
336892
225125
348760
217722
177505
166590
204076
195276
327831
303367
270169
282737
374036
149672
184524
256340
290210
340551
273336
174883
158815
182574
167128
229165
253055
237759
217661
238844
209540
214132
141826
200109
264932
161106
248243
226725
112346
248086
130222
113100
187991
154181
191498
334952
194567
196956
397586
233111
146592
167306
349458
131736
214132
112226
161332
139072
197511
183768
257471
133684
329494
161567
323435
5291501
3403103
750686
237360
160706
221380
382698
195933
614885
184264
174075
452070
210633
173310
125810
230770
163711
127452
352588
115198
200585
171547
185812
324430
212210
220813
568884
329211
179795
150724
260198
227799
262951
225460
188427
257098
177987
206400
136065
339998
184662
331783
299973
472853
228545
225090
283779
290049
137748
112047
117868
130200
181257
171393
212701
149080
136618
144181
168573
112935
155818
120048
143104
125579
227047
187739
137135
203342
167246
175450
131553
161222
135246
134108
110537
136057
320077
153126
162236
165158
191610
268859
167039
171779
203166
267707
357768
239713
348832
328637
402499
183499
346533
468306
498807
286274
315968
473676
140874
210967
166762
202416
143449
165734
114794
161746
212905
442730
293786
566529
232874
230683
219825
448248
393600
258579
258180
277948
755212
224893
157350
200243
326403
157242
119520
155873
118013
535821
409945
135407
205548
124461
395701
186289
125175
171670
490177
150918
155254
249457
132576
207417
258688
356782
400968
177763
269227
219628
328017
160892
161677
166565
220614
147164
130971
335123
188066
283153
246629
442047
156661
650561
215545
191839
298762
283064
361440
254437
596609
382463
177791
350991
178261
141884
283084
112453
137676
263588
195996
235206
264555
473960
433280
248303
445726
222688
412504
2505628
4046796
1538906
238315
191189
310594
521804
199957
265515
274276
327199
274379
475010
349257
487324
257800
241397
308048
238189
209380
269137
143799
228869
160353
327388
315165
168554
308367
304367
173080
215360
229472
138257
258167
300386
299445
468297
135950
411738
180617
266522
316404
185826
120034
308830
267534
916404
401054
454234
273483
386305
241263
264667
247511
214452
803110
178208
120698
190686
216086
224487
119607
146165
127653
187938
181361
136351
147082
174859
201089
111411
177192
164672
164308
192370
266172
193776
220343
259059
164257
201732
146919
117527
198416
254944
327373
217191
149009
187650
275003
133065
161126
205545
280180
287725
138406
113242
143591
153911
143209
141270
132914
143809
169411
121850
222885
160438
321909
197996
180550
164706
150770
167758
225944
126227
240152
342017
163846
321321
259674
468329
225803
192119
324069
280829
235309
258657
193735
178021
179685
139577
260659
422649
175812
588971
256659
273056
263158
138221
149305
268544
170530
114088
176001
196708
148635
174131
164289
154410
236169
132282
189457
118266
332999
171428
126179
242473
177191
497437
341952
184183
201077
342807
177803
179856
120119
240984
195901
157897
177123
189502
280405
281839
204894
150197
140350
138754
347991
200238
181556
851334
132516
140007
116486
132956
405913
205288
136259
10929236
8362812
4921435
1277685
245670
219944
413821
307372
196876
349481
386851
283541
979985
295485
410650
181223
297899
194992
346570
210114
184788
148048
289149
1271074
157727
397465
187794
145163
222321
253475
176414
418037
196757
532095
138725
177876
347673
451209
255677
136462
124272
188121
139752
206744
179240
223303
465216
265608
374107
200562
300851
279630
120587
131032
355638
195267
184941
212789
152424
259790
263458
164935
147453
446145
467445
218319
444654
120562
230481
281125
276653
108871
336018
121280
244534
138546
132371
500748
133568
439333
155003
141561
146493
665026
132026
404304
347306
183053
424693
320442
285603
571574
228900
181338
354566
232425
231504
129472
169003
138794
206535
216820
235780
205017
122982
183343
122419
145174
163257
123533
138051
166196
139250
140527
119500
269102
159281
182888
301979
564690
222227
210042
231407
153107
188083
349359
180546
304903
384608
217688
124190
243602
338245
203651
198876
112400
146708
194373
165177
159406
236898
194021
141515
324623
170774
197537
665150
200215
294653
116981
142711
288183
184512
185548
712408
170371
187009
99077
3577750
142404
402084
330044
211173
159933
205711
195464
145483
354945
180058
189308
318212
806455
160116
150786
145385
190477
255031
111259
225025
133984
156614
141989
164530
142261
171197
128838
128815
159721
6379075
2911793
373147
209938
258967
176741
533274
159791
135689
168702
112098
256716
161530
215841
293742
148974
209464
302371
224351
123585
392361
438285
229268
179685
189609
229230
248685
219367
220074
148559
162878
518523
165937
119024
203210
191276
162382
137511
98891
123415
143552
168476
165559
183299
138967
187329
178024
200857
183368
277744
323118
221310
344695
341167
196963
144480
208838
402831
210198
225142
151284
154652
589043
223449
221000
340867
303776
277178
561016
124203
216140
125301
144541
222391
320846
126580
194884
261951
274386
153639
281936
158631
201394
183342
130672
197792
116161
216109
308346
192556
202152
174103
295739
199835
151839
482151
177529
334471
171601
193271
155897
205704
164891
200535
225125
183793
183936
145027
427901
247328
277829
123927
170972
207941
138455
221529
224751
150712
166293
142502
212203
445624
353449
332555
380734
245896
402291
129017
372417
218226
152677
169247
179740
206013
230556
141618
126751
125745
177109
112816
175515
177975
278087
264141
164838
640858
267735
181415
536985
221199
410046
139255
170056
194167
190845
174253
235478
148328
100193
225214
136980
132654
142826
305609
122439
163780
273297
163830
161990
114000
152503
258507
230231
192428
254056
177584
146555
168803
152926
323134
224746
119260
146553
1209493
173019
251228
424416
202890
4903935
2738075
236859
151447
150406
297251
356178
175347
183830
197876
176857
188650
179659
187255
295161
166443
185902
195381
199498
203232
301248
255428
161760
236724
155279
174699
274234
146784
162373
155293
171868
175823
183799
222587
173261
199262
194786
159374
146098
141960
251672
236133
165009
241671
259670
222270
337193
216137
235028
226990
240751
186945
171266
198238
204579
199734
149842
465461
601120
170090
356464
193912
364714
193428
295179
244601
323063
148961
190217
229546
515532
232160
163644
150057
223832
136288
143933
167763
161872
246165
188987
432999
322731
137108
260811
264785
183861
265254
167982
116288
158120
182919
161513
353371
146533
145167
130128
203222
785439
351038
208463
158903
144555
269574
284399
176087
159859
222638
170915
152220
148049
175876
161239
257085
249897
177924
186353
206784
195759
351815
153867
152395
422638
303562
136046
215169
271511
149543
129119
147542
144516
206805
300667
208707
289458
154646
263540
370746
288693
179608
216137
161259
339850
232620
200931
194483
211410
166885
141171
133121
187784
110537
129608
232945
121209
175224
209237
315463
182319
265382
121480
136234
155634
201808
218479
200517
173372
163635
154319
212539
177839
168035
248375
126585
228930
198293
159627
248174
633884
485141
752401
878458
250837
188109
237341
243796
220433
1065784
5459385
3015885
180468
223275
323208
186668
194416
205730
105693
158420
158848
334876
154237
197700
628896
108517
161181
126180
150403
153426
194122
143961
118940
145196
117643
133900
187667
775095
259353
142763
108242
162224
153802
161506
186765
202174
281870
318142
211397
179404
153647
136639
145103
183192
165967
252237
229747
203296
163060
132350
106478
117171
191802
160125
131036
184273
153340
215511
139641
406287
606844
307181
174454
214513
221617
244903
195034
216405
267024
124343
96615
114567
205844
208930
242583
214721
196509
178578
147348
111957
152170
1095539
124829
141328
564966
172994
112930
224109
164317
124668
112607
203004
299284
144600
157248
265754
260587
624737
142250
136836
231187
177051
151695
201410
214409
117163
149244
104204
249898
211365
177330
148900
284247
194133
155860
581828
179135
151057
358089
401585
380992
264708
232657
250938
369732
147046
168151
162037
175505
135257
467393
268265
139151
246363
187774
183353
187228
193194
171491
166530
124397
166491
215858
251135
237092
359737
252300
212898
252016
393231
235064
199609
234557
137270
234162
218431
250307
151803
258575
220531
162835
322173
218241
672185
150755
149536
120699
196421
251340
1082895
144182
526549
174754
271808
345612
146239
177829
188452
169395
237074
134861
169771
120143
313693
133070
145700
6487953
3541368
168794
219680
211100
173174
180288
173523
409160
169456
178884
154163
317346
157681
134300
242447
184204
141331
747082
195166
175755
163491
137283
137136
259230
124937
133557
115654
196234
146202
159535
160295
216908
170579
127424
193461
137241
353040
156747
156706
427930
299657
276384
205548
143323
130779
141661
192337
112847
177717
217363
180634
191149
316763
213424
185050
180488
134190
130317
109839
117719
169624
162518
115417
206278
159760
218420
227471
173859
209394
246937
190841
151136
148018
186124
159665
150200
181018
137433
160987
156247
132335
339002
115635
131510
202421
301171
376892
203469
204455
181971
244470
217061
141172
139362
130644
339077
180878
414849
178009
199066
199380
248390
150503
175980
118679
157548
152572
190944
215442
263520
202217
162336
148097
162703
179785
118633
169654
229311
174805
304616
147572
299835
163802
1579072
271976
372474
227824
234454
390339
189767
371485
118109
151520
130004
269859
442012
142689
250525
272582
153901
298618
234098
182635
344772
192229
295614
432241
379847
204689
162823
166508
197002
123630
270440
332738
137404
184402
158865
165479
151241
220137
141327
282549
283684
112169
125016
147521
328679
221605
214688
182180
176574
261235
265341
311876
263386
178319
173617
226724
172150
571967
439962
134898
448705
176487
114440
597411
3037577
1381088
361032
306241
569962
172824
210483
208757
198457
400575
170838
188731
176703
232869
434336
241068
359701
304812
348348
243481
185743
301735
146479
333147
234993
143638
250998
211311
165027
201660
236326
318735
189066
142814
225440
184105
171757
194311
210596
130313
178776
119458
234091
229421
302788
186404
296547
254296
557761
216657
107899
136498
113183
194129
140013
297749
248127
269165
285095
254290
208810
235140
215390
345814
280923
1138082
129479
484350
303341
130230
197663
152721
164381
209037
227768
193790
143142
167578
187989
188128
149143
184773
153131
369814
192672
247560
196179
242322
129075
162463
142474
156599
148643
141381
217234
193701
255963
191062
203531
145778
166281
230664
204137
141242
382331
129961
157589
135758
203530
205098
192333
287556
179074
134727
230318
145287
195641
246211
207099
192560
168775
165434
151551
195933
143207
147931
136939
238041
196590
136586
189812
314220
150119
224574
127388
155480
269193
179065
194436
180223
128943
189969
767453
141469
229005
195211
302318
132447
152518
203004
372935
303436
242483
191393
186247
226235
122963
138615
231166
140570
142268
158297
203989
150387
156892
130945
279694
201859
154012
123064
484102
185584
151118
140325
157902
145115
291987
366924
324335
418709
146860
156415
180774
181041
317642
162591
7228725
3639446
1664835
373600
213756
209545
150801
327118
163613
316873
286084
131506
218474
176374
187467
236245
193062
192386
149652
196027
163184
157700
204239
198055
175507
215999
267450
193850
273115
217648
192980
282718
211199
378807
169139
231297
166388
212535
154689
260626
246173
460464
145316
198824
293744
205970
219510
126316
169678
487644
153650
138467
143819
129696
151868
121528
198994
163732
155844
161015
144438
140196
154455
122283
128518
1585893
308572
126146
219717
265855
208943
306031
212168
179614
212548
272583
172741
305711
281045
241926
143378
319613
191311
234840
171438
183347
287693
191907
169048
185416
226766
300118
188995
336398
259057
189073
174597
195809
144630
189463
106607
145112
133625
113484
198825
174975
95706
206079
161234
126807
138912
205123
145078
186676
208782
300156
212756
239592
351515
246719
240282
148825
292432
454587
353125
124916
153366
145859
417348
266050
184848
221690
193259
313430
221028
305741
178818
182910
219914
182537
411015
336843
313542
247990
221835
317857
154500
205705
247094
201182
150919
188183
161013
298618
175902
158183
153069
157354
138729
146586
113568
127977
215675
259829
344753
136721
392026
483539
204883
347065
215620
196161
218573
185784
239409
218908
152168
236912
143424
213234
179477
240847
233552
283267
2279998
792688
387056
6849258
3663494
502313
394998
297303
165715
676282
272111
289308
358661
336796
331725
167444
162346
182450
306021
342623
173244
154081
188152
390890
366046
174390
151396
181674
169890
244024
259304
173673
241409
194975
214030
176446
172233
264040
139076
184855
204709
120169
128290
193108
343045
177311
167877
288021
200518
126953
151989
192853
157926
115358
316647
171206
280535
134756
309103
806490
176685
229351
393741
145720
169197
169958
143372
295236
147648
178234
142957
151769
214768
543273
170516
218617
246366
179545
157630
163524
207825
206995
151852
403604
446887
234542
130384
230261
534193
559279
197173
369169
304252
337477
293879
351425
244575
141187
138284
353314
264361
189392
590338
328838
440609
127752
109106
315612
431306
179373
448281
601686
137342
320077
163679
230277
202382
137207
166351
347143
2850178
327235
303841
212700
148401
305388
299331
237100
166100
171696
143672
152547
146173
134502
167398
253024
318858
157165
230146
1248177
274024
191577
207544
170234
187081
383559
461469
320455
155977
406200
273222
252754
185956
161035
166838
152421
166929
210111
177593
216056
155085
292741
333964
240708
587961
152858
197634
1031871
147480
368644
158796
150821
134359
117299
275845
605868
152347
393629
207662
315180
107843
305032
144646
165276
373738
195352
195849
118148
109918
142040
7490602
3721078
1344156
205872
177381
343416
105918
881008
573625
373319
165415
187950
362510
140245
508226
261841
1025192
133307
203650
655375
224849
500177
213922
320890
207085
227886
373720
180258
276617
725787
412081
90680
176142
390793
179328
397991
207396
199755
405559
101957
131736
125954
178956
139276
360170
541088
112563
118936
286636
144509
270102
415796
109214
172084
129947
369960
198773
111308
108377
145077
129367
349384
426547
1066351
334219
319423
540525
362311
195605
260245
364733
376003
109581
270120
263794
137560
310067
421028
305305
194223
287678
617593
189595
255706
326200
232624
401639
354886
169891
198793
353957
181326
180755
126013
140084
207713
186506
238220
502242
298780
198947
444272
170642
172053
178704
185514
194290
134901
259666
194290
130349
232388
222055
526519
274606
431247
541098
267452
422126
179193
186993
334220
365744
250932
488455
293613
375765
328324
276874
169757
263218
252095
186007
206761
732546
184484
192955
201868
384997
267906
204098
200552
219090
241811
467880
141011
188006
256709
114638
152028
177777
304004
324672
220962
473179
225149
217099
249092
115869
103590
181850
150160
188822
461784
126353
107428
143871
199501
2425123
175800
317430
309975
175545
116124
469457
226777
401795
119563
174015
374269
145834
104801
349418
122725
140421
167556
190947
908065
5807450
2476296
142619
182270
150488
161793
178006
133493
161727
135041
107397
121307
149709
307682
259140
143003
103767
155186
206705
326387
229300
254309
495957
184163
858994
170273
403579
140985
136745
261006
178779
193222
195545
151735
196902
113967
446190
175507
192728
162294
124228
152521
145577
337061
256624
149826
376550
123363
161352
206765
121552
114608
203701
575739
123389
240204
127089
200439
285949
122733
122693
131167
165618
135920
116323
198547
148075
218995
138439
131908
159282
137272
169243
208464
117763
161783
214705
238710
164191
191730
147136
171921
35557441
31725034
27849108
23723080
19693597
15701320
11664322
7715706
3697178
170438
222444
333379
382923
160126
629057
136141
125759
139466
163666
1162424
332888
184007
185354
272635
281143
228176
340728
278095
201027
187034
120539
173365
172742
205702
163503
115823
152072
151275
184201
259399
222814
146298
174331
139087
180078
149401
140826
133178
163053
130343
159235
302557
264934
195859
174632
163116
174286
271649
111372
166833
176767
201804
144207
230011
221072
246999
155502
204560
178144
226709
173970
196820
160912
207194
1263009
250596
156043
222308
179433
163304
130849
146968
212036
482045
330629
132328
271977
129089
156286
524453
200721
159945
135397
138723
200179
204158
161097
154047
166503
146563
182796
194734
184834
118343
256852
148933
2390842
5655946
2337187
108891
201900
172575
408171
437752
188071
190026
239696
155290
184808
156877
1049174
167594
190878
183139
265275
197506
127119
236916
257877
307042
139989
124077
239340
251244
259186
183180
331760
315663
342563
286948
147618
308169
477203
267031
217804
221155
181482
173204
178788
205201
162877
295101
200226
153167
147209
567685
331115
156548
204192
188396
273884
181774
152222
192661
202159
155477
240911
175717
214492
218640
225835
115720
361325
218249
642215
205289
187581
223497
344857
111828
218975
328564
231365
377252
376070
271877
218042
204561
144551
204131
119617
198916
191616
218991
153397
174644
175469
224854
184058
142753
195037
206104
148872
176950
220868
170712
213634
271813
178717
151684
173024
233134
207291
190268
191458
165441
230895
175125
141133
180052
200989
187135
233016
155178
255149
157773
101617
125647
127963
168153
166158
127287
164547
238028
218486
113987
137868
124071
241864
180992
135333
229613
403916
300869
125503
116424
141522
159138
124963
216372
202881
169409
146259
295718
418876
363133
841238
169986
238998
184261
259757
127204
172093
235292
118416
178282
119994
194276
177335
151006
200523
235732
275351
178190
421038
154421
223007
163381
156123
295903
335717
288943
741224
232607
261867
203071
324280
164507
228000
394665
378322
174287
324606
185475
1144305
4168346
2448861
425543
523524
308370
362437
507833
323787
190987
359555
140978
291695
420552
171027
279358
114452
372089
244804
214185
349461
220760
134060
123329
180852
246827
220226
147472
138780
144777
269307
276852
225032
545751
334915
301023
260628
231342
180177
407625
368497
736471
376752
603337
195537
317118
148103
201687
1396717
267400
208693
292701
290762
169208
218273
130142
163442
207975
177728
159536
131391
230880
150712
241720
162458
156855
105932
160770
335549
147435
142512
132864
209900
282847
531772
206100
282809
162842
217765
140242
112903
183757
249697
154440
256956
515683
177010
145939
110713
176871
344804
205343
152782
220157
274180
350759
287817
244830
196145
285991
198661
220189
128943
149093
210295
307113
276719
217946
245602
351205
261071
252490
264344
222738
135480
291939
141057
163154
142538
174276
224065
107925
215158
875434
816125
181272
137228
181182
214946
242130
181884
156376
222279
295177
228225
185162
161847
155004
161472
165349
359215
209055
149251
126248
134190
156802
264582
123066
162797
242321
149002
155381
131283
198904
396227
135472
150713
151123
301013
174521
199099
172482
352483
185381
197070
332328
260389
411729
343392
266449
335888
174679
174673
147878
123064
220329
276789
247694
145148
153733
146827
187468
219781
234807
180262
174621
155899
400457
6723510
2880638
1579129
237113
191219
233457
947296
151042
242257
512209
179544
105121
154590
175413
158325
290488
186758
396310
148463
200728
171460
150404
149824
177815
196035
150350
185509
172819
177913
180147
143553
329402
192551
333925
336909
347967
463422
265489
249204
240989
165050
232358
260446
166137
211953
173681
202074
317041
236270
267989
225098
228941
182126
243113
179338
269879
300842
193085
191090
288672
177541
217002
242729
256675
167241
238931
248505
185743
158689
176433
223740
158678
127383
194294
270295
185922
324386
197993
247257
179996
199823
134925
173021
161040
247071
200797
194817
213710
171593
189936
144098
186540
142420
180166
143445
163571
192641
179719
191814
158905
330954
157299
494443
206318
206988
275680
139187
262496
233018
162560
198268
186440
294004
1090628
125219
104814
209808
156709
133428
237742
174003
213588
268470
139989
191485
127129
127504
177523
158081
156901
159736
188423
217431
149925
150170
142665
149077
156377
554289
160840
161701
225243
274009
117680
282565
126212
145183
146697
186874
177870
127844
415090
148139
209009
176740
154838
504483
179434
346324
265892
468037
425035
159751
192428
362888
189037
186788
252221
226365
181696
219849
257055
201269
221934
129132
154658
210954
159369
127486
209303
127102
192117
131512
144047
150869
373808
120955
1555698
3971000
793216
155089
176121
675523
187177
132892
162376
187537
155948
172317
199934
259674
819609
119560
223712
191237
145628
199642
164065
137612
172823
212588
226135
222907
177496
164257
280154
188896
160700
183180
243474
363744
230344
214752
122118
149451
255292
212734
278476
190012
142063
182346
312066
190090
196534
156336
143428
235725
326936
186493
226491
990667
162902
196400
189388
473785
171613
175605
227519
410316
265323
769413
178257
199380
455478
161804
230125
580976
253843
472332
298572
244873
368595
387790
172833
233952
602950
225556
373918
290190
281613
228568
263103
220630
249403
376060
355671
160361
189387
565055
290647
689646
401722
240786
275868
345875
169202
599715
179622
150574
275642
134396
677701
140466
216489
169650
143041
202219
210022
200021
149985
305498
211950
179235
134060
373826
425190
205138
363300
209874
218621
195515
254669
285398
193671
321591
305499
737807
306519
375777
249316
768803
326163
337424
141065
264499
241948
174722
232509
170259
306134
263559
193325
235011
227994
692880
163001
588536
147871
178668
262937
242020
270602
116417
200421
383954
276995
551206
259165
227816
330128
329199
301637
415237
305795
268383
312828
239273
333370
408788
351327
107851
161109
118936
182592
204143
158799
132106
215365
168477
120667
198252
197361
257107
607994
407647
5429991
3319340
585628
146620
143430
122087
137458
147968
154444
129476
122739
156690
134343
134569
265777
152503
121829
156228
165572
130989
111203
120414
149504
160685
256303
165746
153437
230399
133608
190141
283029
173702
190633
138742
195630
278468
212826
189900
245493
415163
271128
275928
388471
357446
311828
229105
274815
131793
264391
249952
391026
379017
427012
137782
208731
450722
557979
318692
182225
256694
154679
279688
344186
177132
140170
177234
277223
233655
166692
209603
353059
362858
310220
319833
243175
295447
179507
126182
197532
367279
314346
535912
374100
667189
157893
145037
355026
330420
410989
223136
154127
212342
232870
268724
233620
162741
297123
269513
225463
159170
163961
141112
289400
125798
547594
201559
231943
226535
166195
115908
127423
171343
142357
94836
146874
310221
183682
130891
153302
304490
188041
156779
137958
258427
102138
166768
264768
192113
298971
180692
262878
384550
381142
398417
162937
329863
175908
318058
158791
220435
156696
232070
211697
177386
288136
136342
108352
119997
166122
131907
197566
188442
194938
184934
242380
181884
144149
161309
182155
201740
510923
325537
219446
470706
394014
401109
236688
311736
252632
324416
195743
223897
216661
262027
354076
182789
233510
314284
274065
441563
141557
379404
296457
423639
377000
266668
346371
238335
6809896
3780807
1541092
300704
236160
355087
397244
334689
152850
345786
221242
374832
214976
309693
185911
234479
186349
408075
437593
401184
339306
310102
308846
182690
379003
470171
409428
281045
329526
276227
248944
389105
513734
116389
456325
407849
224649
631108
402743
208562
371087
347563
151777
232730
344332
140615
187428
171726
270496
131567
220321
178343
341510
233987
327144
195918
339395
209949
206483
258914
193033
163782
138356
204690
235246
139022
130971
272789
217143
359255
251367
312986
231218
271505
234051
192403
145205
166409
203054
102085
221229
134017
255336
136312
164133
182031
180297
275373
126008
237380
307934
132973
237001
150792
119584
169931
133012
156600
150174
173358
123876
127579
98355
237894
170927
145878
155455
115805
124384
134988
222872
345405
152136
193822
131222
186120
156986
195964
150320
212053
239768
274962
146815
169477
139154
125713
121995
128393
142887
256773
158156
141257
201382
183740
177315
412770
311909
417718
312106
144403
206957
271009
165807
242516
481669
369585
176052
435672
426482
423341
193660
220102
190410
323392
889261
599455
194738
406638
223569
229531
163978
197462
215884
155748
263480
271454
240370
287162
356597
130851
155353
117415
167021
234615
234252
238711
137861
170709
428115
103214
111244
159347
220307
382460
170334
151620
215783
205465
6072562
3812326
466952
290426
217358
310201
165102
223903
1000756
140263
146085
98950
187019
238717
231528
129797
162515
331402
394346
343276
229202
135417
163498
285792
232988
375883
260258
240725
216382
323602
254728
230106
309790
158145
261110
402809
135414
129178
144227
181726
206551
297297
263392
226559
235215
310287
141968
238913
283162
432870
239654
249614
188256
146300
125297
204415
148150
162166
161861
136802
222772
302848
157404
264986
186685
184148
272657
176836
318098
243213
367023
167677
242065
158221
221133
188769
409455
132689
194785
191270
217982
525060
174635
187257
244172
154503
415592
218746
130477
236479
120219
123940
163452
131717
186688
607711
158300
124670
132581
110577
540847
137186
246608
171337
154775
187682
179046
178450
227604
444826
227554
314869
220803
160423
261429
282296
221932
260131
276532
265795
345438
145212
368003
302703
228807
272970
315347
316129
308275
340413
349980
408746
360250
569998
520781
333337
247024
384518
328784
281212
213018
391673
295655
171703
352720
457751
501869
369307
455685
327378
193361
271663
375878
459871
180055
201965
210161
194532
220174
291597
265696
228025
198614
309457
335323
281557
243380
380902
235255
238563
147285
172080
197932
375302
380194
247072
176878
216347
223137
252147
305854
339756
355096
235842
269585
346735
276907
215667
6914493
3464360
324454
213093
188786
223028
189846
242849
121216
221810
150862
226713
369285
179337
178685
186851
198523
391800
149796
524771
106714
332814
903174
508319
495469
181861
181014
148932
217233
154163
207810
291770
336961
236691
199055
398951
259930
255837
210408
198762
386116
215808
284193
313481
310005
227260
288943
488885
320007
275004
211539
134792
249229
237334
204063
263986
444891
122833
199432
159738
182977
128768
217446
363606
183551
310965
175330
408549
199800
246158
435943
262506
277332
404485
355765
195695
142549
229375
133625
224139
245132
258226
436577
175241
129434
299450
215040
357057
370111
213816
159266
160818
173726
253198
194520
164733
201349
225351
194763
351010
209574
139657
311253
409252
115584
157271
204735
230474
671738
217113
194648
147737
220174
369797
169197
134342
235583
140202
154896
275579
170680
203563
215694
224237
282395
1420773
144629
599350
303259
205905
164436
175428
162746
268904
203177
147912
329777
192554
509732
251921
286749
165098
305685
276735
192988
147457
183228
134390
212641
180023
246652
270319
159152
229511
183786
397861
278444
443124
146598
132749
124120
229579
140981
160223
177966
164323
184766
138392
128245
144856
230343
192063
133681
167938
139510
121805
164262
347988
351202
172850
168735
169507
207236
257422
518005
219347
253040
2676212
6156748
4049863
635364
198048
139317
358865
127929
182995
247044
186958
219900
204807
183882
326319
191917
482580
251382
537432
221929
261736
298113
246108
341399
113323
152881
298893
190953
355919
152854
277360
177237
214493
223333
386415
278362
245263
292274
158275
233868
220968
280788
231003
210576
165341
136048
147581
125833
164531
150830
183068
225567
189184
168885
191179
152338
145417
171686
103515
166178
311198
449597
229905
222050
135654
194637
229520
245539
287398
457981
149535
169638
197132
160610
119658
225441
222482
246950
222781
261624
209020
208407
237874
221467
125457
161859
162598
191881
314299
240868
210491
269699
177063
279030
180837
232513
490115
283244
219213
136778
165491
190295
158096
134674
170478
219241
163856
168935
191810
235147
147436
159552
158712
149977
389653
124780
184884
144368
123823
161686
158247
124353
132222
193571
165545
357706
177940
596717
159206
220543
107237
184575
166823
193375
263445
153469
155636
143902
115813
164355
244406
188149
199800
126900
171438
178803
149422
111460
183565
525824
153245
320494
192561
172205
366930
239297
178603
176468
229097
198483
184561
167937
295407
161185
171667
387189
256884
281850
217819
185710
185441
152479
279159
135360
129781
208213
174723
187724
161302
90620
782374
178862
249739
323271
168896
190544
490884
157237
413653
6020384
3072336
788312
172325
444976
165208
285100
200476
130157
206943
132813
217741
106645
344084
145450
206593
138396
204576
149303
193714
196112
195063
149484
171938
159955
182766
262209
223760
478883
186124
271605
230396
335206
329119
284184
192161
182447
167629
252539
284208
141411
161933
228052
242040
370314
165112
183949
237550
189759
159936
254818
229898
216597
148430
158905
218873
182014
130115
248895
226677
209481
123247
120067
149594
108877
364116
389255
358559
176462
187737
216697
128832
147846
204559
309393
205926
221061
111973
294527
348528
174917
183584
146683
225353
196523
187774
634236
128977
178085
179843
139930
122584
112215
149874
130983
127451
147540
168314
213103
153733
181495
143969
146048
328196
221767
460258
289321
399181
198916
548775
231182
182573
311768
295749
265569
233681
206523
181045
668458
347004
409026
343467
918459
704439
215440
233719
305783
237305
263010
177266
257588
180019
239858
153358
641661
362107
372725
280992
461023
227824
335460
374423
284903
183128
254833
318160
320844
233655
236416
401870
505753
311651
317486
270766
225644
321000
280129
375657
234817
305111
354484
279860
174739
270799
152150
686310
175706
296916
550027
311275
315406
248687
340066
329908
328893
184468
414588
259921
374455
359888
192111
196743
146541
121890
152021
168980
198072
6126292
3104099
378734
365039
380949
281336
240940
261726
226397
420655
332824
309546
284485
264029
252891
258066
186067
339776
218197
281697
370743
273866
308494
200108
302601
194607
226761
136258
268715
246545
187256
208823
300409
266393
264095
186992
641333
252033
244289
366402
190718
260418
253544
502321
199298
270739
197969
357333
172906
193085
278309
309124
309513
233642
164736
263750
266261
293737
159259
365505
148880
138173
156274
209031
240466
124178
180574
204097
163144
123331
172534
187976
192550
205139
225931
158467
216317
110526
199288
156010
447163
155839
143354
163960
165295
124494
144842
298345
272575
229485
265332
124318
339237
435078
306509
257810
192438
146370
291626
366602
273848
130150
236334
211014
306652
198836
256824
202707
176470
331576
234891
261119
268941
188690
153610
170830
250125
245398
176802
182171
165578
338728
145647
154780
256703
203850
342145
250733
243360
195033
157782
162201
256613
151044
128140
109866
142768
524057
158082
189138
158065
232908
149666
269677
188614
165558
167966
149702
174377
147550
131886
246755
236224
349674
181577
156788
166253
134651
244241
226441
203455
184296
296121
166348
309195
194602
217721
276576
242051
158394
177162
391353
150738
155136
202233
247712
331353
167338
148401
158881
173430
190339
214451
306172
169308
179714
218966
218307
6536931
3670140
392412
153333
389481
450836
222746
219289
503483
173088
289696
258978
152925
294635
159596
136411
186987
149212
113096
141439
235286
152384
167536
177816
158694
139878
168514
179263
169644
143604
438856
269646
188467
202526
418252
194253
203810
142804
209904
156720
181289
220020
275835
225342
190320
178574
157546
207715
201379
343363
557308
202170
187473
187162
165258
142859
198396
177830
149234
217563
212189
175161
166472
199234
282373
217436
248299
240329
206710
350938
168318
295215
249790
384709
258771
224871
151947
170435
166328
204551
303942
154021
197406
167961
212387
147329
207731
250716
144503
175381
177394
172818
139120
206770
149121
196650
216809
205000
168118
141629
120013
150256
126032
162613
267105
160672
180964
150323
158670
130248
152960
280775
170799
197566
737528
167392
223727
296358
204125
254112
183378
139705
175959
123641
143117
202873
205873
183174
202448
176010
141193
157909
492064
144894
252675
164915
226413
446127
120558
143971
237092
254425
172736
218967
433149
169578
132642
157464
292230
265940
237575
194926
197488
184342
185719
254545
226253
207748
306349
455113
158405
189953
295704
147484
198062
155377
163888
170545
222046
262629
162719
164250
139205
268161
323954
193685
185350
181890
210152
280953
207055
175120
193898
147138
184849
166653
130731
6979605
5296377
2530719
205436
262349
189135
600882
164558
237099
173468
203478
325061
270376
277711
202963
176737
237194
393385
342854
195546
189719
164507
188053
158912
223493
163988
135322
181329
163588
144959
209568
171240
374766
133557
157137
809930
186858
187143
225984
435788
236359
184235
165425
168673
245017
136039
149478
171288
117380
144320
207010
162171
194826
224951
223472
125935
175530
183325
321362
171294
140077
184006
173389
179444
140369
146850
204720
305006
148826
405540
196067
220485
299720
159381
135145
253615
155992
169749
196834
174558
148387
190105
303413
238938
128959
207459
342364
128523
221372
209580
389923
132555
221166
181558
491161
299631
161874
194157
215660
161126
390323
167760
239170
137262
149344
151346
407426
179820
188653
123227
538529
175378
230457
206428
143437
205144
527695
366292
196745
320791
194664
218397
213803
177851
236702
174162
493892
179356
218799
276837
264818
346387
186566
177600
179293
381349
199797
257101
196212
135979
179584
192078
175521
167182
479403
153033
165045
341462
148934
201923
150385
361634
314730
182849
423875
339825
323612
129854
487232
172371
332395
232218
185558
188344
196767
219953
265535
298601
402861
172221
322565
552197
229028
637831
205952
268066
234128
159740
375255
320388
135727
217062
241616
619217
179213
139316
161253
188895
862557
3302752
581683
928995
314645
234104
430412
232645
146720
245392
210354
1156007
259175
220754
155088
183076
235706
304271
165153
362444
237601
229069
204307
190665
401021
261077
165109
133084
455754
359489
696723
375827
317591
269261
557883
311180
236748
252042
379515
257462
270360
238994
395956
212548
255144
242274
154028
207017
198383
246003
252734
231834
334738
145838
399999
366884
125257
186690
108711
319045
314453
175411
190163
202083
167841
207954
383528
399243
183291
200586
204936
218732
237879
227184
163501
381500
265719
150358
365993
267789
187324
210669
258346
281957
328161
291432
141065
232321
204548
203144
201628
238709
371203
145217
435636
263592
117723
1840191
459207
226416
299450
205928
265193
131871
339155
138466
425058
173441
203689
171865
149421
159131
150894
370121
340917
364617
162066
251911
209223
188679
208885
296384
238695
177270
257210
499618
143980
180450
240691
163104
194799
217919
279517
326941
186900
236638
191345
215262
345108
196506
183878
286281
137991
107797
172684
139936
226368
156801
320108
268929
123985
1363467
173976
155476
155380
231638
411556
207971
252785
200095
202761
212411
245903
331745
132149
231213
226159
252550
157973
169038
397212
299869
346094
272818
347952
485804
267647
177356
287722
349621
191500
126847
333459
128800
344575
174134
187791
214842
1148223
4351475
1281230
141261
326159
281610
119888
192791
314297
255683
306852
175612
154222
172399
207046
311008
122819
142808
332207
158911
184139
169812
222094
191270
285245
170494
159175
150388
119135
170585
185473
309788
307334
316521
149763
194954
360706
241227
301835
151232
147490
351742
206584
207405
359394
169894
399800
424930
569727
188163
215813
285119
183854
143978
385467
493044
229629
428549
252708
153661
252951
789474
333520
386759
325510
317832
139250
157364
282578
128974
276159
131425
224046
161053
144247
178749
134971
35776615
31983375
28053924
24138592
20102818
16214065
12619674
8770608
4963074
888516
337173
233245
142151
417945
272033
197710
320309
313805
233063
187646
172494
299380
325124
254361
170029
562413
130260
126490
239169
313196
623897
165140
180752
152718
149442
319257
277778
480653
444784
204974
352939
308360
129147
157968
227442
175281
321840
293297
192913
127899
653603
625684
437883
201485
373281
257077
382740
192957
149843
429218
258784
292131
232070
235690
184329
311471
157888
147234
196733
123030
165356
150334
178587
297923
171585
172311
197503
261598
181781
216655
297630
151522
134830
321505
199260
215578
796785
259521
157290
209403
145834
166160
138325
883021
181191
438261
132841
138874
142450
158867
209880
171642
940911
912805
160584
363073
276216
113898
387615
165877
317683
6948312
3436694
1690732
337372
355112
160478
121633
740838
140860
296632
245033
166913
146225
195374
447137
179791
182102
674337
132461
139135
129157
344275
175565
242027
503559
188776
414365
270734
187970
200972
180873
209976
223670
205106
178211
181918
252976
178310
192016
360600
228105
152258
167824
149080
270846
483294
316327
380109
324057
157073
319749
213952
366189
222819
209613
308816
122426
172943
232100
422251
184897
1161406
284315
142467
319727
208577
150326
183456
147459
176678
243923
265322
126214
160719
140178
208642
182025
217454
254814
272816
422119
338296
162304
193310
144674
226131
166880
535494
207142
226432
186744
236190
209175
349046
225837
213550
202998
136249
149587
247527
149960
167372
189470
119199
153693
152772
147590
171405
193844
148615
219459
177396
181826
222004
191169
196624
249029
186732
178936
221400
233405
159012
167414
258772
216360
218059
126774
157699
209045
140544
134547
138964
163833
384126
152456
139376
192138
139405
174780
159756
141263
203917
127688
154765
185239
186147
189779
299516
342290
211031
131057
147173
194891
247603
207054
144655
189584
212100
191049
281342
244319
360594
137170
201004
189598
140633
124666
610232
120220
133015
215868
199775
132997
176607
399019
166990
150894
231860
143458
119231
281139
162402
145318
246210
181163
279688
412111
161402
7132147
4869743
3327374
326829
260209
302758
1249624
255458
233569
109604
219307
208143
140137
300868
147760
286381
175341
333448
226386
248435
384186
385866
365238
325222
126635
170591
113484
180580
137695
124861
323654
118109
130036
154141
135933
340639
269034
209920
125717
220030
155405
120742
137389
230282
266184
257162
198258
280079
177870
141411
364627
354174
280529
200568
140765
230807
184679
149305
177063
270254
199871
192542
127026
209717
204284
212642
259974
396080
221671
136784
106263
171953
194218
210947
236743
362022
188374
153617
182697
172599
555751
234364
287484
141611
369526
386497
143552
332183
140243
136368
155355
116912
124679
188203
135295
197687
240552
228976
172964
244239
437364
421927
206790
141650
231243
141751
139033
198720
130448
141507
287375
150994
185630
157504
131070
159091
116183
202669
153411
156512
144261
259149
305949
174419
239186
258207
285353
245516
140307
220373
181548
253706
133662
127755
162878
130119
158170
177562
144036
261690
207086
135926
124132
175971
159581
145337
139578
249538
215110
125354
250734
208561
183448
373390
275618
243311
574436
435487
126193
199341
151167
197786
380766
222416
218794
235420
298594
233693
249193
292496
207830
275243
156740
320910
378012
153787
345476
149692
306325
251320
272980
192598
204399
212470
245694
265256
174341
164476
6509401
3352780
487431
442202
206768
180242
169782
285428
205266
148199
258229
176638
143987
281980
221751
315733
418305
255283
251478
252836
128728
129367
281450
122705
184566
139897
139498
181883
159884
310727
146864
113575
124161
148672
149877
136034
304069
956865
167703
161404
191171
1167030
169601
170112
335718
124559
139887
139960
141828
132886
324242
182831
131565
138699
149900
152239
185506
117472
139837
130519
181342
210190
125548
118660
155216
144132
83367
130562
135124
203677
328561
187825
140865
123692
161934
187709
134771
144354
122945
141762
195644
133941
231079
198249
162744
165197
167656
139127
198317
145512
217101
292520
177952
307965
172012
220119
191513
189139
241192
326616
135521
179672
118436
184508
313445
184859
254086
194857
170797
220786
149633
128111
175351
119808
182292
117633
122046
155257
324819
254536
195065
281514
168526
295568
205003
307594
340016
233349
365673
180704
249788
198493
146102
194709
209926
221997
185823
142495
211832
173699
244343
146424
148357
223636
145871
149579
135058
146404
139604
153807
137347
191327
173044
405723
210618
158890
154856
202247
365669
240064
129170
153716
159021
117889
226046
276365
210621
135444
263907
256233
350834
382630
399312
443812
449860
452692
291781
236831
222875
610150
291818
232886
369719
278034
258212
143255
270705
6477506
3264984
975925
405648
278755
434846
313546
122666
181921
258674
215186
186189
131851
114484
219213
132774
233630
430067
273570
274430
173268
135825
159347
133000
237872
250814
170008
302185
195516
135778
365379
150414
159755
197231
212520
328101
177377
288012
395734
187411
408910
343069
452532
297140
136355
286763
175858
290294
272315
213108
211712
151416
206721
260794
373204
219785
166116
247490
224732
270992
195962
262044
164784
282818
212882
204947
133236
201969
121674
190878
175695
177520
164651
146030
155637
145823
128247
125916
196963
158538
174840
161597
151564
143210
273582
355535
240456
206385
192011
286430
190986
140865
124568
177356
122791
122124
267093
262796
223409
211126
251191
234085
266690
718060
465515
314581
223201
182157
160869
363854
205359
151151
139172
161248
155180
198533
137965
189331
197435
118906
209875
188212
323811
383263
136696
157802
165827
167406
130848
157670
147220
214100
174549
168414
176858
185977
424816
286480
204849
449334
234999
162923
353815
322801
331452
243387
122102
252312
116078
194490
159810
207884
172109
265147
252382
294347
253567
140136
161956
387406
309627
315930
187529
204568
250849
243432
274608
385449
347593
197196
371856
374928
306195
278215
296352
171770
309512
381726
143714
140502
136599
181122
276413
259775
192263
151717
152887
5548570
2663227
546274
260584
135283
216392
154497
177711
160650
304653
201177
335163
257920
225140
138948
159583
136642
111439
198869
173444
114595
146061
126707
191818
226910
150758
449071
342956
363885
333971
385268
251889
135280
265846
149714
177806
151359
598016
162024
190056
240455
303234
303051
211126
238413
193628
303124
238034
135029
151547
220214
245923
445950
201317
288818
185185
290109
295110
304167
389117
286509
192082
173687
350843
227629
261383
421043
401861
1730526
443226
299556
210017
201997
287558
215984
209233
121472
139809
126044
136003
192894
196327
124710
160190
189515
148332
171244
243288
402964
206957
168457
172509
228192
193045
147444
182222
222875
123430
317854
220400
306866
256321
164175
176067
155999
139555
165499
254651
243331
193241
426088
130304
149083
137245
703998
204371
137489
238643
188252
283896
265910
146490
146909
302994
209817
203367
191637
121312
278740
130045
456150
304895
542802
247513
429593
299402
246024
247139
131654
197027
168717
118799
175403
245052
187526
359654
141850
217208
289982
223626
297112
212896
148454
196193
269445
196875
235124
439741
303168
398624
328386
154358
216232
160748
336771
186451
260654
143033
144777
265254
139834
331232
153635
159493
200038
238645
137320
552619
416544
159143
219465
431159
245561
331611
276745
182466
438848
8076633
4438589
2669648
1505618
391324
114407
169590
160223
360679
169099
383111
306619
119691
314123
186306
519741
235301
179959
156494
442674
146868
327082
195289
140402
123639
268980
434104
286474
213581
1050090
389248
267675
199115
230568
287609
143458
133302
173431
283252
133309
191103
210646
179053
245010
266319
263092
287404
331948
515712
165353
325692
248123
486871
661589
259209
275892
283985
162168
341590
250572
403373
491542
237941
322748
300236
259146
188125
769940
248072
372059
338544
283136
352526
395061
344345
231052
178056
1378399
285536
201865
182477
337092
150333
187284
149645
172124
111879
276157
187103
243273
287272
156918
264091
168454
164635
209070
405928
137462
407106
159804
157052
412708
149897
626643
246259
204321
402792
274498
157876
178910
144181
242205
180246
277776
162104
138221
144634
304773
292561
306181
150418
388185
929684
196888
355323
205192
173702
224032
197376
301300
231312
256081
146441
154755
150942
253409
236556
268115
147619
210658
154471
201552
130669
274799
238093
140154
168712
171986
260937
209698
183420
360752
288990
175656
169239
341395
159779
222703
325753
201040
257295
171921
317150
154999
165310
200694
161509
149857
303334
158918
193634
171048
203460
174000
157327
242373
160760
153303
153796
160871
158383
174184
142846
147596
142938
158836
186179
238886
216706
5948911
3243714
405749
197972
254366
186981
453939
156419
241228
131720
114950
212774
153780
187759
174744
231799
396163
192472
638056
187219
358647
135303
200735
156748
219896
262514
159096
125218
201341
250241
187891
122874
178825
201399
163160
207674
384055
205034
299161
201373
315791
273166
159689
226242
210260
251813
253537
233315
217695
354435
264881
208816
154014
271679
224532
334298
198356
295745
733518
663120
202840
188790
173870
261704
251188
207646
442554
173848
129016
156487
203125
190768
431350
124188
172175
137453
165920
133615
304507
269779
252002
122789
451551
1161429
202881
318340
411772
143838
153643
171092
228065
330041
125947
196821
296455
599658
247133
277370
190374
370285
420135
131255
214532
393537
282932
192748
170761
356825
169353
254799
336809
209539
286924
221378
160998
293203
152329
110914
208203
289518
374045
183040
157602
185116
146787
159861
207620
217260
307375
358811
260138
224495
170855
172272
154103
289118
161059
178255
180281
384489
215482
267786
255953
217313
164174
145327
161799
200493
307570
184629
129639
149816
286149
162194
182911
301723
154050
185951
188277
172732
179018
173417
172924
203954
1211253
1069987
337617
185669
203645
178615
281540
328063
666882
222232
158722
139137
214030
198071
169145
219436
167655
164231
133740
173051
169174
152985
354984
858673
3169628
639639
145899
208657
226963
215321
267266
143906
194913
316401
243488
181508
265907
265511
352346
360861
222658
364742
482484
1218888
270690
237396
908565
576556
209160
190973
172553
299566
200265
554591
126784
148748
457524
619465
219218
400118
145442
134268
120312
153104
191688
182999
172798
223731
168135
141226
248882
715749
166822
146795
167754
292890
161206
145229
266418
180955
116565
122433
122272
223343
168169
199769
301142
107518
121530
128780
175117
137224
139431
199226
309986
185163
195415
234455
330561
183436
142316
194124
185456
96924
168695
233653
380299
135116
118638
423271
409164
119374
159818
131339
222802
187880
126886
147474
211124
447221
1817654
107425
119677
115868
132264
249685
119840
141989
107995
112048
146903
135397
121554
110208
131765
115550
124053
198783
234074
355768
156355
125389
138557
140924
156929
139454
99767
100088
162670
141326
164012
117199
216082
158101
181427
159063
176982
249411
163433
133676
202377
120901
119119
161460
161039
129525
111141
143299
140031
269259
147870
125509
144160
109483
164744
153355
150974
148537
138549
187963
234666
190264
222246
248214
323000
224553
245234
421318
179242
349490
424056
196806
287496
469948
241477
282231
315097
203847
232452
401996
218695
199216
216262
133201
142559
174922
208069
151539
150428
148632
224373
1042040
903154
200239
323896
118190
147788
159280
167363
235422
315557
260223
243518
225636
206191
128946
141262
241283
209654
150676
132517
133649
197440
184083
117164
244512
180526
275472
256237
249251
402226
135313
139677
109462
138810
144090
212773
133110
130032
137217
294669
202410
139681
168474
159593
137267
123623
266281
474650
250620
151780
164076
131170
152507
190736
321727
356428
277429
297943
202956
173405
266727
213652
169701
261857
186573
193217
172374
141608
149416
369744
399307
166203
183760
173879
224812
271318
321623
448944
237750
123609
190108
230481
254436
192607
134198
137849
185732
452018
126793
134274
117135
247791
255901
245990
267070
258421
174986
262115
375498
362582
298245
293562
255856
235450
171280
184584
183148
160168
214573
151008
126052
150032
143447
153782
178749
203197
167509
145529
283049
235812
211523
227547
235440
150570
147099
197749
159769
174129
176283
161029
179652
162347
194466
142575
112957
128743
186649
707743
191159
376001
138658
217351
125715
193272
162586
286237
263972
326422
267683
439171
310735
245284
292909
201452
204155
180926
302459
259637
184500
143738
354896
210155
192077
150675
286626
144353
190689
184890
144906
273825
289923
152256
156014
153193
322799
237894
253773
221888
160847
232621
638284
733598
388957
654886
