2872720
575686
431676
575348
442181
487928
421731
384920
376467
348895
405469
292652
274842
338829
228136
247953
293575
242111
257245
254774
305235
252491
317544
255404
228801
223860
207280
226404
218047
261222
164155
226196
220406
174915
222985
236307
191357
203917
214090
182374
253308
231746
255561
283149
182669
239230
355728
188057
220016
173515
254794
243408
189056
195570
171016
241018
194553
220845
203624
219141
207499
185366
198988
211414
200084
241810
199882
207405
194400
189402
186698
183203
177847
184897
229904
198795
227050
192009
237108
249149
295773
255632
215963
159458
207376
185556
194393
275762
225800
232392
197926
206303
216008
208178
215925
219394
176723
185891
197213
167496
223223
229083
231493
217782
239697
180421
222237
253791
296946
198900
211937
190889
206251
188095
210334
199889
208216
206442
216677
335281
184577
217905
197558
223105
189748
239804
197057
239363
225002
155846
203600
177713
234478
211219
188677
216826
169441
185901
191231
177868
193940
202078
197293
239955
247913
193291
226314
226813
175996
209952
214778
178918
217619
236877
236432
232143
227313
195965
183039
199127
176361
221587
267472
220591
176294
164753
200874
189468
174187
193681
180486
204286
180264
175505
194114
190236
194687
179047
211952
192920
178875
189641
200657
158624
222276
183423
206236
174123
201156
217711
191982
217879
196862
176515
182592
169217
251679
235173
226851
222656
220802
191644
220615
190615
227538
231301
191453
187449
213441
186513
207815
202569
210400
208452
233192
219183
224813
232665
197462
222802
220748
184036
228445
200935
200604
193742
196756
178495
215269
226482
186712
238248
240032
186208
175974
182757
208612
222794
200447
233830
185378
221902
221375
234392
235019
186345
181546
226404
188783
188512
204245
176837
239075
193317
194202
191962
184258
199532
198901
181780
209385
198214
203657
198949
188041
200044
217718
261257
188884
182925
202386
223688
202577
226035
210744
209298
186108
204866
200439
201573
189576
223243
219158
232052
209811
167913
183796
196411
236225
293717
202469
176748
199976
180509
191372
184296
166380
209770
245651
175009
188350
170048
185673
196218
173855
176333
216504
196916
180845
191277
142841
197539
174438
179625
172001
191150
204506
187679
201390
172115
171783
192514
179848
156414
196383
191281
236317
168361
221365
203680
188435
176446
220233
192873
195984
244634
193371
201149
219011
226305
208352
206564
163904
205066
202995
205533
211812
199502
203825
232346
179037
175401
174693
195459
224697
211130
196422
202483
187033
229703
165276
206059
210302
178975
195297
157715
167874
215901
187731
190320
208281
203391
185083
197286
222811
231529
169531
158634
194633
203968
196535
196746
234683
197921
182431
208112
256571
256826
191574
177842
353592
218628
198517
229355
227056
190273
199499
198229
189880
175562
198755
190043
215737
179837
291537
197805
175993
178748
200150
188585
251880
202285
189778
179470
195717
174309
166521
211699
179196
188389
207746
183265
235299
171866
199137
200373
210032
195705
186111
201358
203208
203190
180382
239415
188945
170187
191921
168341
177731
175291
197013
165697
168885
172483
234909
156719
196929
172851
173714
216554
220137
161762
222117
214321
170851
182506
182136
206491
177144
188260
202861
223133
184216
190089
178193
183739
193902
161037
190543
182687
184526
198565
223383
298193
227248
219716
193346
176310
220951
211736
178309
197687
255841
182639
214098
238051
241730
197606
187546
233292
235728
198038
264783
186384
187844
227089
213180
229125
189947
182876
195443
222977
216488
289643
238539
191152
200757
249690
177183
201442
197042
221273
227823
213635
202263
200401
216751
187830
230349
184055
207819
178073
212835
206720
214573
191396
215707
194511
223057
166463
195205
199180
165202
186547
205069
273718
196307
220487
181144
212379
197536
215924
190797
175859
181083
168832
171029
176669
156284
170490
180969
181376
157170
174344
170871
182498
165738
171498
172337
179045
193453
181618
179912
190088
167057
187305
158657
174062
166389
213010
221596
208722
232238
188329
206250
206934
226703
228014
172517
194067
199253
182495
174073
176223
222494
215841
296505
182785
197398
204753
176622
178820
213166
160762
195932
206065
200426
176005
323647
192375
172348
187934
175390
193248
184425
214890
204715
204785
168511
212792
169352
210989
250050
217876
214638
195382
241813
218365
207024
179445
202449
161335
168529
177650
195881
214628
190215
177916
178536
207800
226511
198043
187049
223527
189395
193645
233004
175270
198249
192557
161779
185126
199763
170556
178057
170343
232692
204941
175899
188067
164741
194603
196095
182324
189042
192193
200008
197968
198197
217646
168828
208779
180544
186406
173914
184374
165939
197385
206704
185602
174835
181940
232976
174681
218538
162901
220985
193228
173705
182997
164825
210962
181636
192309
165109
188137
179022
218251
204597
206325
184172
193967
232175
176062
205885
178877
180076
342018
203844
177086
222076
207518
221398
217330
207907
232682
202459
190483
242177
208355
236731
209142
256451
239775
169970
257971
200487
189606
172629
179535
214207
205169
192188
175627
191489
160668
205056
186704
225560
235565
178062
182070
207160
161443
180864
170677
196097
193755
222813
235915
194060
209987
163473
188629
222466
211031
184025
207804
165095
176754
219565
174728
223375
206067
188366
190750
168658
226496
207534
186574
246497
191822
174797
189371
180588
177666
176394
191788
224564
192943
188709
203119
157847
193083
176724
209306
226148
166505
220572
179423
216592
230025
320631
205410
215546
177484
197038
184399
183521
218776
188441
203369
181755
180544
188217
181267
198910
182862
196422
197396
200341
216060
177540
182193
198430
198988
209336
209112
214733
213534
165450
187160
202769
190296
179697
154827
184547
172224
191178
210351
168497
239604
171039
198872
197222
180460
184313
163223
221081
214813
197300
214757
170616
195288
172217
207336
187314
209455
242974
197737
171025
199472
187530
170053
162071
158479
168965
207903
197371
197479
205918
171693
198466
168707
203395
159103
182277
286872
213911
172354
194861
225150
205749
200691
205029
161917
183814
189793
177280
201566
159046
185269
191424
208753
228060
192928
198899
197054
205674
217519
212537
196266
212768
236348
210177
221067
225041
204158
227860
207584
165682
221441
209095
195552
189099
193223
191531
188660
186670
185014
198382
224235
205838
167688
194251
219598
183908
185456
212050
177807
238692
190081
230114
201283
232342
204359
194983
215806
162959
189992
200848
196080
205565
157096
187530
186409
172522
195898
198053
249466
234504
167340
162246
187346
197648
193675
165554
188789
250108
245469
177323
178370
171765
197429
182932
159857
181674
189064
186750
171003
189366
171337
206390
202422
186167
209742
178082
158664
183546
173963
184373
203354
219369
173176
230838
166669
166853
183038
175534
180940
213225
172514
202229
175178
197958
204677
200456
196038
308139
150309
208996
175464
171984
229193
170068
162480
201607
166432
171791
202719
182477
205490
224290
189023
188656
157067
202169
175391
195009
244617
163221
177559
176686
146044
183486
189312
197165
180958
188677
167079
181331
220925
224102
197146
210402
178907
191690
241936
167929
157166
190194
172240
187633
210117
198694
201756
235758
173087
170498
218749
166817
175633
197578
189822
162784
166300
168510
157410
166591
147075
199785
164368
175023
181068
170477
142086
170508
184183
177893
172055
179039
158415
170091
159251
182088
154126
141941
205673
157681
164858
164262
168735
152989
151759
160184
140142
180118
193736
152030
197140
153219
176410
170499
198758
178471
150558
176605
211017
162981
162155
183779
191146
152138
173872
168726
151777
178836
171136
197244
142572
193710
195616
165451
182496
174594
134804
178723
180603
170927
257781
173870
179556
163287
198749
179871
165077
196772
193514
202818
178022
200984
202933
174015
193318
201781
201550
181107
190888
157030
169259
160963
171642
202764
185013
237877
214794
282011
174971
181203
191919
166000
188516
196133
143482
190148
166731
160752
198040
152292
171721
158228
179523
197681
174681
166348
167271
176478
194490
330570
179343
184334
173192
152887
190030
200241
171359
195457
183649
270957
476622
180225
201978
303989
245612
211382
175009
189227
195951
153929
219098
188963
213405
182677
166305
180598
181836
182772
172568
190784
175598
169511
159684
179781
192942
158599
189652
157872
159768
164060
156464
166728
158393
166785
149712
163453
183363
153031
177500
173321
219808
193071
179925
211609
209243
157077
191166
215115
178329
222367
178035
204550
135517
177193
199914
226805
186117
195316
190892
191607
174027
186655
225173
172625
222763
175093
192352
199106
224480
289671
195942
160176
172099
152298
207668
168968
229864
191446
191518
188253
184666
200780
176535
164096
171890
218752
230058
210960
224861
179307
226053
163394
234407
188985
161859
183401
182921
179055
177432
206693
193484
205514
183293
199163
172517
173638
200610
198689
173513
222669
252940
208354
217960
167790
186074
157493
178182
174034
258655
189919
147361
172071
169114
178406
155060
191750
217228
184427
162909
178367
171465
201547
178316
212767
192534
185113
169828
188410
159156
216611
146292
145334
157022
189741
151507
245761
163049
156053
165116
192394
142287
155522
167691
169117
169483
169093
219045
169505
206554
178510
152679
206302
162541
157868
192719
151307
173079
178310
185165
190872
193528
168324
165311
191964
220484
181357
159188
181764
173850
171407
185217
166836
151112
187778
193540
176810
194837
193372
164338
197679
200825
199964
198137
177990
238181
277176
183808
169904
175743
164785
205821
189026
185655
197320
175934
171615
183531
200438
143631
199228
190520
159824
171904
225813
218098
179353
181251
196707
214969
205277
171676
148314
205578
169416
187643
191816
235480
233197
185004
192572
165487
207016
184657
471897
203951
157898
209828
179681
178517
152413
202041
231574
238930
151187
187844
187133
200909
201452
193397
159379
182603
194137
185092
180165
209150
193365
198791
160140
203470
193551
153723
175373
153483
155168
163082
174113
186706
179365
189164
138702
183151
220144
206643
196591
155849
210902
152021
164901
202120
188676
187107
182769
188405
212945
215375
160548
179816
196845
172141
236192
169814
212817
148878
161341
165758
179057
166496
182116
197123
202788
213733
165945
154404
180017
178631
210744
214971
184146
210651
173754
232380
162374
183168
149277
169924
159966
161449
165272
139795
695339
245185
169088
174493
206380
189485
215283
178875
155091
198836
158876
186169
182444
158956
228377
183294
251798
176416
195087
172362
816167
186213
210383
191591
166408
212657
202972
205400
174231
209140
157533
200854
182413
164393
170237
183639
168644
185453
158257
138038
200853
175543
183560
161874
168355
156714
167059
183737
223748
138522
185603
142653
145095
185589
184674
158421
174938
218849
211770
321645
178341
210032
226297
166801
208506
212099
189774
172559
218935
230085
181377
177347
215151
233744
226244
190549
248897
174526
178134
240312
186761
273217
207896
196161
169069
167236
199131
214471
188966
177661
174139
178269
170863
176195
176864
159682
172447
199443
244907
211294
191389
197888
204564
214002
185972
154094
180037
174780
149342
178318
180275
198498
839785
191210
195457
169990
158530
158332
157824
150668
174513
1854472
178908
202080
176147
270470
8219981
4072281
199859
157879
169348
202668
163255
188474
178731
190782
190193
204702
158369
145283
153139
165964
189273
219271
178838
189901
187826
168032
196528
178536
192357
189077
160644
171502
158032
168244
140975
167568
138011
192480
200067
133785
156749
168872
170497
145686
160468
159977
162072
342584
174565
158953
170916
161607
148366
160529
156783
146894
177306
172213
149610
161865
173155
210051
157727
147698
203845
193565
173548
185472
216645
219630
360099
197712
165168
212302
169511
203803
154606
174422
216442
209399
161691
226530
176468
182218
156444
146153
175919
175711
140992
177185
156990
149605
163819
179947
152056
178937
166746
174813
166186
166225
141397
161222
197824
158838
191590
182170
171444
291277
595167
145523
167458
156734
133337
143309
171127
185950
178650
153354
162289
228136
167504
183240
138701
169371
147614
161848
177479
162785
155405
167668
158724
179129
158199
161486
157407
165599
163664
184940
194306
190280
194561
170422
176728
213670
163970
165405
203580
134794
179655
184872
147812
191669
211021
174346
210673
198986
154986
145838
180495
154709
166946
169664
195725
142681
158992
158260
178623
200825
168238
201456
199091
159716
177282
155859
156932
146071
199570
153360
168412
155100
172486
271454
152845
178010
148560
174200
210622
147125
157718
209494
198454
169776
169769
184253
249664
159533
182030
181038
168061
167844
166419
216639
186224
213467
149690
172047
154851
150727
180093
145428
163591
140003
184452
198883
160354
149010
204760
184867
202761
178894
171153
150670
171209
165286
229253
196592
174127
156431
183863
274141
147379
134465
195067
170724
146935
155913
144673
138003
148468
195932
183712
155520
158117
142528
157832
173497
144169
158415
181078
161169
200459
169952
192525
186218
168842
161235
149543
164870
160949
267397
209635
194155
207444
162516
186677
162821
207583
610605
173646
149530
162648
133018
180345
169350
162338
248121
191964
154164
172552
167715
215796
184448
186932
195308
226562
185373
195692
189844
167224
166697
147619
188204
147850
138428
205311
186384
178072
177781
190424
154143
174231
148380
174292
165411
203969
153850
145900
170872
151983
160878
165702
183246
156424
1150256
188223
188750
181372
151214
178589
189877
166995
155226
190527
162889
177770
178669
175268
159010
201378
169663
163445
155749
164160
205540
187961
154040
184818
162529
188592
158687
142992
155876
169632
174042
187683
176557
151635
204468
163310
225183
186108
207282
195461
237608
395537
191174
169945
151603
830982
155362
175197
204772
173622
180721
194412
202006
171192
173901
196230
302059
142088
183148
150478
183583
146541
190981
207963
152157
181808
150521
206249
201509
198042
164114
155752
165024
205089
193666
168965
162086
170906
192025
167729
388645
217915
1313220
199704
200653
239102
154345
204421
324568
255742
203425
277717
178916
163175
198243
200747
192574
153867
189601
202180
186051
173205
180120
294114
287857
166771
160987
211712
187343
182267
175237
218200
197504
197619
161055
181688
203946
172950
192353
141059
159673
168943
171753
232825
153361
1027005
165924
347041
178435
174303
189932
199201
224098
172875
166028
170764
276971
150429
532293
167680
234739
199561
219289
231272
189284
188135
174305
179399
156987
162029
203743
149365
182718
195001
173444
195882
186777
219348
167401
154042
164650
483911
156264
180311
169293
154552
165979
161478
159714
141678
178706
193557
192722
163346
172440
150705
177770
133780
169963
153754
164240
174832
171969
174911
140278
149518
151524
157066
161974
153269
176195
165482
179225
166816
168743
160583
188973
147323
141761
154158
181527
175296
193151
140127
147396
154087
140231
163141
205346
150155
165485
171608
209473
169290
202713
163244
153627
183971
195765
173849
201236
144462
183753
141489
154004
241376
180990
170528
147405
177608
228089
187460
142061
181883
138988
194732
181350
154124
157230
189500
155021
398562
177659
171646
166430
159462
161117
174430
160626
180739
154817
277551
205000
152701
160186
183282
167267
165923
144274
156811
1909518
174416
157132
194013
145516
147974
156759
163465
158522
186991
134723
211797
173183
225717
136979
170559
175887
144156
149857
149685
156000
174426
145753
163958
141953
154620
144972
159046
157014
138685
130454
147943
222318
161261
175817
145302
142707
188020
124771
206621
189127
167576
196962
149832
177588
147988
168888
192816
144332
155399
158060
157524
143646
161273
204671
271512
288769
192099
204324
164577
145404
171332
160221
136271
133804
234948
174017
170854
141680
188011
223550
173828
165915
215635
157321
163996
147533
186881
171780
174361
167342
159935
143145
187858
791476
175034
184254
181399
148841
242176
188889
156668
199697
145109
170887
146351
168488
161708
195855
180811
183747
614314
160012
160520
193497
164317
139590
201036
151158
139601
130431
151312
160909
177510
183963
139767
182297
139842
155057
184252
154731
174514
130308
153103
143322
174100
189595
150441
153877
163686
157028
161170
178447
145886
142785
163468
174011
138415
164978
201217
184965
174399
194706
164121
176161
145091
179038
156076
140233
173280
189799
169707
154845
148545
174024
174273
172288
212593
158649
173131
144610
176149
157729
165441
153582
160806
146252
133213
136187
155788
179672
162929
151780
153412
172722
159491
164100
145348
133883
157128
188299
206929
156178
149578
156774
154428
165222
166574
187780
148223
129344
165983
159414
133220
134253
195389
171246
337744
151201
145696
169828
137509
169859
217052
195195
172970
199530
146667
231481
148525
159237
384380
196477
223294
221846
155857
189566
165825
156264
421556
194558
200894
176454
191653
124202
133560
181692
138764
173946
183297
180178
166791
157104
146172
270922
193614
148421
169365
139861
179939
147491
160064
164386
143659
161131
147139
148889
149231
155776
141053
189863
201964
219672
126975
149914
115918
167600
174359
172242
192132
173439
157873
175482
171637
174469
160430
197825
2613215
172073
260307
163466
177159
189201
152611
174779
140709
159998
168232
157974
155676
171148
185553
181353
182663
176978
156991
167352
177929
217997
167819
203698
193679
142276
172943
195172
216695
141069
166586
166539
163157
199359
183944
176902
257116
147196
162329
186459
159360
135434
191107
133088
129204
136025
184824
159528
128611
141067
140090
170483
172822
154683
152851
190671
149670
158433
261975
151925
143198
149580
135490
185509
143918
155658
166463
158111
163117
148469
191509
151187
183483
412493
203934
167971
136664
150223
139036
145572
155810
137017
153290
154753
217189
155447
198010
148179
136622
174060
166721
157532
169274
192911
163905
157919
157227
174466
140137
130592
138531
155579
147243
144456
162604
275563
160988
142021
250632
160134
129232
139426
170482
152639
133872
197636
176559
168000
190677
163581
181616
211121
197739
168972
188395
139214
206076
186492
163730
175485
164394
162057
162766
148057
186706
134917
123019
150700
157278
195579
192993
157536
176416
151016
165644
163419
192029
162642
147228
190424
157744
134633
158188
147636
162780
158030
187751
199912
199315
124851
161360
162766
170088
178589
288507
155873
137562
157303
193808
191648
154500
165213
177614
137450
126450
174675
137825
152096
135522
172235
159313
128668
155934
134477
177286
250748
134093
182798
127100
179875
126468
187311
137816
176871
167570
145612
127950
182305
138111
145663
128458
176331
154485
172509
178670
190736
183201
139205
173606
138255
146759
148354
152847
160872
154749
151485
132106
138418
165603
129240
143619
145541
141857
154083
195913
262011
172708
161679
170961
141728
174228
135620
161186
159624
138701
162604
163673
155468
182409
163592
138485
151533
130223
151970
152008
123927
176059
129838
184847
156153
172231
154298
172742
165097
197767
167047
153088
161943
156471
145718
126898
166698
155362
146984
191546
199991
169548
160470
158004
151224
156957
183643
151447
156914
192000
131603
181060
161175
173763
178625
224581
163599
154588
153669
130959
166576
133210
165905
140456
170073
170477
150487
198099
178055
138150
156739
126012
145763
150090
148536
136487
176630
163111
125488
119922
163690
139854
133367
163226
203110
172951
133188
154330
149784
181651
152918
183056
174071
157323
173596
189580
153488
156428
196918
176412
168947
152351
146836
273954
136787
189583
172649
139293
180609
156135
135275
154716
166058
160861
203807
163233
146973
171163
133004
173903
160357
154123
143742
187029
162103
140076
188417
204770
171593
135819
174744
204795
169774
159668
158048
169959
150821
145668
131403
146514
154301
168953
139187
151067
125369
124740
157528
132957
143807
182244
131776
152551
159921
180536
126165
167361
138545
176447
142053
136263
133272
180292
142091
136502
124129
143089
215873
199210
172944
153915
184252
143010
163340
137573
136793
139735
158014
194500
177273
149135
154191
196892
146042
149571
169815
148281
157535
159452
195990
202469
159848
223432
148747
136726
136964
154627
147830
140825
139254
119859
127716
149175
168355
170377
146850
154709
183746
145450
156485
163014
134458
168574
135440
740807
143050
286696
149329
193552
158411
152514
190581
158088
169380
142891
186954
169103
176280
154944
175429
162943
151939
158591
138444
133817
165041
141531
177020
157800
124750
151531
192872
181370
159344
153027
131081
165341
142815
131066
178387
139883
151783
138140
169585
132525
154967
139626
123021
151577
169792
300615
163275
143643
127025
140157
148767
161293
130527
172282
158735
153251
149592
150955
146931
137709
160583
205003
166963
153930
184391
139570
207629
191370
166556
135047
172740
170923
104388
155042
143112
135899
150937
178381
160641
182637
139627
150829
157428
195149
171941
170004
200162
135605
154294
167952
135329
179598
190688
134732
148185
179664
171022
145484
149531
138900
190568
143581
145707
147443
131410
167810
161254
134000
182573
179084
159850
161224
165312
150275
156148
145069
152789
143635
165698
153703
120016
145644
159427
135810
170867
158761
133325
129940
171738
215800
203259
173853
222745
210633
178737
192136
132014
207200
155565
157971
140054
215594
291100
379377
142941
184225
161916
139521
165369
153028
184256
141688
171885
141425
169169
160152
149248
151702
152934
158763
160824
257229
196198
179547
184605
178716
187986
133418
176158
141092
140737
152636
167211
185331
182218
136036
160803
163809
130969
151621
174436
181817
157108
192260
167632
136456
196701
165171
177042
166503
164032
174256
155031
150106
122834
172953
149397
152228
143757
134731
125394
182996
173215
132876
140538
173855
185194
173825
156514
129223
121202
131109
127404
152679
269386
116728
144980
167935
173962
178711
138315
133471
155977
111044
122060
137791
152578
188220
136941
145022
151832
153137
122908
160832
164524
141904
138170
141103
137549
254291
151347
146425
176412
169971
131518
148849
128360
129186
140363
147959
145290
128954
156762
150431
163982
143563
192441
193128
158335
150444
216851
183523
137225
147615
149184
132212
136884
151673
137656
149006
135286
127963
140464
137436
121609
119591
142107
138173
159760
128444
186455
161836
133072
156025
158417
134263
151884
161910
131440
146806
128960
146214
153593
136882
193273
159413
136331
161007
173620
150460
173303
126270
132321
123897
146358
180359
161465
153502
156327
148380
166433
150688
167724
149866
162611
144955
152130
172734
137924
196793
135910
142241
132320
136426
164813
152021
152908
128805
151196
128855
192031
186844
175414
146158
152076
151112
275499
129794
169916
153760
134730
268253
153431
183437
177341
133685
194172
197794
175512
158797
135766
177822
160573
148435
178899
143101
146268
142992
141701
157475
125677
165514
156255
151767
152898
130083
117415
153286
172063
142894
258666
137137
131894
147921
138574
130765
174532
143853
168675
153854
126723
140605
319110
151805
117628
179072
156633
135736
149839
132248
135799
162285
146674
129019
146246
151121
141669
138680
137426
143371
129437
130030
134302
167515
131521
140821
163279
183483
170675
156063
148366
196080
145967
196973
172436
200165
205380
161272
128451
137321
143614
184970
149961
156517
167434
147223
178099
150085
130243
115686
147225
143004
133866
170756
156952
183485
171612
154619
134020
151075
156430
134408
135195
133866
186299
206664
171800
170390
165385
155419
146927
188575
124238
148568
165031
168236
144639
170387
153709
149771
182691
156834
144004
199224
138813
160376
218072
167430
213158
136660
193603
187579
170738
194439
122174
135430
149348
133650
140420
189275
146034
173036
181719
200927
146891
169063
167860
170460
135187
428829
179242
153089
161142
154966
178648
127070
126159
137651
128106
202728
150112
170586
178428
159380
148143
214421
130413
140764
158489
156862
259210
157047
156325
151540
159275
131482
168798
157816
144524
121090
121153
166748
136025
141655
150911
168629
148611
163526
154911
144134
123435
154631
145397
153089
134292
142927
149687
153145
153733
161563
125171
113870
142951
143881
138482
133435
119682
114637
217041
174521
186171
144708
150966
158081
204338
184205
137924
169257
186249
210642
190223
150246
153072
214597
162252
148983
186796
253903
177369
197786
145200
137782
249824
150628
183508
183776
149124
186801
178274
312768
161884
167023
165447
213728
205676
167381
167988
187080
144074
170170
151616
153148
203211
193619
136863
197336
236605
159058
137668
158287
171016
155161
162613
1139351
178311
162376
197714
183453
184654
151147
215046
206563
196157
161944
168599
152298
211577
137436
167133
135941
146289
152054
163418
171888
169832
156705
153348
165361
204973
183990
134609
203908
206261
196927
198115
153477
196969
255543
138894
140771
165942
124942
164434
159710
156937
125142
162299
151978
129492
131908
118310
149026
135509
145550
185355
169273
195495
211943
160099
157057
203605
148201
159405
147645
141428
143682
152669
119898
135617
121842
147790
147397
133957
182840
137369
117096
183778
158002
201386
149601
183446
187566
164831
187658
148712
203930
126060
167534
153373
132365
141593
161788
149104
160907
153677
129742
129764
130239
208518
132678
145077
175674
136830
152143
124090
185548
174540
167879
143391
150511
188439
126847
141068
172308
121393
205202
181890
176458
189704
179497
153399
120305
146452
187603
172056
145907
147679
160245
131433
170112
172213
191038
175219
196601
178014
145419
170486
149652
189106
152533
142726
152935
182344
403606
151452
145893
152760
172092
149740
146653
140160
128491
112066
156092
167593
167167
193750
158416
173452
146977
153424
137579
147838
182256
186769
196158
161959
156959
174482
178811
145939
154987
167259
231164
156886
189095
146277
165109
162292
172406
404219
209572
158984
143714
152337
131268
140416
223375
139339
163579
146431
133604
163879
140848
149264
166693
112876
181371
149413
135665
127683
126293
191220
168982
145990
150532
164103
156260
139161
154078
145234
152643
161889
138931
118012
166789
140715
202093
144802
166974
177516
158818
140863
133607
136836
147912
177634
158693
126564
126929
139431
121312
142861
150288
180970
174752
165930
198560
166625
210794
189364
167969
147714
146624
150528
149927
163957
192515
193586
185618
1582119
183903
190883
185564
175626
147565
122689
171984
166585
137237
137393
127051
207619
182168
255932
166641
195702
153674
218653
161451
166018
207239
198599
164275
211481
161725
136969
213786
163530
209194
159095
165214
163176
140761
140726
169406
190597
165983
192115
167812
216515
212828
184581
167750
179510
248048
138605
148008
191281
163506
238227
155701
174283
180591
311680
189434
134308
165160
183971
206072
170916
174337
141871
249664
149524
141256
203874
137488
193604
119757
144466
132669
195128
176905
172215
168037
173566
144427
126115
159652
194244
203344
137076
192200
213735
154121
146420
146737
155362
140169
156438
161167
161366
153059
141942
120942
192455
131340
127632
168176
136187
153272
146765
183477
198186
137882
132817
177036
174452
141401
208802
250762
186685
192483
187541
149520
211235
232046
207171
162330
153690
182256
179366
165041
131138
171660
162571
182555
148204
133107
191204
167822
133283
159189
141437
153881
178830
287533
141102
131197
157102
183587
202006
178708
152036
180269
158153
173986
187359
141344
190011
185527
139263
148042
136009
136821
162325
165858
180887
143350
147504
141983
158680
190895
179622
142982
153626
153054
132715
141329
155683
172664
146954
168966
134852
213400
128641
170132
139813
159946
142395
146496
149890
162681
182927
155232
154366
127530
153500
170374
180473
147734
135847
151850
194082
169292
144607
191639
167024
136466
175605
240836
179912
195850
199621
184984
162239
156166
157061
176917
224925
160121
172511
159810
153648
160407
185526
168986
187011
178941
200926
152272
142838
144262
230278
129615
171701
136391
160270
150109
198018
161981
139305
158640
158054
132810
143048
155933
148240
141291
162799
174144
161967
157507
136969
143259
139293
139457
134937
134667
143335
160731
171254
124937
163724
144050
158586
152193
193722
135960
162069
170937
174069
143047
157604
138504
178372
169725
168301
129595
150997
166840
183428
156403
162472
161876
148837
183175
145115
140606
124642
146383
201016
190266
129202
146621
184408
164442
136737
146162
156394
171632
158694
169824
153017
145587
203807
146710
145642
133064
170986
169032
134967
153479
177766
148900
170413
143679
235593
157132
535131
183123
171355
144344
143317
171324
142111
312292
169203
171415
143422
151226
168513
149199
195250
167265
142838
177282
170401
153460
152269
163591
115236
162207
151920
159600
128919
175790
157918
190939
203687
166943
234505
155822
174591
168253
181080
155397
170187
209931
174545
166063
146839
132853
151309
148324
192611
168360
166712
194151
182298
153222
226691
219016
148544
144988
132109
167322
143842
229044
149836
278611
129950
141807
191363
172800
207314
135475
142564
193898
178889
170817
149099
197714
199375
170203
170338
193994
148025
159762
166126
170648
225434
144670
166781
198325
195735
206706
181710
178197
127093
167453
184492
181248
191721
161951
159438
188607
173179
168674
216926
189553
150226
167968
139846
169241
169136
814722
559280
135813
144362
163449
153716
164615
290212
140128
161999
142233
143777
120714
163629
172608
145959
176939
161003
174940
172106
166613
159894
162525
141648
165353
146696
147184
176417
131751
134565
169938
155769
124617
169618
154335
131396
204208
212828
144904
147560
184588
163327
170263
171235
161588
206143
175011
171546
187352
159783
125924
175957
153416
156198
130413
150075
127747
278166
165707
214769
141980
203229
172512
186071
283809
144019
131511
149276
145780
154495
166105
134273
220880
160186
148712
135427
151284
179045
175562
211178
169742
134612
150533
152355
191843
158023
202155
146490
160929
161734
165311
139801
187846
150312
192980
177472
140645
170423
166432
180927
150541
161635
165087
141081
152540
166110
218804
201971
140115
195614
159152
128479
150598
194902
188032
168164
170948
164678
172667
193422
174534
162414
154506
151606
166447
180940
164749
213795
142960
178866
178544
164734
168947
165651
126024
137851
147770
186608
186827
180643
162393
192732
135960
379692
200732
198038
164739
164188
161695
172969
140888
183635
137237
153697
179058
176010
141075
167105
123281
182616
153290
149119
148856
200699
151558
141860
170458
217294
166255
143639
245672
137926
158744
142916
132724
209297
194468
142036
192146
168224
175750
162926
146273
185812
168175
156764
134234
169450
195120
158540
160010
129106
275261
139257
198025
167390
147916
182932
157569
195022
206120
181211
140673
154531
176788
136855
165511
153268
166615
184019
169390
144588
171171
143463
145756
153219
167022
173590
141195
188723
143935
147206
150721
139261
131053
178168
152267
159389
140760
130289
139126
133337
161027
154420
159147
158866
206489
138043
166799
143862
136525
176501
133472
137308
154763
145399
134117
144746
155933
135554
177163
151858
192408
136912
156443
141447
194315
172419
146459
133752
198691
132951
134023
190039
185894
147476
176557
186498
179061
168634
164233
133789
136195
178408
157029
137890
158011
142495
127159
128662
138422
138611
129861
117058
130851
133813
124746
127431
130318
129233
114582
137074
130069
123243
117236
167900
160004
140282
143368
126093
139941
164127
184196
172645
317218
164340
156994
148211
182191
161023
164515
159040
152395
175274
183830
180973
340917
206609
378859
161449
132463
196173
134437
136138
170968
168597
151121
212175
182901
192214
154211
212629
158061
161547
187979
142047
218505
183003
167301
194557
180572
190075
174154
177952
203567
149308
135767
148391
151452
160129
129980
146814
180541
177965
163517
177950
212563
181991
183774
181565
166499
197779
187584
146753
148443
163324
153951
156492
136546
176852
174950
177930
153265
123582
149391
143694
143924
145429
159878
147221
155834
129166
175290
145001
127805
156379
138525
132057
164934
181315
139500
187901
122528
140923
131469
178789
196328
150719
131286
137647
186449
373516
156935
160679
5910004
1730919
179052
543040
157539
177762
158336
206473
163790
176670
195257
162912
268833
155384
184091
137526
179821
219440
320082
209152
156687
158547
157917
179669
157269
181946
159245
205590
167184
165579
176973
168610
168053
143358
155622
138964
193854
141480
169510
162664
158316
166812
152463
139138
139557
170294
168625
165830
145834
120729
160615
135596
160292
153645
129216
155148
168231
183911
138173
182271
206510
212826
154788
160690
184719
134881
170415
232445
165285
137419
157615
155207
159341
169190
273739
178808
176145
172911
154099
263347
183064
193253
160379
123403
133598
178782
145240
138724
203889
144016
180094
179447
136799
289585
146473
160840
179913
195454
164046
165602
134721
175472
160403
151510
154748
138078
160289
203783
182058
170138
162190
158305
122476
183966
158887
138434
157783
139129
145437
158115
146106
190208
182976
168032
169077
158403
121856
127810
166675
125257
166500
147882
152267
192781
135064
134872
156437
146624
141324
160178
157559
141747
132555
145778
151889
152022
144496
149240
159406
160253
142601
141451
168233
157509
157276
149360
151572
120379
186366
156740
206850
175463
158310
167892
140433
214246
142915
194305
201133
182169
154641
130945
142885
168429
209812
148160
136832
136050
162573
165466
177228
176027
145989
163390
211804
186211
154797
116580
141507
128234
132513
151848
187720
143259
182435
158793
145273
127893
162972
142691
141688
198581
184210
144341
159375
131281
148051
179934
188588
142463
176285
203506
143315
173635
141751
148166
169393
152889
154966
164833
150425
192627
151123
126379
169780
144042
160099
175072
171754
133629
139972
149762
158554
160927
151465
179836
162144
141046
131458
141209
156073
158962
151295
187007
223938
158656
177396
174134
154708
142657
139091
179122
125803
143327
170136
747634
187069
145353
131318
197422
197342
184357
140522
136607
175236
150874
159721
163589
127285
153006
162075
207400
178542
107348
161570
163337
203382
163871
152832
250298
175937
193917
141304
149643
177826
148419
121839
120640
189893
168116
143086
145268
148329
151927
183373
161209
131170
179410
176216
142000
146012
138823
226783
292175
160864
167869
195664
200337
194700
157021
177580
193271
123100
199815
244008
192595
152903
174028
132717
144148
158799
170570
178543
115227
157548
169004
150368
190521
168765
155969
163942
122144
165024
136738
135311
177009
184164
133568
140866
181102
153279
144480
175050
169779
149048
144247
184504
156758
155148
163446
165757
170956
176476
173886
156778
160559
151116
147572
136512
159067
146403
132618
196045
130983
147770
151556
130963
159231
176496
175126
146674
175674
150658
156599
212724
147151
160137
207765
185739
177627
188832
128025
187595
181341
147112
140228
170320
205291
179935
226806
154432
169866
171162
151005
158873
162480
135542
160632
155121
139924
486585
159863
186568
154814
152539
184184
163039
196029
131787
196528
180260
146934
198203
158661
214345
147712
145751
164674
212321
157045
186711
171778
156111
152901
158816
195077
168978
160697
264042
192323
181021
174340
285964
158444
137749
155839
199367
187140
189381
181970
203014
194199
142379
160029
163685
197633
176933
174405
174577
189185
154582
157254
154164
153137
134854
154261
184080
173753
181464
162818
169215
157383
199283
212098
150622
181573
179523
145993
160115
170315
205932
199683
179964
156546
160011
168515
179631
177622
141187
182952
198966
153557
249335
162848
184688
185003
151318
137671
179878
142849
201490
128267
173799
155950
200428
181376
148195
156252
154148
181035
189550
129524
142068
196695
286094
173287
190158
189732
280462
179760
160884
174387
158045
141769
167241
158904
171610
156752
179673
221162
160927
149298
161968
152343
135757
151254
147606
156516
184331
153996
149697
172847
163971
161407
134610
147884
164982
146662
212317
169892
255261
151690
184149
176665
125995
210212
168387
133619
182828
158145
172487
168718
173644
175974
168192
128386
178346
146429
145797
174453
175339
131694
272668
170158
175179
139871
147376
137938
122525
157357
181897
154908
147149
181925
140561
309063
149717
199302
142696
161398
173564
167924
201572
143926
155448
186834
176485
139490
184078
172689
171789
183974
173635
151197
151802
213170
208407
153637
210920
171894
184111
161564
183357
138659
195579
173570
196873
162753
211637
202583
187662
195340
159713
183448
198858
177326
138239
182359
148233
157286
197001
190748
143886
201422
137671
176614
127283
126957
150874
155157
121318
160668
155327
185169
183568
144193
158572
151772
193979
176664
169942
147775
163280
158665
164013
164151
137332
169227
173852
193204
151029
173186
179486
196473
139239
127400
164573
172740
138752
173401
164939
148082
197890
178147
121703
282080
172713
168711
160483
156808
154749
177224
170024
168022
151560
174954
184335
194738
180456
137544
152854
144105
172095
144560
165767
140837
141249
144811
179585
170875
172626
151148
137223
157036
173307
152543
190787
187103
153524
173683
154230
223082
193148
137469
140837
181537
174519
138396
208666
146429
186602
137230
141023
176290
171651
195867
181908
164568
156546
138531
144994
126522
166097
140345
159615
201428
161754
176225
153559
151251
190140
181791
153985
145639
179277
164347
137576
154735
199556
147993
180392
163498
189839
127198
166084
186102
166233
181266
190092
124714
151613
149821
127827
132321
141826
171701
138843
152563
143060
164588
162981
186330
185848
175105
154765
183834
197679
168666
202060
194995
152304
142199
151835
174576
156917
145421
153573
138780
142427
192551
148396
596883
145574
159020
145728
130710
173537
146266
131160
151674
142054
151770
154232
152586
146506
156249
150491
162606
142787
169392
153640
179181
179109
187196
211295
205821
158787
185255
202499
164632
148425
125349
166564
170259
174059
136882
180538
169514
141165
156109
146816
165707
163649
240400
170756
222906
187970
156564
163520
168964
153280
163597
148686
160323
175387
169399
195536
156353
171619
291164
137887
159656
136311
136859
181205
201212
186359
198546
148331
159180
148758
148142
202000
169784
139527
163887
189637
204704
203187
169380
147675
185521
154583
190481
192759
180850
174120
133047
174684
164640
182654
132552
124073
132612
121220
122284
137177
128740
118459
126036
170960
149634
146019
130797
122873
176666
120920
137855
140342
153440
163686
165109
161580
144669
146252
145950
165527
194231
150138
120075
159933
143323
165645
173102
169152
145398
200673
200528
197920
206052
189898
148556
134930
134622
206568
281277
219814
196419
216815
179509
220187
175799
169540
156288
187252
200850
146736
199480
204922
181698
217255
191168
140716
142803
173985
134810
216119
159734
179644
193090
178214
167676
178747
201786
152367
163403
124235
173455
166623
128151
150766
160599
127177
160594
139657
141405
139229
199275
129962
138814
182100
132232
185143
174970
147944
196794
133911
136839
143694
137573
167986
186741
144368
143600
155214
152739
136642
168532
161238
140563
179052
173167
131884
190105
120103
148450
139023
143162
159887
152886
157510
148267
168952
140327
117553
190722
129436
148359
138327
179530
168038
161345
153634
137455
145900
188312
188463
143664
149485
197065
139443
137015
191905
198624
177471
169929
173995
147134
174766
197047
159560
196575
159904
133086
145359
144269
175137
155886
173479
164585
127919
167761
151275
144170
165466
137643
174773
132879
173806
136129
175122
151876
152330
153881
150248
147227
134941
163066
134875
147153
135772
143612
154029
161372
230206
143536
136290
267462
136249
132630
158827
159637
151461
163514
141157
120106
160828
135257
180972
150080
154623
203614
179525
139819
173529
173085
144790
157033
148265
133948
139484
148792
166589
136998
149384
154541
158081
160433
136135
176431
156128
180031
1789220
151470
137117
163408
136069
150937
132970
136765
130099
141768
133401
142622
130489
126566
154633
118820
119491
136336
143085
188499
162151
230566
144945
153611
165647
138635
147886
182387
147058
158502
156074
173466
143583
139971
172614
164413
153837
176420
130395
144064
147607
145228
123052
150935
197325
174662
163466
211387
139996
174929
151542
139113
141110
146170
156627
164117
132786
133422
139077
158978
134960
177323
137827
152060
145102
165828
174314
155480
174707
154682
151730
142658
158897
173612
121091
174255
134643
140327
150751
149855
146476
159966
138362
137494
159708
129110
121229
166194
146214
158903
158364
149291
180761
148339
160426
138621
188043
165437
136975
141679
146177
146765
179895
198368
135950
146768
134119
161775
124024
143219
164723
153350
148457
179550
174464
155234
170466
154703
146700
153040
155039
186933
153737
133849
135936
178038
143383
161201
169325
136131
145151
142689
142916
170758
152908
156411
132604
170191
182424
154822
152995
171748
176256
170416
272219
115247
189590
137129
155847
190935
148326
180847
156694
141945
272439
124248
135349
178577
151260
124170
159051
190176
154659
163565
172952
177804
155804
141895
151626
185170
144985
175247
177023
170306
150023
143327
134820
181776
183592
164181
134259
195349
155983
158986
139242
137611
188714
292273
141577
172468
184973
163121
196046
172552
153852
136002
138888
187871
154004
158500
147602
133379
130323
140119
136192
189324
146856
154769
166406
184507
176761
174475
147757
152459
181919
178369
143661
151600
149576
161811
153504
156357
158355
178876
189186
178131
166399
129109
187228
178393
127181
173223
150418
129193
134719
171032
131944
182022
145686
160580
206832
163125
148879
149126
204447
148225
149812
156547
139856
181515
155744
201260
172649
141683
136522
150439
157596
198234
180245
180772
148061
126064
141894
164760
134852
139174
135164
139024
143295
142597
142380
114271
166604
131234
169548
130297
133451
148444
161426
136041
157987
123098
201581
152143
146401
135893
188785
166932
133644
148673
145556
172864
142499
168236
179706
142008
138932
136110
161134
180741
131260
155122
152098
171999
160773
171563
157961
154700
147374
157833
148179
170900
156501
180737
134569
169526
140014
142588
152550
168706
166742
169012
153010
148600
127723
134205
147797
153880
170547
182182
156609
150920
157499
160566
130996
133557
131109
146663
161794
141848
155581
148332
175364
169217
157772
128711
188806
169990
153310
131733
157165
155790
143470
133267
134427
156071
129961
158560
131437
136801
148591
155768
133454
143013
128064
225233
177170
189971
166024
126480
172264
178990
171429
139983
165911
150569
133146
160229
155148
156338
134095
152399
163814
145137
171647
186140
134437
193792
168162
140427
146991
166552
145894
149973
196911
138597
174011
175139
164818
134682
121910
120755
177658
203970
176959
152330
135611
142714
186086
148804
185735
209790
179697
186330
161261
175543
134129
201036
131118
152806
156664
155153
138960
193312
138661
263104
135543
166204
170068
200403
172022
136013
164642
162187
160617
145094
133065
145154
185338
161198
161693
165018
138720
153100
150867
154717
198041
143383
152134
175137
147233
179055
135320
136224
163906
154975
176238
168171
158728
199338
162205
131072
166294
119192
207469
153249
191964
187925
181185
172911
156820
165250
160112
145937
148313
144421
143023
121661
148329
142964
154719
180716
1265550
148353
818543
158079
184416
148838
135758
176795
137457
163977
176250
153591
156935
151282
1326188
162621
127104
183637
159710
151920
136497
162829
163793
168606
141829
175786
124698
159640
176351
156644
136774
159252
161603
171961
160172
178233
154886
205472
159698
128448
185354
131553
152495
205130
141140
202133
138689
185189
208899
155039
151121
303282
129919
147681
153728
187582
165930
172543
190508
167753
184532
171443
176228
131018
176496
184250
149028
160946
136023
141292
200523
190558
117863
163725
139337
155668
179790
118316
138386
132496
152515
270126
130422
185700
165772
199245
164492
169548
148111
131960
164352
184533
158439
202606
162641
170395
154815
169188
239474
154719
202067
172703
175058
157276
153299
143914
189079
179558
157260
147722
142965
158128
148248
142744
161836
174796
133030
146412
185196
149869
160556
184558
172491
139655
163791
267165
156861
165170
189501
199090
158601
156599
282548
161007
158035
143881
147130
156817
163612
188180
197139
153243
186579
148773
201269
136057
171840
147737
187309
148085
155744
180356
163878
124646
172001
176052
184150
165749
168938
134775
197257
167519
198175
136296
303790
136983
163565
163943
138790
154283
171763
168160
176047
150000
166111
195302
148423
188494
163450
160016
161412
147387
161798
161689
168066
155399
187445
149145
178862
176171
193555
149472
143237
196065
152172
160402
158588
156302
149351
160004
158999
163122
172944
164161
175101
142464
186267
198686
183312
202873
181627
177071
178052
177368
147927
135233
141369
168465
151507
129473
165873
176580
159479
285995
145297
160301
142857
143179
138674
128564
127305
139237
133169
186705
156287
139577
152915
149261
138809
153493
136656
124343
168127
149994
142494
190612
162654
146393
171991
152602
140879
182782
161011
155695
243154
247411
162905
189941
149528
146634
149153
190061
156014
142581
129517
126102
143407
149079
156220
147536
180435
147258
156903
144191
138169
137785
155057
166186
162098
151373
150293
188980
189093
181812
146390
186692
131845
176932
138682
169049
157394
130066
147915
132931
201281
208428
144750
174652
161886
179825
170760
179969
190832
154867
471678
193016
185793
161231
167898
146818
182983
174566
168777
195349
157159
196119
153699
189455
165771
196213
149371
155237
145395
176573
202975
134917
167773
173723
164598
172589
173776
143816
162281
140716
146839
141098
130268
200593
158405
155601
912073
117305
146027
177001
127418
174812
160485
176533
146318
156843
180999
164022
166403
157040
161427
160672
173496
212588
149140
157668
191938
157787
143100
164999
148078
140490
203694
184855
193879
149346
151663
130766
145278
170521
171941
258687
139885
295692
145652
174302
141057
145549
139701
170004
159772
149152
170071
128198
180338
123264
152342
126632
140857
159224
193960
118248
170792
137254
166712
164480
127140
176507
150041
173604
151378
178199
141360
156934
176961
162408
176183
145986
301352
149793
149973
163102
163902
142612
195011
141396
139491
167372
177298
170549
165072
148642
148784
172455
132520
204528
137191
147262
163717
189247
196611
134155
141675
157977
171377
121063
149410
137370
170143
127438
129382
148801
159800
171340
123893
129935
150508
180832
139499
166510
156719
154986
175973
150359
151725
139666
144836
174686
185692
130799
136476
148187
163474
165524
139784
143095
125537
122823
168381
149438
121732
173666
147731
161982
120299
185391
146347
142169
181715
143963
170434
140323
150594
143708
157067
139435
150907
125252
151178
151404
201002
137041
159520
133660
156327
179536
136275
228958
170252
170908
158382
165931
146011
150756
251418
148901
191573
152386
154732
138819
162266
132866
182590
162163
138533
163527
146741
188065
142696
138644
137956
164813
266598
131426
143057
140260
159335
143737
187779
145227
136441
139961
148816
136917
170453
157436
124998
104524
172332
175343
152603
155588
158780
118843
161122
159490
146615
137050
151607
145327
145861
146451
152334
180633
146922
145327
128748
178392
166004
141878
164100
175413
153164
160163
125773
112122
161901
147249
186604
147526
177560
128755
132539
160075
192670
190714
166057
158903
176556
145464
129876
127003
126697
144733
121089
148087
130973
115995
117337
150165
121220
132922
142182
129818
128719
126330
158986
129244
134730
180767
175766
141442
152496
123268
133324
151891
123712
146925
257332
138587
177052
117506
113395
139491
145964
138988
129735
141855
133192
124285
140229
158639
133682
134153
154037
120566
124670
151507
137932
118963
165908
151346
124539
128318
170303
147377
162114
165448
163205
124907
162429
203425
154600
130259
138047
151652
177972
179847
135927
136037
158633
131571
135978
128501
160082
194860
166038
175085
151164
177180
195327
139443
201232
166153
165130
154984
150489
165680
136035
145191
122837
170604
143478
218352
138694
156452
161942
183725
139418
164183
172747
132753
160120
136846
167811
140845
168361
174148
137348
164132
279726
164052
174948
132283
164266
155694
135112
154302
173808
174910
162238
153899
192789
182238
132534
157506
137309
157020
191848
161263
180295
135287
171415
261225
172409
153778
149343
157119
167899
169598
129017
171863
144193
191839
153089
164125
146136
190376
165402
238716
169456
132954
137917
213313
159570
146305
153295
139809
187359
119776
143143
145158
156257
146768
154391
152189
140438
160728
200030
154411
135229
163662
153107
138598
158538
143524
139857
141593
155897
148501
263324
169907
183382
133694
160334
122856
146020
124987
123806
147790
161259
132345
178603
123124
125748
134504
144857
175618
144298
165947
127101
147427
179841
153410
180412
154438
146967
146380
147468
132384
137848
126767
167962
169671
174204
162086
156128
180934
175150
217799
192291
184306
151766
165518
168493
146519
131915
133222
142977
185307
140309
142999
147345
182578
121662
141490
125939
151591
137827
121502
153426
147493
182940
152738
122485
148975
160426
148477
151753
163438
142724
139391
162137
212170
140268
143880
143213
122460
139530
122231
144454
117511
140632
140305
150837
132633
166175
144381
148546
164877
166727
143684
142229
130968
148727
132261
148835
125027
136937
148565
143733
157154
144312
143951
140600
138176
142079
165261
185187
180151
165376
165724
166352
167113
173398
151027
150315
147781
161464
148269
179384
171738
135792
133098
158053
153206
130735
133943
161504
171319
126065
164665
127577
154402
132911
152024
312787
163338
139888
199932
174183
142185
136717
197591
161605
135883
156281
157596
162233
152775
182341
165322
161094
165462
150836
171327
146825
132870
134938
137085
167854
176033
165764
145688
168822
136000
147252
146823
133434
149695
157575
128708
139839
120477
137296
121360
134237
123471
137288
140970
124823
130894
140726
124619
122423
171342
144575
153258
135781
154675
142357
174750
176709
114771
119344
132401
192269
148428
136610
123224
179683
120499
169218
131979
138017
126877
137187
172723
148581
177467
176513
214260
164040
127420
165267
170894
127913
158970
205167
196333
125760
144103
145656
274373
181479
166592
196492
178356
162350
128437
148681
165216
155523
141926
148977
137228
139998
149865
140644
160545
200850
132826
166165
142061
170044
149140
133881
179885
158322
146932
164705
139501
143252
188453
145575
167248
166494
124909
113639
127729
148980
161999
143402
170000
155291
142921
136770
151075
152431
137364
199736
163964
120977
147817
130826
189069
158840
174456
132608
151555
165020
269735
143868
164746
140686
121282
157914
149536
144028
146328
127237
174052
149982
125877
157255
153338
126242
169751
133178
165786
143075
142796
136101
146591
150216
133972
167927
139242
157536
158326
149736
131155
148435
145550
142116
155691
171866
144660
157043
173807
125149
136245
120731
135344
177603
125662
120070
141687
112686
165476
147669
122331
149902
215413
148513
120885
119219
131138
151242
153230
135690
202333
139374
127518
130952
160548
147815
164912
159843
149410
139027
192281
189367
150743
147803
150457
143208
165592
155406
128295
154618
172601
147448
145800
160620
193371
178512
198924
150271
166225
182294
154561
212940
140309
196881
126127
167730
144086
169508
141218
210034
173267
193766
170097
285278
178334
152480
160650
143185
170292
151611
205950
156326
190549
151925
138379
205474
141032
171337
213406
173726
149334
170050
144117
130165
150065
141237
171724
142782
143901
150402
126951
135340
177480
142933
165318
197825
169440
172418
175825
173522
130798
151657
215400
179028
175401
144539
156319
154670
147132
184645
134208
154168
132358
155608
143715
203225
162707
184221
142499
181305
151586
153343
184719
138128
155233
148503
202266
154356
187300
150969
151699
161139
218761
292684
175888
176922
151472
129732
164232
154496
167569
146468
143964
210498
155895
167449
134268
155992
148378
177933
157124
141125
154455
153931
190841
140082
177860
157029
170780
304342
153742
144619
167257
175756
139412
138910
139995
145066
131688
167512
173912
146788
165427
154126
144477
138434
184145
143475
165267
136047
135816
147348
148002
158442
149637
152030
142982
136360
141238
151851
168292
149468
157243
160313
156292
139037
140126
144138
146178
152766
146183
149615
157741
153360
172398
147731
151073
155633
144967
161516
170796
145384
132090
128834
142500
185912
191581
135753
147424
148759
145112
144549
143316
212706
153460
158023
156815
200981
186142
134365
128708
114205
152077
145071
156537
136046
141456
137149
170604
165098
162452
153238
131562
128114
146380
140560
156971
153594
140407
148420
174842
148926
138199
180509
135057
123579
157103
135146
181949
146004
177545
145915
175393
182965
145423
148613
127248
142288
169804
160189
174184
166147
132959
183299
150568
147892
194467
124973
164728
172430
180931
154289
147407
134278
157288
132325
161521
159052
153167
191947
197976
137066
183872
173390
153137
170666
184655
163336
202118
143162
183330
157886
145002
186438
140902
130313
148368
267216
157878
146006
207070
165361
186126
177890
130248
181982
136805
161730
172860
186096
146935
151455
146464
151214
173583
147613
297312
191516
145173
162051
144059
166959
151277
178980
167337
196042
174730
141809
187312
162701
142377
132827
151070
189234
201622
191234
160897
143963
199210
154263
190344
158260
144525
147408
151601
158034
174028
158209
142202
167948
167159
151457
172621
132504
147356
134285
159826
253716
132758
159893
140098
139976
153658
151955
125966
177529
152195
153806
146150
135830
135260
171464
158734
142590
145188
142646
127474
130865
145994
158466
169140
130254
157968
139114
149540
152749
140594
133005
175542
151704
146232
146998
156244
145294
161684
147573
142030
145770
2251696
166746
143571
145504
145119
145296
133658
147648
167751
165769
153750
147355
139692
148696
179748
153435
140956
189769
133525
178019
174841
168111
173170
169648
197470
142443
165559
149730
154011
146845
164415
162859
168602
153116
128013
156872
165417
138511
137751
146164
134003
161197
165649
146924
170665
173116
145316
137851
143679
145389
150172
136606
159904
164667
175816
133626
164983
136823
142176
150767
149598
154987
185000
153403
135171
146567
149849
156108
149344
138720
152759
167261
151062
160384
135339
165086
137083
155685
142911
180118
139923
152772
151535
156548
156257
183249
137023
121127
145121
141623
159774
191572
143654
170155
180451
182772
145180
193880
158033
142756
149643
138177
166555
167476
154680
156735
163726
174708
140751
165236
189552
141050
136546
152689
139367
140113
155224
141130
124039
163480
183469
135233
175944
143886
148746
197641
143808
133268
138683
128733
150211
132569
160837
166938
161364
163012
129372
175561
145376
138742
159662
137037
213460
151415
158594
140044
175356
153387
144287
142651
175685
135519
152633
134136
164929
138315
179581
149468
167578
166153
164123
156220
168914
181480
133680
206021
157683
138974
139019
150880
162325
283438
148010
181512
205110
175228
136158
164521
130051
128515
168982
170936
197483
278980
147318
170875
170144
168118
189927
135576
141448
142299
147505
158890
188408
192418
138801
162785
182442
148936
177293
176754
212571
143662
132753
174629
140190
158260
136679
274888
208546
169291
152077
152368
160093
234628
167946
134893
125540
137718
141464
172726
160161
127332
157873
140900
143628
139370
155447
183269
152126
171888
136432
162563
166729
125475
142786
129126
137387
131044
146786
129314
131746
133826
137154
146605
126315
135196
132002
129306
125321
136719
130968
126352
129631
131994
130657
131012
133610
141835
144282
130586
148363
136741
154221
132560
151124
117020
128679
164049
143135
132290
164636
145821
151894
136306
132811
136892
136861
147349
132019
149012
134098
137851
136711
134330
148848
147828
145444
186135
165169
129429
126093
176029
194173
177472
193254
162879
163627
177174
178236
173809
152868
149492
183114
155325
140386
125165
170305
145993
143839
146240
129615
153366
134251
137644
131452
142785
195951
152247
141184
170374
166430
176945
148777
148306
165210
166121
176456
155184
141228
155773
154452
158970
130865
151972
136728
135643
143010
163417
136982
162775
157464
136469
177691
198021
139626
162539
156280
148762
147016
145562
144045
147018
159375
142222
156991
138248
141599
185008
151501
162682
157373
174121
138474
156398
164196
137432
136425
154388
152403
134998
163253
137517
153880
151077
166260
139266
135746
153497
164824
165341
163313
163170
179379
165036
169199
148552
135066
152415
140188
206848
124250
154140
167039
199777
170447
173315
164616
142972
172732
154843
154112
148442
192912
176965
132739
181984
141191
139752
160960
155030
152633
149811
214737
129127
172951
151353
151795
166793
136493
169581
167310
148418
135675
137121
144071
141920
139011
139461
137210
172115
181006
118376
175348
153550
173488
158794
183717
183817
153739
166422
132379
151545
143220
160899
161268
190357
144346
193443
139196
202324
166209
154782
178387
179525
189829
141412
157427
141899
133917
159768
128280
137857
142473
130615
166618
150366
157981
160370
154673
284137
182055
182182
188868
183361
153449
157149
177613
142743
158937
168459
140711
136054
161149
162278
153647
464386
149144
163389
167525
162192
145892
136860
171745
135464
160741
203491
127657
151808
137500
202758
165723
189803
136683
141608
160024
162492
157278
151453
148469
195944
177477
132870
201466
147187
134626
185599
138298
149796
152949
139326
138922
143324
165529
143411
132074
158978
180152
139595
123071
144211
146376
133037
152670
126915
151950
168451
163976
156136
163535
172952
153253
202322
157351
147557
151246
137038
168242
146873
160527
135574
172637
133179
130406
132452
152671
155507
183957
145831
147543
129580
143586
146483
143334
140238
161359
143693
176864
156025
156695
119938
152070
165746
144820
169670
127497
137086
145376
145993
145114
145871
173116
141068
146543
153060
134812
153842
270830
197947
152982
154136
159424
160182
154305
162946
165921
157667
169347
257703
140052
136786
185808
174045
188557
159374
150796
169977
135470
186335
215231
130879
145039
170933
131883
178676
169909
155526
160087
165509
150968
190083
173591
166977
163953
169931
170668
154831
189929
189420
196635
159254
171459
145643
196536
186780
295609
126566
130898
163705
166834
129152
216353
169227
138067
181692
275397
148941
140252
145389
133711
162561
242920
165882
152809
156124
168261
167399
134387
126365
136396
136853
165204
169782
169302
154186
156469
213356
174559
197885
140851
149411
176461
148827
165642
169726
175320
235789
180156
200577
156876
153413
146132
152458
132885
145214
129449
149348
169995
145967
153111
189451
142114
145764
153932
181682
131233
146594
175715
129039
164467
150091
174802
172586
147875
120057
142006
147759
132758
146264
138578
154557
175734
146908
126995
133577
158297
186979
144762
157821
164809
156350
159418
161943
177480
128813
169170
160599
153805
155481
145264
148425
187870
162704
161109
159854
161280
156254
179084
177306
166136
167312
159599
203770
169390
151406
154817
180181
158825
295855
168051
135189
186990
149280
137923
154271
155542
141806
150451
159111
182494
153576
147009
140366
203825
155226
146561
149140
137085
148639
152230
159009
149345
143259
153193
145779
151799
139137
170874
154990
151029
191938
166644
163709
149810
122456
136234
129074
139995
159658
141093
142230
162736
133933
155674
149650
135697
171605
156186
154059
179093
147320
169252
147607
127609
144465
154611
172899
186744
175109
134736
150014
133148
157169
146890
196316
149338
170149
130135
163128
173874
147763
176551
140777
266787
136857
135112
186612
128042
134805
163084
163405
141820
163784
146565
153163
138073
144045
206855
157309
137043
133968
158190
158316
160319
137945
251042
130115
140755
127551
136273
157358
170891
169405
138127
148494
182003
146470
129163
139744
143113
240601
161726
156053
159943
171084
156402
178410
163075
126488
136150
164925
151648
158683
161078
140227
146811
152772
177652
154412
190896
149731
159717
201908
162065
168391
159730
156729
124499
180446
145351
138252
142746
160326
156235
160706
145581
132550
139678
164551
135388
149145
140714
273464
168191
156953
147294
139831
187423
143381
140440
198140
157582
158470
177349
138750
186204
203421
145375
165856
159270
135099
175207
149488
139629
195352
131324
137607
120841
135800
140556
164817
277826
133590
168352
160150
138440
191986
151671
152936
164305
319129
181514
168823
191284
153279
129799
153752
174388
154694
169343
172284
167774
126494
136110
126278
156381
177347
168417
147497
149697
172676
147302
158515
184073
157518
145306
124642
174169
191129
151071
141798
164969
146641
142180
182816
140952
196908
138897
143689
128804
130850
157285
141598
151050
156237
157585
136661
148749
117146
196965
137731
186745
139750
147724
140067
149182
150418
182097
141305
148547
153897
144342
178920
157700
164553
167448
194754
174522
141158
178640
154665
125621
161569
156314
226156
209996
131219
195226
137528
342715
164031
152740
170838
172840
158272
192923
141952
162870
175876
129153
153213
163876
138053
203638
143102
137003
142690
165855
126506
142499
138668
241331
176808
187796
150147
172210
206265
146553
153518
211198
191252
157628
163589
154946
139220
168281
136193
161354
190204
173266
185512
174039
148735
177502
175696
176412
142507
177728
134338
153875
140917
200291
152602
175460
134714
163709
185721
158737
189891
183870
151588
176652
178226
201618
182199
150110
173771
125546
160943
121630
130551
134038
176103
132247
138089
129142
134534
130436
144646
137163
132512
139662
128747
145266
130659
133641
263365
139386
127778
135483
157840
166707
131226
139684
179554
146833
157980
127038
137880
178477
198484
160555
131534
155648
146287
150577
135026
170574
268326
131103
200081
204699
143493
160780
265722
175861
134135
137161
152506
191967
128183
127292
151743
154576
170034
160418
198856
157685
149954
161870
176888
398719
146780
198315
169939
265441
220646
182407
114080
174504
144126
185794
166707
168892
143832
148343
182345
182133
143908
169047
198060
173970
159413
169464
169264
176964
148809
221676
147450
182620
167445
190945
153852
176084
155333
176710
159169
136471
197010
159352
208542
190344
169709
163988
172076
176400
164082
208199
172015
188713
161660
150582
199745
207861
197144
170471
198453
190020
201246
136320
138182
123735
202498
199478
201658
191781
174764
218125
225040
206946
192808
145132
167832
203184
196227
158012
170401
160542
158874
197421
181569
165735
194582
197453
197201
152686
212834
196939
131639
149173
193764
141355
161461
156754
134029
200995
166471
157763
149840
209786
165634
171753
177896
136155
193469
140852
156543
143513
142921
176836
157685
163985
155983
163218
162189
148812
160250
181823
199448
180745
142438
163673
157431
171552
161479
255575
162616
185892
158640
119054
198003
191192
175961
592947
163627
140317
155205
177528
162304
151350
140525
148978
177308
210935
178798
180805
147853
178826
186517
139489
156956
155145
228059
183765
220563
151904
175813
290497
153412
214202
222654
221337
225191
165944
245697
205828
137743
188324
142801
206207
191711
158027
165597
201179
194380
167166
164226
151548
197318
222552
183632
186193
147693
180175
160911
163034
168167
183345
148137
128842
167025
167422
169277
144122
152379
140068
155671
146171
137697
165857
183491
152162
179290
210883
159844
157007
197045
155694
145320
156803
156461
157759
177276
192282
122073
143297
154973
156643
204352
196590
192330
173032
167500
129231
155510
162832
133644
191651
163314
170520
164977
190883
133065
154204
220511
157749
173826
148916
147928
202315
156695
150179
172673
191486
156400
201927
147619
177236
149484
183366
190915
156421
143397
206773
155704
152172
176843
162159
188385
130190
140244
179234
167175
173736
147286
173818
172309
147388
158629
164894
235003
178848
153350
196635
153847
193985
152378
164606
129392
176686
177760
127726
163076
176293
158190
152085
132878
147589
175111
163818
190475
182318
168142
157543
170580
155422
148136
190892
182970
182543
147865
169700
178693
172360
186084
149410
140854
172850
158304
278571
167114
173975
136595
197473
173786
140683
180982
163961
160257
138755
179740
214716
170557
167724
174990
182486
155990
159040
163367
151337
138347
183553
163801
158268
185318
168607
155597
152379
131897
169735
190944
176502
195003
143987
189174
184840
151601
144954
154368
206660
147013
141027
153454
163686
213187
141428
173035
152905
191284
130288
149341
166883
161711
190452
311375
154656
133176
191362
166722
189233
229431
177971
192367
189701
139157
160613
167533
175803
156074
170936
149920
180252
179547
148252
259921
128214
141034
152779
145878
183588
154486
167102
228982
223962
189259
162348
149772
156483
172612
212747
188185
216597
182402
155369
217517
143074
168268
157586
160331
183625
173469
150847
156645
188715
166668
156539
177044
178884
190522
224072
150797
176128
154095
199586
151593
167968
191237
137890
162890
137202
174026
163302
174131
135511
178624
181173
175012
158479
187156
154995
140092
141690
284974
191564
140639
176716
132103
180374
132137
169333
180675
149720
154634
155667
172962
183451
185801
160379
227745
135250
182984
157793
173225
168968
161354
168696
172146
194651
177884
179627
141381
160584
206177
166095
152322
302713
138781
203496
159773
176808
174997
724657
179292
198377
215660
327775
161775
192540
135401
194827
160237
155797
183469
154827
148807
162519
192574
169349
268597
172315
160404
168623
209347
185417
203765
164972
126147
141899
183089
145426
163156
149075
142949
239890
182435
154629
142192
125813
155850
190856
180938
143910
168145
181360
195079
140228
147968
155399
118318
140900
159215
151870
202512
150267
165711
140689
270173
161475
156536
163572
193934
179910
151830
132016
161927
191559
161873
131591
155100
178903
173401
163983
151568
182997
156757
143694
178522
137154
152757
244171
143505
152699
171486
143638
165473
134237
137158
155035
181194
163348
142364
157872
147648
197181
148925
168980
152151
204867
175990
166876
155309
187891
184862
152159
165616
159911
168122
188683
172450
1381377
143513
167074
156340
162773
136765
179671
164637
140278
172065
172466
145024
165364
161975
138151
166909
152356
163007
145849
149105
160806
155427
195338
175725
165251
140408
138856
147133
155245
158686
166764
149137
169101
168589
144856
269144
150212
142290
157433
182117
157360
198033
156603
131331
171771
150851
157581
158576
147904
163006
160653
173544
149999
162393
159898
172478
157899
160420
184319
121403
169809
118200
209935
133761
208244
142397
153748
162191
149227
161823
140213
130835
134212
192225
158882
167555
164920
140102
184191
227095
134990
128511
146951
168105
179548
135122
183210
163893
166189
143208
157007
152138
164283
185141
171315
161938
162613
143719
146745
146160
155381
135259
172536
222005
141070
158982
125615
171370
133724
154814
150441
123500
185973
137003
136489
153244
151750
176681
171581
132601
176877
186693
149369
147603
149682
175476
168457
133559
143658
157941
199685
232571
166894
152378
175067
193733
125843
177161
158483
165002
166559
147196
150803
142775
161210
185175
142669
141517
160501
173632
166747
178865
171883
172046
163768
186605
154145
145607
132890
161690
155593
143899
152286
144656
174415
163056
165771
140922
154737
142837
123436
183021
155759
166455
126571
135843
155251
158364
134920
156745
170870
176983
155225
171052
175435
145393
150953
163714
154200
153359
161583
150447
159943
168034
177494
170956
149089
305508
199383
158462
185242
141977
124384
163007
174015
168880
154531
164292
131287
136639
163321
193795
144846
184281
145246
145647
179410
191717
232647
148009
170844
137421
164577
186219
129803
201735
179186
157647
175096
198957
154048
143751
190429
161203
145704
166412
174525
190791
165154
135829
157030
173270
179012
145208
128710
183456
148942
155710
155418
139866
146936
143370
173348
174978
158255
169208
136580
155621
176935
155369
167849
149002
160484
179737
156250
166725
165141
162713
163898
186389
165415
146045
164136
155902
192035
156838
144870
155766
204790
139925
165353
139042
152892
165115
161548
206728
182237
165263
140877
161075
303289
161689
153203
272055
154787
156505
137556
153157
140318
144837
140156
174236
169820
158719
164530
184746
169673
181566
147128
143056
146237
156262
156693
137551
148092
147289
163898
140771
195988
181802
207345
182545
155584
136866
147824
175528
258164
119272
139641
161042
176747
171927
187802
155555
181684
137742
146837
127242
179689
123514
177074
180044
156469
173632
160273
144943
133776
184193
140661
149166
159570
174734
143433
146701
175064
153237
139829
180611
137638
155514
187084
211630
140035
150756
162808
180056
194830
131958
142598
184806
154561
174329
140962
171235
236001
133869
189934
163190
180837
162820
133017
174940
134798
150910
277281
173973
160115
147716
161963
143827
135458
142817
132032
155603
179986
182264
149185
145103
149413
155756
173869
157945
177906
138750
171335
183162
151515
190638
122596
159440
162327
144249
166521
138580
151881
174101
155008
168071
159060
173773
188426
131717
181946
141735
130885
154588
162730
138230
121947
143940
167012
133532
158923
255060
163799
192313
145884
167097
133782
176986
157273
156916
139376
174677
161829
188782
184580
203310
136459
146773
138613
157072
163710
155017
156230
132306
540318
160464
136543
180362
146933
159329
172103
176891
142257
152190
145878
170465
146094
132472
145430
139385
184239
155528
165076
191905
190441
165956
164167
162879
208251
136191
148418
142787
155835
174502
148632
151618
241353
137195
157455
139935
156494
149369
141304
160762
139220
180649
170686
185643
156383
192727
198754
137413
156814
146920
184957
148936
185715
173138
193926
151278
147740
173907
141978
197522
137306
141524
178310
134860
165019
172111
142254
389734
196315
170554
195534
200227
149364
192376
197845
156764
177184
148893
132897
206738
155868
156948
136832
135730
150444
210315
164615
151384
143582
153096
142893
175080
148111
154597
153544
151285
193109
179075
134426
141231
153217
176228
141153
149853
150362
145535
140790
155794
148886
150412
142825
157202
163807
156139
162892
156903
164018
157814
162137
191893
151467
158336
149499
143978
167292
196068
181896
158315
164072
134277
142971
160500
192076
133052
142867
149724
172315
207743
164375
177099
172075
271840
129774
142362
174816
152940
126757
137016
183921
149708
118820
153075
176751
145521
154106
180962
188814
151773
140931
173610
150329
171896
135639
154696
156815
186202
161671
160485
171182
268318
161251
128307
289528
160390
179206
198862
167733
143870
172472
268391
129892
167258
161489
127081
174012
156135
122917
