4255404
79448607
39347551
119209606
79024967
38963388
118874112
78768015
38704385
118433410
78338925
38267252
117996230
77854405
37821861
117651982
77470148
37385036
117167369
77011195
36932319
116750063
76578457
36525078
116241926
76114291
36003038
115818360
75695749
35655377
115380999
75237607
35137520
114900262
74746785
34624400
114417559
74243831
34139875
113927696
73781885
33671424
113474532
73386822
33287517
113072746
72933678
32820562
112569481
72433724
32293987
112065611
71928416
31854644
111681299
71579632
31508511
111336020
71219913
31129179
110877151
70733795
30621002
110419665
70287001
30195860
110027245
69904394
29840079
109536841
69406836
29353067
109116385
68975944
28918388
108768895
68622662
28536209
108361583
68283206
28184205
108063972
67989794
27836867
107618852
67474366
27358480
107471771
67334105
27289362
106785950
66619070
26501577
106207082
66107117
26009328
105889025
65725473
25629091
105409788
65308987
25195001
105025698
64900287
24845727
104580318
64493883
24354267
104169754
64067544
23919383
103691197
63557471
23473985
103338930
63232322
23086060
102812649
62670773
22567272
102383015
62308678
22202873
102018669
61901262
21831179
101677756
61555834
21397818
101260752
61140029
21028343
100756605
60682201
20534623
100352906
60227893
20114465
100081111
59914987
19831554
99534608
59438423
19359700
99099723
58959353
18890132
98724143
58586852
18494006
98355755
58264743
18191393
98052208
57918710
17844162
97601080
57465771
17410623
97214401
57083647
16991039
96804785
56677062
16548319
96406692
56288555
16251137
96026992
55853176
15765627
95639804
55499759
15454568
95205318
55082042
15020670
94882741
54779388
14715952
94574082
54413475
14326557
94182183
54062917
13959242
93750457
53577083
13463429
93233271
53067113
12966755
92759785
52607170
12529248
92352996
52226756
12099377
91819909
51651516
11592966
91292836
51124278
10995416
90902097
50733467
10642591
90371363
50254642
10143642
89981338
49836261
9781233
89540397
49381877
9316758
89138307
48993356
8901482
88807350
48661997
8490876
88190433
48062341
7988278
87769203
47632154
7565331
87388376
47282541
7183700
86909364
46781264
6693328
86561869
46403396
6316211
86098303
45983534
5914009
85811873
45694261
5612707
85369797
45266358
5173396
84999595
44853012
4745745
84550032
44410569
4367071
84101468
43975692
3897259
83625621
43481001
3382207
83194405
43086565
3003221
83631415
43493375
3408751
82443826
142145996
102087403
147268109
107119877
67037511
81450362
41282076
1229573
81076286
40931784
866132
80706721
40566013
513628
80306536
40190225
119980858
79835468
39748937
119564783
79439939
39387203
119117601
78971453
38878907
118794966
78635278
38507191
118255471
78107347
38009457
117865910
77725480
37617944
117349401
77193059
37102291
116936623
76820703
36754833
116552989
76383741
36314545
116149920
76014069
35943171
115756020
75631299
35558532
115370608
75243055
35150317
114933791
74771378
34666035
114413601
74325568
34247082
114075059
73932925
33830344
113729488
73572799
33473860
113144205
73030411
32940575
112726959
72599319
32517386
112369397
72268406
32117238
111905601
71768894
31668156
111671480
71503112
31410090
110965949
70825435
30740420
110592017
70481357
30442089
110237543
70128771
30035526
109817394
69703548
29620799
109359593
69244088
29098599
108916288
68777792
28702377
108517209
68365532
28303858
108097481
67950215
27869906
107642622
67508061
27431277
107204877
67054854
26964062
106789774
66665721
26593755
106390498
66279109
26144640
105944806
65816147
25734238
105521560
65339027
25270782
105070088
64876081
24808231
104653096
64530705
24480579
104329939
64210133
24121107
103827098
63699105
23591986
103431336
63301700
23246979
103023519
62878644
22788900
102664385
62522217
22445323
102215263
62111496
22037546
101855267
61712530
21616280
101294075
61179346
21100660
100941804
60826320
20712505
100538154
60371834
20314741
100097508
59962709
19869618
99653706
59538526
19470890
99347955
59266211
19164703
98915874
58783300
18701889
98534868
58382973
18318120
98198861
58068550
17949235
97806366
57662346
17578472
97377057
57264711
17147918
96892210
56732345
16653053
96480030
56360180
16296432
96084310
55937476
15840833
95607897
55459418
15399400
95238155
55098103
14983730
94791635
54653909
14573864
94322236
54230505
14161101
93985091
53838535
13717708
93457844
53308072
13206519
93046929
52893338
12807370
92638032
52480155
12416355
92215950
52098135
11976822
91814626
51628486
11530120
91337124
51205768
11162245
90978388
50824689
10765378
90615289
50399645
10334369
90168766
50007508
9924737
89692261
49532382
9418772
89205216
49068986
8964628
88769528
48632588
8541110
88319003
48178630
8092121
87901465
47761587
7645556
87501343
47297011
7220197
86986668
46863711
6752597
86498185
46331018
6243917
86052435
45927888
5851093
85599106
45451786
5392701
85217479
45091925
5021019
84721045
44563720
4462290
84324874
44152965
4057901
83843567
43715498
3615106
83459036
43366774
3237891
82995181
42866650
2706939
82506909
42389052
2347126
82084291
41982140
1911958
81739633
41569439
1484840
81277408
41142090
1057252
80930377
40776806
709928
80462779
40330460
120276992
80189125
40131309
119886231
79736266
39652881
119466320
79320873
39245210
119182033
79039658
38954750
118615182
78470271
38386096
118237212
78076785
37994378
117795442
77635438
37542562
117346897
77199161
37098265
116912401
76782756
36688845
116413507
76305799
36261895
116020269
75881002
35805545
115574373
75466072
35399613
115246041
75131655
35019971
114848676
74694499
34570386
114412327
74278667
34151958
113865858
73771415
33695102
113562080
73405688
33294676
113084801
72942735
32850700
112619793
72516803
32416385
112165975
72028847
31936336
111742191
71617370
31550103
111460610
71354323
31286031
111021536
70881840
30788788
110596806
70496327
30427887
110172346
70045965
29951921
109792504
69655683
29558737
109326164
69251744
29106487
108955522
68832677
28754689
108522262
68386704
28312867
108133856
67983342
27901816
107698626
67544619
27471002
107295967
67158191
27047099
106832264
66680187
26595075
106592374
66493279
26417746
105993589
65847018
25762281
105493552
65344720
25254061
105019172
64844723
24742151
104530647
64391289
24291973
104150628
64030661
23967424
103727573
63581756
23530280
104248099
64114978
24017987
102886985
62769705
22688110
102542825
62330039
22240681
102081582
61923547
21837014
101656951
61537414
21415732
101248611
61114505
21004000
100795124
60666037
20557060
100388419
60247096
20131901
99976819
59829242
19740834
99407518
59277080
19226322
99108148
58946705
18847311
98595951
58453914
18389380
98061070
57926211
17859997
97710202
57586825
17519542
97309378
57213860
17150025
97060174
56953785
16846290
96606615
56493110
16382665
96194306
56102453
15987014
95809042
55675298
17043523
95418612
55330587
15269285
95053348
54928951
14844536
94663815
54501219
14369974
94266429
54114769
14004234
93814704
53673359
13588048
93396634
53252687
13157559
92916717
52800293
12697033
92485430
52368018
12331300
92071784
51889003
11817683
91644358
51490617
11418106
91227044
51054539
10994561
90787435
50674207
10634963
90538062
50437243
10341499
90233563
50108156
10003809
89756262
49578571
9449928
89291067
49125976
9002218
88808828
48618104
8588539
88327821
48189398
8089126
87891813
47752926
7656743
87433647
47277641
7230790
86889576
46722408
6610072
86478479
46315629
6246338
85994203
45859981
5749862
85528263
45359788
5301057
85088008
44889544
4795445
84686270
44547382
4485677
84190758
44051349
3984336
83763031
43623157
3534552
83349329
43237807
3141366
82950949
42807602
2698224
82409738
42304707
2231449
82046071
41886269
1781760
81568755
41373898
1277050
81058104
40931005
846886
80687249
40525217
120323202
80211799
40094308
119927254
79781637
39717783
119534811
79386620
39249554
118916103
78795267
38691850
118627915
78493632
38378319
118362814
78212171
38100871
117635516
77467552
37425673
117229231
77104783
37017524
116813952
76711684
36654418
116408118
76304337
36244090
116067790
75941424
35856634
115571360
75430358
35323879
115130461
74991501
34906021
114719779
74582233
34456715
114311893
74175662
34051918
113840922
73732625
33640319
113358843
73267434
33178702
112948891
72832416
32762892
112522359
72378685
32310270
112122843
71988970
31897667
111673404
71552854
31480109
111307557
71184710
31106164
110943019
70819024
30726888
110444937
70317359
30290998
110136636
69997587
29908825
109727865
69647905
29574359
109274820
69167535
29089740
108984776
68848478
28786916
108531619
68398062
28355953
108145596
67995968
27900440
107705370
67592015
27516550
107269677
67178049
27113697
106871584
66756936
26671547
106492005
66338465
26278609
106133735
65999662
25914142
105718192
65552726
25459218
105245335
65107489
24888357
104665542
64578587
24491092
104213586
64085700
23970545
103754938
63622835
23533808
103297823
63188123
23113802
102871376
62697327
22612177
102417333
62330007
22278589
102074826
61932577
21842201
101665260
61512984
21466647
101210061
61108872
21011335
100839048
60687774
20589380
100338712
60232537
20111687
99971158
59799883
19696237
99434684
59324695
19227347
98990761
58884170
18823012
98714581
58568006
18462190
98240570
