10914722
942243
49695165
9533551
89383558
49290628
9195957
89100154
48997755
8909036
88652155
48510912
8458568
88286598
48178344
8104378
87722458
47571755
7519149
87327226
47214850
7137155
86961964
46856750
6776632
86654320
46579199
6460752
86175679
46051749
5976013
85739654
45632252
5564186
85374170
45250626
5164177
85044489
44933535
4804481
84597345
44504495
4456146
84193479
44070908
3986701
83787315
43666358
3611342
83315879
43189265
3104360
82945852
42807746
2702333
82524928
42416618
2313821
82100151
41962852
1878322
81551393
41438121
1361195
81050087
40955427
856075
80633835
40478800
120582189
80450631
40395148
119983644
79836776
39760112
119669258
79579204
39536075
119318491
79156059
39098433
118865709
78742688
38712178
118439563
78343272
38276726
118113538
77906736
37882219
117632680
77481803
37433686
117189257
77082781
37059266
116875757
76728134
36690159
116482460
76381723
36339198
116096305
75975648
35939336
115670846
75584429
35545155
115423540
75312918
35286605
115007539
74898095
34830762
114700878
74604085
34514494
114203761
74067878
34028217
113834072
73682228
33625869
113455058
73312238
33184217
112931974
72834612
32744588
112516415
72428911
32339965
112277959
72165728
32088758
111803307
71614271
31569872
111232925
71080464
31055083
110799619
70650777
30625569
110469485
70335669
30265169
109993473
69821445
29688390
109421808
69324253
29226243
109002909
68913563
28776707
108496164
68371926
28276323
108064853
67911645
27825451
107684874
67565000
27481723
107246483
67087064
26988230
106764586
66634899
26566644
106384901
66218623
26098624
105833071
65692017
25612272
105353606
65167754
25105357
104840504
64667032
24606599
104475037
64296738
24191978
103935453
63790258
23706168
103481088
63349506
23248578
103010037
62855745
22743824
102493444
62377576
22296548
101991104
61855537
21771940
101563297
61361319
21226817
101070272
60928066
20822709
100513430
60378622
20314709
100043658
59929429
19822313
99520792
59445297
19333125
99158526
59079548
18978179
98716667
58582887
18530073
98276102
58158506
18048418
97817435
57745691
17618135
97385678
57253930
17174551
96977450
56911065
16821690
96626105
56521551
16464414
96150143
56031011
15972076
95762096
55619148
15634654
95331463
55234473
15155711
94973438
54818065
14717068
94535117
54393970
14301798
94044376
53885535
13772608
93564288
53459152
13364692
93195687
53055755
12957658
92729473
52617959
12558778
92373151
52221230
12165040
91993613
51900933
11796468
91561962
51432139
11372989
91197651
51087882
10975703
90744329
50639997
10573522
90366886
50235944
10180865
90018810
49888320
9783566
89509261
49393520
9311461
89153097
49001405
8931362
88766283
48642396
8556376
88392876
48286160
8147277
87893198
47769327
7714325
87554977
47464619
7339670
87116797
47010660
6954396
86747350
46616456
6563971
86422611
46323727
6256589
86117173
46020967
5968149
85724174
45606854
5556697
85319181
45178348
5098931
84903122
44787325
4667064
84455832
44361594
4268078
84120427
44048516
3963427
83765598
43616301
3468754
83211294
43075275
3024684
82834255
42702126
2613845
82358744
42240684
2146796
81879576
41704969
1571907
81419859
41319274
1197431
80932139
40803175
731724
80585362
40385495
120247211
80115895
40025542
119796961
79649158
39563249
119393780
79230830
39124445
118859946
78740332
38604698
118418919
78276583
38159420
117949641
77806115
37724845
117484920
77359929
37296259
117004905
76883885
36792368
116634610
76518943
36459837
116266491
76144593
36086268
115806249
75676150
35626117
115502726
75359573
35271438
115041961
74949522
34886557
114654079
74553311
34465253
114186101
74033187
33935436
113710467
73596360
33514909
113296862
73159514
33025186
112892896
72786865
32687098
112459890
72285861
32245970
111977743
71851575
31753568
111580757
71401495
31308320
111040891
70875538
30804157
110621192
70493599
30403807
110117615
69951898
29875285
109687444
69554751
29465862
109279611
69168244
29047227
108836276
68681580
28606605
108364716
68223364
28145892
107967462
67827226
27742083
107509390
67400210
27336704
107166336
66997643
26863515
106635049
66431819
26356960
106124548
65969233
25842016
105586084
65441604
25390157
105235777
65060111
25013695
104792771
64637125
24543272
104379393
64247022
24126100
103899526
63739677
23662396
103437091
63288553
23146817
102913365
62743157
22644088
102457889
62331855
22236727
101990091
61842169
21736269
101506464
61364957
21221757
101017783
60869417
20606867
100381740
60279999
20192099
100051010
59906534
19795137
99495341
59393867
19303971
99121920
59025130
18877027
98622297
58498816
18392675
98177036
58025398
17933223
97701462
57529252
17461988
97228115
57071210
16988632
96704096
56581814
16501656
96290110
56183458
16120507
95977590
55827349
15729796
95513871
55401301
15317221
95039868
54896236
14841115
94691986
54505280
14349704
94212687
54084067
13982613
93667524
53542941
13414746
93234564
53088772
12984295
92745423
52546900
12484412
92401901
52296736
12180559
91920599
51822256
11696797
91472549
51288150
11210784
91030373
50894233
10817457
90526551
50432332
10363135
90184336
50053646
9984116
89761607
49617257
9540489
89329279
49185708
9087260
88911680
48765756
8668393
88464263
48342806
8255843
88085910
47955670
7880266
87647657
47513446
7436532
87189015
47049274
6987416
86756839
46651988
6552911
86396310
46242671
6170946
85891296
45746207
5641210
85393446
45291530
5177968
85032851
44930772
4771866
84521592
44415425
4338029
84154409
44057742
3987564
83728137
43614521
3559485
83271916
43149978
3013583
82790587
42665917
2569635
82332284
42202147
2116122
81955234
41840498
1813651
81624541
41531470
1477062
81096629
40946922
828675
80680352
40494675
120352595
80243123
40126393
120015331
79862656
39760337
119490132
79337855
39222556
118924567
78753632
38648224
118452577
78318027
38228457
118031290
77908663
37843887
117714365
77566831
37512176
117291351
77169188
37074578
116820963
76728021
36635342
116460438
76349967
36261605
116020393
75902596
35861732
115762271
75646638
35560829
115346939
75186920
35091795
114900583
74803098
34746956
114510072
74383656
34304797
114133994
73988776
33940657
113720467
73546925
33472836
113253716
73101335
33009040
112830255
72686949
32573590
112438356
72304445
32220516
111934043
71769731
31709479
111532090
71387611
31300351
111057375
70903668
30786741
110490085
70384351
30356761
110095459
69924999
29837977
109609238
69480514
29396387
109273801
69108269
29009732
108761682
68659064
28513671
108281494
68139682
28066319
107865908
67717895
27642558
107468846
67367697
27288910
107079569
66901532
26874519
106632194
66503274
26382284
106148950
65984521
25916961
105643869
65529556
25442517
105233251
65076672
25006541
104714399
64567944
24520699
104497995
64380520
24349705
103870406
63718488
23579798
103386225
63272838
23186355
103005677
62850049
22733306
102488013
62356945
22276244
101953267
61802805
21702490
101422597
61305908
21248720
101169749
61024123
20925409
100600584
60476705
20392267
100211736
60075715
20014748
99794488
59646414
19564474
99333319
59201012
19102141
98912801
58756905
18666663
98530554
58426719
18344920
98070045
57968418
17847131
97651807
57538587
17492465
97172166
57030805
16973715
96921462
56801666
16721629
96412465
56315311
16228170
96069311
55922697
15833087
95644000
55531109
15459196
95295065
55172962
15065015
94850914
54715265
14628417
94448990
54340475
14281856
94101239
53956352
13860843
93469145
53330516
13264135
93156858
53034571
12948393
92674559
52523985
12458285
92346808
52187297
12083454
91806369
51665327
11571810
91377740
51268779
11147398
90890342
50781899
10735874
90565193
50460380
10417967
90185760
50034964
9928283
89683048
49561399
9503844
89265171
49122136
9046417
88877431
48729029
8618390
88387142
48293461
8168972
88058351
47898378
7782464
87555747
47441276
7310906
87091813
46964701
6935074
86642380
46513473
6471118
86273134
46160555
6075627
85839728
45741401
5646998
85480239
45328359
5225171
85059741
44929934
4851117
84700740
44546314
4483027
84226992
44098483
4014386
83880632
43729681
3635747
83365412
43207376
3110335
82914987
42749580
2653191
85139065
45062486
4995155
82147341
41980657
1940938
81624467
41487472
1218717
80996026
40880740
763544
80533478
40420720
120321385
80165865
40097417
119875736
79675498
39610464
119397723
79224523
39195764
118860373
78735876
38649771
118379245
78261202
38183376
118068543
77906897
37842167
117509310
77391894
37325452
117007562
76878362
36848012
116680101
76528157
36512530
116205832
76051835
35958402
115772427
75635814
35572763
115450596
75353131
35251841
114994993
74854992
34754594
114536650
74431223
34379560
114086917
73965505
33878701
113696876
73556718
33487522
113288989
73134447
33056936
112902270
72795382
32726407
112437030
72333489
32265791
112092595
71912833
31862059
111707721
71544943
31495214
111313478
71182341
31084404
110917303
70789942
30693426
110472529
70362479
30265570
110020893
69839267
29770069
109491672
69347952
29265482
109122835
68960249
28832980
108590463
68481273
28404934
108247472
68124420
28045530
107893567
67756452
27657150
107350012
67236840
27148207
106925943
66773267
26690724
106475733
66356783
26239957
108878754
