3990894
130400499
126089774
121888239
117698666
113458496
109226474
105103736
100834117
96604542
92329717
88058292
83831266
79590812
75311172
71086513
66847970
62561660
58331120
54087255
49817045
45568468
41343508
37113853
32878402
28544962
24251599
20055044
15863763
11595001
7360730
3129349
237522878
233337271
229151141
224958074
220723227
216529646
212320716
208096516
203918048
199747994
195531374
191386590
187281393
183109377
178976087
174835805
170661621
166528535
162379741
158174443
153935524
149688809
145447477
141226792
136989991
132734338
128501867
124351127
120122831
115936632
111726299
107501054
103278377
99084009
94861311
90656716
86457810
82201959
77999468
73781098
69544722
65330913
61143484
56926983
52769334
48516990
44303395
40085917
35859920
31630396
27365715
23083101
18844761
14610157
10329328
6084064
10703430
6477858
2249221
238343269
234116574
229926737
225691633
221467989
217280580
213082096
208854971
204674421
200476453
196246275
192037712
187824157
183569233
179383933
175164355
170931698
166658269
162360587
158134529
153918495
149708777
145473928
141264581
137047355
132815449
128600556
124414165
120176818
115990524
111775316
107541598
103325911
99111206
94829933
90570793
86332434
82041603
77858800
73622141
69353883
65091896
60857959
56615952
52391168
48107504
43823950
39633112
35348647
31108604
26872888
22696008
18452140
14145090
9903323
5685474
9994456
5802167
1558974
239022664
234816173
230633994
226462114
222220316
218010136
213796975
209574304
205361674
201106439
196880363
192671036
188418920
184171754
179985670
175745760
171491021
167278690
163039910
158788077
154568896
150323056
146059756
141818933
137574438
133301404
129045228
124821801
120609234
116364712
112131613
107843782
103605986
99377592
95119397
90873290
86603441
82382346
78104795
73797572
69556990
65286882
61055943
56797254
52557880
48316552
44109920
39831418
35595225
31383705
27140750
22892623
18565013
14334638
10082306
5773672
8701828
4414141
238571021
234340946
230171423
225929167
221750104
217604538
213430450
209208229
205008620
200846560
196661157
192511970
188352588
184134956
179913174
175627836
171353955
167115149
162870737
158609997
154376396
150132346
145868774
141640539
137481011
133164734
128921809
124646401
120385013
116150393
111963018
107716430
103455632
99222350
94965801
90750462
86491516
82278505
78042085
73781602
69577840
65350221
61076456
56808679
52519020
48243822
44001836
39736889
35478525
31261465
27086363
22788372
18537692
14294454
10036501
5786022
11933180
7687036
3447714
239006533
234793673
230597454
226413690
222185831
217961078
213761664
209538703
205341908
201136106
196919673
192678578
188454258
184200646
179990730
175750589
171499882
167236557
163048017
158796908
154554834
150314126
146052157
141796140
137562684
133299081
129040143
124814762
120561680
116306957
112060189
107790650
103553073
99299938
95017256
90780256
86528180
82241158
78001594
73753664
69472900
65229207
61003129
56705342
52435427
48209710
43929355
39687771
35413670
31130210
26870120
22621901
18320237
14093195
9834869
5585935
10532096
6263821
2060705
239191137
234940036
230760145
226532946
222262943
218041068
213818921
209575271
205334556
201125001
196891727
192655499
188449822
184200589
179952898
175710571
171501922
167256793
162998061
158743932
154522559
150339532
146082590
141863321
137656981
133446450
129205711
125006343
120733298
116492628
112276304
107986973
103756791
99545400
95245727
91039302
86784189
82521982
78289142
74056451
69784472
65561615
61285348
57044568
52787982
48551298
44262478
40048397
35777095
31506132
27276307
23005950
18793291
14526524
10301485
6054764
8985317
4743178
547918
238506995
234269221
230103838
225920405
221655820
217402323
213201291
208951549
204723533
200508574
196256134
192057284
187833035
183628823
179430291
175195155
171005639
166768960
162531576
158312729
154073330
149838205
145602293
141371080
137124502
132914086
128681867
124424833
120155796
115922615
111660654
107475123
103182443
98927645
94697984
90517768
86208561
81974125
77733439
73451406
69196249
64991502
60722449
56476329
52246003
47992814
43760199
39531949
35299248
31112007
26922949
22682370
18498984
14259896
10018448
5803111
8095806
3865362
239576682
235349871
231161929
226880987
222557751
218329750
214083093
209861953
205637974
201431674
197197586
192984872
188755695
184523880
180277895
176049789
171783324
167540450
163359794
159097379
154845468
150591481
146340246
142085198
137851286
133531263
129274678
125058060
120775797
116534400
112286858
108003846
103764681
99498242
95200918
90950019
86746216
82466516
78270205
73977976
69690174
65454526
61198559
56919485
52652901
48399892
44190823
39947732
35646875
31433181
27223251
22965024
18675156
14429472
10169033
5923976
10561873
6313033
2084785
238965101
234762086
230558983
226334598
222103875
217865578
213675602
209480413
205310263
201090903
196868367
192673010
188485902
184228966
180000394
175768463
171519769
167300698
163093246
158847215
154610054
150362304
146096876
141852452
137599179
133385682
129110809
124825102
120539235
116319726
112069107
107806800
103588045
99372453
95126818
90911942
86602860
82336836
78088426
73818881
69512558
65238698
60974493
56705323
52468803
48187767
43926031
39718846
35469178
31217084
26932163
22688497
18395567
14173052
9914469
5653660
9212453
4981661
793312
239718246
235478582
231290497
227078542
222810903
218557217
214353397
210120715
205912879
201659615
197476218
193262600
189023600
184773117
180517734
176252733
171971789
167772076
163470386
159182554
154929652
150690530
146418862
142163958
137905661
133636767
129409811
125172493
120939842
116668735
112439515
108147769
103905138
99653408
95385217
91126844
86888877
82563113
78354725
74104565
69825505
65608935
61373656
57086417
52796547
48540008
44244211
39987587
35713798
31429437
27149981
22904151
18663555
14408395
10174603
5898492
7304898
3049210
239086864
234841561
230635693
226416730
222186774
217970060
213741577
209488453
205253724
201037749
196798489
192587142
188362675
184161080
179880240
175631051
171422447
167224468
162990168
158723998
154471011
150244245
145985733
141749758
137500406
133232617
129046574
124745229
120477246
116228354
111977064
107709883
103480540
99237206
94974058
90727527
86474592
82206904
77962098
73713717
69466002
65218719
60981829
56722222
52478338
48233236
43942520
39686055
35434925
31156189
26897334
22641545
18369714
14119723
9864770
5595586
10177440
5903744
1677311
239374475
235120636
230888605
226668415
222409653
218147953
213952683
209715452
205504101
201287493
197043137
192798467
188569087
184301390
180079601
175837175
171578594
167359204
163121434
158846883
154637297
150397394
146138346
141906839
137683116
133424572
129192758
124993164
120709528
116458401
112198681
107933280
103705578
99473245
95196226
90950059
86706737
82445581
78215986
73971022
69707714
65463967
61236563
56978771
52745984
48516603
44252806
40022996
35788910
31531172
27287001
23023152
18757507
14499651
10223567
5942374
8544788
4279347
239892321
235617921
231381904
227160555
222889094
218664379
214448009
210183715
205964471
201741510
197525142
193304960
189057085
184842292
180618330
176424913
172171673
167957562
163722603
159483776
155262106
150980232
146696063
142435127
138188389
133908903
129650142
125395687
121119778
116871014
112609537
108338973
104065462
99817976
95525652
91280030
87009074
82712477
78421358
74139448
69843890
65566744
61298138
56998813
52721842
48457732
44167384
39904583
35643738
31342123
27078700
22819831
18518292
14249119
9972831
5665052
10548908
6281287
2049825
239521375
235292628
231040208
226822990
222559470
218327771
214103640
209856886
205619129
201386984
197109421
192871890
188639123
184405873
180158160
175929033
171679524
167445396
163173720
158930487
154666699
150414841
146165242
141905016
137653904
133411915
129128347
124883853
120635492
116377896
112145343
107893299
103631370
99390768
95134072
90857408
86608335
82347996
78081841
73823146
69579089
65301665
61066674
56817434
52553539
48300004
44035506
39777355
35552721
31300082
27036665
22797232
18549386
14263331
9998158
5747139
8746431
4488229
239835309
235564861
231313524
227076048
222820951
218609348
214368866
210101915
205898141
201682072
197470318
193277925
189064910
184830899
180647908
176418632
172186430
167966235
163769378
159563536
155319496
151073740
146803789
142544164
138279589
133970689
129704222
125458959
121187978
116914590
112635819
108346161
104069473
99797001
95514117
91220568
86970426
82683157
78431451
74135190
69845715
65574912
61276489
56988295
52724935
48470470
44147057
39906660
35647220
31342427
27069269
22783697
18500899
14256777
10000597
5738913
10861788
6615248
2397208
239571667
235337865
231136125
226912358
222677968
218442834
214251906
210021334
205826058
201597788
197357240
193144453
188871654
184602188
180346793
176079493
171794418
167558420
163295641
159012059
154749617
150490927
146198004
141934488
137704750
133433255
129176599
124927682
120750263
116679741
112590394
108304396
104065574
100764646
96502420
92298354
88013397
83758990
79476865
75163629
70893090
66654523
62356782
58111615
53862279
49590008
45333090
41101479
36847690
32611973
28365078
24111548
19898576
15624000
11348395
7120933
8860385
4635738
421020
239113286
234866372
230673837
226460788
222207593
217974653
213732061
209496552
205308462
201110142
196846510
192633401
188411384
184160238
179948732
175734292
171491210
167269844
163051484
158778615
154555899
150314415
146049683
141813458
137573850
133311006
129072825
124831651
120561496
116294629
112067659
107811409
103546777
99296436
95033824
90800437
86554724
82292996
78043237
73814108
69583497
65326731
61069232
56793853
52527922
48236358
43951210
39723369
35480612
31223134
26994131
22778520
18527027
14299825
10078686
5820231
7434302
3203480
238856594
234637898
230428671
226216603
221974348
217711749
213515516
209257926
205059718
200855487
196629837
192420605
188212547
183946252
179710639
175461713
171168031
166943905
162680041
158422498
154179334
149956109
145688445
141440265
137181045
132907500
128660986
124444838
120218854
115966080
111711533
107439661
103196637
98972364
94717071
90518812
86240330
81962928
77706772
73443124
69236317
65028289
60828962
56580871
52357567
48149114
43902911
39697543
35454854
31203838
26999878
22763057
18482572
14259026
10010196
5730350
10544166
6302094
2078574
239428125
235234120
231092339
226857161
222629770
218458747
214288893
210032892
205823843
201594239
197381176
193169205
188936720
184704370
180494599
176287455
172049930
167786133
163535610
159277642
155024246
150772228
146503143
142288946
138090655
133825303
129590652
125388299
121115834
116882254
112609341
108322682
104091225
99863455
95590581
91347889
87099043
82826427
78558804
74315604
70055563
65824481
61601056
57310097
53061195
48794834
44528304
40264550
36017826
31738881
27476123
23206154
18912956
14637097
10366900
6064512
8791863
4531468
239618567
235370975
231184884
226967709
222734632
218499857
214273199
210030467
205789689
201557327
197323381
193090016
188828130
184532924
180279298
176000449
171731940
167454310
163239470
158988062
154757453
150540696
146288162
142042833
137808789
133531223
129302760
125030036
120756442
116524745
112300719
108017713
103798441
99553295
95286626
91040685
86819966
82559266
78329311
74085597
69814091
65551325
61292486
56997853
52733803
48451856
44161596
39903728
35640393
31357614
27101842
22837317
18551985
14304184
10042153
5772429
11073864
6797219
2571990
239373941
235121822
230890068
226653994
222419426
218193013
213980236
209738127
205509951
201276663
197062201
192851481
188609796
184398847
180195611
175953151
171737337
167520747
163255339
159022942
154784808
150530170
146291729
142044747
137748675
133506817
129275325
125000511
120799629
116582434
112313081
108068081
103819578
99548887
95314954
91071496
86804901
82557333
78301025
74034340
69793663
65553328
61288203
57037690
52802823
48523898
44292634
40036990
35760096
31514246
27261078
22989334
18755747
14500584
10227411
5981069
9378374
5117829
891307
239579951
235331563
231076875
226847281
222558521
218309999
214069945
209832010
205575824
201337732
197099287
192882686
188660078
184423831
180199977
175966328
171697806
167471786
163270204
158998956
154750380
150514180
146246158
142002005
137764610
133503833
129264762
125010590
120753940
116488799
112247326
107977983
103750434
99498329
95239592
90978551
86719566
82465524
78241540
74005953
69730191
65477185
61249296
57009748
52740574
48485918
44194725
39945272
35708171
31426025
27170187
22881406
18594326
14329644
10117567
5838814
7531574
3270726
239586343
235308364
231087300
226861384
222635321
218298061
214062232
209809631
205601077
201364634
197120923
192909509
188635845
184353785
180090157
175814751
171533938
167301874
163044411
158755380
154512884
150286287
146011331
141777338
137501899
133244448
129022238
124763271
120527341
116309097
112052407
107816201
103574401
99302660
95061140
90808869
86550178
82321211
78045524
73764919
69529677
65292674
61030689
56801773
52552325
48293125
44019959
39807652
35521997
31276760
27015187
22770682
18516507
14278008
10001635
5769972
9741756
5473069
1231505
239907641
235648123
231412921
227167013
222886240
218653729
214390277
210122152
205896338
201652548
197410408
193169468
188880166
184594362
180317063
176037004
171749698
167481002
163200832
158923606
154683173
150463332
146176780
141913233
137663055
133380119
129120450
124886198
120600978
116383336
112136363
107874133
103622533
99358632
95067217
90849991
86571462
82275039
78017177
73740351
69447894
65207635
60948226
56685752
52445390
48223836
43958406
39742656
35503767
31264245
27002715
22765305
18529911
14262209
10004190
5725168
7409974
3151131
239733876
235468743
231251882
227012133
222745722
218514242
214298842
210057694
205837960
201613804
197349105
193118342
188849621
184583583
180301315
176018609
171724190
167455809
163184925
158890766
154635585
150392537
146123826
141887589
137652941
133395223
129150852
124910188
120652679
116436403
112201202
107952502
103710331
99452933
95169827
90936065
86701253
82438478
78193622
73923410
69632274
65353740
61085617
56799135
52538504
48287787
43994182
39734353
35498387
31228701
26965751
22685308
18419570
14149447
9901262
5626793
9504161
5252980
1049960
240122306
235863282
231606937
227425496
223183251
218989124
214801090
210576860
206398326
202200878
197980352
193771256
189498502
185249835
181022335
176775129
172505216
168270278
164020958
159704054
155449843
151189018
146898587
142625455
138355913
134058027
129797164
125542674
121266396
117012092
112744503
108455107
104184844
99921434
95625063
91365059
87094755
82808631
78542313
74286713
69984666
65730202
61484819
57177297
52943121
48700564
44409642
40157602
35878571
31596326
27333656
23047024
18756741
14493746
10230934
5942635
7021282
2773259
238743868
234513453
230284034
226076664
221830284
217633472
213404328
209172544
204957470
200779178
196535345
192316900
188096300
183857503
179654089
175450380
171227001
167027045
162817123
158552634
154279585
150014238
145760305
141519020
137277979
133013253
128774160
124532410
120297292
116038874
111808660
107587263
103328951
99108391
94878900
90642667
86414123
82176388
77922065
73697103
69437840
65168386
60947675
56678763
52433138
48199370
43962477
39693000
35436164
31195284
26927281
22689806
18464004
14190132
9955154
5722394
10218439
5963655
1742332
238987801
234718659
230486541
226246581
221981169
217729544
213515109
209268167
205021857
200787671
196542348
192317807
188105114
183842719
179627769
175401358
171177685
166939958
162731365
158504998
154244533
149979947
145709886
141465587
137224400
132977084
128737413
124508217
120240958
115983544
111780233
107540926
103336276
99073002
94809707
90576459
86334345
82099038
77834393
73585302
69330791
65092123
60874517
56638198
52390701
48178381
43931590
39706204
35448478
31155432
26912211
22663246
18385368
14138406
9904048
5640248
8826931
4602237
428057
239518198
235275741
230984077
226765641
222494818
218288510
214050234
209804697
205571394
201338893
197082119
192830365
188612717
184396521
180179312
175954421
171709513
167494502
163258009
158970654
154764920
150528944
146263582
142014946
137721588
133448640
129169549
124917048
120636232
116372632
112102040
107822718
103583325
99350352
95063775
90839948
86580792
82307985
78051276
73811430
69544054
65307910
61047388
56810509
52531158
48314181
44032006
39793819
35567030
31313136
27065978
22806103
18605837
14239631
10007897
5715081
7064751
2806214
239328787
235104382
230931133
226729075
222489615
218277050
214064417
209836578
205645028
201425488
197189956
192943498
188712028
184437468
180202986
175967796
171702615
167465710
163240937
158986661
154751340
150503716
146232829
141984484
137749877
133489187
129216140
124959142
120683213
116444156
112187710
107923195
103652637
99411913
95150420
90911301
86679363
82403040
78182626
73934348
69677555
65434979
61206617
56940380
52696441
48444911
44181230
39946739
35688691
31406220
27159915
22900200
18625072
14357136
10101036
5791094
9695973
5418374
1196678
239541102
235291841
231063831
226861801
222590960
218364998
214151724
209884030
205630117
201433174
197196558
192968687
188750700
184509195
180307194
176083298
171846304
167580600
163309981
159041475
154797195
150576063
146310520
142060456
137807212
133535172
129298440
125059756
120786272
116532747
112293824
108020745
103775097
99527476
95244230
90998220
86753591
82487592
78214967
73951510
69661589
65389686
61140904
56865866
52577704
48305521
44027207
39772553
35503448
31221354
26983593
22716229
18437259
14181144
9970242
5686291
7727802
3489307
238707360
234493613
230250843
226039042
221790994
217536380
213272739
209023754
204798469
200545755
196299965
192084891
187877537
183617791
179443852
175222795
170986196
166769674
162533644
158278942
154023458
149803911
145571992
141367679
137160202
132908336
128655565
124434821
120176614
115963544
111765097
107543567
103333811
99095324
94834246
90598694
86373834
82100868
77866030
73620486
69348825
65098746
60878784
56614213
52405179
48173198
43944115
39717782
35504291
31238226
27002019
22781006
18499696
14264420
9997783
5736822
10989754
6723349
2527541
240060337
235830113
231633989
227401657
223169963
218928821
214673612
210439566
206218133
202025092
197774065
193562297
189315221
185009157
180773875
176520773
172221423
167984117
163703280
159434905
155181521
150926565
146666913
142420335
138173329
133911335
129654526
125432750
121162403
116954688
112711249
108424581
104186810
99919850
95638663
91364553
87094179
82800937
78522510
74239662
69940141
65679364
61392555
57095321
52831488
48555246
44266981
40004413
35727327
31422936
27140836
22852513
18570355
14276331
9996864
5712263
8634712
4373281
238883271
234622376
230418414
226196399
221956999
217739744
213528572
209288340
205095971
200893063
196638853
192454600
188270261
184040174
179845290
175667299
171427746
167221327
163013339
158769426
154553206
150327671
146075734
141862023
137654223
133437457
129202215
125003844
120753600
116540104
112329686
108089668
103859805
99619809
95358515
91101708
86841861
82566032
78341307
74070141
69794421
65525932
61294562
57029506
52783728
48533617
44249950
39988588
35725631
31449366
27183808
22921994
18625488
14352065
10071626
5760531
11620041
7341874
3128890
239258234
235001957
230789573
226564795
222290732
218069893
213853086
209598819
205401880
201178278
196933057
192698352
188478998
184232998
180021158
175785542
171546677
167343535
163101663
158837625
154591536
150343908
146070892
141815797
137554860
133285209
129033375
124800956
120530575
116280039
112036887
107775332
103538053
99291921
95028387
90788534
86531075
82262885
78011544
73748420
69481837
65231693
60987051
56721635
52472337
48235380
43967011
39719790
35473340
31206108
26961491
22732480
18494555
14243334
9988742
5704375
10029459
5782776
1567259
238762241
234477856
230279795
226039228
221781015
217534767
213275471
209032643
204815242
200605807
196304652
192090112
187861756
183611440
179366100
175132580
170877126
166616843
162386489
158130667
153901918
149656768
145412326
141164865
136921368
132677776
128446480
124208075
119955238
115733039
111508206
107251920
103007615
98745767
94477523
90228791
86022319
81755116
77564710
73360383
69119451
64909982
60707413
56482190
52276513
48073896
43831094
39600244
35365007
31110962
26875012
22636145
18427145
14182449
10021427
5751477
8959829
4707638
521480
238938110
234720776
230545012
226342694
222117636
217917455
213699840
209515062
205315142
201103968
196878107
192605621
188373871
184149830
179967751
175765410
171523834
167359807
163155000
158847907
154600449
150363568
146100899
141848313
137619295
133339480
129061436
124809660
120535399
116296154
112017807
107758730
103492255
99252538
94994520
90762657
86523682
82240200
77985913
73740885
69468751
65207338
60953150
56685495
52429291
48185477
43937387
39698946
35468917
31204933
27003457
22754276
18466762
14189425
9916166
5635980
7700279
3468874
239260329
234989665
230768566
226574437
222342550
218140280
213916383
209675931
205474362
201243317
197023956
192801479
188567173
184301481
180061078
175816559
171557942
167312663
163053988
158769921
154497666
150227548
145972218
141712349
137466091
133176940
128929328
124706726
120428694
116188212
111941803
107669707
103425183
99168389
94950922
90699111
86453168
82184853
77949163
73695615
69429275
65178580
60938544
56669814
52388846
48129780
43872953
39592894
35355599
31084417
26839787
22544894
18285265
14044500
9799327
5536787
10314099
6100776
1865198
239059402
234789709
230594374
226439932
222186255
218002950
213796186
209570448
205401746
201215005
196975530
192756918
188506282
184231929
180036733
175805334
171536980
167293229
163063059
158798320
154579550
150377334
146075904
141862786
137633686
133370946
129133508
124893392
120630486
116388998
112137515
107872701
103638168
99422423
95165956
90962517
86712005
82456752
78243984
74033444
69809354
65606699
61415832
57146514
52912649
48639606
44365553
40137625
35933672
31644095
27405703
23153681
18896847
14632859
10387642
6122935
8908302
4634545
438439
239419140
235161480
230984587
226783826
222569560
218373034
214190921
209978343
205772212
201566290
197341156
193114192
188913527
184716709
180511150
176271925
171982725
167771114
163495831
159229038
154999385
150764102
146517363
142340534
138053883
133774137
129511710
125250802
120961020
116691167
112392050
108107310
103857936
99567889
95302704
91060829
86799828
82519353
78263990
74014919
69615884
65380474
61132899
56879465
52645453
48401745
44134013
39868184
35616193
31336298
27063694
22803806
18530464
14277277
10048119
5765656
7122944
2854167
238071326
233831050
229582605
225358119
221103605
216917625
212710267
208446166
204447495
200388973
196413716
192171228
188432664
184592099
180402767
176171070
171955892
167723881
163492191
159252835
155035036
150805484
146599714
142379672
138149428
133933315
129722565
125484780
121284358
117064738
112825881
108610619
104384890
100128188
95909467
91737738
87486410
83278249
79046671
74814972
70611350
66390141
62122771
57901959
53671912
49436301
45202683
40996146
36738800
32494212
28275734
24039672
19821085
15601211
11320750
7070252
10993035
6762226
2542525
238044207
233799947
229608908
225384920
221154824
216904498
212757016
208574417
204445626
200294946
196115697
191930358
187714879
183496773
179305882
175087012
170814779
166610173
162391369
158140415
153936867
149726390
145493655
141284038
137064731
132837635
128638216
124433435
120206496
115984840
111731214
107481348
103259387
99028302
94777299
90580466
86345114
82096846
77884530
73651426
69405084
65180459
60950430
56697463
52487803
48262255
44037200
39803865
35575261
31324951
27095365
22802759
18517084
14269950
10024558
5727295
10561078
6332525
2168508
239511779
235298453
231086617
226873223
222632951
218426351
214173750
209935307
205703597
201467895
197223675
193017453
188792915
184536043
180300851
176074485
171833517
167609960
163382035
159110832
154885347
150658054
146404450
142179570
137931358
133639284
129391362
125117793
120827252
116570366
112308776
108024138
103767442
99509166
95252465
90979307
86690910
82421884
78192766
73935830
69672843
65407856
61158819
56875187
52601576
48338239
44047512
39760635
35523685
31226797
26990402
22735405
18470294
14219696
9971277
5686630
8762202
4497483
239931169
235653539
231429594
227199467
222942118
218695492
214437531
210194908
205959444
201741339
197492944
193274407
189007182
184714588
180470989
176199372
171900480
167634917
163388544
159100712
154862794
150638765
146374792
142133182
137856511
133564528
129282836
125020935
120738538
116481677
112203064
107923359
103676059
99421192
95149812
90876979
86611654
82323335
78071841
73782910
69486397
65221407
60985179
56732669
52507113
48265183
44016102
39719039
35463058
31190228
26927557
22692418
18413297
14155015
9885122
5579969
10662116
6402631
2186176
240068741
235851489
231644097
227426183
223173688
218928861
214714327
210455111
206205663
201970290
197751646
193512805
189214866
184975159
180707647
176449768
172197227
167921276
163655672
159383979
155121046
150866564
146652592
142377146
138121375
133866461
129564971
125281653
121019210
116731192
112490334
108245353
103982659
99690883
95437469
91148186
86897506
82635478
78359414
74086459
69845193
65544442
61299069
57027714
52737942
48476184
44227867
40000031
35753241
31438544
27165374
22926350
18653614
14365085
10106291
5831917
8305137
4013829
239413914
235176938
230947397
226752434
222504899
218259026
213997281
209767410
205545410
201334705
197085498
192846814
188593428
184303007
180078598
175802709
171528669
167283708
163056398
158792856
154534646
150300807
146039522
141758077
137524069
133266505
129059984
124840484
120595800
116370227
112118433
107862427
103660653
99430067
95137507
90876943
86639237
82371555
78121675
73878253
69605271
65291924
61056377
56780596
52536494
48303335
44043812
39790199
35516548
31216194
26964981
22716689
18422597
14161985
9908041
5635397
10711486
6485322
2287963
239001991
234768794
230547466
226364087
222117480
217882771
213674700
209424399
205219780
200978307
196751094
192544480
188288370
184041996
179817783
175584730
171329981
167139482
162950408
158685086
154442960
150205082
145924111
141634832
137362229
133099878
128848346
124630691
120349244
116121605
111886391
107608140
103399633
99184693
94929386
90696110
86460915
82182078
77926742
73676328
69465993
65242264
61044708
56788577
52566933
48331911
44074192
39842674
35601245
31344855
27106698
22872250
18597146
14336320
10138598
5827662
9384791
5122844
931277
238792169
234509083
230316652
226080460
221810099
217586118
213340351
209139753
204845584
200620221
196362163
192146762
187940999
183721022
179479920
175256074
171007641
166782031
162573297
158285521
154053623
149855191
145596509
141298666
137067739
132815958
128603048
124410589
120200936
115937002
111718024
107466620
103281050
98971726
94719917
90500462
86267671
81981514
77731116
73496425
69219411
64966987
60751905
56508873
52293292
48072824
43866785
39631290
35379747
31106898
26902398
22665423
18444816
14181605
9950120
5692720
8110535
3856635
238829898
234587634
230368450
226144126
221909829
217668717
213477644
209226634
205031997
200784253
196544119
192321123
188121501
183863725
179643842
175391383
171170890
166952559
162695671
158444706
154223504
149997511
145749952
141502872
137278278
132988079
128754868
124529377
120317138
116110948
111864469
107594866
103362823
99138285
94884621
90642063
86417495
82154522
77924096
73679745
69467052
65229034
61016664
56765711
52521304
48261008
43975187
39731143
35489089
31275845
26981977
22751991
18456396
14204895
9988848
5702989
11162075
6924044
2673214
239105463
234852196
230657208
226444658
222181774
217946662
213735397
209492146
205288021
201043696
196790359
192564092
188337033
184062874
179836675
175592942
171379973
167154922
162976413
158738097
154507218
150252919
145999999
141785032
137534324
133255848
129019558
124797222
120547177
116347347
112141946
107916325
103687503
99418179
95140415
90894070
86672141
82450259
78194762
73947749
69672039
65408093
61149380
56913006
52657739
48453091
44211177
39958430
35716458
31506774
27233625
22981046
18723889
14438302
10177684
5927213
9709294
5421173
1233383
239859551
235591184
231384140
227182906
222915326
218677969
214476453
210237368
206028781
201826976
197559218
193335789
189061424
184788025
180531493
176271295
171989572
167754733
163378140
159113421
154852923
150623723
146391932
142136146
137892074
133636833
129387745
125105667
120861676
116606493
112339761
108111251
103843482
99560937
95297080
91031400
86806052
82557285
78342885
74079160
69860019
65619644
61362207
57109513
52848625
48527691
44274314
40001676
35719140
31458271
27203865
22907591
18636499
14363758
10063896
5875073
7436708
3184699
238354738
234126249
229904051
225676179
221363507
217191862
213038320
208817967
204586614
200350033
196114546
191909075
187667208
183406754
179218539
175030837
170725604
166514993
162303935
158102628
153853849
149639302
145372165
141130067
136888151
132627009
128459559
124181012
119928919
115710673
111480879
107224667
102967337
98771753
94484668
90295885
86038629
81812917
77542672
73321140
69033934
64835288
60641260
56403132
52160033
47924736
43657888
39426473
35188210
30927719
26682974
22536259
18340847
14033319
9790673
5543381
10858966
6603648
2421765
239466934
235258523
231028997
226825047
222596764
218351454
214145008
209881504
205682224
201456490
197218478
192996110
188817977
184561072
180243297
175967240
171702046
167540656
163286015
158958962
154773950
150474864
146204212
141982983
137726353
133467931
129215841
125014823
120703252
116460880
112222383
107917903
103660776
99421058
95145737
90899216
86643872
82355029
78066243
73817089
69533756
65268676
61020517
56744423
52505290
48302922
43980060
39723259
35472967
31247691
26997704
22769156
18862649
14568879
10373162
6219216
9083001
4841135
653196
238734442
234503068
230365232
226222015
222008031
217764370
213560450
209328142
205123038
200905601
196671336
192430948
188202064
183977094
179736698
175448185
171196097
167000016
162709859
158440892
154224633
150028900
145732724
141476938
137242053
132987454
128742048
124563598
120276061
116055032
111805131
107549466
103312482
99079175
94826225
90587775
86352107
82098174
77856514
73609202
69384347
65109920
60905964
56596731
52373421
48137740
43881174
39655287
35432032
31110642
26876259
22619450
18345408
14102415
9847599
5586523
7989059
3736614
239318057
235118750
230824151
226620470
222369278
218141326
213902851
209651699
205439404
201258586
197026995
192821315
188598966
184301446
180076225
175826661
171579496
167357053
163093476
158809353
154580563
150353349
146081398
141801828
137531052
133246254
129001259
124770257
120478103
116223335
111961817
107744120
103522659
99304546
95103427
90782174
86520477
82250988
77976390
73701343
69487715
65209412
61001572
56688104
52444273
48216277
43959691
39706516
35497171
31239058
26983935
22684510
18449184
14177919
9920811
5672946
10539840
6283540
2053343
238097524
233828810
229617516
225442564
221206511
216965103
212757400
208494824
204300057
200099219
195868703
191651181
187424295
183178810
178991490
174745068
170525730
166308484
162061729
157821874
153585571
149363763
145097363
140859460
136649336
132411398
128223330
124009762
119754262
115524836
111314330
107058680
102879424
98673157
94447505
90226923
85999576
81752138
77539078
73336693
69080634
64889552
60689451
56444717
52233194
47997882
43758924
39550437
35322057
31105304
26895914
22684396
18427053
14225778
10015438
5770326
9900224
5673369
1479132
239450832
235232511
231047467
226829428
222596797
218394193
214170987
209927761
205705276
201476686
197254390
193029654
188837136
184540381
180286700
176027603
171814463
167556334
163275385
159015882
154782971
150605467
146305580
142074329
137779331
133525174
129330407
125020746
120744363
116482384
112208358
107958645
103685551
99429557
95157670
90925075
86653618
82411930
78186791
73961417
69698302
65462669
61213329
56942545
52674652
48422052
44136344
39863791
35611448
31335931
27070533
22782083
18498041
14247267
9967290
5696966
8207492
3931855
238532378
234331790
230105937
225899889
221694691
217463369
213200135
208982418
204781277
200522866
196302304
192085599
187846227
183591670
179377771
175161454
170926962
166701053
162489102
158222141
153988977
149762071
145528278
141286005
137045630
132801817
128574917
124399263
120155287
115914552
111692869
107433424
103193207
98950583
94697533
90486570
86260582
81995667
77773341
73526771
69270663
65027186
60816556
56537755
52341277
48102512
43882496
39665389
35411167
31137584
26897978
22632884
18330964
14127904
9850476
5548814
11532482
7312286
3074731
239300321
235031921
230786898
226556244
222335028
218100937
213946835
209772988
205620563
201433130
197206280
192969345
188717968
184440971
180269797
175987231
171675539
167468664
163191199
158963146
154676247
150439886
146188444
141963850
137735766
133519440
129267231
125011360
120743932
116451272
112261147
107973648
103726705
99483737
95196089
90958410
86703185
82416372
78165267
73874960
69665724
65399746
61153989
56872491
52604580
48326073
44061498
39797964
35521654
31244255
26960555
22680036
18419642
14153572
9916415
5647389
9906896
5597810
1398633
238995862
234752681
230567239
226339823
222100622
217917296
213682595
209461844
205312965
201050198
196848317
192631591
188411470
184168067
179951432
175733795
171488081
167281256
163055867
158790382
154558591
150295030
146021709
141771270
137568768
133224924
128961412
124722209
120438348
116252572
111928978
107630239
103382287
99123428
94929249
90751679
86471878
82203677
77935943
73671900
69398518
65203341
60938624
56718659
52452347
48268990
44020629
39800684
35598792
31294494
27116666
22885911
18548341
14281468
10029153
5739200
8492463
4256049
238979904
234725381
230521429
226327020
222111239
217891667
213702166
209474487
205290681
201065202
196825981
192597842
188378365
184138270
179912241
175675846
171454071
167207026
162958109
158680602
154462624
150251875
145999252
141754430
137570415
133312721
129059013
124839904
120576048
116325843
112105597
107832421
103583875
99353622
95090551
90838818
86599289
82317403
78105867
73837955
69575730
65351327
61136295
56876996
52636994
48401713
44133951
39894287
35656101
31443858
27174830
22951923
18688883
14454320
10252300
6005594
11479690
7235472
3034556
239090401
234865250
230632008
226470338
222298209
218146237
213986329
209811699
205667739
201526573
197359727
193238464
189027173
184782125
180569744
176353066
172106239
167903278
163598104
159343082
155095738
150891284
146619251
142361869
138104177
133850896
129565568
125340992
121098838
116867158
112601684
108335309
104100078
99840842
95565118
91290190
87067953
82733329
78456393
74222421
69921245
65683932
61425629
57124929
52882191
48648524
44352886
40106395
35845513
31581992
27279491
23024894
18735162
14453967
10177211
5878730
10166643
5894107
1674245
239501134
235232379
231042658
226828700
222572130
218311101
214065719
209821892
205611874
201350973
197118825
192890665
188693560
184446314
180225140
175991080
171727990
167508155
163261717
159000104
154776277
150521258
146224656
141966543
137706116
133429417
129186723
124938300
120664327
116412054
112160519
107883438
103629481
99385267
95107674
90845565
86595702
82319977
78099932
73839216
69575622
65326759
61091893
56812328
52571640
48310752
44047489
39790915
35529384
31231501
26957273
22696823
18422710
14181121
9937489
5658850
8240460
3981600
238443656
234184730
229968828
225723547
221499306
217279403
213090614
208848900
204631707
200394128
196169898
191946595
187700888
183417481
179206442
174959349
170714321
166478304
162241530
157980077
153757883
149520436
145289708
141049449
136822667
132576922
128336052
124134667
119892144
115676319
111444043
107193140
102959743
98739863
94494755
90241007
86049235
81820612
77580518
73350807
69115333
64897476
60657589
56408886
52184621
47985545
43727698
39521244
35300982
31074386
26861226
22635136
18384933
14141162
9912078
5645023
11635464
7383789
3170111
239414105
235153116
230913838
226721799
222454568
218240503
214038280
209806259
205624075
201454691
197171307
192973520
188731817
184448749
180194583
175929945
171661463
167391194
163142851
158869109
154622710
150375037
146114156
141877588
137629528
133357494
129125240
124895670
120633130
116389105
112161265
107895827
103658686
99412894
95156864
90911745
86679645
82392903
78159815
73904819
69648187
65399908
61159036
56882369
52626682
48345078
44078112
39807973
35582843
31327333
27068259
22840424
18547799
14315741
10050303
5760254
9826912
5567595
1373207
239592538
235339767
231133322
226882748
222636931
218424585
214245236
210033128
205835764
201581776
197364586
193138402
188944466
184672748
180392928
176137279
171849386
167631307
163851222
159682734
155641934
151499433
147246597
143019456
138786515
134522284
130288607
127649408
123356959
119125622
114851441
110576191
106312878
102061863
97769931
93524600
89257349
84988169
80711105
76451131
72161616
67908648
63650212
59371891
55106798
50842968
46555746
42311635
38066632
33766553
29476485
25205612
20904946
16636108
12368411
8083743
7808020
3588832
238784070
234561026
230365293
226169907
221957977
217740582
213536484
209297559
205101808
200905558
196696252
192547840
188336182
184115208
179916631
175723216
171524283
167235420
162982075
158776008
154490189
150252934
146015637
141789698
137561379
133317474
129136593
124934548
120698658
116481552
112253296
107996189
103759168
99494370
95228909
90966249
86744786
82523465
78210115
73938407
69666278
65396620
61155305
56863655
52638389
48362158
44107286
39839303
35615071
31345997
27111730
22857026
18592601
14320624
10091292
5809382
11107204
6856496
2613208
239176548
234912024
230706488
226471232
222228262
218004177
213784575
209556652
205347361
201118764
196875797
192649319
188397841
184137905
179890091
175656625
171409320
167201531
162978132
158727607
154503488
150285073
146037269
141817906
137622428
133334457
129111146
124911634
120650673
116413077
112164060
107890507
103642369
99379653
95101937
90853399
86602489
82332756
78121599
73860180
69581806
65317493
61087237
56866019
52621721
48411056
44140176
39922562
35695931
31423528
27166439
22898034
18623525
14364492
10122464
5840269
9550936
5278587
1067741
239773539
235485878
231262684
227039304
222779288
218588357
214392052
210131938
205939444
201710922
197458622
193219941
188942310
184680533
180460790
176199102
171959764
167745752
163482092
159205561
154958816
150710535
146442981
142204622
137967330
133695144
129439878
125180136
120897299
116655407
112388705
108104915
103860496
99601570
95322342
91063628
86804308
82528391
78272441
74008674
69704721
65462719
61228319
56963700
52733065
48470803
44189525
39940120
35679059
31402786
27141304
22877655
18592280
14346949
10090333
5853656
7524101
3275923
239884924
235635557
231395356
227190977
222956000
218745424
214528782
210295590
206087967
201817558
197561974
193343262
189052193
184783318
180514907
176241465
171935929
167654801
163374611
159092020
154833528
150583349
146301833
142044574
137792562
133513139
129254595
124987591
120703346
116433982
112171989
107883980
103610526
99333056
95044894
90795344
86542343
82258696
78011027
73765276
69496524
65250931
61017082
56747953
52487803
48231829
43966699
39709964
35448359
31169755
26948188
22676961
18403567
14148062
9888627
5609309
9517233
5245433
1011847
239426783
235155774
230967761
226767420
222519825
218318410
214091883
209849752
205652966
201429527
197176871
192945650
188728851
184491263
180272641
176061440
171805532
167586801
163292094
159009467
154783281
150579398
146318336
142066964
137834958
133577900
129368924
125135532
120877194
116643747
112402342
108133888
103895642
99642617
95360813
91120942
86868105
82606251
78345828
74081651
69808954
65567396
61306076
57042620
52780526
48522994
44233802
39985696
35740236
31428996
27220977
22971459
18712983
14455085
10215041
5940541
7816448
3542404
239242597
235009069
230768660
226554519
222314518
218073032
213835793
209579957
205358837
201121416
196896686
192702102
188479146
184191686
179932464
175685718
171440588
167248451
163005308
158729455
154484486
150273250
145993621
141714280
137478132
133200556
129001592
124737978
120483723
116237935
111984704
107719536
103459304
99200211
94969985
90721186
86504733
82241398
77993887
73686749
69416012
65176213
60948457
56682927
52444903
48216796
43969114
39746141
35529463
31261253
27010595
22807266
18480727
14241051
10045368
5793767
10406110
6156612
1948370
238785686
234501640
230270451
226094274
221904114
217736553
213565094
209389907
205219271
201073552
196904341
192776323
188624548
184441122
180232986
175987293
171717282
167483779
163223549
158953622
154727977
150484793
146214293
141960386
137710140
133443146
129201028
124972481
120710570
116466727
112230916
107963366
103702954
99448569
95169548
90910625
86643057
82365590
78108462
73848844
69577529
65332159
61097077
56822048
52570023
48332571
44059103
39829740
35588865
31318190
27083547
22810379
18540876
14291147
10032249
5742820
9285052
5025723
819914
239792150
235571282
231374895
227158885
222887871
218650067
214408311
210163905
205976691
201748475
197465571
193234780
189007681
184742124
180518733
176265449
171975185
167762318
163518638
159260310
154993515
150749319
146465095
142266869
138002765
133688663
129430436
125189972
120934373
116664929
112407635
108117566
103854483
99611843
95321160
91074796
86880675
82651379
78390362
74138694
69855700
65584510
61325030
57040721
52792543
48532178
44244618
39974047
35706932
31424401
27171809
22903465
18623532
14352519
10076754
5791193
7085034
2857004
239304966
235064151
230874244
226683335
222463154
218229370
214040048
209807610
205623429
201396498
197182055
192969306
188736329
184471285
180212014
175940835
171688012
167435463
163194606
158936320
154691841
150449882
146183172
141936235
137682718
133402344
129146132
124907684
120633821
116380898
112115009
107838094
103583121
99325373
95048406
90785584
86525347
82254170
77990499
73741741
69466995
65226698
60993935
56717392
52505103
48233111
43994482
39732863
35474317
31203228
26949844
22678052
18415161
14164821
9892998
5651014
9774843
5508849
1281955
239532338
235236231
231034743
226787043
222525800
218294064
214052344
209822141
205567825
201326065
197091574
192828161
188632208
184353032
180131392
175908174
171644953
167391568
163154329
158908945
154649682
150416108
146114739
141859211
137616858
133339436
129078548
124808519
120544195
116263753
111992687
107717412
103451360
99198742
94912269
90646175
86394844
82107035
77863798
73608608
69350026
65097689
60863565
56603797
52335495
48109473
43847265
39617729
35381248
31118377
26899887
22636317
18377180
14140276
9897482
5645899
7810982
3565745
239355767
235112109
230855756
226650696
222413588
218236990
214010448
209777966
205560761
201331261
197099845
192891391
188665549
184431714
180222372
176031716
171793987
167592011
163401915
159135779
154883792
150634857
146373845
142131072
137892179
133630323
129378020
125142906
120880959
116612642
112344679
108076061
103820474
99562734
95292288
91047571
86786203
82515638
78250001
73989679
69721132
65457129
61196743
56920280
52668226
48432025
44124040
39856099
35604436
31299384
27037955
22774743
18486575
14222973
9966419
5688900
10338658
6080408
1861119
238259118
234006965
229818665
225605283
221391783
217154054
212942599
208708427
204520318
200323414
196097979
191860235
187633325
183403528
179176509
174947262
170716302
166486666
162313451
158081244
153861426
149662036
145420667
141193799
136951518
132728483
128520696
124275143
120049855
115823814
111602689
107332193
103109399
98889595
94643883
90411775
86214079
81982242
77787768
73593602
69325683
65106444
60925529
56687076
52449742
48227054
43991664
39803444
35561043
31331303
27099576
24708805
20475762
16243138
12032673
7757454
9648599
5404255
1194174
239679964
235414341
231204293
226997930
222723166
218499944
214282377
210024266
205832073
201602098
197340199
193108464
188860294
184616174
180383432
176143682
171852413
167636766
163319346
159034772
154805834
150576971
146311488
142059937
137806931
133542266
129295931
125048288
120795990
116547003
112286318
107996333
103740168
99481682
95204337
90958513
86693461
82431243
78176294
73911440
69636175
65380306
61104455
56859803
52608890
48346051
44079501
39836657
35544050
31280845
27033125
22762530
18512041
14266835
9983529
5707737
7652477
3413642
238555812
234311706
230096054
225907480
221661024
217414426
213181176
208947351
204737955
200517682
196247930
192011354
187749976
183452807
179209374
174951950
170681057
166446703
162250450
158008431
153775149
149542879
145290023
141058612
136846666
132596225
128380288
124160802
119915451
115694089
111465349
107212255
103032730
98801651
94556529
90333489
86120922
81872246
77644155
73425663
69174464
64950610
60729123
56490349
52276522
48059738
43832200
39610778
35391681
31160959
26937730
22717712
18453372
14184746
9912805
5626970
10988332
6780508
2543000
239322387
235026231
230842059
226644688
222409008
218138108
213917918
209684771
205490213
201265651
196999854
192796907
188593643
184369690
180140765
175906088
171665211
167476563
163194122
158934707
154694320
150470248
146202726
141973170
137733741
133484098
129244361
125025630
120770028
116538450
112321813
108062324
103819174
99585880
95326897
91088755
86861812
82593100
78363238
74127104
69858849
65620081
61404351
57120232
52891163
48648722
44377727
40142511
35899670
31628411
27405479
23176112
18895657
14678982
10431190
6124138
9346568
5091519
900857
238605346
234343684
230122953
225908657
221656384
217435865
213208045
208960146
204738211
200492006
196255101
192026314
187790107
183526925
179300221
175077672
170826291
166576793
162366000
158094441
153848582
149620568
145382473
141124831
136892206
132635948
128452129
124218732
119965142
115747164
111533428
107261054
103023079
98788782
94523732
90303803
86117124
81880081
77640287
73406670
69165422
64938312
60693827
56398144
52159272
47958249
43710389
39496615
35283311
31032647
26813923
22576828
18332337
14112306
9925893
5686186
8290328
4058396
239310975
235075843
230879482
226669226
222440282
218233467
214032828
209803402
205617136
201406506
197172016
192931035
188727254
184475438
180286268
176074409
171821319
167599294
163303877
159034562
154821828
150612266
146347494
142114840
137908591
133619588
129395199
125162266
120884730
116671565
112452486
108147370
103896142
99659517
95390346
91143069
86879524
82597679
78339833
74090378
69826257
65568428
61303088
57036053
52792223
48554148
44248411
39996530
35744591
31478423
27222505
22970221
18684485
14449000
10202178
5936622
10887465
6630167
2414010
238461804
234207195
229953571
225742523
221507692
217291472
213107200
208867542
204652031
200430112
196174478
191958101
187711927
183497478
179228032
174975640
170725612
166482783
162236699
158000323
153777076
149552347
145314344
141093101
136894532
132648349
128429272
124209114
119953068
115723871
111513053
107262196
103040076
98798082
94548317
90319415
86094328
81839639
77628783
73398247
69158030
64956672
60677774
56439996
52222314
47931168
43676309
39450269
35247156
31013794
26771661
22547613
18283007
14063618
9849101
5625520
10035902
5789424
1593577
239223867
234971616
230791092
226575021
222295596
218064284
213852260
209614267
205402638
201205212
196941806
192749435
188550856
184284164
180045658
175810660
171541916
167305103
163062448
158801401
154577678
150320993
146047330
141805362
137568449
133309184
129081687
124857954
120605331
116360498
112127565
107853723
103598352
99360599
95098418
90907954
86671225
82311973
78064301
73826523
69566085
65327956
61120947
56866711
52689309
48426371
44130427
39870910
35629788
31388074
27116222
22851537
18587528
14307319
10033346
5822319
8484998
4234133
238899635
234659930
230483015
226249311
222033202
217798994
213577385
209366051
205155281
200921704
196707819
192498791
188323038
184089478
179888624
175658817
171401037
167171262
162926501
158642033
154419816
150163735
145895488
141677728
137425748
133164581
128907421
124679518
120412181
116161863
111910930
107665637
103443317
99191030
94918294
90657413
86402689
82135843
77870384
73642812
69364103
65154024
60907254
56634777
52391945
48125321
43848623
39612299
35375362
31096740
26851317
22633406
18377203
14154257
9913564
5665076
11525308
7296448
3070296
238974195
234763315
230542914
226362416
222143321
217917339
213683004
209466391
205286991
201087815
196856599
192678482
188440156
184182301
179952179
175731868
171457915
167288012
163088785
158840716
154612680
150375596
146089784
141811563
137534417
133250926
129026468
124754918
120479843
116229764
111971145
107686553
103437821
99190593
94922853
90734755
86500479
82228134
78001527
73822967
69542501
65302438
61066607
56779871
52534781
48240057
44044911
39740978
35549471
31207634
26964699
22722049
18459269
14213504
9935513
5668080
10106588
5868273
1668334
238122459
233906407
229734006
225542660
221310359
217064815
212826894
208599372
204406909
200161662
195939194
191720077
187476924
183215606
178998563
174778391
170511922
166292142
162064111
157826950
153658553
149452760
145228878
141026402
136826843
132600454
128400641
124186550
119965462
115756866
111550564
107298426
103066496
98842519
94592565
90374485
86147779
81894668
77659745
73463776
69195582
64992366
60772305
56529399
52296915
48077576
43843829
39653950
35432388
31192153
26969482
22738995
18468149
14207788
9955970
5680848
9729143
5462297
1241265
239645724
235390556
231204833
227013833
222746803
218506874
214296258
210049928
205844696
201637653
197368330
193164090
188913705
184661912
180442881
176212516
171961275
167758434
163066611
158788133
154553611
150335201
146059592
141821873
137591113
133324054
129120163
124890372
120632904
116395792
112178105
107915760
103677471
99440539
95161470
90938440
86709230
82447598
78173815
73929201
69654257
65396854
61120874
56840696
52573137
48341062
44042237
39796126
35530470
31273366
27016717
22768751
18489196
14241747
9975164
5718666
7598848
3358702
238546457
234293016
230063052
225864361
221630112
217438697
213181721
208964685
204770067
200540561
196318009
192093427
187859075
183630026
179393359
175169461
170909593
166670127
162467522
158207402
154027091
149789103
145540934
141326782
137086034
132858823
128635822
124439523
120192634
115960419
111736837
107489679
103280839
99057866
94824074
90609603
86390608
82123514
77889704
73659232
69410919
65196431
60960634
56710548
52522337
48293893
44030278
39825345
35612547
31328847
27079985
22827852
18558936
14306078
10055572
5762073
10913884
6663977
2428859
239551639
235303858
231078769
227179318
223001444
218922211
214754490
211083305
207378640
203158419
198933654
194674034
190430931
186200690
181934369
177693715
173458114
169168540
164909792
160661661
156400543
152133106
147889052
143597292
139351633
135099029
130830740
126588097
122350895
118082338
113852207
109588489
105309471
101035845
96790572
92519010
88265680
84021058
79738231
75491413
71217864
66945530
62690014
58450097
54176199
49929512
45669641
41389223
37121856
32861753
28583889
24339227
20076549
15802411
11544231
7281007
8947861
4694785
497259
239316919
235066663
230870555
226681494
222469696
218234538
214035192
209815779
205625757
201421268
197183270
192951544
188719660
184465514
180211826
175945926
171681425
167445028
163199409
158936641
154701147
150446675
146174240
141927526
137656197
133380693
129135883
124880583
120607133
116346341
112101686
107817028
103580308
99307400
95036981
90792244
86544935
82269433
78010562
73767477
69494080
65251656
60994107
56717264
52470971
48224728
43961320
39730577
35508823
31202792
26939518
22686278
18409159
14191146
9924475
5646099
7357241
3105841
239680915
235411589
231191208
226970145
222732265
218485832
214259402
210035504
205832552
201606299
197372368
193154493
188935881
184696986
180487825
176263934
172031504
167805018
163605967
159342150
155095801
150852619
146583685
142345396
138102571
133836280
129580163
125343995
121067502
116819036
112571322
108287338
104021412
99755281
95469068
91203537
86935846
82650312
78375479
74106351
69803694
65545427
61285681
56979995
52691026
48402827
44108303
39822257
35533355
31255047
26992561
22740716
18463094
14204649
9947801
5661667
9585700
5326955
1105193
238958802
234725677
230519288
226277738
221997528
217731914
213511121
209270302
205027915
200818365
196567964
192335880
188101961
183844583
179629056
175406665
171167652
166891078
162701819
158443857
154269518
150043106
145730112
141510914
137309787
133056578
128827550
124598131
120393480
116151155
111916827
107661890
103432743
99198526
94938031
90753549
86544188
82291494
78070497
73844955
69590502
65372415
61175365
56959488
52708550
48483193
44223147
39968387
35741391
31506428
27251929
23049777
18820822
14564065
10316789
6066161
8180936
3928978
238834295
234600999
230411720
226196378
221983001
217771957
213551096
209309735
205117468
200947523
196689955
192491476
188284283
184047537
179860263
175677436
171450568
167234908
162984652
158722824
154495081
150282569
146030582
141801711
137567142
133301247
129063147
124841352
120579657
116340026
112121376
107857659
103632930
99391609
95127399
90890068
86626167
82364857
78106098
73846975
69564216
65329673
61102407
56865151
52631503
48384241
44098303
39840870
35607585
31330456
27072994
22815572
18559728
14318060
10099647
5843956
11240094
7008080
2795693
238701097
234452216
230240361
226028680
221776168
217547898
213315473
209078222
204850669
200621650
196381927
192170279
187985654
183764852
179563537
175386902
171154260
166942702
162732809
158485410
154259742
150044579
145791124
141587527
137370128
133131756
128921598
124703774
120455863
116223862
112005114
107756894
103516442
99298664
95063385
90823788
86628451
82347941
78141263
73899679
69644900
65414504
61168345
56893244
52712344
48505993
44248792
39999419
35779247
31495927
27257261
23002982
18736417
14474740
10217322
5929918
10329288
6055831
1830010
239369444
235111530
230918836
226720296
222466736
218276932
214077969
209835586
205634722
201449939
197211052
193016981
188797372
184542795
180313217
176084589
171830527
167616937
163408957
159150910
154909771
150672871
146424549
142174494
137922853
133644099
129392544
125150952
120890278
116640622
112397415
108126422
103886614
99629084
95362174
91109890
86848723
82564247
78284382
74026133
69732942
65475285
61228788
56950080
52674803
48455019
44174572
39914045
35637247
31319033
27060730
22786084
18505284
14252547
9991702
5725486
8623088
4354660
239526508
235276753
231059626
226820682
222576831
218379978
214168988
209945417
205711878
201502278
197265898
193041047
188845152
184589183
180363547
176105896
171827367
167587929
163346109
159066425
154800557
150519835
146249386
142020897
137772742
133518211
129266733
124985594
120724179
116458616
112205926
107929714
103725859
99474353
95204709
90976349
86715896
82445321
78185959
73946986
69668024
65430795
61196366
56916988
52652320
48413976
44121483
39883809
35630694
31349831
27090075
22843294
18569767
14292863
10056672
5781363
10827548
6573951
2359435
239685040
235453313
231227646
227041965
222797291
218568553
214352118
210128815
205937820
201725810
197464974
193267999
189018321
184749228
180508654
176253242
171993975
167738821
163516113
159255685
155027480
150765963
146500647
142245151
137958707
133693171
129429679
125168554
120919480
116699463
112433111
108152422
103870833
99622009
95346692
91077923
86811204
82527987
78266408
74007527
69721273
65452915
61180032
56909345
52663347
48414246
44145046
39898959
35672243
31414043
27165679
22903071
18616033
14344705
10098813
5812841
8930638
4646692
426554
239426294
235167794
230979806
226766646
222519950
218272850
214048800
209817696
205601487
201380858
197166662
192962746
188740971
184508702
180330699
176128785
171896221
167699030
163446914
159186015
154933098
150694178
146423626
142181480
137925496
133644481
129377603
125131614
120851934
116594148
112316340
108051633
103775136
99506759
95221202
90976419
86724963
82412854
78147298
73870836
69580236
65327289
61057296
56822672
52602286
48347300
44071661
39853111
35616422
31325750
27059967
22792914
18493897
14214316
9971727
5689018
7042967
2780002
239718535
235458062
231272322
227040657
222823772
218586486
214389162
210149525
205935556
201738362
197506248
193315380
189106873
184867091
180645501
176425708
172178427
167956311
163694660
159429210
155195188
150951806
146663433
142423896
138196801
133929067
129673179
125429367
121148051
116906840
112647236
108401882
104139381
99891142
95668149
91432435
87174646
82891258
78608323
74326498
70073640
65791388
61531657
57226278
52974360
48702115
44401843
40105831
35828975
31528471
27244432
22980219
18684902
14408770
10103214
5822936
9272136
5007068
777049
239815680
235537591
231310432
227100523
222847813
218633170
214418057
210174633
205964877
201741948
197488774
193266676
189034346
184754751
180510678
176298779
172026814
167793764
163542870
159280867
155036721
150789610
146511404
142247686
138012136
133789141
129509235
125275593
121033087
116756591
112506378
108278826
104002486
99745816
95515409
91229977
86985033
82752517
78488244
74232843
69971904
65697625
61457250
57213115
52939294
48686859
44426335
40137180
35865675
31611320
27348455
23118513
18876351
14608096
10326480
6079855
7072062
2808162
239686642
235428016
231188687
226950245
222693288
218476483
214255730
210026275
205799076
201566421
197316583
193105652
188835563
184559111
180306193
176067061
171788454
167538297
163270508
159006037
154757178
150521607
146233723
141991843
137756736
133488740
129242051
124986756
120709454
116482550
112239420
107961322
103733206
99466220
95197482
90937727
86678152
82392514
78133632
74133290
70077408
65880225
62770607
58475128
54242718
49986999
45705602
41453234
37195131
32925572
28645439
24409637
20137580
15910500
11654902
7380431
9238917
4973126
771198
239966631
235734174
231532750
227337471
223092855
218857957
214623051
210373235
206126584
201870471
197621889
193362098
189134000
184848274
180581388
176300579
172029415
167787953
163541905
159270505
155028375
150759022
146512166
142266690
138008177
133724526
129475639
125220972
120930336
116670520
112406606
108126510
103869639
99599970
95316897
91058801
86763604
82474308
78215925
73928346
69649725
65381200
61180411
56926259
52691800
48470866
44169827
39900783
35630163
31319255
27074028
22819374
18530787
14265163
9994943
5700722
6920913
2683652
239454905
235224459
231018981
226824546
222600624
218380858
214182471
209962508
205769540
201572035
197325770
193072064
188822998
184575900
180351679
176143350
171813123
167537841
163224211
158953125
154719214
150458079
146188660
141940049
137703090
133434541
129194279
124964667
120678282
116434015
112177373
107915649
103648906
99414459
95139031
90903191
86670209
82402234
78160445
73913376
69628347
65363116
61115253
56825936
52536775
48286611
44006049
39718066
35465933
31201036
26921178
22686070
18422738
14177989
9939471
5682773
9432217
5167876
937520
239954672
235677231
231472634
227247576
222989073
218754725
214519845
210290569
206083959
201845160
197626866
193371676
189112235
184835547
180602170
176348846
172094391
167833444
163588720
159304723
155054444
150817906
146522180
142264183
138009635
133703999
129446349
125196347
120905293
116626081
112393636
108130775
103882883
99639734
95344448
91077991
86790296
82504070
78233521
73978575
69681422
65447502
61178387
56906205
52644183
48387914
44107047
39844947
35588041
31301080
27042204
22753207
18469678
14218660
9936824
5668503
7136178
2870559
239207938
234938493
230701070
226498415
222283343
218087356
213883771
209657212
205477439
201273928
197027709
192837617
188644819
184406324
180217116
176007567
171790220
167555033
163304844
159025007
154773993
150554124
146290280
142041285
137803250
133543050
129301997
125064708
120786731
116539259
112281974
107982963
103703137
99430358
95148092
90877192
86605185
82308412
78032960
73756446
69460498
65174330
60932860
56659049
52371821
48123246
43846331
39597962
35321807
31060571
26788320
22538717
18256264
14018390
9766856
5501925
9694034
5452404
1234255
239548510
235277367
231067844
226877840
222617928
218388972
214179711
209939131
205722696
201547638
197314588
193088041
188899161
184599648
180351254
176105751
171816654
167613187
163356892
159092860
154844053
150616687
146318211
142100921
137834974
133569456
129309528
125067773
120786376
116561599
112295460
108024491
103784034
99535346
95267376
91037587
86786736
82521919
78256608
74010579
69738481
65497514
61244660
56969831
52738323
48476952
44211023
39967953
35738080
31466861
27228758
22983133
18700235
14474126
10208535
5929823
7749473
3481979
239235690
234990843
230796672
226592291
222375484
218174234
214014796
209785727
205605856
201392792
197152066
192961845
188769897
184531831
180308776
176081321
171840818
167612174
163380339
159106557
154827987
150615876
146329984
142071143
137790340
133527089
129247838
124999211
120725281
116468932
112238265
107933399
103701755
99418353
95160811
90885812
86657742
82365582
78127187
73882745
69586921
65359788
61127765
56837251
52597653
48356042
44093243
39850256
35581968
31313880
27096311
22857713
18567683
14310668
10060808
5781112
10472875
6232857
2010889
239528822
235297724
231107895
226915567
222679554
218478236
214262017
210041311
205844137
201610202
197371868
193150762
188911308
184661299
180432346
176199329
171938604
167712074
163464091
159147728
154896066
150633969
146349580
142098980
137844382
133560746
129291344
125043040
120765341
116500396
112243773
107961508
103702724
99448405
95149399
90921439
86656158
82379948
78121384
73875366
69580746
65333177
61099180
56832555
52581612
48356010
44079896
39836529
35583005
31314886
27068676
22823098
18544828
14306519
10045842
5760197
8525884
4295213
240229537
235980342
231729478
227510203
223268998
219046086
214808269
210570969
206364059
202172615
197925972
193725063
189449725
185176572
180919842
176655664
172339833
168089086
163820457
159555236
155304643
151079869
146816242
142563477
138290110
134000984
129738905
125459952
121157356
116902249
112623808
108320483
104046762
99780343
95508854
91218302
86939312
82647974
78410763
74146163
69865109
65594602
61343530
57061729
52812415
48532320
44230919
39964045
35691283
31399761
27117081
22884578
18614421
14353454
10109039
5853981
10271763
6017294
1791985
238893208
234646163
230439596
226217855
222000477
217790150
213579276
209344831
205141819
200924533
196704306
192514069
188322301
184086613
179895992
175673840
171459329
167245618
162996459
158738794
154480614
150220672
145950717
141712832
137475256
133223881
128983894
124744656
120473074
116210799
112002824
107727810
103516263
99251479
95001243
90725987
86491733
82206852
77957570
73723220
69451247
65215085
60987268
56732869
52509343
48279149
44016991
39771500
35529668
31257657
26986963
22755941
18490050
14244598
10020002
5755382
9031446
4802192
618156
239534143
235263381
231051789
226865090
222619158
218419340
214253826
210034905
205846852
201630122
197368290
193093985
188832953
184584426
180339991
176087499
171804329
167553707
163301634
159027524
154776735
150545777
146271626
142026844
137745129
133483942
129245662
125001343
120728634
116489884
112242881
107987349
103746423
99520674
95249992
91013936
86777640
82513166
78288558
74083314
69827332
65597860
61376732
57117565
52905738
48677732
44407103
40160529
35898670
31634891
27363728
23115163
18826534
14554499
10300836
6022824
7413200
3146954
238876215
234590629
230356679
226143516
221863219
217624127
213416958
209184334
204988910
200781722
196540444
192324954
188126506
183873175
179685602
175481586
171244961
167060897
162831152
158607399
154352744
150141457
145897218
141686372
137487899
133271695
129055390
124834311
120566522
116337025
112112697
107863676
103635496
99408732
95165960
90918990
86665121
82412902
78162208
73924650
69660404
65408164
61182388
56912003
52660285
48408402
44141392
39912725
35642928
31369408
27127454
22838575
18567680
14315176
10082593
5798665
10467654
6234669
1992426
239498430
235262025
231070038
226850766
222584061
218360175
214115840
209870308
205682401
201410497
197165243
192932132
188666327
184389965
180134904
175887711
171608119
167366749
163130111
158870260
154651335
150380954
146116917
141872108
137636342
133366418
129096785
124852920
120558069
116307355
112031366
107761116
103522343
99274761
94996956
90748273
86517212
82240571
77989972
73739903
69472272
65242469
61010881
56742818
52515326
48283616
44020262
39772792
35533900
31267214
27023883
22784211
18509393
14263592
10006710
5716730
8561201
4303864
239107075
234937796
230735823
226819454
222584609
218431309
214236187
210011221
207131205
203180236
198987349
194760278
190540984
186323771
182050064
177818828
173578091
169320662
165108864
160889108
156668518
152382438
148158052
143934543
139678879
135414458
131152676
126899294
122645839
118390279
114157394
109920856
105700684
101396018
97148149
92908522
88659997
84456463
80221195
76001133
71785554
67575134
63332167
59067585
54824850
50588806
46388217
42115759
37885974
33645276
29390001
25130727
20884862
16607350
12376092
8141109
11710520
7468937
3253248
239365452
235122922
230908334
226695335
222448984
218220579
214017681
209800833
205613217
201397723
197179505
192965932
188743986
184510405
180305282
176095995
171885112
167707032
163465706
159196004
154943889
150662207
146397471
142142305
137896287
133632531
129382649
125133086
120861047
116608919
112352148
108072817
103815050
99553068
95268968
91009477
86742961
82466476
78213476
73952183
69680861
65455244
61212226
56935676
52652145
48392998
44125424
39879739
35639090
31354194
27084529
22855685
18572774
14298864
10024402
5745314
10071077
5812658
1584355
238765856
234509915
230294058
226093832
221850533
217650757
213432773
209180728
204958440
200705255
196457580
192246714
188014611
183781076
179558365
175307057
171076983
166824854
162606285
158348025
154137380
149904573
145618924
141418297
137193692
132964979
128743018
124550474
120302474
116082572
111842602
107590086
103388897
99156817
94920344
90694522
86469549
82207706
77990098
73746517
69452329
65192737
60956969
56691262
52435626
48170894
43903829
39670175
35427579
31146945
26910933
22668007
18404651
14174600
9930574
5669813
9004681
4782466
590687
239168252
234925851
230722805
226525829
222300588
218104417
213912725
209685632
205479003
201281420
197071785
192779939
188538547
184278661
180038239
175856975
171584400
167311001
163068933
158821612
154599257
150354769
146081873
141825227
137584125
133353556
129107456
124847421
120566332
116312881
112054075
107814729
103573306
99344911
95074346
90843944
86636643
82364933
78110190
73875242
69603614
65386121
61152285
56893626
52664177
48408309
44133376
39832136
35592438
31306748
27083221
22808727
18532954
14264899
10024534
5743262
7591468
3295563
239229635
234969001
230788329
226591823
222350974
218182497
213986413
209763359
205572166
201356539
197100953
192894781
188663686
184378259
180131211
175896627
171623179
167392140
163168825
158895039
154664976
150379520
146122639
141886255
137637248
133355223
129112995
124835673
120570240
116308723
112063265
107783364
103544946
99280750
95028905
90771809
86536219
82252600
78038049
73747360
69489299
65227219
60997637
56728384
52497687
48251215
44005471
39794072
35558241
31295602
27007302
22762676
18488224
14261262
10005976
5730522
10166743
5935433
1720421
239495848
235228175
231041827
226822048
222556554
218333481
214123630
209866306
205653018
201452398
197225130
192988995
188772777
184533307
180315239
176100879
171874558
167639415
163396373
159132609
154918445
150677053
146382093
142127383
137866773
133590121
129329249
125063806
120773514
116505246
112266544
107986278
103746192
99519817
95264370
91015049
86774081
82551239
78329620
74087381
69805227
65533985
61278657
57006501
52815446
48573379
44299573
40093123
35839545
31566989
27314051
23038915
18738262
14458059
10168993
5888753
8314435
4084170
238502265
234248646
230048945
225820903
221587920
217358793
213140459
208903177
204707073
200475965
196239952
192035868
187804905
183557304
179366254
175130812
170885407
166668322
162464309
158234397
154017710
149829340
145566684
141336800
137113941
132842500
128606880
124389364
120127475
115886014
111655276
107407677
103171492
98927111
94670224
90448383
86229402
81964556
77757807
73509253
69250440
64985379
60750752
56492419
52283960
48038034
43789521
39568846
35324693
31068270
26841274
22571997
18314340
14078779
9849568
5589413
11591554
7365030
3164592
238313348
234089914
229899860
225713305
221493261
217314035
213115155
208892411
204701428
200484562
196257974
192055019
187887775
183657685
179469031
175278904
171051409
166877534
162699807
158443181
154214399
149982781
145738584
141510581
137272519
133033058
128804721
124575667
120341545
116124767
111912150
107653549
103458384
99228429
94972186
90756040
86526855
82293398
78072066
73850143
69580556
65361012
61138222
56899579
52700801
48487990
44215203
40026619
35785373
31484896
27236166
22995951
18718037
14476441
10241973
5967914
10884097
6654623
2429789
238009671
233759970
229554873
225359777
221122027
216929260
212716306
208473413
204234266
200021394
195800659
191584007
187360621
183112142
178886650
174666274
170417471
166155779
161934968
157688011
153477625
149254821
145008539
140814567
136605159
132358284
128119317
123902447
119651540
115422207
111222034
106988022
102750266
98554882
94306438
90091681
85846638
81600828
77391964
73168284
68921721
64722346
60533596
56266040
52042078
47839110
43584803
39365634
35158126
30892667
26697487
22481710
18258396
14064692
9857900
5631662
10442048
6205131
2008339
239297978
235065764
230904591
226713278
222499163
218310384
214113581
209888543
205690668
201479681
197257870
193055226
188850731
184639068
180410881
176172968
171906933
167646397
163396166
159114115
154864523
150621320
146359792
142109630
137834549
133570837
129317011
125067076
120827165
116611543
112377782
108076209
103833954
99573645
95305184
91054173
86812165
82529976
78291488
74061288
69775038
65510724
61255401
56969865
52708038
48438132
44177843
39924235
35668436
31397450
27148952
22905494
18624952
14376786
10119948
5846082
8927207
4650897
426940
240353004
236077269
231864573
227666185
223421103
219227888
215042581
210788007
206559854
202334356
198087149
193833235
189594885
185314016
181060874
176811616
172520079
168281730
164029919
159806879
155512886
151256602
147014581
142779981
138542508
134287966
130012050
125754279
121493293
117211815
112946202
108683777
104387544
100135431
95857654
91567707
87300610
83021431
78720295
74449893
70171785
65877948
61623780
57346121
53045302
48760964
44487547
40180346
35897625
31634157
27335557
23068046
18791800
14487196
10215117
5944779
6190575
1935793
239583981
235297010
231037840
226843781
222585404
218385941
214166612
209936225
205710994
201535939
197297547
193070761
188817185
184568135
180301767
176076082
171806520
167610256
163353666
159072160
154832479
150584700
146334543
142097070
137866795
133599347
129374724
125122299
120852415
116597618
112351905
108088022
103862406
99624728
95361412
91136922
86882967
82615358
78344951
74107915
69840095
65592947
61347633
57063050
52818682
48555892
44292284
40037620
35775238
31479854
27211965
22943791
18650204
14388793
10112142
5823063
8524643
4266934
238935566
234666980
230410551
226181311
221958310
217749639
213540270
209294603
205094855
200821660
196569074
192336623
188057445
183773987
179536981
175276287
171007338
166751438
162480844
158223629
154023406
149782138
145531564
141282362
137047452
132799665
128556154
124334092
120081849
115846019
111933040
107690742
103581276
99386019
95141942
90944513
86736529
82503646
78325072
74994406
70745409
66537238
62306879
58037104
53821998
49597927
45362966
41133598
36905322
32627034
28385183
24126121
19857374
15607273
11352986
7093501
11466331
7215452
2977506
239450017
235182227
230949119
226725315
222482015
218256583
214035486
209790678
205575302
201359424
197109432
192902030
188680962
184426338
180243293
176025806
171796633
167591812
163390315
159098657
154856874
150631376
146371389
142137268
137899618
133637807
129397344
125175106
120913218
116676645
112444175
108184939
103977072
99741960
95484658
91247851
86987497
82689762
78393964
74135073
69864684
65573242
61331496
57042693
52794143
48512009
44213567
39956660
35669805
31383592
27148539
22840118
18561855
14296042
10023842
5725967
9599101
5341598
1121152
238836724
234564926
230364750
226188897
221945785
217734066
213534365
209293242
205093344
200882304
196646421
192413776
188172442
183915439
179680716
175454112
171171202
166926963
162669345
158401002
154185051
149921723
145645341
141433880
137218608
132961537
128729055
124538733
120294081
116073807
111877393
107634832
103417939
99202141
94941900
90715969
86514251
82289737
78066513
73855840
69615127
65397705
61196788
56916217
52665338
48422635
44166935
39955764
35727263
31445974
27210942
22966193
18711027
14456050
10222959
5950491
8369418
4097735
239166289
234927926
230693224
226502377
222267812
218051646
213869958
209617720
205404810
201166494
196922230
192643416
188413528
184170473
179937893
175710616
171463674
167244496
163023241
158763071
154509107
150292130
146037610
141819216
137566513
133297820
129079269
124856583
120585918
116344022
112089561
107826052
103578039
99330150
95065077
90827124
86589020
82326686
78089791
73868171
69606851
65377771
61124332
56862212
52584436
48335287
44110323
39827785
35570523
31323216
27089086
22836979
18558026
14313596
10067816
5807078
11122343
6886365
2692752
237611852
233388142
229169678
224987881
220763877
216567927
212378986
208146028
203955394
199782436
195525591
191318232
187125604
182903819
178716304
174491775
170243068
166044152
161828320
157565686
153361816
149136497
144902659
140716045
136523383
132270037
128096266
123884653
119650914
115431333
111205398
106984454
102783548
98567182
94332285
90136024
85928588
81694719
77501330
73308502
69092246
64889393
60694792
56466166
52266717
48003748
43777133
39562973
35342711
31114382
26952631
22733203
18499180
14295402
10069619
5824208
11136961
6897665
2698506
239654736
235416353
231199920
227025145
222792575
218559809
214343484
210106748
205894222
201689296
197441338
193227888
189020311
184793960
180537486
176262834
171969538
167700838
163420439
159157588
154918842
150669421
146404396
142169220
137928496
133643289
129394623
125147644
120866414
116616525
112350852
108080408
103818241
99581692
95294010
91050843
86791875
82516180
78233973
73956097
69686860
65433530
61198542
56938082
52702136
48463837
44177910
39931617
35673414
31396688
27147324
22893396
18598584
14356141
10123316
5864322
9216529
4943327
731388
239440498
235158567
230947365
226759628
222523041
218333540
214136747
209894364
205680489
201471300
197235440
193022484
188801390
184548811
180280371
176043955
171771985
167522717
163308789
159019239
154793123
150526973
146273796
142040804
137827085
133557982
129302229
125069180
120774297
116531400
112295600
108046084
103812833
99536122
95264607
91006715
86743455
82469383
78209800
73988634
69718480
65496985
61240986
56990141
52733913
48452843
44174098
39927349
35724109
31472490
27194710
22967687
18719137
14458783
10186803
5970829
7364977
3097394
239383672
235125396
230866278
226648728
222410228
218199741
213979681
209749135
205531848
201323404
197080306
192875179
188658595
184406534
180224138
176004294
171769126
167557162
163321876
159057839
154801490
150556018
146277155
142032243
137793537
133503992
129253797
125010502
120720262
116476577
112231852
107944517
103693728
99435654
95144898
90881962
86622737
82344509
78089519
73825836
69558507
65275202
61049439
56781411
52530537
48289587
44026688
39776946
35530646
31269029
27038896
22840505
18576643
14331587
10074583
5798476
9818581
5543309
1322070
238482647
234212161
229998247
225792711
221551816
217340529
213123860
208878229
204653462
200417962
196171134
191938341
187710235
183454052
179214442
174962915
170708003
166468703
162253115
157996119
153768618
149553599
145328318
141118118
136907445
132665646
128492796
124303552
120080462
115879530
111658307
107411834
103185901
98968994
94725279
90493381
86273787
82026533
77819311
73599676
69353326
65134734
60937810
56703684
52500894
48286752
44057689
39810172
35590517
31333181
27089407
22821619
18542380
14259466
9994822
5716488
8980620
4737794
511373
239029054
234762495
230554260
226339479
222045766
217792912
213575281
209339532
205125816
200898526
196661017
192441073
188221081
183966008
179740429
175529708
171274593
167054399
162813005
158541039
154296333
150050390
145781699
141543736
137336292
133075608
128852071
124624778
120361588
116141249
111896097
107630598
103378748
99106098
94828442
90569659
86334253
82069895
77831686
73605871
69348402
65146065
60905733
56643831
52383526
48133360
43854752
39619229
35383316
31120626
26933297
22706015
18464881
14234312
10001219
5747142
7592447
3351255
237404154
233179677
228972123
224772772
220555506
216378183
212189436
207961136
203773775
199575913
195350470
191128732
186887410
182619272
178393861
174168219
169894108
165643006
161420594
157198083
152988403
148779006
144557785
140359968
136156434
131919031
127715433
123515236
119284061
115099622
110886558
106664281
102447786
98237926
94001714
89783008
85564927
81319816
77125262
72914496
68692595
64489561
60295082
56066716
51870435
47667514
43455064
39267030
35062478
30825768
26622918
22417902
18198126
13991410
9795792
5574710
12064785
7762314
3588062
239666389
235407325
231165636
226922601
222658567
218412810
214165946
209907251
205656811
201429248
197121861
192897590
188696469
184358850
180116662
175866850
171594142
167373370
163123741
158855376
154597659
150321229
146036493
141780013
137525048
133247401
128997413
124768154
120490831
116251824
111998055
107720000
103464858
99187390
94891418
90634560
86381852
82112391
77874614
73645985
69389216
65151833
60910260
56647281
52397607
48134426
43861833
39612629
35419046
31126869
26873709
22635617
18373392
14136259
9895391
5634780
9984462
5749604
1562542
238385836
234142002
229947996
225769677
221536174
217333645
213146392
208917250
204748968
200559852
196334697
192165194
187981427
183777358
179595466
175413276
171198932
167010372
162786820
158514061
154299134
150068642
145834723
141630728
137372269
133101097
128868183
124620463
120352293
116124396
111884307
107622367
103388290
99167785
94881826
90673737
86457258
82176803
77934631
73688014
69427858
65198402
60986839
56739323
52522853
48298364
44063190
39852808
35981128
31817085
27643840
23420838
19197936
15101281
11643687
7396860
9272084
5002638
801405
239861901
235621721
231447048
227227083
222991902
218759115
214548632
210310947
206116158
201905966
197689977
193500153
189280548
184997293
180751843
176453645
172181411
167922549
163637703
159414636
155184414
150923274
146684976
142441287
138177149
133928273
129671297
125390211
121134573
116874407
112581880
108325966
104073474
99821204
95567311
91281675
87022711
82743664
78451940
74166254
69875444
65586919
61305097
57028405
52728665
48492331
44219924
39943507
35696625
31450449
27182424
22944336
18699703
14395189
10144613
5881697
7080859
2820384
237555757
233295183
229076055
224872426
220638859
216444068
212248432
208024236
203839382
199635075
195412729
191228748
187041906
182821564
178614221
174394254
170140455
165915526
161727353
157477511
153268337
149052245
144786588
140566463
136375224
132137141
127903708
123706069
119451872
115261223
111028999
106813447
102614904
98428946
94224552
90028328
85838360
81614708
77418478
73223965
69013091
64817545
60628270
56423094
52226704
48027419
43814961
39619209
35447327
31201087
26976707
22745794
18501677
14276933
10053575
5796261
11346055
7119410
2973512
239477343
235257556
231097033
226916668
222694051
218521712
214331519
210122368
205857220
201674402
197396952
193222573
188964632
184670628
180405617
176138689
171826485
167550026
163244459
158981563
154742908
150513631
146247420
141957394
137722104
133448720
129183514
124935198
120673084
116426987
112186142
107923710
103675507
99421574
95140193
90882557
86654398
82378502
78156356
73901509
69619985
65378817
61153441
56888869
52662736
48422562
44142220
39897852
35661837
31398248
27156226
22915941
18646864
14425868
10191073
5926778
9641811
5378711
1161671
239307686
235056595
230841468
226637128
222355365
218120485
213868341
209644771
205436970
201220638
196983352
192764554
188544130
184274416
180050486
175796443
171548474
167319631
163124958
158871880
154665087
150448586
146159418
141916331
137670980
133407821
129139342
124896281
120617940
116378819
112125889
107850370
103610718
99364305
95112494
90863193
86626987
82345543
78078028
73819718
69559318
65299002
61082340
56819162
52588143
48356540
44094564
39854644
35616729
31359529
27114660
22861256
18585602
14308180
10047495
5769233
7969546
3709338
240068721
235820050
231597488
227375026
223131165
218945426
214725946
210482850
206302475
202068189
197828813
193587906
189363069
185102626
180899936
176646682
172407679
168159163
163966302
159679174
155449038
151213453
146942663
142689875
138431564
134155431
129895186
125633901
121334640
117057151
112790047
108498882
104233231
99958421
95668456
91401601
87126138
82836933
78564414
74316645
70006411
65733416
61481713
57200421
52927650
48653097
44371290
40113185
35834972
31525493
27227671
22952392
18655541
14346883
10101906
5826208
9811094
5566923
1339833
237840141
233611181
229397415
225208618
220936537
216708644
212494657
208245020
204045609
199829146
195578367
191378886
187166105
182930205
178733639
174509760
170289546
166053710
161814085
157562800
153335656
149107271
144875147
140655334
136442144
132185407
127953376
123721092
119475867
115222405
110985936
106735754
102530676
98273364
94022423
89797874
85582047
81323550
77131815
72937826
68711917
64490030
60270227
56022814
51813223
47615386
43386013
39179955
34978728
30730039
26521895
22316420
18090142
13889650
9654759
5438202
9512739
5284152
1090495
238156588
233903384
229740248
225572404
221365727
217203941
213020018
208811934
204617801
200425489
196212248
192016375
187818897
183607483
179432645
175234499
171013397
166805754
162615672
158359505
154165274
149955940
145692732
141494981
137303164
133037196
128790757
124507968
120251758
116012093
111792133
107582189
103349837
99121953
94859720
90627220
86407796
82096710
77863581
73629475
69378558
65167378
60996283
56660827
52439850
48197528
43968131
39742005
35507470
31237614
26997600
22761406
18505760
14287023
10045197
5835908
9089656
4827515
609092
239192685
234938576
230744936
226524158
222268048
218012139
213820775
209550735
205305815
201072752
196844144
192615645
188381116
184127325
179920673
175652224
171448801
167204409
162939759
158673816
154496116
150238048
145976327
141733054
137507674
133249816
129022207
124818173
120537390
116292448
112050013
107827992
103564404
99313416
95070996
90823349
86583097
82317753
78077773
73798380
69531579
65288692
61130852
56871119
52614207
48318495
44074065
39831260
35605007
31341991
27096374
22788194
18525001
14329376
10097661
5840330
7559739
3303084
239651603
235430066
231208625
226973930
222683252
218452222
214206318
209957480
205726140
201428764
197159280
192911113
188668826
184415750
180185873
175941894
171683610
167445944
163183616
158916102
154650810
150410278
146152302
141925237
137729394
133472940
129243772
124984156
120710766
116458699
112206307
107937730
103724579
99475987
95214434
90983095
86737382
82481993
78213324
73965878
69661526
65415824
61151924
56889883
52630511
48353996
44100962
39819827
35593757
31336109
27140681
22823886
18537244
14255622
9982667
5681141
9756796
5507522
1283351
238693078
234403186
230211182
225999381
221740749
217522643
213319643
209085500
204875539
200648578
196367712
192128247
187857744
183559850
179296782
175060866
170766169
166525748
162307219
158080538
153866549
149654324
145406396
141167983
136937574
132678604
128459020
124242550
119988856
115766723
111551750
107292086
103073425
98839091
94578353
90344535
86106335
81856918
77620081
73397576
69160720
64944931
60708486
56468333
52266399
48046197
43812200
39608904
35393809
31155571
26965055
22726661
18507308
14281134
10058352
5791099
8650995
4400441
239307579
235052023
230834089
226615085
222354092
218110745
213900036
209636178
205443054
201235296
196957250
192737707
188534943
184277742
180071961
175864414
171604807
167412786
163177919
158910735
154669378
150418140
146161220
141913146
137662122
133382438
129133894
124891027
120624805
116345480
112096618
107810122
103567628
99326127
95061746
90805775
86557354
82293765
78056212
73807504
69550207
65293113
61059402
56798759
52537911
48297464
44031784
39785870
35550784
31270782
27008698
22755946
18470621
14207999
9952328
5686568
11271389
7001745
2780672
238343089
234062879
229821799
225628547
221395079
217213051
213006107
208770870
204569175
200316199
196074514
191842804
187636403
183287956
179029651
174795505
170532474
166295508
162073931
157814246
153622786
149442916
145213723
141023809
136816419
132578998
128401357
124190067
119955237
115761646
111545952
107315422
103114589
98896951
94669149
90429287
86229172
81969461
77755308
73526356
69280199
65049229
60872009
56658065
52487420
48292516
44062825
39877644
35703207
31486677
27269854
23054345
18806031
14554859
10313780
6021560
10631339
6377900
2161449
239956975
235726091
231502279
227267653
222986079
218768768
214507925
210252281
206005404
201735018
197472583
193240988
188969814
184714788
180475961
176281088
171947218
167672527
163334531
159070090
154820777
150574756
146300402
142071612
137839112
133569237
129316197
125059087
120788563
116538924
112289365
108008739
103762908
99512585
95238015
90976930
86737881
82469892
78222640
73945737
69656572
65397164
61173992
56897008
52641133
48378838
44099527
39817907
35561169
31279767
27019850
22747948
18443928
14174091
9881022
5613704
8296500
4050912
239701652
235439538
231191153
226963546
222702748
218474364
214263582
210017850
205801179
201583863
197319493
193062050
188816367
184553439
180320340
176097856
171868887
167631546
163371625
159100172
154848628
150600358
146330852
142063130
137815152
133542657
129297105
125042180
120769960
116501426
112250985
107983049
103727616
99469759
95196383
90949675
86754998
82470220
78212159
73939344
69672824
65397392
61147165
56849848
52567219
48292128
44023758
39758580
35453107
31159783
26891462
22587082
18308976
14053221
9806665
5517335
10424390
6173260
1945911
239718825
235456337
231255747
227021715
222786363
218572207
214353896
210104596
205903923
201649763
197406927
193189281
188936382
184685580
180435692
176163126
171887092
167633345
163322093
159061375
154797201
150548781
146278291
142043172
137793213
133521072
129254871
124997208
120718011
116480826
112231700
107949473
103692600
99429154
95153304
90890138
86631524
82352805
78099822
73840572
69563669
65306531
61068806
56830674
52535475
48287910
44010596
39779818
35544778
31276285
27031805
22763265
18487382
14228711
9971495
5699895
8398645
4128784
239174018
234911253
230674677
226449174
222226423
218016351
213809938
209564066
205351754
201156259
196909512
192708488
188495434
184267763
180048615
175849167
171597646
167407010
163147450
158895418
154637216
150390326
146104452
141856844
137588943
133322886
129085618
124881892
120604957
116307026
112045532
107770313
103490635
99251964
94981760
90699772
86465907
82223982
77945029
73698488
69434682
65181081
60924072
56702621
52450931
48225391
44007356
39761942
35542256
31275520
27014657
22799394
18556622
14288707
10057825
5816924
10975171
6736074
2546925
239794339
235562492
231346146
227141375
222915436
218675019
214437263
210189071
205993625
201771483
197535152
193328451
189123014
184887730
180684574
176458305
172166500
167869672
163604750
159335304
155090036
150825546
146528583
142261071
138004579
133737414
129477581
125210020
120935682
116663644
112408778
108136473
103863685
99603247
95324281
91059723
86770174
82489275
78209849
73951818
69662369
65419163
61154541
56887716
52602820
48332471
44040313
39781158
35513129
31256595
26986962
22743178
18449630
14179849
9907701
5625623
8749845
4505603
306302
239479612
235189736
230969405
226769161
222483374
218227578
214015308
209778758
205540126
201267578
197048307
192825288
188623377
184386402
180179264
175954144
171725340
167497446
163300002
159043243
154858704
150634142
146399676
142184897
137958752
133681794
129413325
125160950
120881262
116610408
112371085
108089375
103826394
99554623
95281247
91031664
86775984
82499104
78262073
74019161
69744201
65497360
61253102
56966697
52700043
48425557
44130257
39861261
35569383
31284569
27005766
22730271
18438510
14174441
9910510
5618027
6900519
2640276
239276859
235020608
230821499
226591906
222368371
218138363
213896408
209682391
205483551
201234192
196989492
192750523
188522843
184278589
180052498
175836381
171580385
167368081
163110674
158844501
154600823
150374420
146112181
141863440
137615650
133353167
129114861
124874949
120611782
116369397
112113672
107833816
103581412
99313433
95036560
90799508
86545143
82270068
78040163
73797448
69495400
65235076
61006252
56715422
52462235
48225782
43964406
39722595
35471230
31201811
26957467
22693016
18446038
14196828
9954901
5688081
9552666
5308084
1097606
239139313
234903495
230700332
226529695
222292430
218080667
213887047
209660887
205472483
201283685
197066186
192860379
188664002
184398986
180146740
175919568
171657038
167396556
163157241
158881164
154625920
150387076
146104716
141861072
137603632
133335167
129067811
124822656
120552387
116331027
112067295
107821759
103570160
99332324
95060001
90807180
86593521
82371050
78185606
73965168
69688073
65434681
61202197
56954035
52728080
48488846
44243025
39996871
35765623
31479138
27216137
22940253
18653516
14381331
10131140
5839530
8108016
3857056
239457569
235203349
230939938
226741467
222520576
218261855
214004723
209760216
205534463
201317668
197084956
192864921
188652302
184409696
180201143
175964873
171715356
167474832
163243023
158988034
154753849
150523411
146255157
142016891
137774991
133511604
129265392
125018681
120758417
116528152
112283298
108021602
103773690
99523570
95246375
90997074
86739172
82450394
78193690
73943902
69672748
65425339
61158968
56866080
52608605
48375179
44083510
39818742
35565405
31280693
26997210
22728901
18456117
14202607
9949082
5678295
10555267
6299378
2073529
238289544
234005882
229819404
225615007
221383349
217167566
212955167
208717950
204512543
200300023
196085485
191885497
187673348
183447946
179264083
175070811
170858532
166643338
162411468
158154326
153941726
149708911
145469831
141259640
137024671
132776139
128569750
124335963
120077961
115855874
111610260
107355910
103126083
98901853
94646063
90434440
86196402
81952745
77714790
73493301
69237080
65004943
60803197
56540743
52321743
48090038
43846279
39583963
35329237
31082829
26825037
22579940
18291876
14036136
9790598
5516824
9784361
5520258
1308999
239582071
235303205
231083094
226863544
222627718
218377830
214145722
209895582
205702825
201465768
197221204
193008946
188811421
184517987
180260870
176000097
171735111
167505046
163267523
158995170
154740845
150495155
146223481
141958752
137713196
133430744
129198415
124933920
120679267
116396105
112144062
107889792
103623257
99364865
95107844
90806838
86574024
82332735
78059312
73805499
69549788
65264615
61034519
56773177
52502533
48225756
43979344
39703457
35460394
31183995
26909431
22654413
18380557
14105358
9857695
5603067
7829049
3592525
238373759
234134271
229934657
225716054
221491531
217286487
213076664
208812180
204609029
200384814
196117734
191913586
187677687
183425276
179191880
174960471
170690887
166476382
162255220
158021527
153791755
149569773
145342431
141088368
136896655
132648766
128387268
124173324
119922891
115697660
111474094
107221569
102990331
98772579
94508350
90277137
86049003
81820875
77572764
73338093
69112662
64898441
60677438
56431132
52174943
47944737
43700844
39473544
35245933
31003759
26799739
22589210
18332692
14083728
9813570
5546113
11304472
7058555
2841310
239225763
234964471
230761435
226563761
222307918
218067278
213854479
209611985
205392296
201168840
196922636
192683722
188480353
184234329
179983945
175769506
171523268
167299484
163074106
158813197
154574254
150342373
146070969
141852295
137593608
133329336
129319831
125223986
121058883
116814654
112596167
109301009
105065078
100809232
96571544
92312229
88078970
83806277
79532891
75260691
71016359
66740888
62496400
58233286
53958762
49728558
45468812
41206831
36926228
32664270
28411813
24202849
19952531
15689284
11454136
7220539
9742156
5469163
1286088
238603278
234381963
230207482
226010782
221789879
217581175
213390248
209169565
204975182
200780477
196556908
192343160
188143348
183892105
179683104
175469883
171194483
166966758
162744795
158494999
154304881
150076329
145821634
141587821
137346005
133056317
128812816
124619642
120361119
116114967
111871617
107606820
103367464
99130221
94847553
90587318
86338227
82075953
77826428
73587203
69333826
65121796
60923032
56666369
52432204
48175235
43931807
39688430
35435726
31182982
26953678
22696916
18429010
14165441
9923833
5691756
8818535
4573570
373203
238061497
233839435
229652314
225448223
221229837
217027357
212816738
208597820
204389005
200171710
195943973
191735149
187546781
183317198
179119646
174928777
170704826
166515015
162296537
158014678
153790505
149607523
145368423
141147158
136929039
132694769
128467890
124286863
120043683
115821614
111601705
107355619
103147203
98909678
94665312
90427535
86204202
81949040
77738150
73506796
69261180
65050518
60843844
56595276
52358146
48116986
43866861
39619982
35397324
31140404
26909837
22698368
18455591
14263904
10016921
5768625
8327919
4081445
237720217
233474987
229294362
225097625
220843310
216623789
212425940
208196998
203990808
199790896
195552208
191357040
187180418
182967575
178779753
174583161
170360457
166166313
161974184
157752255
153562739
149383595
145171628
140994332
136816398
132605662
128425208
124263238
120039928
115847835
111650245
107429804
103220265
99004660
94783396
90577020
86369738
82140072
77937402
73741098
69521168
65324669
61112808
56871612
52669249
48446677
44175362
39941605
35644688
31341866
27086685
22813596
18543858
14279963
10021829
5742477
12472821
8207590
4012090
239530228
235286588
231097944
226885376
222648250
218445102
214209914
209989317
205768724
201537541
197319895
193097848
188907046
184668014
180427333
176150787
171888814
167652391
163410716
159130919
154904047
150683384
146399229
142134287
137886760
133610920
129371133
125118752
120880979
116616278
112365786
108075592
103826610
99576878
95297865
91030256
86779667
82509951
78267697
74020606
69728932
65468946
61241146
56979797
52715117
48459883
44169214
39910964
35670185
31354107
27100182
22843104
18544336
14298527
10042151
5757786
10653488
6396027
2176425
240246661
235999343
231763355
227546435
223323759
219083585
214857854
210631558
206426492
202217362
197985936
193775885
189545978
185271738
181043816
176808192
172535996
168315862
164097891
159833442
155619248
151395491
147140689
142912263
138709260
134464301
130251788
126051202
121796513
117568976
113333737
109084653
104856884
100648866
96435087
92249586
88011964
83767250
79534851
75315584
71050204
66854072
62681990
58468737
54219405
49964356
45697247
41452172
37195944
32950404
28715107
24527543
20276217
14506243
10285253
6074641
8389874
