3796544
30450576
26134902
21877022
17622187
13357825
9144112
4923280
30222110
26023783
21859393
17646145
13394636
9181911
4976276
30384413
26138470
21934587
17688300
13459144
9230266
4937519
30211191
25940905
21691914
17514261
13213545
9000319
4829454
30229294
25943887
21723782
17481532
13197460
8968162
4726908
23389336
19127831
14906237
10668494
6415736
2179488
30168472
25917375
21700315
17446578
13180484
8946203
4729984
30175587
25938751
21712243
17475352
13235719
9024380
4793098
30263466
26012508
21758334
17508452
13243688
8998840
4767613
30158693
25905006
21703195
17500279
13254645
9010865
4773006
30046064
25791473
21555218
17318165
13087468
9912695
5605794
29957005
25737281
21550243
17368843
13092737
8917002
4743129
30166790
25910875
21682996
17450309
13186479
8945705
4744081
30157164
25873972
21640518
17411515
13153423
8932077
4699432
9379331
5147106
878802
30300200
26010293
21758003
17509810
13214417
9023734
4799607
30163952
25892953
21673395
17428848
13197188
8970278
4731511
30105104
25845993
21619605
17413683
13129282
8935221
4751608
30173336
25909466
21679608
17468020
13159866
8901808
4680948
30175798
25911793
21687621
17445765
13186050
8941639
4643296
30129680
25879491
21684351
17446498
13182677
8951381
4711517
30282260
26015549
21785936
17576147
13308383
9079418
4802803
30177089
25847456
21624318
17411912
13159056
8921032
4637243
7725480
3502708
30547477
26282459
22009321
17730711
13477820
9210292
4951986
30313624
26054310
21798201
17551110
13286435
9053238
4786497
30217638
25964860
21755711
17500415
13246044
9002756
4772502
30186232
25916980
21695726
17460051
13172492
8947834
4700263
30163922
25890649
21657891
17423947
13154465
8952007
4674132
30253695
26003827
21795656
17558598
13260081
9033305
4800514
30191966
25898462
21684590
17451463
13194236
8949081
4662535
30519031
26198808
21956469
17704248
13453841
9220395
4942063
9797751
5559428
1277871
30284646
26028444
21779493
17522753
13237682
9035996
4868820
30255574
25992547
21751077
17526949
13257020
9037156
4777402
30085426
25835346
21632539
17430966
13181664
8937442
4708121
30046143
25834651
21661193
17382790
13119638
8918973
4764451
30371085
26055056
21855233
17655490
13392482
9124727
4893848
30110131
25877856
21682148
17455937
13204814
8994045
4760795
30087515
25828404
21608270
17377926
13123893
8898183
4666985
30154785
25900416
21683667
17453480
13198463
8989505
4766330
8276750
4051975
29763995
25484709
21357568
17218316
13043381
8901603
4751441
30220500
25989883
21718368
17466513
13185296
8945184
4681804
30414462
26119604
21904885
17663250
13391073
9143576
4915714
29874518
25611740
21420727
17240714
12961443
8775036
4576551
29967430
25694121
21505165
17283427
13032272
8799406
4574298
29779081
25598942
21428642
17173605
12937163
8741137
4484030
30169582
25964224
21786793
17503080
13279699
9086727
4853340
30230821
25969273
21730034
17510874
13246453
8978570
4701155
12152346
7916166
3699750
30087834
25826694
21648753
17386377
13171669
8943684
4676325
29817317
25582567
21406856
17215972
12984163
8799282
4593358
30061747
25822641
21606490
17359129
13108744
8974009
4713004
30147861
25893072
21689751
17466607
13207739
8975429
4761722
30277760
25983912
21743209
17512315
13259236
9026559
4798420
29966506
25713773
21498205
17280388
13068533
8858487
4634340
30078173
25800397
21632497
17420727
13165042
9005159
4732596
30143453
25860688
21623105
17386511
13129865
8895178
4624947
11085374
6824847
2568576
30286702
26015453
21771584
17528607
13261422
9011372
4766485
30192601
25931827
21695182
17455435
13185788
8952337
4717168
30254112
25974488
21827502
17495698
13227047
8984919
4740128
30196107
25965869
21747692
17500953
13232047
8999395
4764933
30055254
25868566
21608021
17394526
13150654
8994061
4737954
30000602
25747365
21533983
17294264
13039535
8809952
4608722
30000941
25757306
21537242
17314535
13078429
8902139
4638343
30054568
25812584
21570940
17328893
13074946
8862358
4650881
9864235
5632321
1428511
30090551
25852643
21700591
17452057
13206412
8976042
4748146
29681225
25435854
21219608
17050754
12828977
8692826
4554901
29441337
25264332
21122041
16967715
12799451
8683447
4542170
29943612
25767933
21649507
17470586
13238393
8996202
4759234
30108699
25860033
21657975
17431776
13181342
8946354
4720926
29950777
25777405
21552991
17399447
13093917
8896646
4684459
29613007
25385538
21183667
17059110
12888918
8691874
4554610
29574248
25331718
21185740
17045483
12882462
8673604
4518832
10976702
6804071
2623050
30100426
25934356
21728283
17499619
13247385
9076761
4773309
30019501
25799111
21606222
17406378
13156634
8941312
4703506
29959306
25722803
21508189
17314369
13077097
8870199
4654256
29871891
25643886
21450640
17237758
13003492
8794018
4551719
29923950
25689241
21490087
17322345
13099499
8868562
4644071
29750505
25565634
21404318
17266692
13026271
8855450
4666952
30028018
25769529
21548960
17313921
13054342
8876081
4655718
30006931
25752371
21597658
17322431
13066414
8834928
4599816
11055600
6812371
2616245
29839595
25656351
21469684
17262828
13026912
8823842
4678187
30020910
25765695
21545380
17329066
13155564
8912207
4687097
29659132
25393968
21193935
17037655
12857252
8722824
4527893
29427220
25249996
21117967
16977187
12751008
8590129
4434809
29457339
25288442
21153596
17010280
12840170
8643873
4493282
29722548
25502615
21365804
17228781
13063229
8886704
4665839
29503406
25331165
21205335
17008663
12833351
8692919
4566602
29720708
25550291
21424111
17239261
13064717
8880938
4674310
12938938
8758012
4547911
384951
30007063
25770740
21619956
17336849
13089120
8855370
4621319
30142964
25870144
21633135
17379987
13093508
8822567
4566640
30144044
25856141
21607898
17342249
13089385
8854789
4617801
29857645
25606397
21376767
17134858
12866367
8680423
4527732
30088510
25865259
21661103
17432530
13227884
8891019
4634953
30135408
25866028
21672337
17434196
13164794
8917479
4682356
30250296
25992602
21722710
17541858
13239225
8863385
4565181
29897077
25647721
21434618
17204458
12950233
8751351
4560138
7560585
3318999
30150532
25901667
21658992
17385095
13136795
8890139
4636423
30063711
25806750
21580691
17344909
13088241
8866510
4643150
30029976
25775572
21553248
17310507
13097183
8883930
4628987
29658122
25465104
21321275
17159706
12980754
8803811
4603187
29991400
25744885
21574426
17271701
13015535
8784565
4589235
30136575
25880804
21670260
17442104
13197158
8973223
4749231
30188850
25957551
21721569
17486910
13220888
8974611
4788767
30019578
25753249
21524981
17282334
13028231
8804033
4575181
11140575
6922015
2692729
30200765
25928750
21628049
17410837
13122348
8910191
4679774
29857126
25641729
21417125
17168511
12955348
8759763
4565362
29749869
25535541
21349089
17141294
12938789
8747764
4576831
29651658
25488008
21317069
17178837
13005099
8864693
4664926
29742315
25510262
21366270
17158098
12913355
8721571
4555233
29878245
25650194
21433886
17223264
12980088
8766263
4548753
29965791
25737588
21504702
17253302
12999628
8768052
4550169
29525821
25317043
21189674
17048947
12884995
9008347
4944327
11704283
7540000
3358689
29935747
25723304
21540459
17333087
13067438
8830499
4606041
29849554
25605675
21386154
17198841
12995967
8841018
4625205
29776486
25606258
21470620
17263609
13006664
8780577
4540259
29859346
25669477
21526270
17246716
13047112
8841962
4625163
29953912
25724106
21537822
17341022
13110680
8900303
4673315
29853987
25647757
21443012
17228067
12986115
8784485
4575525
29962952
25756358
21557991
17317880
13069988
8885909
4686296
29747045
25564475
21366498
17153225
12929919
8756647
4558970
12118125
7890837
3706197
30119326
25886932
21682215
17470674
13233624
9019864
4804077
30369313
26076671
21847481
17616630
13350738
9142409
4942192
30028434
25790722
21579726
17361354
13123721
8917681
4678699
30056802
25820879
21615650
17400275
13144201
8925310
4677990
29776736
25512658
21284437
17036733
12839206
8680158
4516910
30064071
25883620
21637074
17388113
13139783
8899635
4626959
29895952
25654731
21457019
17256570
13036034
8834375
4631162
29996267
25753677
21549425
17321883
13093951
8905568
4698698
11747793
7511844
3355219
29733868
25496580
21309672
17101315
12850658
8690425
4552020
29632324
25455135
21320725
17074114
12841631
8662064
4497735
29695327
25532014
21363079
17238465
13037359
8876173
4677263
29960586
25723626
21543435
17309453
13047293
8853084
4617246
29872704
25683530
21537465
17322516
13061416
8834269
4597059
29808590
25577461
21394762
17194066
12935178
8737619
4551924
29589881
25426101
21281889
17114096
12936542
8759912
4595564
29859781
25611400
21455725
17228185
12986289
8758140
4531062
12766898
8599952
4475732
334250
29892112
25650530
21431928
17223476
13027335
8793627
4579448
30014073
25774702
21554598
17332639
13068705
8842651
4600685
30139467
25876876
21657419
17456740
13206420
8979936
4764500
29749671
25506727
21290811
17090404
12891208
8691840
4529243
29519359
25345274
21209027
17067975
12845662
8686603
4512300
29946637
25714011
21488685
17268848
13037222
8839886
4611028
29896654
25712944
21508775
17300516
13065277
8846291
4623554
29627261
25397201
21177465
16962951
12729176
8567278
4419440
9169355
4994944
851749
29800957
25626362
21479487
17283312
13059845
8845157
4625734
29848724
25600289
21391082
17174230
12934597
8709378
4496778
29510256
25341825
21192558
17052374
12877818
8680821
4523524
29959900
25793664
21680806
17544191
13346941
9145812
4925985
30015488
25776728
21579153
17352229
13154768
8997102
4851400
29767795
25510692
21313503
17085285
12893695
8678059
4514841
29987147
25754099
21548180
17336879
13093961
8873865
4669921
29798518
25552946
21326990
17110513
12933648
8800444
4599011
10282661
6054326
1913757
30036222
25779351
21609178
17428508
13224777
8939285
4718321
30089569
25845700
21600982
17356468
13095939
8853703
4593981
29849148
25609032
21397966
17175672
12943232
8735746
4516367
29648933
25424656
21200736
17030935
12830694
8647091
4487993
29765088
25565886
21414624
17256805
13012831
8786132
4647767
30079969
25843748
21631949
17464591
13239416
9006405
4758794
30151681
25874342
21652608
17432589
13152950
8921555
4700225
29829795
25641132
21448453
17277868
13051012
8823868
4628493
10471660
6230770
2021693
29668490
25432976
21278900
17084417
12905945
8749012
4598415
29800667
25547758
21406147
17250305
13065491
8878472
4673657
29593481
25364802
21213915
17043452
12836282
8664687
4500572
29654905
25440749
21264360
17087623
12896883
8746768
4561635
29823934
25649514
21459080
17301242
13133152
8982428
4734517
30009669
25775140
21563028
17345607
13098278
8889294
4670787
29878842
25630210
21430932
17195929
12947413
8739415
4572326
30186381
25950073
21747223
17533663
13252342
8992466
4743292
11183956
6924299
2691691
29995122
25731802
21546416
17370597
13126286
8966478
4775474
29884843
25642990
21395336
17198440
13026863
8854344
4629205
29748603
25508074
21305002
17085468
12898298
8759554
4599813
29718971
25494790
21337781
17193900
12957286
8757902
4585052
29580584
25353691
21225681
17063478
12868350
8687411
4529796
29953212
25767411
21576073
17323376
13071678
8845000
4653016
29998716
25769936
21559945
17356496
13100640
8875062
4642364
29551807
25350607
21155114
16990738
12812441
8683362
4493614
12217333
8046150
3808431
30060733
25813793
21607099
17388265
13080568
8839832
4610736
30040570
25802340
21586084
17369418
13115193
8890035
4635185
30037933
25785686
21585524
17370675
13126852
8887429
4672477
29597111
25356901
21161917
16997591
12819772
8621569
4456312
29483118
25310496
21163604
17014504
12837944
8637613
4474257
29782649
25609937
21427874
17273382
13093433
8968155
4738561
29598264
25352115
21138897
16966937
12783128
8640669
4454114
29526505
25350531
21214455
16998244
12815943
8658905
4502365
13014652
8841824
4654634
496966
29911007
25684671
21469640
17250466
13013521
8857190
4664852
30241964
25971299
21730698
17497103
13229173
9010225
4765302
29938707
25693157
21525669
17287848
13080242
8898617
4687850
30316242
26083955
21853855
17613681
13365188
9130774
4903622
30254590
25994961
21769349
17538779
13295700
9045289
4780043
30217469
25978688
21778589
17531547
13264136
8992260
4808743
30182664
25814724
21571482
17317002
13052534
8806785
4606778
29770364
25525803
21365449
17209838
13008627
8848123
4664187
8217480
3971975
29846668
25599728
21388723
17224011
13015423
8818019
4603953
29885198
25642699
21416882
17190922
13004400
8793544
4598815
29896930
25664136
21457929
17253062
13021119
8822046
4609884
30016997
25783773
21604053
17382851
13114481
8886961
4643557
29699285
25503904
21305195
17159065
12982471
8843145
4596239
30042831
25796082
21572851
17333231
13053239
8832725
4608706
29868684
25639939
21436729
17214297
12978774
8743479
4534118
30173644
25942392
21696959
17448084
13201011
8959329
4719954
12327258
8091535
3892902
29624009
25408071
21264971
17130533
12866401
8660674
4500801
30108137
25889190
21672645
17427075
13166979
8968420
4700086
29836167
25651194
21395011
17212680
12969517
8745772
4563240
29791578
25553865
21351929
17135011
12952469
8737863
4531087
29724216
25525022
21337220
17115471
12870430
8653031
4423559
29763219
25591991
21400766
17226048
12997507
8770089
4541487
29942872
25714740
21505441
17293499
13052017
8847624
4627508
29986410
25746643
21551715
17340457
13101972
8875153
4638598
12760619
8556805
4378795
29971082
25720955
21520933
17265033
12965569
8729343
4508797
29841306
25609750
21428769
17287915
13116966
8877793
4649445
29897223
25653496
21412710
17153850
12901112
8666486
4516065
29766111
25524152
21352529
17165071
12988449
8765206
4591107
29733927
25503673
21354201
17210058
13035318
8815228
4605724
29674414
25438150
21297771
17113447
12895861
8685133
4513257
29603410
25436421
21261514
17107298
12903030
8749729
4544296
29923865
25685696
21497544
17301285
13074007
8848553
4632504
13498558
9318062
5099747
892343
30304525
26061132
21845702
17614050
13361008
9107222
4862481
29895788
25639512
21427349
17210317
12964645
8738894
4574435
30297753
25943112
21702674
17443742
13222414
8983624
4713270
30405277
26150790
21909741
17635441
13372003
9100975
4852851
30353105
26133463
21942439
17763658
13503098
9287071
5052589
30231939
25983572
21795688
17553721
13221616
9058386
4779988
30094653
25864978
21635453
17389888
13127970
8870684
4660587
29853624
25658810
21501251
17317230
13076652
8864438
4628643
8376505
4131592
29900571
25678296
21439592
17191591
12990564
8764945
4500283
29922573
25697863
21487260
17276179
13091237
8904124
4743103
29966884
25707838
21536186
17307644
13057861
8860266
4639562
29912421
25662197
21432132
17201935
12955837
8774403
4597775
29651921
25439778
21271138
17107953
12855849
8640033
4474304
29540064
25377239
21194775
17050052
12888085
8702385
4517596
29890275
25699963
21502647
17278739
13096096
8914968
4624411
29714610
25511594
21349542
17184552
12992527
8832762
4586427
13254627
8974849
4761487
535557
30005795
25755268
21598643
17408199
13150012
8918520
4668299
29906259
25693779
21513922
17320088
13095566
8897375
4676687
29904876
25661833
21443891
17196892
12951462
8726949
4508343
29548348
25311620
21168600
17022666
12854137
8713623
4519975
29844161
25612693
21397714
17207471
13025554
8834543
4631000
29941405
25713563
21515158
17301383
13070368
8886621
4686261
29929308
25703496
21516288
17317453
13094503
8887457
4659662
29777928
25538541
21339251
17179127
12975296
8741074
4501176
9390187
5136194
913894
29858011
25615948
21354319
17125431
12887548
8669815
4492170
30156939
25963853
21585416
17348517
13132380
8930412
4692580
29892272
25649859
21437315
17249413
13024800
8830600
4633142
30009057
25754390
21479633
17221959
13006860
8818370
4609080
30171008
25956598
21771456
17611013
13370825
9117526
4868719
29966273
25721951
21518325
17310333
13068875
8856607
4649845
29816610
25578336
21376793
17146500
12963742
8755411
4605747
29882946
25647631
21480980
17277811
13053688
8840145
4642307
8919484
4720995
529349
30159158
25889806
21680706
17443627
13167907
8942554
4720614
30034694
25790476
21579332
17354013
13128340
8932512
4719942
29973092
25735937
21542778
17310823
13095700
8877559
4630542
29874349
25610590
21336691
17144028
12933878
8717068
4497507
30002565
25764381
21547287
17328474
13090459
8880358
4673549
29930063
25685340
21464047
17231968
12984932
8783807
4570614
29506637
25269456
21059936
16895999
12715988
8579880
4424745
29766675
25557889
21407901
17229029
13029662
8842204
4608241
8974281
4729956
512408
29721338
25544009
21400059
17141480
12863591
8653914
4468949
29585686
25394440
21251854
17096215
12862803
8709292
4527105
29719173
25541733
21379007
17226472
13020767
8813602
4589481
30167030
25905611
21676266
17450994
13199349
8981593
4723974
29902408
25665724
21451295
17273192
13091758
8930122
4758160
29813723
25584083
21380161
17165876
12933965
8718818
4513660
29728580
25498612
21345912
17187455
12999475
8795430
4581134
29858916
25622357
21422037
17208365
12976422
8818637
4621418
9817728
5564106
1403231
29781517
25564988
21419979
17270962
13093347
8925190
4719207
30329742
26042856
21834634
17610602
13344558
9087420
4834487
29826299
25552202
21321835
17109349
12844090
8618778
4468255
29440781
25214157
21068194
16919170
12750842
8605527
4445350
29758817
25521783
21345105
17132918
12900671
8706866
4509329
29856442
25654988
21533377
17360826
13125675
8901620
4657793
29782567
25537007
21383375
17248647
13081805
8853606
4643013
29781667
25520114
21333617
17137848
12882830
8728396
4571464
10627170
6358911
2204331
29629865
25444609
21260333
17105211
12935344
8778393
4590325
29670977
25419646
21217406
17036123
12861138
8716440
4524844
30231119
26033676
21841307
17626527
13376907
9162390
4927639
30100331
25853822
21633922
17416729
13159172
8936140
4697386
30081427
25838138
21594542
17322159
13126781
8917860
4685853
30194958
25966253
21740323
17504568
13320378
9063218
4820992
29849925
25639929
21482467
17276782
13023557
8801596
4595090
30086306
25903860
21766606
17541091
13295305
9060624
4792249
10723532
6452973
2294539
30066992
25755155
21585190
17376430
13192784
9041583
4823619
30150167
25902512
21706134
17485993
13241922
9011676
4764190
29774733
25582443
21457398
17221481
12987830
8776471
4574736
29801854
25625458
21440900
17292578
13086396
8889123
4686010
29917273
25684517
21485282
17298010
13060095
8857627
4636747
29843088
25599453
21397413
17178465
12938455
8746993
4548510
29793542
25576330
21379034
17206687
12972196
8726133
4520287
29931951
25758513
21575210
17384638
13150563
8900769
4712340
11068208
6820875
2578209
29672401
25452257
21257604
17069743
12830679
8689968
4534875
29723225
25491201
21353275
17220803
13051233
8833302
4625764
29545593
25318356
21171123
17038883
12817900
8665052
4509484
29997541
25761669
21536001
17278376
13061580
8853036
4605189
29652803
25475346
21307486
17107350
12871939
8660586
4498565
29767763
25536663
21336845
17113567
12877226
8658513
4507432
29950014
25717566
21536365
17369462
13119174
8905188
4651999
30156160
25910067
21683460
17424573
13131671
8898701
4655878
11539182
7230789
2975878
30124545
25879953
21669627
17448294
13228389
9016933
4808403
30073796
25810161
21587027
17330913
13062785
8831680
4603109
30068396
25785152
21568365
17318714
13076945
8881373
4650136
29936196
25702707
21518296
17307665
13076119
8893393
4691619
29829983
25591398
21378182
17148860
12948420
8746625
4585948
30062861
25819870
21602287
17356576
13105786
8889327
4665910
29745832
25499137
21279464
17110536
12931277
8766597
4540084
29919991
25688949
21492995
17280301
13098049
8850438
4638389
11129365
6889621
2690140
29852142
25613590
21415956
17243888
13061587
8873738
4681883
29990752
25715194
21491610
17262534
13024241
8839358
4628643
29865154
25657181
21466256
17288773
13056010
8849644
4632943
29967742
25717203
21519431
17304186
13049852
8882370
4701397
30168466
25863165
21638521
17411264
13150162
8870029
4639520
30105331
25826148
21589997
17338168
13110380
8826065
4596395
29947473
25720039
21499138
17263278
13087039
8845998
4611981
29787785
25544872
21337292
17119326
12886836
8669121
4506975
10714648
6513367
2316261
30064540
25825778
21675173
17834695
13611760
9467518
5330507
30284473
26026023
21790906
17595936
13295769
9058591
4800128
30301102
26034846
21801138
17582786
13354360
9151995
4859733
30027556
25778580
21565002
17331828
13081316
8857612
4608636
30201669
25909671
21597085
17354436
13089938
8844619
4609096
30193819
25933166
21704200
17471658
13201898
8969436
4669624
30342030
26070200
21883469
17640510
13368685
9114497
4852964
30154445
25932760
21641956
17365546
13094396
8854259
4605211
9054092
4821412
602042
30156072
25906395
21677585
17426897
13210716
8904916
4649834
30029464
25774437
21513103
17264780
13057969
8861671
4664741
30167720
25900644
21716531
17494638
13217747
8954304
4762057
30149554
25894111
21673715
17429737
13159903
8929940
4704343
30121049
25860648
21637465
17405802
13141239
8911000
4668630
29955308
25700272
21436791
17232441
13019155
8846596
4635984
30027338
25791222
21618116
17439416
13149477
8911784
4644065
30116213
25879058
21674089
17372266
13134181
8904214
4610788
7567056
3309899
30235420
25993041
21741498
17473176
13209148
8970671
4752063
30119425
25841029
21617240
17374406
13098848
8864812
4629366
29939742
25728336
21500474
17289550
13072417
8889622
4685847
29986907
25714710
21552564
17316711
13120521
8899105
4666748
30152981
25894599
21675200
17460129
13216138
8969011
4727871
30048951
25783406
21552266
17315479
13057046
8828702
4605794
29855483
25669361
21513851
17315633
13130922
8872202
4627489
30125360
25855169
21611898
17382600
13198460
8912115
4694462
10817226
6563766
2369119
29986267
25738274
21602990
17336665
13078766
8859652
4638340
29674095
25483576
21337609
17184917
13009557
8819039
4599506
29965296
25732561
21519511
17346294
13106888
8936767
4708476
29682999
25438742
21269704
17045022
12815938
8653183
4507767
29752000
25584821
21397672
17241998
13067025
8845311
4643605
29797622
25528161
21379245
17217215
13031491
8848368
4662332
29927395
25689005
21515861
17289194
13035133
8813397
4593826
29698105
25513719
21368642
17158041
12941018
8724765
4526563
11615232
7445427
3226653
29816859
25566213
21440319
17257273
13089408
8916147
4634484
29953576
25717281
21494458
17281610
13027118
8807561
4598128
29986442
25730463
21497816
17266541
13014457
8778991
4599070
29979534
25733866
21510009
17332402
13045238
8800757
4578082
29888929
25636878
21476987
17187487
12947696
8731630
4508435
29911065
25701398
21479306
17318279
13097746
8895878
4680982
30028746
25755728
21572642
17352965
13110669
8938978
4666465
29918683
25660192
21432831
17250446
13070914
8789696
4596449
11413049
7217822
3071810
29851984
25627569
21469581
17257138
13086531
8877191
4639688
30119157
25874259
21665694
17443165
13173822
9017055
4717207
29921219
25658454
21433468
17223391
12977199
8796131
4585198
29850348
25603198
21449414
17254147
12962274
8723572
4526943
30027998
25779600
21641444
17430499
13192836
8970278
4738816
30030248
25787526
21579802
17347915
13158612
8878152
4637937
29988152
25786518
21578632
17372943
13130215
8914236
4672559
30052363
25794676
21534450
17271761
13056265
8827930
4605052
11068999
6839390
2691875
30195888
25896539
21685979
17458046
13202248
9018934
4773674
30182929
25913502
21681669
17410489
13142217
8925147
4687018
30119398
25834625
21622736
17383335
13126178
8892967
4643107
30064718
25793603
21539858
17275666
13004835
8801329
4607533
30129250
25881205
21661127
17437236
13181391
8985931
4757341
30029979
25825030
21580638
17358358
13117320
8908984
4686013
29611261
25429655
21300916
17157850
12930520
8783306
4625707
29592941
25415155
21276919
17078636
12896284
8741374
4582181
10772149
6591084
2451257
29791704
25529108
21294643
17054239
12871113
8656202
4494963
29540293
25361050
21234689
17073482
12859346
8713867
4542752
29528670
25302389
21155316
16992852
12812158
8661327
4513636
29588562
25413213
21226965
17062649
12888211
8728124
4568423
29684496
25472532
21307300
17158444
12905712
8754892
4614191
30059574
25805043
21618243
17381449
13125377
8886873
4648007
30080761
25821600
21603034
17397418
13143268
8911990
4674138
30267099
26016565
21804337
17573315
13365005
9068897
4844185
11673919
7410922
3163887
30159936
25896524
21627975
17413834
13124772
8857151
4622761
30231207
25967341
21734544
17475844
13198644
8953553
4692550
30129006
25867418
21640884
17403688
13131836
8908863
4694430
30047344
25778141
21539566
17267529
13014050
8779313
4549374
30117131
25867324
21623168
17368714
13107326
8873961
4628113
30069442
25811741
21571948
17335536
13078735
8897515
4631909
29995092
25738375
21526773
17293411
13038496
8819105
4585396
30079565
25806089
21564449
17350040
13091273
8859897
4634090
9996612
5729385
1518202
29987641
25730860
21518062
17302433
13060957
8836683
4610105
29829844
25561915
21366079
17223398
12961796
8807127
4608914
29602408
25380902
21193142
17029147
12848260
8709527
4500978
29942249
25747648
21582587
17398666
13123480
8972276
4732834
29893612
25654865
21445603
17221896
12978847
8764973
4578687
30103051
25870480
21677517
17528197
13277978
9076151
4841647
29943639
25687533
21455740
17222418
12981906
8741543
4545043
29700544
25466151
21261247
17034724
12855006
8711373
4570063
10232804
6002250
1794355
29815828
25576454
21371301
17166526
12992176
8779588
4604668
29987236
25755882
21564999
17330340
13061032
8864203
4579800
30499939
26254878
22079477
17767467
13506189
9350323
5049103
30394858
26080881
21842199
17617890
13363932
9102984
4852308
30329713
26067455
21848505
17603471
13335262
9088470
4839662
30156114
25903163
21682898
17476332
13161064
8921873
4687242
30220691
25959953
21735976
17533900
13278533
9040903
4791009
30162007
25908232
21669330
17479596
13160692
8928304
4692927
8819557
4555487
353519
30044081
25770522
21512434
17305947
13087898
8825685
4572546
30107736
25885435
21673346
17409048
13121621
8878469
4617580
30071960
25813293
21582082
17369636
13134483
8892575
4645961
29988903
25809140
21557633
17326364
13078011
8856022
4629104
29941937
25679553
21464775
17238089
13059815
8807314
4596217
29874507
25640393
21432986
17213727
12972896
8742705
4525898
29791370
25547994
21333756
17106397
12933542
8693366
4495221
29600404
25366162
21167665
17017817
12801933
8592686
4448132
8304540
4131486
29873590
25591760
21449269
17296247
13099499
8886119
4660972
30293249
25984376
21775179
17536001
13270256
8996786
4787205
30032929
25786991
21577010
17365140
13118180
8943250
4660046
30266679
25998245
21768310
17503309
13228860
8950896
4763926
30086064
25837984
21601227
17341795
13052000
8849019
4623755
29919693
25705603
21499689
17265994
13014981
8794258
4577364
30185988
25901781
21680268
17451200
13191575
8962537
4717882
30241722
25985007
21761380
17522201
13249361
8995657
4753791
11402895
7154862
2960923
30373177
26084972
21877088
17630675
13356837
9098457
4870269
30367089
26098612
21827074
17577451
13308011
9034358
4745708
29934704
25654325
21408445
17185949
12973571
8758861
4589143
29656758
25408964
21215269
17049583
12870160
8675946
4537960
29834713
25661111
21521879
17375983
13104259
8897706
4678266
30152471
25875402
21677537
17441994
13165390
8959374
4746212
30347494
26068643
21838429
17593416
13319951
9099940
4872214
30052460
25801702
21636642
17427847
13175611
9006433
4721862
10651972
6369755
2119510
30041151
25784791
21554370
17325819
13073624
8838900
4594472
30162369
25896917
21663493
17414194
13153541
8878198
4660404
30023791
25779002
21628427
17362686
13098381
8867220
4615961
29863091
25623576
21423158
17188645
13009525
8870500
4707736
30067483
25819060
21608493
17341962
13092377
8865660
4643649
29983917
25731768
21519180
17373358
13098039
8878885
4647301
29877684
25621694
21442740
17310294
13046326
8897241
4660456
29828690
25536619
21464385
17295432
13121252
8903153
4669916
9961301
5781327
1537915
30025286
25768840
21554034
17337514
13083091
8867588
4709545
29679620
25482715
21286282
17072254
12884531
8712293
4564307
29869123
25644046
21459751
17262358
13030048
8848824
4633592
29551909
25383292
21200810
17049721
12872054
8721038
4510813
29763028
25600617
21337706
17137312
12897558
8740898
4585799
29611859
25374844
21175274
17032482
12822684
8683959
4545546
29669472
25502210
21358539
17163022
12954313
8771527
4583776
30084956
25824358
21612536
17358476
13146332
8923600
4685044
10794268
6615019
2453051
30165107
25935097
21688852
17436109
13202421
9048831
4788508
30106326
25847461
21641748
17433377
13183632
8932260
4701609
30206094
25942208
21732424
17536544
13268228
9043937
4808456
30211108
25923946
21668175
17468666
13160638
8856367
4622902
30187663
25933902
21703236
17485523
13245305
8947275
4693728
29997526
25795443
21561203
17311502
13052795
8818300
4595208
29557912
25366670
21237594
17086567
12922508
8777057
4635602
29629319
25452058
21280012
17038895
12766180
8593041
4427140
10225680
5999292
1852611
29786986
25611555
21410087
17254163
13070766
8921186
4687148
30032679
25761898
21517075
17299543
13085269
8928452
4760083
29997761
25758143
21586292
17345465
13105135
8885623
4669786
30184174
25940628
21734395
17512831
13279251
9067171
4871192
29732888
25490910
21301802
17082303
12899458
8684806
4531224
30163710
25916612
21701757
17537478
13295356
9112264
4873768
30064176
25806881
21590620
17373658
13101200
8856598
4635350
30155188
25897912
21683114
17440847
13167616
8920819
4677389
9788720
5507693
1286820
30305265
26036234
21818937
17574361
13312464
9085980
4853283
30069451
25856466
21612982
17407469
13167969
8957806
4736804
30274237
26021817
21743097
17539046
13280201
9053824
4797580
30000083
25765274
21559530
17356470
13118613
8976136
4723581
30824839
26612420
22465846
18322667
14064586
9840420
5634522
30034300
25787745
21578953
17355052
13111386
8883976
4709961
29914550
25665016
21459903
17263721
13045371
8830699
4610442
29911263
25667140
21463762
17301888
13064802
8921799
4715202
8838244
4546294
345854
30027941
25770546
21546899
17338591
13088012
8863122
4624009
30082575
25867126
21636133
17398500
13131398
8896104
4698709
30119230
25855239
21648409
17408903
13123814
8855255
4658541
29782902
25536698
21333239
17091478
12916319
8804241
4570877
29564145
25388940
21252872
17061962
12871554
8712414
4538386
29614809
25433235
21286359
17126020
12884519
8742621
4595987
29507135
25323718
21180401
17043661
12864125
8709587
4553271
29482519
25301863
21165244
17044779
12866551
8732254
4523483
9701660
5519892
1373711
29861772
25685272
21539755
17418338
13209471
9033114
4867123
30509427
26243602
22010082
17769709
13495006
9247123
5000268
30385522
26110352
21878751
17645611
13379539
9143049
4899358
30158847
25957929
21703134
17509876
13206696
8974914
4770929
30329495
26028133
21781587
17561376
13307262
9098067
4786772
30047060
25805642
21623080
17402693
13151518
8927973
4744409
30147152
25885676
21659932
17442805
13179514
8968752
4738444
29930902
25720669
21539318
17351722
13112339
8941450
4740193
8740054
4434257
30106153
25852133
21627783
17401307
13098313
8844700
4600443
29965405
25700349
21464560
17291662
12984948
8765601
4536851
30024809
25731184
21543241
17280051
13030116
8876056
4613042
29761882
25535571
21382045
17188304
12976341
8778643
4554991
29936367
25713008
21521722
17302573
13053830
8822173
4669490
29816604
25564027
21434702
17307709
13132627
8943698
4758042
30116191
25841894
21635985
17411101
13170309
8929663
4693239
29786402
25600721
21363708
17160863
12899473
8679682
4545447
12660268
8388755
4181913
30073165
25794818
21576589
17355072
13137600
8945199
4701686
30065407
25863581
21566066
17348587
13080873
8851964
4646804
29818989
25577618
21413181
17245659
13043821
8785038
4619741
30040832
25780232
21549635
17318976
13063976
8818302
4575171
30074319
25861885
21600448
17386533
13130554
8943590
4742670
30012437
25756603
21545735
17330006
13074110
8843079
4678673
30034321
25792009
21573439
17345920
13114238
8898719
4696758
30053297
25808314
21597783
17331407
13052591
8820637
4622217
11708181
7472241
3267839
29714112
25434035
21240835
17033389
12799012
8649146
4429333
30062237
25844773
21645793
17405742
13099557
8881620
4667101
29917767
25669869
21454322
17253086
13003960
8815044
4583637
29687328
25518972
21383317
17212401
12983364
8751604
4586472
30197040
25966558
21811297
17611891
13315935
9072054
4853650
30196643
25882828
21673364
17441007
13159363
8900357
4659848
29976589
25714290
21523011
17355859
13103835
8863657
4625786
30080827
25829269
21637835
17426664
13166992
8933660
4732891
10988084
6747744
2557116
29966389
25744285
21609884
17468068
13182544
8987310
4748829
30158246
25872398
21640160
17408599
13150151
8973277
4638092
30059490
25816927
21611412
17441394
13163297
8927047
4718191
30115006
25854171
21639071
17410007
13121752
8904602
4637679
30223495
25948194
21706012
17481112
13206352
8966249
4752622
30247851
25982983
21722714
17466199
13166445
8949959
4721894
30119386
25858760
21644236
17394722
13129487
8902518
4703624
30126435
25894687
21668977
17444986
13165187
8963941
4730337
9783116
5489539
1279750
30121644
25858491
21635767
17400793
13147007
8919451
4687142
30083574
25820768
21584576
17335935
13077307
8869892
4634793
30841484
26758669
22599827
18501813
14224641
10087858
5790221
30074308
25835720
21668975
17475246
13218677
8995347
4784774
30422094
26166245
21909061
17685402
13391567
9130541
4894453
30164461
25902822
21676564
17460362
13244738
8962656
4713216
30045308
25791015
21590906
17354687
13112212
8884205
4644517
30104642
25853288
21629132
17392705
13128505
8865164
4614221
8157915
3896888
30263001
25993008
21767752
17520818
13273468
9037618
4630302
30197817
25922676
21693054
17455031
13185326
8931753
4695158
30273167
26000846
21804122
17558246
13283006
9040213
4774415
30064691
25842093
21619175
17382884
13107472
8868663
4620952
29856890
25643992
21463010
17239528
13000293
8800652
4573442
30138687
25887929
21663606
17437354
13173964
8931673
4655105
30035253
25822787
21645527
17368816
13131002
8890464
4680979
30100520
25834792
21605116
17385440
13071463
8881012
4609020
10701081
6450692
2170210
30084936
25792662
21570878
17391595
13146512
8906872
4690157
30020780
25727374
21474981
17295313
13059801
8848933
4634214
30018401
25717126
21512270
17270739
13005714
8769187
4558402
29895400
25606728
21427416
17227589
12996098
8743632
4540700
29722245
25534560
21350718
17137959
12955542
8792024
4632859
29512108
25275776
21139488
16944114
12774269
8627021
4476080
29457284
25289973
21151745
17002369
12844831
8701130
4521560
29643400
25477730
21341711
17203013
13028170
8834942
4652460
11239776
7043702
2881216
29998091
25806622
21671526
17528584
13239264
9011082
4771240
30168439
25899585
21674268
17438319
13172353
8934146
4698001
30645790
26337884
22082105
17814584
13527415
9266735
4978747
30213338
25950872
21725648
17493124
13207531
9063876
4772136
30235549
25942218
21683484
17419528
13165997
8902379
4728317
29978179
25728087
21580255
17291133
13105046
8802112
4575777
29885323
25658950
21483279
17251248
12996723
8798483
4615676
30080727
25824220
21629912
17416240
13164342
8963703
4737300
9888567
5623582
1374493
30183712
25904148
21659635
17384448
13131502
8883154
4623377
29981478
25712120
21532808
17323794
13046442
8840883
4658927
29582255
25355186
21222366
17040812
12872888
8733563
4581887
29911549
25713873
21519791
17297553
13043901
8867286
4609124
30014668
25764606
21582633
17361182
13097853
8907633
4707030
29638681
25387716
21242117
17050252
12871744
8740881
4559435
29747888
25584901
21442363
17308665
13106066
8917885
4692286
30106637
25859071
21699551
17407832
13152593
8910334
4683994
9921825
5656219
1497944
30279887
25953998
21694699
17476510
13220657
8989269
4759209
30229011
25980119
21731288
17489928
13185410
8921242
4676108
30186253
25906113
21677635
17430499
13163355
8944444
4719450
30128746
25870843
21651748
17443760
13152545
8913075
4678562
30087154
25860687
21657781
17494747
13237228
9014009
4780150
30120318
25841472
21620430
17378944
13125868
8927149
4654064
29995978
25740870
21579182
17299969
13037927
8887665
4695817
29866640
25671608
21462937
17322093
13084780
8861035
4727785
8554295
4282117
29899236
25646928
21419116
17188495
12937357
8671069
4439254
30048606
25766774
21546394
17312264
13074392
8867905
4644818
29723461
25508285
21347512
17189652
12944001
8756524
4572227
30241577
26026414
21824962
17567425
13355036
8999211
4724162
30098646
25837265
21594383
17363325
13096715
8864419
4647511
30079468
25842609
21556498
17309295
13023994
8819503
4589518
30083008
25838548
21616665
17374233
13110628
8899669
4665052
30083543
25834270
21604094
17383673
13125352
8918030
4684021
11719590
7465685
3273514
30256836
25951932
21776056
17551141
13282717
9034844
4785934
30247381
25980001
21742070
17493009
13229218
8984315
4752224
30330587
26034772
21824759
17545006
13267921
9029352
4747361
30179120
25955603
21747108
17507119
13248062
9019048
4783894
30242367
25955270
21724811
17493130
13212139
8974344
4742386
30242583
25982186
21739827
17502081
13226747
8945130
4708709
30114179
25898587
21668238
17436762
13182789
8923365
4678176
30300600
26024388
21798854
17561512
13310029
9064044
4809578
9884160
5588104
1356690
30091154
25838529
21593322
17324077
13045106
8803080
4536201
30116791
25885568
21606729
17362268
13165738
8914424
4682775
29978507
25775741
21555028
17327860
13123789
8953800
4787853
30287338
26036856
21830467
17610834
13346100
9140249
4896830
30342286
26067365
21842424
17598541
13343932
9121701
4885645
30142900
25864758
21644575
17476469
13219814
9000428
4772330
30066866
25811345
21580053
17340272
13076495
8835041
4608217
29857640
25632620
21419698
17230185
13048267
8813320
4592360
8611956
4439420
30346276
26107109
21895416
17614944
13356371
9107923
4824098
30289451
26041968
21835931
17664461
13407122
9116440
4877243
30238370
25991107
21738886
17528581
13272263
8983612
4763628
30238266
25981166
21761030
17499576
13235285
8982974
4746451
30209102
25932162
21705081
17436465
13188769
8972938
4748519
30263623
25976471
21765875
17534688
13264127
8988224
4746908
30162330
25899759
21694789
17454692
13208185
8975979
4708358
29990773
25714924
21496322
17245283
12992742
8763812
4569506
11217756
7009432
2738468
30109662
25856426
21634315
17407636
13161371
8934798
4729230
29926708
25662138
21422073
17212962
12952624
8719539
4526832
30140780
25839524
21637738
17421876
13171135
8930718
4669899
30065558
25804379
21597414
17406794
13118241
8977249
4722200
29904593
25665430
21494258
17333187
13089037
8879889
4719705
29991930
25737780
21492933
17246279
12985389
8805649
4620956
29580661
25321836
21156194
16997784
12769950
8615602
4460594
29620504
25449065
21274323
17084557
12858182
8647507
4499111
11085841
6912827
2698976
30082713
25820898
21666954
17437051
13210491
9082495
4812470
30393203
26108408
21879401
17645112
13361689
9120247
4849984
30294533
26021375
21795317
17561075
13278362
9039016
4871955
30174381
25907324
21678970
17447349
13178639
8976052
4717661
29914330
25714440
21541227
17356580
13102608
8872824
4692824
30182011
25896412
21645142
17390481
13122240
8895174
4696471
29944535
25686214
21464185
17298166
13128576
8880750
4654597
29685720
25434629
21224931
17033374
12824772
8747058
4596558
10366653
6197880
2014922
29944668
25655920
21520982
17306494
13060640
8855430
4600120
29748618
25516686
21322190
17113439
12866217
8639687
4477921
29883120
25712475
21592434
17364875
13187901
8973871
4730880
29884393
25634329
21414959
17183300
12936144
8728360
4519186
29881133
25715729
21547752
17397285
13196163
8970495
4753882
29751492
25512274
21359978
17215682
12954717
8747431
4525436
29798481
25960523
21801443
17992282
14261840
10100876
5922596
29473823
25290329
21108878
16981693
12759340
8619115
4476249
11369963
7196303
3044516
30075222
25822392
21622415
17409526
13161133
8995935
4700006
29900458
25628494
21389761
17140626
12873204
8662157
4479836
29550282
25373272
21233240
17029985
12854814
8671189
4489864
29857320
25616398
21471103
17314380
13115690
8833664
4596007
30006685
25816457
21574236
17332446
13114694
8927379
4684337
30068145
25822267
21622031
17396501
13180097
8901570
4682028
30031002
25790210
21547970
17315021
13071799
8832822
4621331
30021197
25766674
21557349
17325044
13064260
8830315
4596095
11281237
7029442
2803934
30133162
25824214
21615410
17441785
13142411
8920256
4633270
30082596
25795496
21545530
17330752
13061974
8815595
4582248
30019764
25699202
21491916
17269574
12992331
8773469
4544272
30084766
25858927
21607477
17342912
13056734
8837382
4600212
29905966
25649180
21428411
17200608
12960747
8733113
4516625
30111344
25832782
21588239
17390298
13154540
8945515
4723353
29890118
25647192
21445333
17238231
13003606
8773425
4561479
29852178
25623982
21425257
17247172
13021583
8840276
4630529
10234177
6009725
1750966
30137616
25886950
21703266
17485258
13229681
9018485
4782166
30319584
26010685
21785593
17553123
13298750
9076301
4832442
30086436
25827633
21620361
17391133
13124817
8895822
4674191
29986222
25734142
21522962
17355161
13149364
8872466
4616901
30130047
25893777
21683076
17464438
13195124
9009712
4773943
30003299
25777243
21546237
17317661
13062308
8823872
4587852
29932992
25685588
21471171
17241634
12986440
8755499
4542284
29943607
25716377
21521843
17307701
13062815
8772158
4581358
8934480
4705838
509691
29956307
25700414
21471301
17236194
12982879
8745514
4515594
29932787
25756325
21573522
17343938
13132118
8852906
4679953
30030616
25771467
21544657
17300272
13043608
8798433
4535682
30255721
25992344
21732135
17458139
13169408
8890962
4612752
30031271
25792385
21556210
17316112
13070310
8886639
4642863
29961867
25709793
21518506
17332910
13094320
8888691
4676044
30109949
25861432
21641883
17396609
13137486
8893887
4657133
30227592
25967579
21752304
17501822
13247209
9019779
4785944
7707691
3447679
30062636
25764524
21665117
17749117
13530633
9282706
5051243
29965862
25762494
21493064
17299112
13080131
8811446
4610939
29841682
25613227
21433776
17236461
12962894
8750144
4527309
30254712
25918714
21689470
17445043
13175836
8924232
4666347
30119841
25856781
21610142
17344547
13089783
8837040
4607853
29793281
25582156
21322069
17095177
12843933
8628698
4441444
30023258
25745548
21523511
17286370
13108561
8830570
4589866
29989231
25761024
21521654
17299962
13045475
8802099
4601746
10907435
6653314
2505177
30099693
25918564
21732331
17418491
13194243
8964943
4724288
30043563
25784238
21593468
17370646
13119611
8886098
4645414
29995117
25747382
21538866
17318941
13067365
8857125
4639291
30064358
25806477
21586679
17338452
13067665
8899462
4645619
29965764
25710665
21558083
17309041
13048770
8851801
4642070
29965664
25721294
21520740
17324490
13056694
8929781
4750267
29856993
25678271
21477318
17312746
13080082
8867901
4638845
29917378
25685259
21500347
17286390
13055532
8835679
4607321
10343338
6150073
2003526
30061030
25784079
21593437
17393538
13215924
8938532
4711705
29976337
25763726
21521636
17340548
13098445
8869824
4630023
30105407
25901874
21694145
17465715
13177748
8926902
4677855
30089268
25837891
21588639
17347257
13087513
8849609
4602642
30045713
25785287
21559924
17316398
13049918
8802515
4556268
30259653
25963699
21720034
17471799
13195061
8977522
4687084
30120455
25860457
21626213
17393032
13138993
8908681
4631765
29973630
25706668
21488354
17263894
12994984
8750298
4521832
9232915
5027981
762692
29926396
25671395
21441029
17185756
12957016
8797542
4581313
29950929
25700126
21497035
17268681
13047147
8870681
4703644
30187597
25880633
21662427
17391779
13137500
8889474
4641786
30040248
25808638
21557060
17384816
13147633
8913742
4743539
29836870
25597792
21391869
17172594
12940309
8728982
4537596
29693857
25459895
21245425
17018222
12809040
8594267
4453536
29649784
25437706
21291294
17154401
12968731
8770101
4575409
29839356
25639084
21506228
17317590
13086617
8848681
4605912
9137194
4878787
667732
30039036
25765706
21563564
17379932
13155164
8940824
4718376
30031927
25775626
21546871
17310427
13049959
8805727
4588012
30037280
25799440
21570785
17323995
13052089
8807000
4579567
30111677
25880075
21645694
17423180
13172210
8943146
4695820
30059752
25811303
21606131
17785254
13520212
9285705
5029306
30189728
25928254
21691062
17469916
13215501
8999980
4737104
30039938
25796174
21599078
17400373
13153790
8944170
4733431
29765455
25523383
21368721
17207307
13028542
8868100
4656095
8170169
3923578
30196473
25918111
21703622
17491839
13237709
8971808
4778033
30180616
25911269
21668396
17485705
13187623
8897719
4694378
30107067
25844979
21616525
17367845
13114636
8868485
4657382
30017863
25788201
21577433
17348546
13081973
8856844
4646321
30066086
25835848
21597451
17364974
13111076
8876236
4657468
30115703
25891103
21678134
17395963
13154387
8936550
4714127
29938497
25691988
21494599
17305981
13125862
8897663
4668079
29987561
25738255
21543818
17329021
13087743
8915329
4709036
11249195
7005724
2801551
30180678
25932256
21731994
17516330
13223336
9019673
4775769
30263297
25989662
21758413
17523089
13247983
9003914
4771232
30140700
25840906
21621632
17411160
13156226
8947028
4735104
30040602
25769534
21573437
17341424
13075464
8851122
4639671
29862365
25629460
21458780
17251553
13023900
8845626
4665571
29765897
25530873
21344735
17135117
12909950
8712260
4516908
29759785
25562577
21384092
17194163
12971826
8797380
4588146
29831234
25627932
21460439
17281045
13067680
8858813
4636189
11092596
6867547
2691502
29940220
25671095
21467231
17238449
13004999
8773676
4573531
29833770
25597429
21421194
17227445
13004695
8806795
4617781
29958140
25709327
21520048
17275916
13035739
8810501
4594761
29984710
25734409
21515104
17278599
13051121
8828205
4604201
30119849
25878545
21659964
17427086
13185934
8942055
4671962
29845194
25594611
21406524
17199274
12953596
8738584
4512796
29671072
25498155
21352912
17214189
13007926
8830978
4623182
29945583
25709573
21502605
17377554
13383721
9235558
5024250
10957146
6730517
2508739
29981321
25753952
21518852
17312616
13086271
8832100
4583889
29980052
25749271
21576023
17390692
13152958
8934069
4707693
29879763
25655854
21456495
17253940
13008929
8804199
4597778
30005113
25745249
21520344
17301377
13037649
8829780
4624458
30042391
25803048
21585311
17391136
13138998
8939935
4707731
30006162
25763832
21558166
17364838
13091821
8837863
4570641
29988993
25774370
21572763
17387265
13125247
8857887
4597696
29945926
25711027
21512560
17276893
13038558
8828363
4610099
10413436
6154182
1879741
29983295
25695309
21467528
17262435
13035108
8813586
4610104
29875262
25644060
21473966
17257839
13027968
8785296
4609289
30024680
25804154
21604827
17377075
13129305
8892719
4637280
29925940
25679990
21515358
17306983
13089697
8865547
4646809
30053936
25830243
21590693
17366143
13140797
8938106
4665272
29919552
25670493
21449978
17236875
13040979
8884667
4672447
29981719
25728787
21549939
17332562
13083846
8855961
4647294
29998250
25755420
21573071
17316063
13044336
8857732
4641093
9925377
5649682
1398010
30209484
25978887
21774250
17495102
13260268
9019463
4783896
30250448
25993926
21772088
17552259
13299630
9062861
4872704
30281283
26031059
21799605
17568945
13293461
9057902
4818286
30091273
25824586
21604876
17384031
13128102
8916441
4705418
30087034
25851972
21661005
17424883
13171693
8957758
4711341
30088281
25868834
21695035
17460125
13190818
8942383
4723429
29962648
25735315
21558966
17346020
13098189
8900821
4695676
30060204
25801722
21621231
17392250
13155640
8938142
4733596
8824229
4568951
363100
29906206
25643312
21443906
17238681
13004799
8787662
4563035
29897026
25658569
21460822
17273770
13045179
8828656
4624099
29952945
25731601
21521414
17284902
13016541
8818077
4599941
29843431
25666977
21531040
17370035
13169222
8939278
4734550
29929532
25699140
21478606
17272030
13034134
8813419
4548778
29964679
25722353
21560974
17348665
13137106
8881009
4639762
29922928
25703837
21493061
17293733
13054364
8802437
4556767
30166382
25917574
21689930
17497864
13178747
8911087
4654563
8356367
4146153
30002839
25762482
21575358
17345841
13112152
8843414
4605399
29979525
25748258
21512235
17287466
13010463
8802616
4557372
30046393
25796253
21596933
17329875
13052492
8829065
4619895
30037571
25731772
21497422
17291466
13037093
8806165
4599246
29898738
25653996
21453971
17249754
12987731
8771278
4566033
29945136
25717287
21562813
17355519
13123217
8904565
4681060
29977529
25737295
21528741
17307663
13068271
8849813
4626655
29848239
25616232
21422409
17195960
12951044
8772481
4590595
12009387
7786646
3553114
29937757
25646409
21494562
17297350
13054742
8854405
4649790
30159453
25898422
21703071
17383942
13122977
8863658
4657343
29963956
25716627
21479813
17269409
13000174
8776296
4551730
29747887
25534804
21316631
17082309
12834138
8654536
4499826
29446133
25267582
21132097
16987203
12808456
8682650
4535512
29392387
25221535
21086211
16937346
12759377
8597499
4441759
30074309
25868974
21671604
17454853
13219055
8981280
4734869
30013102
25780737
21598452
17381010
13117283
8904626
4691411
12322560
8088825
3856903
29929822
25678447
21493102
17299155
13118645
8855415
4566682
30074831
25808596
21577700
17325424
13052787
8832926
4590356
30004244
25754725
21554825
17333991
13090953
8843357
4606427
29946512
25696036
21482095
17272307
13027828
8795716
4575107
29920263
25675495
21465054
17254085
13012669
8771202
4555443
29816599
25592899
21406863
17208422
12953614
8776345
4591253
29923859
25650731
21488364
17222708
12967424
8769401
4593439
29928676
25705886
21512583
17268244
13032394
8832080
4624518
11828950
7581887
3341712
29796851
25541658
21345627
17175981
12996219
8810851
4615435
29442467
25261899
21138062
16983112
12804337
8656226
4503445
29698971
25417375
21242989
17040876
12819969
8649280
4506378
30004460
25841769
21662723
17362683
13106879
8889521
4670394
29981765
25740011
21537776
17339981
13077608
8862130
4631489
30189325
25933531
21684910
17436803
13156947
8916139
4694652
30134610
25894431
21676284
17462548
13179839
8965564
4714274
30405238
26069287
21826121
17566217
13272717
9065103
4852120
11542449
7271744
3037884
30064727
25786451
21568349
17340334
13091323
8879522
4662525
30222451
25970787
21727873
17518139
13247722
9054282
4832290
30172734
25963091
21778788
17572699
13303612
9072609
4831637
30065264
25830178
21606777
17376039
13119413
8878819
4647890
30261037
25995096
21769845
17535662
13273304
8999754
4761997
30018839
25780281
21581573
17370016
13126121
8927239
4701880
29887328
25662916
21462918
17220620
12994601
8819897
4606781
29752366
25557242
21403912
17233798
12984684
8801698
4612498
10613318
6396687
2264723
29876032
25676891
21479293
17255090
13019589
8794813
4525738
30070384
25742418
21566108
17325611
13107028
8811818
4622586
30254965
25982650
21742049
17505050
13292972
9098546
4843959
29887135
25672172
21481033
17275973
13038440
8802190
4583864
30179277
25942054
21732422
17514942
13267806
9047536
4818268
30064106
25819772
21611789
17400872
13157337
8974829
4775227
29857545
25629373
21444882
17216522
12960678
8784447
4596683
30044545
25831121
21627405
17419382
13181774
8991770
4758600
10168464
5899122
1682024
30082458
25820934
21592841
17393534
13152763
8928736
4703506
30344217
26087556
21846748
17604156
13338769
9120264
4880136
30251037
25994981
21767418
17538328
13294673
9091911
4875724
30068721
25803980
21595345
17374825
13126711
8942321
4714701
29801382
25549764
21334011
17093200
12868441
8667532
4500116
29646941
25476121
21349585
17164169
12965001
8818272
4625788
29997789
25765944
21564753
17354685
13120435
8923052
4725392
30040295
25785929
21581843
17358462
13112572
8873407
4659070
9661532
5416332
1189034
30320933
26079326
21867406
17611059
13346756
9125782
4879012
29820928
25554573
21321010
17081416
12843220
8689314
4532181
29904535
25726340
21588731
17385906
13126642
8896023
4680345
29642557
25422423
21230209
17027583
12837062
8720032
4567503
29670088
25472342
21272476
17098887
12913220
8745054
4590444
29505959
25326327
21203147
17068671
12870976
8702993
4534399
29472519
25303081
21165235
17011761
12842198
8697312
4548237
29961309
25767837
21593062
17383268
13152732
8952597
4696700
10612517
6403304
2239315
30168602
25890411
21691164
17480818
13252164
9018791
4781985
30105871
25853281
21655489
17425651
13141172
8910144
4676289
30340971
26049643
21819597
17605523
13349338
9100176
4852695
29888908
25682484
21505203
17288680
13055848
8860950
4659987
29556521
25327872
21121074
16955619
12779448
8631591
4482907
29930938
25765817
21634664
17450040
13199654
8971263
4752890
29939989
25697522
21489494
17262701
12990778
8834019
4571216
29802815
25587278
21384614
17172869
12950323
8770678
4569021
10473493
6295536
2146609
29916471
25651251
21408055
17178574
12953798
8780150
4571782
29926455
25736116
21572121
17366015
13118194
8893724
4627375
29753371
25509079
21291417
17052738
12861188
8711975
4566604
29414001
25247443
21097735
16945321
12776512
8623727
4484639
30206152
26019217
21818931
17588605
13329298
9094295
4861042
29895788
25671355
21477048
17266076
13038887
8823936
4615960
29896001
25672227
21484458
17289561
13063712
8866519
4661922
29901374
25682974
21511496
17318016
13096284
8908519
4725635
11254084
7017887
2850781
30131501
25908334
21711993
17505670
13269362
9032036
4817918
29930694
25706673
21527105
17324900
13100009
8877362
4682495
30017742
25784965
21596879
17399981
13188408
8963636
4756868
30003656
25762507
21565012
17359166
13119117
8933879
4706850
29874629
25643281
21477588
17285354
13051501
8857063
4640218
29592933
25415515
21292937
17155222
12984273
8826013
4647238
29786216
25565777
21382270
17192737
12968906
8791924
4596549
29728001
25511794
21342242
17157363
12936458
8756883
4578091
11694444
7498432
3323401
29772914
25554263
21374276
17203125
12986237
8801550
4616416
29788563
25570148
21383038
17255034
13053885
8873768
4648157
30053386
25820384
21632144
17404077
13144234
8915861
4697361
29752619
25551457
21375175
17205132
12984227
8774460
4564587
29861610
25637919
21434210
17230761
13010290
8814178
4603846
29889781
25645341
21398282
17228164
13011553
8797089
4623721
29779919
25599635
21468805
17321367
13103283
8840519
4630536
29911514
25706545
21512157
17317429
13081195
8879188
4657737
12285059
8049281
3852785
29876631
25639582
21451581
17280928
13053627
8839101
4637795
29780808
25568404
21401839
17216569
12978640
8785137
4584002
29524954
25305167
21116312
16962910
12797678
8701287
4551231
29786433
25616151
21452245
17259660
13025183
8816508
4606130
29942733
25705941
21510940
17301603
13084876
8864823
4649437
29913213
25670976
21465303
17264739
13037125
8843454
4641303
29935814
25711345
21517454
17321101
13085532
8874736
4657274
29464600
25229667
21127464
16977843
12814039
8682983
4546331
13210392
8998811
4809811
589156
29805441
25581828
21417379
17234513
13015433
8841502
4668756
29789890
25570384
21405487
17223562
12999392
8806778
4620530
29515337
25323741
21141940
16972114
12788489
8637667
4493203
29888682
25706628
21548047
17361299
13120779
8897825
4682085
30080276
25838438
21610009
17370282
13148436
8870715
4626332
29979096
25679154
21485306
17295766
13046111
8809910
4577144
30111924
25913413
21658687
17439515
13191576
8997340
4751542
29807034
25577814
21379648
17181237
12949181
8726187
4522383
9499169
5276728
1066087
29980656
25711746
21554960
17415968
13243828
9047198
4819453
30425059
26156062
21932056
17698637
13436573
9208605
4965186
30128558
25877089
21676477
17443769
13197130
9000887
4801716
30160792
25912781
21713350
17496382
13253220
9037394
4806722
29982722
25725823
21516312
17292572
13051225
8847585
4660350
29886668
25697840
21511865
17300096
13081443
8853333
4644112
29797689
25560084
21413654
17234734
12994186
8809233
4618694
30075744
25853009
21676108
17470875
13272512
9075587
4878017
9352441
5111900
929163
29835374
25619532
21404343
17226220
13019877
8821889
4645169
29791271
25574935
21400776
17190723
13000161
8805993
4616213
29969439
25750121
21549514
17289220
13064364
8852778
4647101
29927212
25702999
21513336
17296019
13057891
8808634
4593657
29970524
25740131
21525065
17314043
13076844
8856340
4639163
30044037
25809196
21612312
17385170
13140703
8917082
4694949
29780482
25619301
21518185
17400252
13202421
9055001
4846051
30042348
25790010
21585374
17373487
13144077
8921735
4723602
9738851
5527893
1319523
30101162
25847758
21656549
17467606
13246475
9038938
4806399
30133683
25878737
21661251
17416239
13204405
8991282
4769378
30237457
25976356
21748317
17538339
13266411
9054431
4810992
30018270
25788921
21619029
17413590
13167906
8946658
4738043
30057967
25832061
21652166
17455997
13181403
8958121
4737227
30165124
25908152
21699416
17467840
13214070
8981176
4775109
30015007
25778285
21562753
17330461
13070773
8862090
4632454
30006654
25796683
21604276
17378703
13109294
8884565
4665677
8973075
4716173
523418
29936849
25707638
21540417
17363150
13034504
8843174
4622744
29968327
25735726
21542637
17293097
13017744
8820055
4595140
29904541
25664506
21468878
17304422
13056168
8839512
4606325
29894023
25660643
21466261
17223279
12998256
8781117
4576173
29871229
25643133
21504768
17338854
13099162
8877411
4650744
29793733
25559215
21355850
17167678
12946761
8745678
4549897
29711268
25498405
21315345
17112622
12913125
8754827
4568841
30042065
25817212
21621621
17408687
13209983
9013910
4808931
9205245
4979395
790465
30063478
25811298
21611246
17410963
13168005
8953092
4727762
30268051
26038458
21822313
17610494
13347169
9100072
4871520
30329629
26100432
21892398
17666523
13363421
9115882
4863802
30199723
25944958
21703208
17474549
13245129
9000946
4793904
30278517
26022546
21791530
17552737
13293027
9056296
4810163
30123178
25866479
21641663
17427100
13143634
8916033
4705345
30014438
25756036
21560809
17348051
13059539
8834448
4600589
29960074
25721642
21509461
17267145
13022486
8799866
4568163
8077330
3845737
29930963
25694640
21471818
17305824
13064966
8865189
4531743
29748221
25544787
21378499
17219573
13023284
8797592
4608898
29819552
25637590
21487811
17309991
13087931
8878611
4719491
29597713
25400542
21220141
17004133
12814023
8658960
4495453
29755674
25562593
21368574
17154714
12931757
8742139
4555931
30028523
25767559
21549683
17345370
13109942
8887758
4662893
29851868
25657203
21473774
17276313
13043129
8837698
4636791
30007657
25770664
21549834
17333438
13099268
8877934
4683022
12854344
8624942
4438155
30014440
25791346
21614125
17418062
13192243
8986773
4756707
29772031
25585639
21423017
17227588
12999647
8812709
4626382
29837119
25615631
21460654
17268689
13049243
8838173
4664947
29831551
25604687
21409340
17190941
12901269
8741573
4533470
29904233
25667425
21465326
17245249
12997666
8811908
4621993
29860666
25621360
21440281
17233919
12999903
8794480
4621282
29656638
25434604
21282223
17125833
12927904
8731385
4548751
29971951
25735409
21546565
18100996
14700932
10464991
6243444
13437458
9197170
4996092
786485
29859242
25624608
21410044
17193372
12959955
8760577
4552438
30022188
25775640
21561469
17316117
13075270
8876025
4667391
29444000
25236161
21089239
16939136
12763696
8636139
4499641
29396244
25230544
21107391
16977246
12809830
8676270
4548531
29758051
25597587
21451064
17285213
13056352
8854307
4647752
30234207
25953504
21715338
17447692
13240357
9053051
4853177
30102120
25852850
21603514
17367311
13167141
8968944
4745007
30127011
25936496
21782892
17562130
13292963
9031754
4801243
10024067
5776997
1565513
30116652
25886438
21704451
17534702
13280201
9051064
4822929
30024927
25769518
21543050
17305942
13057556
8845728
4637191
30001895
25770589
21574888
17369372
13138629
8900725
4656172
30092554
25847117
21629576
17399611
13153169
8926324
4686401
30016141
25786712
21596817
17384832
13151571
8933552
4725881
29931709
25706887
21515467
17316411
13090592
8908859
4678702
29830818
25624731
21471051
17319409
13092325
8888283
4679246
29984051
25752564
21548208
17308720
13075117
8870776
4683164
9781880
5546703
1352759
29992025
25758028
21548091
17327615
13055830
8839345
4636484
29912784
25681507
21483234
17265713
13014632
8808608
4607685
29801433
25580569
21416003
17218973
13006661
8819219
4550795
30012534
25810068
21623557
17411990
13161998
8940126
4698679
29631554
25393961
21206031
16997412
12760447
8583737
4425490
29615376
25435494
21284389
17118618
12946102
8788135
4612864
29994502
25718057
21511349
17318276
13079978
8872487
4653769
29928433
25678943
21476465
17240149
12983656
8789393
4570920
10072319
5836969
1621029
30151191
25922393
21721783
17529373
13291907
9049516
4831585
30338796
26054232
21832641
17595130
13323645
9041066
4789380
30193138
25926804
21612965
17379194
13117852
8882706
4648385
30134050
25929634
21735990
17492933
13215110
8974116
4754074
29721702
25463891
21276097
17079238
12894181
8732032
4572529
29796675
25543518
21332867
17086868
12888637
8735939
4576192
29849014
25590560
21356291
17138407
12905722
8723967
4556904
29799805
25612669
21454816
17287996
13100556
8860827
4610672
9864802
5643120
1454328
29935668
25681070
21473337
17280738
13053398
8855745
4679424
29760898
25562687
21400372
17223266
12956169
8774606
4621046
29856643
25674919
21527958
17373002
13162984
8970495
4747148
29979223
25769091
21597802
17417995
13170682
8925552
4706162
29981918
25744800
21517994
17300711
13053186
8846824
4627175
29881353
25647613
21448173
17261944
13033262
8829373
4613052
29830997
25593695
21387988
17225913
13025598
8806836
4587853
29574459
25342316
21136226
16981052
12815101
8664402
4489486
10526394
6301288
2100477
30031436
25798008
21619827
17387767
13152960
8934232
4732925
29896257
25656902
21447582
17248231
12988429
8777438
4562926
30003826
25754767
21542767
17325574
13091789
8886810
4638128
30094786
25859356
21653355
17419601
13176645
8923901
4688412
29893602
25656471
21450110
17233174
12996849
8797538
4605990
29526380
25315325
21143120
16947497
12735124
8591192
4449214
29540493
25373376
21235895
17091349
12929026
8790857
4623593
29615960
25393257
21222040
17026515
12802581
8608421
4456092
11343235
7149710
2965238
29915588
25696908
21464351
17256865
13029598
8822753
4620087
29945527
25710842
21490896
17289399
13058378
8861452
4634688
29642607
25409060
21204505
16991363
12745665
8591396
4443291
29561955
25398318
21265579
17117022
12950191
8801804
4592830
29771580
25555121
21416346
17220924
12978228
8774966
4589229
29906430
25633474
21413107
17191088
12954222
8754526
4562621
29792240
25571063
21390138
17191489
12977908
8764689
4568596
29781848
25582883
21407902
17148296
12943695
8751554
4536963
12281458
8047077
3848119
29812505
25577149
21373172
17169034
12941190
8736922
4560357
29906706
25682456
21490545
17289148
13070279
8870381
4663617
29997006
25760734
21563014
17366778
13149992
8939439
4731264
29893608
25662188
21509709
17360318
13131351
8944824
4744843
29931164
25691246
21490444
17286700
13060481
8845349
4648504
30089549
25859781
21663715
17441567
13214474
8979225
4738464
30206221
25959291
21732631
17427512
13209429
8996104
4788581
29723080
25486856
21285155
17128937
12964596
8771458
4588854
12562077
8334866
4113740
30132088
25842817
21647906
17424333
13162389
8940699
4686954
29809647
25566063
21365607
17146759
12906564
8730845
4525386
29804415
25564407
21360712
17152104
12910276
8700217
4533263
29526113
25339415
21188018
17029430
12852605
8698926
4540344
29646950
25469472
21327682
17167613
12988356
8789777
4571205
30112695
25865034
21658225
17421211
13128296
8930107
4699563
30035539
25783329
21545442
17283936
12998820
8784100
4597010
29491742
25295160
21150798
16980700
12804991
8644016
4483113
12915881
8692669
4483620
269324
29954755
25723980
21512992
17307768
13040649
8806875
4556992
30211751
25950890
21730634
17491386
13264397
9028849
4760708
30174312
25934238
21719492
17514800
13253765
9036220
4799501
30035845
25752289
21513539
17189747
12959203
8756841
4555745
29822910
25599200
21401688
17184402
12952030
8754303
4571456
29798315
25565567
21364586
17185405
13003924
8854174
4674113
29692206
25458982
21261717
17049514
12810195
8664610
4528406
29805941
25604733
21405530
17180219
12958983
8757188
4560232
8482906
4278949
29997100
25751749
21558094
17345067
13103880
8874874
4657923
29890987
25650214
21393115
17179988
12957259
8755888
4540260
29931507
25722027
21540585
17348538
13124349
8904037
4659160
30077719
25853150
21613241
17309099
13030138
8834270
4578973
29863990
25640223
21424923
17232070
12992936
8798192
4591597
29538388
25299115
21138089
16982562
12802332
8644781
4487657
30017215
25746691
21536386
17307263
13044950
8841395
4626281
29830315
25605536
21401134
17162541
12932439
8762675
4576219
12617040
8333819
4122273
29933995
25653314
21430063
17210434
12984538
8784104
4587263
30062270
25832477
21639202
17421211
13187674
8946481
4700921
30045513
25824798
21635090
17396053
13135737
8919497
4666961
30119346
25870225
21670801
17462835
13204909
8982333
4752554
29922385
25711513
21544106
17332748
13060725
8876726
4637111
29915983
25712749
21505888
17252931
12977779
8791851
4585376
29997261
25792812
21577883
17331825
13067321
8838722
4613604
29631797
25390558
21168558
16990621
12809036
8653693
4494629
12140967
7965940
3825775
29672045
25493791
21334580
17190884
13010493
8826061
4614721
29990696
25751720
21567970
17371419
13145230
8934302
4675330
29724153
25542189
21413281
17257952
13028710
8825111
4603262
29768757
25553429
21377393
17187807
12977992
8798766
4601585
30190337
25968488
21780531
17579984
13354117
9121571
4883996
30079833
25847684
21658842
17468190
13228381
9024633
4809113
30164490
25891304
21689842
17465045
13193522
8952574
4658233
29948525
25711846
21463707
17236270
13027624
8822883
4601045
12642451
8408076
4204900
30170636
25928152
21680842
17450163
13182068
9000089
4774329
30044368
25818573
21581820
17327567
13064796
8823804
4606561
30032410
25774657
21555081
17334825
13098930
8841850
4604622
29833551
25563901
21357939
17158236
12904575
8697065
4522099
29661313
25493301
21369528
17229353
13023626
8819877
4600372
29567711
25351736
21200217
17034307
12818655
8658987
4510226
29661511
25495031
21343258
17159001
12928289
8724468
4533169
29739961
25547222
21368619
17189241
12985251
8796332
4572406
12921241
8702226
4501874
310472
29987580
25736783
21511751
17354240
13118789
8894614
4677469
29823292
25627330
21481752
17322977
13125264
8887786
4580909
29849752
25627684
21436967
17226835
12997983
8797433
4584950
29979104
25740400
21520840
17277132
13030789
8804996
4592840
29842896
25605349
21402688
17189409
12953090
8734728
4516028
29799565
25580835
21364195
17198487
12991734
8762277
4530023
29857709
25632897
21438392
17232800
13009454
8799828
4599571
30032280
25787894
21590791
17376776
13131418
8918402
4707469
8851456
4612613
443274
29738177
25531526
21358978
17170893
12966990
8784013
4549899
30085109
25806830
21578216
17346978
13062900
8840125
4613724
29653684
25471152
21269835
17071092
12858497
8691405
4504665
29588183
25401217
21260987
17111392
12920282
8743766
4559325
29677494
25499514
21330042
17149685
12945208
8743124
4545714
29824611
25624293
21433809
17234664
12992462
8796992
4594459
30056053
25853447
21657442
17447724
13208771
9001680
4783185
30065822
25795540
21564335
17315882
13027689
8806288
4575726
9351366
5122783
929358
30160423
25902088
21707406
17480212
13247094
9001171
4765602
29749821
25486343
21299104
17128402
12906535
8737590
4563490
29565045
25382166
21256769
17121893
12931134
8758649
4592281
29596589
25401076
21265847
17101219
12901300
8709617
4530974
29820978
25625397
21466538
17289774
13069775
8906135
4756422
29978154
25775871
21602480
17399978
13160364
8950069
4731707
29976384
25716840
21512924
17273200
13038535
8808270
4565750
29979292
25732783
21515868
17283184
13030525
8803029
4570700
10119141
5889095
1674745
30096572
25856121
21655431
17418697
13171881
8955912
4719345
30014196
25763793
21555679
17317075
13074970
8866404
4649531
29890484
25671994
21479146
17301976
13070365
8865373
4640809
30053941
25835907
21680097
17446256
13204855
8973242
4779914
29989654
25735765
21522484
17285421
13046028
8855475
4598221
29916484
25680549
21471953
17255732
13030499
8813775
4600683
29909955
25675108
21475084
17262338
13024913
8813056
4596995
29947330
25706817
21503498
17287666
13037490
8806176
4573989
9845752
5547620
1312356
29865862
25626610
21432803
17250860
13027819
8807169
4593708
29877769
25658114
21469256
17253229
13014851
8797045
4594445
29793755
25566898
21374951
17192783
12978097
8814315
4624382
29880876
25657878
21473073
17272490
13046035
8838015
4631091
30001558
25723748
21507484
17302160
13080911
8864586
4628708
30007713
25757262
21535580
17323561
13078640
8886862
4675297
30056100
25811798
21607262
17402307
13163932
8954902
4720189
29872295
25671406
21480865
17261757
13043354
8820521
4576736
9765827
5522841
1306323
30021879
25820200
21629980
17424770
13190482
8981104
4725905
30107764
25843468
21578570
17333594
13097806
8926325
4727131
30145893
25914070
21727521
17530827
13281782
9059570
4843491
30143027
25910064
21692827
17435911
13177064
8935496
4690198
29936945
25689616
21492237
17286204
13056387
8841309
4626349
29866888
25632607
21437102
17225063
13006952
8805502
4595777
30223518
25991545
21777495
17547749
13290214
9043313
4801262
29900592
25690087
21542140
17360467
13127478
8923889
4721860
9684487
5454161
1265453
30026846
25802410
21611213
17425310
13194608
8979929
4763094
29998535
25761665
21568776
17313017
13052703
8845511
4638884
29799776
25609506
21443146
17237125
13017042
8810083
4586920
29783987
25609302
21448391
17273897
13057916
8927331
4733704
29786030
25570676
21400294
17221693
13000228
8805185
4643104
29945386
25736485
21532743
17306924
13058955
8852327
4650708
30048056
25853136
21672870
17393942
13177017
8984844
4796721
29905814
25684617
21487811
17273277
13041696
8828982
4646661
9796470
5547863
1360353
30132125
25888359
21678184
17534994
13264673
9023383
4791440
30267887
26025343
21796624
17572002
13297765
9073817
4857747
30133459
25907840
21687436
17485997
13264921
9026278
4791067
29927006
25690563
21502571
17259847
13030864
8850688
4676303
30153226
25952635
21784582
17579259
13295168
9069941
4833892
30164621
25942627
21735363
17501581
13245583
9010840
4774912
30104799
25888040
21695875
17453937
13215448
9003120
4772059
30008002
25761056
21589114
17381438
13123028
8914323
4717044
9095892
4873708
639035
29832455
25596834
21429850
17224342
12935157
8776343
4576239
30221564
25939898
21701488
17488243
13269849
9011099
4802501
29861024
25624892
21418968
17162902
12950430
8741395
4539465
29989869
25762874
21555140
17328578
13105579
8905731
4703840
30040659
25827395
21638188
17389493
13157924
8925610
4702807
30232252
25938172
21678989
17441339
13196832
8958577
4711750
30117209
25853837
21586238
17369365
13090094
8878378
4638933
29957377
25735257
21539081
17325200
13097076
8851708
4641712
8358256
4041472
30068937
25810660
21611230
17364203
13138608
8903487
4714649
30053965
25803710
21581168
17343113
13085470
8875505
4663144
29985036
25740688
21520334
17313757
13065860
8856855
4646798
29865950
25641105
21430413
17203621
12999883
8837066
4620262
30041934
25831310
21635118
17371066
13152819
8907050
4693971
30033484
25855947
21697216
17515722
13259655
9039983
4812413
29839052
25617841
21437526
17234385
13005778
8780982
4618308
29779716
25600376
21468448
17314764
13123502
8873926
4618155
12383376
8167346
3980580
29807050
25571611
21385866
17157644
12953003
8790367
4524365
29960860
25746791
21564586
17383419
13167742
8973124
4759805
30085097
25853961
21643357
17416413
13180901
8959661
4749155
29985568
25746629
21535754
17315851
13063448
8838029
4603385
29911309
25665582
21459660
17229489
12952540
8762034
4566251
29840257
25626088
21447979
17265672
13047236
8870554
4678918
29882431
25690935
21496909
17288586
13045940
8846591
4619052
30203604
25988101
21802217
17557124
13358264
9068231
4818497
12346309
8064282
3864707
30244506
25986988
21773731
17575991
13233274
8978019
4726530
30240937
26002387
21755672
17501798
13232453
8976129
4738889
30048260
25855535
21697399
17457456
13192200
8959320
4726153
30226722
25975207
21772529
17540411
13285209
9062094
4833802
30062139
25816463
21617191
17378687
13121658
8887375
4658175
30006942
25771611
21565706
17373804
13155625
8964895
4710691
29959071
25721722
21487434
17274801
13041128
8830835
4611574
29851502
25602767
21429357
17217850
12987218
8803140
4578363
11603459
7394551
3202057
29806428
25567362
21399614
17218541
12939604
8784722
4586219
29773752
25577195
21426984
17269975
13032336
8856593
4733338
29807902
25589785
21452021
17271390
13028400
8810687
4591362
30121175
25871250
21665264
17435756
13195298
9010627
4789933
29907626
25699733
21490197
17238075
12962828
8761246
4579720
30074217
25841412
21655022
17422913
13153806
8941611
4687739
29883026
25652613
21445135
17252471
13027686
8838684
4635194
29837260
25598571
21418696
17208573
12995450
8793401
4606805
11826828
7607457
3428618
29806048
25580378
21372367
17167650
12946883
8746028
4524837
30170007
25932741
21715180
17475210
13214285
8986011
4756039
30310851
26060496
21824153
17602811
13393474
9128822
4867672
30116273
25864804
21690678
17467739
13200276
8990890
4761390
30102849
25889385
21643292
17399462
13131361
8952219
4764643
29996975
25742062
21546841
17353554
13098311
8871085
4654765
29856875
25644414
21441104
17253239
13051124
8839045
4676814
29964072
25720852
21540026
17330584
13084032
8855723
4606719
11300099
7039361
2808180
30398109
26094139
21868603
17634481
13336326
9095752
4869310
29915464
25670402
21499743
17299120
13078808
8881648
4684787
30177362
25943074
21717435
17499326
13227591
9011495
4783294
30081811
25824971
21581765
17288094
13033290
8820625
4628374
29952039
25725150
21533587
17327863
13126920
8935642
4736510
29874203
25619011
21443039
17230528
13003978
8775859
4625241
30083749
25884911
21703262
17476170
13188289
8969103
4720494
30078944
25844038
21638047
17435241
13202817
8973943
4745740
10431990
6212328
2059252
30195006
25942862
21736032
17538985
13293266
9077513
4873112
30081633
25806528
21544908
17315507
13064294
8865756
4662693
29994254
25752090
21555881
17363226
13123854
8918493
4704306
29950258
25708992
21518562
17325540
13098261
8908472
4740677
30145199
25880967
21747502
17607865
13354665
9150045
4911544
30296677
26034456
21826054
17575235
13324788
9119051
4888729
30029712
25792984
21573441
17389421
13131569
8937678
4739167
29869670
25641393
21461146
17303726
13078019
8861525
4679963
9684520
5456562
1283373
30133262
25903807
21668580
17411435
13166853
8960269
4695823
29892474
25690225
21517595
17337055
13093291
8961393
4795484
29815672
25554007
21343157
17178602
13032605
8907289
4760288
29870908
25672485
21497972
17311344
13100223
8883402
4655712
30013781
25772691
21601485
17423240
13149620
8916941
4685428
29732388
25485912
21301131
17032774
12850959
8721694
4574462
29849217
25678350
21551836
17358339
13130539
8893075
4690335
29983063
25762412
21579620
17378473
13152366
8942595
4691714
9864037
5578239
1319450
30382846
26118956
21863675
17634919
13379223
9165164
4919290
30217864
25973292
21762024
17522307
13218147
8948385
4674673
30105790
25903429
21734535
17480207
13205388
9018936
4751461
30150154
25921828
21740022
17528507
13272923
9040886
4813737
30038752
25818467
21652767
17469212
13222166
8997403
4754943
30156134
25929012
21733753
17521589
13262821
9019535
4797878
30070915
25844473
21657741
17408216
13148113
8902703
4657008
29925767
25682743
21483957
17263243
13016563
8828522
4639204
8632899
4421374
30083618
25820295
21589596
17344791
13085847
8855020
4618498
29979306
25745948
21545766
17299517
13070040
8841098
4684906
29979788
25736294
21560233
17338539
13087173
8886974
4658524
29983783
25720820
21515373
17293472
13052653
8834028
4604632
30216356
25988569
21791864
17558977
13286918
9107983
4825965
29819748
25585288
21413701
17236361
13024382
8864714
4674872
29487697
25271901
21082497
16946757
12783221
8637516
4516446
29971005
25758233
21555169
17322296
13071824
8833425
4620112
12905817
8687628
4462348
30252830
25989897
21787834
17577048
13310127
9088596
4791420
30266418
26011982
21816493
17587562
13317291
9128333
4904210
30289180
26037130
21825696
17600618
13336202
9114816
4850923
30325726
26051513
21847112
17626110
13369343
9113362
4874427
30127710
25843983
21609244
17406093
13141292
8931022
4722466
30101494
25845428
21633047
17413989
13149176
8963970
4743559
30074137
25853637
21632036
17417444
13175617
8984516
4756300
30048350
25818063
21618767
17406118
13171019
8924511
4693555
11769758
7600460
3454897
30008017
25768981
21608543
17424178
13230490
8968790
4735761
29952460
25743443
21560919
17371566
13135330
8961264
4773120
29926828
25724166
21567895
17365568
13121663
8911656
4709020
29675640
25486328
21344709
17222282
13028709
8846431
4661141
29873167
25646576
21501353
17361902
13130422
8947239
4757340
29859887
25618732
21449020
17256412
13017462
8841046
4678518
29681568
25469251
21295886
17107830
12891140
8689120
4550174
30092364
25876191
21696557
17493632
13255463
9064276
4822849
12356210
8126639
3934403
29734923
25519288
21355461
17179758
12957005
8751404
4499206
29845147
25638204
21471849
17274759
13013294
8813981
4616919
29731180
25522847
21390356
17237573
13029866
8836724
4646264
29898396
25682727
21510522
17327437
13100448
8900098
4693615
29902136
25652918
21454740
17242831
13012096
8830504
4636192
29877084
25638776
21458709
17259076
12997294
8820137
4643121
29730896
25522750
21351887
17169362
12957107
8745482
4584699
29840294
25636049
21530442
17345548
13131168
8946383
4717017
13128053
8915486
4730610
507122
29882238
25686324
21511599
17284886
13029561
8846398
4549124
29982476
25734610
21492780
17279460
13029354
8807826
4614871
30040808
25863590
21732591
17489653
13216522
8956135
4707278
30013013
25799152
21637774
17439221
13174168
8963404
4738945
30055340
25822807
21604539
17361786
13094575
8854683
4622250
30077757
25870522
22100923
17852255
13642957
9435970
5201099
30185264
25955460
21767006
17550989
13286681
9033432
4814906
30133131
25898826
21693509
17503476
13280560
9060833
4807561
8105741
3888953
30153663
25897414
21694959
17494587
13231449
9014333
4778056
30254821
26000055
21757780
17533959
13273556
9023197
4784118
30019074
25772860
21561992
17327051
13066787
8847863
4635403
30109161
25868164
21653088
17477955
13271750
9068470
4800227
29877654
25635732
21442898
17224709
12979323
8787620
4591071
30108030
25871093
21640665
17396630
13129493
8901118
4645891
29946523
25697445
21510906
17293822
13060663
8849265
4634356
29892043
25655023
21462760
17249446
13007503
8804480
4603611
11797268
7553395
3346379
30001623
25767363
21537858
17272541
13041979
8830509
4630613
30060312
25807496
21642599
17417498
13179383
8966357
4753560
29987660
25725137
21511498
17314992
13087485
8842471
4678226
30102289
25861167
21659445
17425038
13157869
8926889
4692151
29902750
25691601
21508188
17320627
13089241
8881647
4642595
30036508
25804361
21611664
17420961
13194786
8990145
4757902
29922596
25689998
21517159
17315629
13086410
8857854
4642819
29904732
25697424
21499258
17285476
13038488
8848743
4654207
11750125
7519205
3326442
29925661
25712681
21529893
17327138
13102685
8835031
4594318
30007277
25768012
21548066
17339060
13108683
8886349
4672726
29885919
25664044
21457252
17264053
13029247
8847895
4672699
29996175
25741723
21549604
17327585
13050236
8860765
4674673
30070761
25858009
21676088
17473744
13243799
9029246
4840085
29847721
25612777
21431286
17208208
12962078
8757880
4639397
30007553
25776969
21587658
17381598
13141116
8901264
4655313
29879415
25646424
21465327
17273301
13071406
8859075
4644226
11666492
7430464
3192955
30071018
25819491
21628055
17443247
13222148
8964520
4760549
30065747
25830918
21618770
17401806
13142555
8919646
4675881
29894126
25663480
21454580
17260509
13022800
8819620
4611689
29818684
25594866
21420192
17225359
13015555
8808948
4612943
29964771
25757931
21585446
17391961
13101226
8897085
4690972
30014873
25778849
21594780
17414452
13128673
8924549
4699350
29962023
25739959
21538365
17331466
13096243
8900004
4691650
30145479
25887018
21652827
17477394
13159968
8948287
4714528
11151881
6899360
2680740
30048848
25791181
21568017
17410270
13204765
9059704
4793142
30205700
25952261
21750901
17535366
13279732
9051996
4835999
30249652
26027980
21804049
17577059
13327174
9104179
4872185
30196433
25950254
21713041
17444697
13189459
8954876
4725079
30172860
25921888
21693899
17474040
13218397
8996201
4802828
30188659
25955156
21738148
17506426
13268026
9031762
4767051
30250184
25985344
21748282
17522475
13248802
8974202
4725987
30285553
26016325
21786921
17552089
13274251
9031254
4799791
10048956
5859426
1698346
30156279
25892457
21660072
17437670
13148765
8890473
4650824
29903983
25663940
21442509
17230110
12962346
8742019
4530129
29931472
25671470
21442294
17195692
12959309
8750899
4564148
29942985
25693797
21486420
17258532
13033480
8840290
4643692
29807096
25566831
21417205
17235480
13013889
8839912
4629483
29884968
25645614
21445642
17237122
12995194
8780100
4567609
29931360
25700182
21499459
17273061
13035721
8842300
4658236
29691084
25504934
21371252
17237872
13037904
8851178
4656213
10126801
5910717
1731813
30137224
25920692
21721381
17515865
13269691
9044668
4810290
30020005
25795701
21563990
17400944
13173716
8965798
4732614
30144678
25894611
21684486
17473822
13243480
9045046
4842280
30065907
25825227
21629953
17434077
13193294
8994059
4757986
29953835
25712573
21518990
17310000
13074296
8838242
4673107
30014912
25767307
21566136
17340862
13102181
8914084
4678381
30012186
25771537
21569250
17351914
13119427
8907407
4682148
30041321
25795544
21596490
17388817
13137613
8941874
4733036
9796467
5574255
1380811
29899974
25670501
21489802
17248255
13013768
8768769
4553272
29917872
25681544
21481913
17303059
13070961
9021409
4829816
29808743
25573811
21361787
17180735
12961467
8789779
4651038
29621039
25455057
21324795
17188297
12987709
8820616
4657543
29859299
25637240
21420471
17242101
12998984
8778160
4568741
29853252
25637255
21453225
17273098
13058724
8869247
4706970
30131956
25891816
21696207
17464908
13242531
8987211
4758756
30502772
26289320
22039147
17796931
13530022
9278818
5029812
10074960
5840558
1617406
30211512
25954557
21744068
17494794
13228869
8987679
4752520
30269684
26023215
21795902
17576914
13338108
9081965
4814978
30360585
26106177
21866283
17611412
13347782
9101883
4853454
30069783
25836732
21636614
17412553
13163122
8944410
4736662
29874135
25653410
21466368
17255534
13019583
8812349
4596670
29909384
25677192
21490377
17277954
13050875
8820099
4596055
29948891
25716815
21497949
17276983
13051496
8857612
4660835
29951968
25718608
21516722
17303646
13042757
8840849
4641600
9532226
5291760
1110406
30111492
25882382
21632162
17412176
13178408
8944658
4715954
30088146
25798650
21587021
17318859
13062004
8832153
4613258
30087325
25862646
21642090
17438128
13188622
8960601
4740807
30038061
25773743
21538039
17343281
13098943
8864980
4661895
29904477
25663375
21486858
17295623
13052151
8834904
4637223
29985008
25784660
21591274
17359024
13114048
8888200
4655836
30079255
25827761
21643430
17414538
13160312
8918054
4698564
30105371
25884241
21641530
17422455
13146680
8917335
4684013
8577242
4308047
30163925
25847573
21628870
17429106
13164113
8941072
4763057
30081806
25844260
21623232
17394093
13125809
8924800
4734265
30040986
25814811
21582748
17351401
13100093
8890320
4679331
29839300
25623958
21441499
17250056
13016700
8809637
4601335
29958682
25738268
21568975
17344873
13044473
8832789
4617115
29779371
25569427
21358647
17145775
12920596
8730202
4542794
29864865
25646169
21445606
17253447
13029447
8854618
4666793
29793798
25580743
21406820
17216304
12989707
8797314
4608105
12876591
8669936
4502335
29993068
25753648
21521891
17272646
13003502
8746934
4580265
30240527
25985488
21762179
17522589
13223951
8994955
4759659
29808969
25575904
21391045
17205124
12990830
8808498
4558194
29970156
25758794
21574416
17370642
13145987
8939556
4741787
30101718
25842801
21642192
17427944
13166597
8928911
4685709
29901187
25675832
21475794
17267805
13032080
8796314
4593927
30004058
25769908
21575681
17381692
13127800
8901620
4650831
29953498
25722269
21807073
17688459
13460214
9312703
5292842
12555914
8351732
4198813
30276146
26055511
21839119
17611950
13349418
9129256
4793854
30233320
25992043
21771372
17515865
13240294
9008365
4778118
30283710
25999141
21765011
17524455
13256613
9027885
4832027
30205072
25950483
21711941
17490687
13220108
8979250
4726570
30145525
25897255
21676545
17426777
13162939
8923614
4700809
30118590
25871092
21649922
17446453
13199281
8949803
4719192
30197321
25921081
21684953
17438138
13175150
8916153
4691839
30052284
25820354
21624901
17405509
13157559
8936676
4680038
11158228
6930350
2726433
30121486
25850961
21637029
17419547
13197499
8946005
4701574
29884026
25648295
21459883
17236579
13038648
8835606
4619284
30537607
26262911
22001662
17766174
13492723
9259380
5022844
30033118
25750181
21552449
17359553
13099998
8890181
4682969
30028644
25795142
21603804
17375562
13164218
8956377
4746768
30042729
25835563
21643064
17430090
13200606
8978102
4770688
30013649
25784979
21571577
17355719
13127443
8917719
4674388
30103305
25837710
21618475
17383098
13174713
8924315
4708426
10560537
6336863
2142326
30008583
25746120
21535215
17319767
13141295
8936423
4675402
30309657
26049185
21828944
17601172
13335100
9107950
4870882
30302723
26095856
21882927
17632734
13363982
9161157
4860752
30210353
25937183
21679636
17515364
13296551
9069214
4776617
30059941
25807311
21604646
17370579
13082114
8900889
4751031
29926499
25666892
21485436
17253115
13031266
8803308
4583199
30007619
25770634
21561208
17365071
13102687
8911458
4695660
30365599
26144609
21962758
17685977
13408383
9168817
4938354
9340870
5072003
837787
30068128
25809016
21598510
17379118
13124884
8954934
4731386
30256819
26027636
21778517
17562310
13274686
9033328
4797187
30208530
26008237
21782034
17503914
13221530
8966499
4709343
30185382
25943968
21741620
17484863
13230219
9061290
4768577
30183909
25928854
21706541
17446392
13187333
9024411
4785624
30010843
25733882
21509319
17277446
13031965
8838071
4663013
30179342
25902378
21686857
17453881
13207792
8969459
4731439
30115720
25817358
21657843
17422793
13164116
8942847
4700207
8024128
3767937
29968112
25732034
21539483
17330173
13080187
8892868
4599730
29849106
25607611
21455473
17225912
12989912
8804594
4608004
29816984
25598384
21407938
17223910
13012199
8814391
4608971
30059124
25829482
21633476
17454912
13212979
9010978
4822236
29842461
25623785
21448802
17222005
12970258
8765371
4589324
29817257
25600466
21420658
17232189
12997453
8814378
4626528
30258218
26028408
21828633
17603567
13347177
9117383
4874465
30230387
25971731
21801907
17485231
13213984
8967849
4774060
12135852
7872456
3623421
29981060
25736374
21563900
17348828
13083640
8826983
4564845
29846316
25594270
21370954
17177647
12946180
8776185
4589060
29986491
25700718
21481453
17269864
13027026
8802833
4615497
29800817
25574813
21404139
17204664
12978952
8787808
4589511
29959346
25721491
21535949
17316278
13074840
8884722
4699093
29999915
25730120
21538192
17285120
13030513
8797534
4568206
30007629
25723842
21490774
17272637
13023954
8831543
4611530
30068385
25822009
21623997
17436826
13194578
8980996
4790505
11622407
7341419
3140746
30158629
25904162
21700203
17537193
13312067
9076398
4812652
30027518
25756789
21534125
17316341
13083285
8869235
4661328
30037923
25788007
21624258
17436708
13182579
8972318
4768640
30027116
25783102
21561330
17319241
13065123
8838127
4621926
29818349
25563123
21377913
17188829
12974764
8785470
4594762
30150235
25896127
21695420
17473092
13217207
9008794
4683426
30222347
25961356
21708889
17457958
13169867
8937413
4683023
30088046
25860368
21655254
17435031
13189255
9010780
4819324
11032179
