6736479
86686317
46465705
6390477
216193370
176103273
136016858
95897578
55717209
15623957
225495843
185297544
145234422
105108423
64940363
24838503
234358243
194211020
154156496
114101275
73966290
33872675
243579414
203435832
163337894
123270026
83143269
43030597
3013949
212617568
172473842
132332856
92223719
52057240
11946843
221491696
181371176
141282772
101163696
61026594
20916590
230819896
190657297
150627819
110513260
70384723
30337445
239925118
199787642
159698835
119608324
79478575
39357501
249022268
208913581
168795246
128699937
88563858
48493698
8360489
218066758
177964118
137900140
97726005
57566584
17459115
227167353
187045284
147056925
106928309
66775933
26664819
236449931
196291475
156231825
116159293
75945161
35806848
245535005
205352328
165309270
125244283
85096283
44994220
4879652
214526738
174381557
134318196
94167483
54016613
13912156
223503777
183390460
143342304
103186028
63007284
22911030
232655148
192520425
152464110
112320489
72172574
32080794
241735246
201585770
161485057
121419195
81213237
41144939
250820579
210672098
170601091
130539270
90383354
50251448
10139356
219829895
179670033
139624097
99518824
59364535
19293712
228990372
188855372
148769014
108635312
68479819
28339261
238093964
197968332
157861388
117776930
77630967
37538053
247184763
207060210
166961580
126869761
86726192
46638180
6526382
216155977
176029091
135925254
95822734
55673072
15569237
225287453
185165911
145095650
104977412
64822109
24707673
234395904
194254186
154201660
114167761
73993148
33841434
243554026
203400630
163344332
123245293
83123988
43026539
2930041
212552558
172385246
132317760
92292539
52130360
12040560
221689871
181539017
141438036
101353797
61214036
21099490
230692402
190540503
150453723
110383719
70241892
30166582
239831973
199685903
159585810
119482608
79335339
39264051
249057174
208925824
168866279
128828691
88681171
48565417
8465861
218077768
177930245
137853314
97767387
57635469
17543658
227149089
187036206
146969009
106876376
66732392
26646368
236552482
196461729
156362037
116272617
76110009
35965068
245490021
205360999
165271347
125189046
85047179
44943688
4830368
214554659
174424810
134313208
94219230
54077602
13986008
223657131
183545941
143486076
103406871
63206954
23175361
232756869
192598673
152497546
112382183
72274947
32150836
241893007
201766406
161691963
121643725
81519512
41446069
1336737
210960148
170796704
130736751
90649593
50507786
10433997
219974498
179877921
139750878
99665997
59529014
19414211
229110602
188964518
148866447
108706118
68517701
28447005
238314178
198139439
158038264
117932662
77770834
37694703
247248570
207082061
166957592
126836005
86670711
46574641
6411794
216044381
175922946
135826004
95733540
55504393
15431527
225182451
185007737
144884073
104817329
64685460
24589804
234351965
194182283
154050014
113934887
73828190
33730468
243543189
203423376
163399990
123218348
83111004
43034768
2967740
212470648
172303713
132212499
92107032
52011968
11904218
221707154
181551517
141463941
101386364
61205813
21022960
230740221
190587262
150494161
110449312
70289756
30192706
239895789
199697737
159627118
119512522
79345967
39285326
248893619
208691365
168645181
128523432
88412008
48309604
8208471
217830868
177726993
137616390
97486688
57318385
17193464
226843930
186741656
146624995
106565172
66396820
26263384
236050266
195952922
155897392
115753520
75652114
35531364
245247454
205146285
165016459
124913930
84764184
44647081
4520745
214219871
174126759
134038400
93938460
53825032
13698280
223311345
183203248
143143681
103066471
62932312
22846515
232620175
192480983
152406968
112309587
72146261
31999532
241637635
201518623
161427082
121274279
81177076
41044020
250673375
210505837
170435464
130326244
90184064
50123813
10044220
219690462
179509816
139440147
99393772
59209406
19115406
228795848
188665551
148613019
108493618
68365534
28308995
238124340
198036112
157982144
117916261
77823373
37709942
247462081
207304550
167249911
127157962
87009586
46847195
6726282
216345670
176235935
136182780
96120834
56005270
15943931
225687177
185504154
145399045
105303708
65193059
25136516
234831980
194629243
154574181
114502705
74333616
34210770
243916069
203795733
163730518
123664792
83512560
43431123
3389469
212938939
172840930
132787102
92720545
52613168
12551373
222222477
182134216
142102845
101972636
61806645
21780970
231587668
191511978
151410239
111255457
71151790
31063303
240722800
200623825
160458515
120401047
80292634
40229747
250013028
209906788
169794881
129656025
89557807
49465250
9422538
219013354
178877902
138800759
98686291
58578645
18418095
228165000
187977446
147898644
107819763
67691309
27580738
237336640
197179632
157133533
117025536
76909959
36732957
246378250
206212440
166130755
126077542
85954560
45881438
5843231
215471446
175365639
135277250
95132725
55023499
14972035
224688221
184566258
144500776
104409314
64306591
24197759
233941731
193863001
153748620
113620485
73512830
33306871
243016301
202891968
162823209
122720384
82622319
42555650
2491906
211966920
171878585
131800933
91694293
51608059
11469875
221225898
181101754
140999054
100871148
60744978
20649798
230302598
190206295
150149135
110089004
69918201
29826970
239529010
199409977
159282282
119183786
79070694
38999913
248768412
208645064
168614718
128482126
88356009
48203604
8115571
217764859
177605173
137565211
97506436
57417134
17411880
227158794
187046768
146932907
106865760
66728362
26593398
236171085
196071264
156030405
115934512
75799727
35651373
245335313
205190516
165152132
125035865
84869042
44788473
4614493
214260191
174090022
133932830
93880035
53722424
13602030
223301834
183188732
143027949
102997176
62789098
23607644
232349486
192198665
152087720
111970559
71844410
31789084
241678386
201632461
161586745
121531352
81393215
41291775
250563493
210386383
170348455
130320283
90204733
50151099
10040651
219676518
179580379
139516163
99409892
59309610
19226899
228841366
188719815
148647820
108602770
68484617
28431842
238038867
197933364
157904475
117850840
77709067
37650494
247272984
207131693
167133908
127051998
86933593
46848655
6711426
216352664
176262896
136184938
96171922
55992743
15892514
225518492
185380858
145296056
105287382
65188915
25107371
234689617
194533018
154444726
114340438
74229169
34160727
244224722
204097815
163948630
123873518
83709204
43570835
3550152
212597927
172457224
132352616
92266801
52091192
11959388
221629958
181423118
141371185
101294514
61113195
21073231
230641723
190547826
150479568
110361137
70249482
30106568
239750820
199601549
159501560
119363130
79208053
39079886
248718264
208539250
168485924
128368931
88155270
48057325
8003812
217514327
177359927
137189411
97195832
57039251
16923798
226619157
186500314
146399722
106292715
66201270
26115325
235804775
195600948
155506016
115485349
75330612
35176797
244911985
204816176
164703631
124661791
84442876
44387377
4251367
213688142
173537562
133422726
93339607
53181028
13114189
222645017
182540231
142409232
102277121
62172396
22063982
231717546
191560406
151479606
111426027
71290955
31226831
240928355
200739818
160643604
120485748
80369129
40270890
249788029
209687395
169589977
129494363
89295536
49238232
9182765
218811286
178729363
138650903
98562894
58453035
18308166
227767075
187603225
147553903
107435775
67295759
27196040
236895118
196769742
156692944
116583129
76414124
36314080
246063817
205943294
165865238
125784375
85648868
45618220
5470061
215023621
174935937
134840258
94790037
54638990
14589696
224204649
184075940
144007529
103964779
63837070
23763022
233444667
193276185
153223616
113149840
73000349
32985456
242496162
202353829
162262081
122266566
82154986
42059718
2021253
211637174
171519400
131453785
91368020
51264771
11133416
220770425
180663977
140599261
100498182
60374207
20326308
230010663
189892894
149804322
109715305
69584460
29546853
239126899
199007435
158940388
118858794
78719932
38663869
248320434
208131147
167998823
127905318
87724067
47660791
7549760
216996216
176895362
136790136
96638196
56533008
16377318
226114155
185986412
145900086
105869978
65758461
25633148
235313684
195115290
155092419
115011154
74870994
34744467
244411342
204294163
164183869
124099939
83931439
43779818
3651101
213169884
173086252
133014666
92976516
52848431
12746151
222361620
182236404
142202998
102161464
62053665
21938556
231556377
191418888
151370370
111313327
71226352
31106559
240722815
200632068
160600203
120457460
80331581
40212989
249814184
209673612
169602673
129522881
89401922
49383111
9297217
218847925
178738505
138676159
98625436
58479712
18403790
228045485
187911915
147820197
107787805
67663029
27525151
237190805
197060757
157014994
116893807
76775508
36703897
246368230
206270976
166232654
126126740
86027050
45890855
5788460
215361086
175260750
135243643
95170681
55063623
14994019
224622234
184499815
144441877
104393718
64284464
24167539
233801895
193675573
153620965
113526081
73347943
33242664
242996704
202861164
162817518
122747865
82611295
42511466
2438725
211998838
171868077
131758756
91664286
51506312
11365686
220999025
180887340
140805497
100737248
60577845
20469107
230101810
189976880
149851788
109773093
69652485
29598875
239242180
199087414
159077266
119104593
78946914
38837408
248440975
208302902
168220099
128127314
88014947
47913549
7751702
217294412
177095965
137044063
96971824
56809895
16742012
226482795
186385342
146262261
106178252
65995850
25921785
235501316
195373385
155336998
115264900
75162441
35068225
244654304
204519608
164424603
124288816
84178777
43981873
3911864
213448913
173322215
133239101
93197206
53059388
12925610
222605152
182444857
142392101
102300623
62152848
22045476
