7411663
44074338
3973092
213930487
173805486
133746183
93680437
53601918
13464294
223069197
182986328
142874293
102809183
62661092
22581236
232159925
192058329
151986076
111924573
71831093
31736242
241435814
201315127
161251336
121181071
81085802
41003511
937562
210639494
170500204
130450478
90372097
50230412
10139228
219940407
179812581
139755297
99659598
59501099
19414973
229093060
188932483
148829132
108729070
68572638
28439293
238109737
197920590
157845522
117796681
77721858
37674948
247393073
207202215
167137000
127082690
86956521
46884719
6764939
216438908
176318713
136294300
96239046
56119048
16054872
225709774
185621434
145572673
105478798
65296977
25187464
234902783
194779104
154722869
114677502
74543680
34460532
244288374
204132784
164083055
124016893
83926037
43784913
3645748
213253599
173123569
133049608
92963645
52827916
12758729
222439111
182311561
142225127
102112105
61973233
21921995
231510595
191314443
151272730
111215133
71127904
31017777
240738942
200595677
160502242
120431470
80284414
40171369
249723980
209537180
169452100
129394298
89279937
49203265
9112764
218800145
178668752
138630991
98562297
58460533
18387721
227958673
187848319
147786504
107693326
67542440
27444836
237218357
197129439
157055114
117019434
76882839
36763067
246360526
206201250
166116006
126057774
85933548
45842308
5686669
215290319
175154086
135065592
94989881
54825728
14729416
224368148
184242942
144176197
104055687
63941213
23796292
233514697
193301038
153244667
113145625
73044518
32947812
242852797
202659697
162614993
122479642
82379307
42197247
2131642
211605390
171469781
131402547
91356627
51248003
11127467
220804179
180692427
140635431
100551703
60392753
20324160
229819225
189719417
149654251
109602267
69474385
29380336
239124435
199027639
158974029
118880448
78751215
38617355
248252054
208097866
168058510
128015692
87942130
47849014
7794295
217352805
177259234
137147036
97053740
56954653
16836227
226359803
186225916
146183379
106061418
65961712
25847429
235556455
195342854
155317318
115223192
75056719
34976941
244767958
204637281
164571925
124491382
84345788
44244091
4130834
213645287
173540575
133441763
93402651
53229523
13144772
222783972
182661317
142599452
102527963
62370038
22244859
231886024
191753373
151701577
111605729
71468498
31323256
241059219
200972671
160903781
120818537
80640811
40516508
250234836
210057308
170019653
129989206
89871672
49735460
9670041
219080847
178976618
138894242
98814996
58585081
18461914
228098045
187996654
147932286
107871777
67728435
27630252
237335230
197166478
157043666
116976267
76872336
36756737
246457763
206346607
166229608
126075150
85936275
45865935
5738293
215267021
175147787
135069335
94964056
54810476
14678283
224355427
184190230
144143596
104010426
63888735
23771545
233604890
193449223
153351960
113236238
73127636
33008787
242575490
202460826
162405060
122307535
82174907
42070184
2009585
211750917
171631918
131580723
91478042
51295145
11137968
220875185
180750998
140680375
100590111
60419148
20250772
230013148
189895858
149867088
109761716
69583401
29438381
238957392
198809121
158771027
118679316
78547748
38395394
248250721
208101908
168054660
127986898
87850315
47739013
7622483
217237757
177117567
137093166
97040268
56925074
16827532
226438163
186264506
146243503
106150502
65979138
25849216
235544147
195340912
155284786
115178257
75051258
34987865
244754122
204545451
164513335
124428698
84300011
44152223
4036996
213617846
173447101
133377184
93301333
53212980
13145503
222858603
182746276
142720297
102636837
62516343
22433944
232051518
191947992
151853307
111816857
71649672
31579168
241251807
201162225
161168843
121092554
80958783
40888760
250606494
210431319
170352510
130274267
90135062
50070032
9974896
219593362
179459874
139370178
99227269
59033152
18916370
228615030
188497731
148428835
108343067
68205946
28103822
237814529
197692874
157604200
117531628
77315472
37194240
246859355
206597564
166535430
126459827
86276434
46200191
6117230
215785513
175664680
135592792
95528465
55356539
15224495
224863980
184739655
144679125
104576158
64430890
24359405
234116282
193939682
153876773
113780184
73659388
33577646
243303078
203113395
163049547
122959050
82815160
42680481
2547739
212168836
172052558
132025869
91958857
51795563
11739344
221325619
181191775
141146839
101035754
60890927
20792634
230695714
190510340
150462813
110339339
70142343
30023918
239575481
199375643
159294016
119181848
79057060
38940127
248600225
208477903
168406203
128314001
88242146
48191295
8124332
217700001
177585429
137500659
97408842
57253136
17169813
226926396
186813833
146798367
106708541
66580193
26440793
236094375
195986782
155913465
115865710
75746383
35675175
245358917
205202098
165125597
125072838
84979959
44903468
4824671
214463756
174345208
134270684
94202444
54062193
14006313
223680018
183550164
143506696
103432783
63301516
23162046
232829791
192747123
152647238
112596341
72436970
32308502
241908405
201766194
161721956
121646970
81557493
41424531
1245457
211048086
170950342
130870434
90781823
50644263
10501764
220097971
179992023
139960752
99906828
59796118
19698755
229338167
189202306
149129709
109053562
68924385
28867655
238590970
198465206
158350495
118244510
78089673
38029593
247630920
207487025
167474794
127443865
87370689
47343455
7299301
216971418
176859109
136821753
96737763
56596403
16465519
226349374
186210564
146172652
106090146
65997604
25861334
235697109
195575802
155496922
115431544
75310789
35220074
244686828
204468490
164402700
124266801
84115261
44026650
3884716
213454499
173348442
133277374
93169557
53067947
12987939
222854205
182726671
142661905
102593307
62414746
22347759
231742885
191526704
151473449
111356112
71253044
31125436
240883549
200748502
160677192
120578081
80449417
40307482
249997160
209906189
169856740
129766030
89609075
49481336
9396695
219012688
178897836
138800774
98679691
58502723
18332765
228069441
187901782
147809904
107711774
67604950
27448107
237220037
197137937
157071972
116952416
76807893
36726011
246271165
206116875
165980176
125904227
85723222
45614890
5533831
215079599
174960722
134903338
94830865
54698368
14650138
224240489
184087654
143999592
103904214
63774933
23692598
233435628
193310994
153240017
113126715
73031425
32933749
242553270
202411398
162339817
122250016
82157799
42082025
1983569
211687028
171560476
131522143
91481127
51352268
11257340
220780783
180646048
140569001
100447083
60333337
20211065
232519665
192368655
152255916
112152908
72021050
31888380
238949723
198819106
158752538
118645554
78487223
38390457
248360903
208296628
168236610
128153095
88021844
47912727
7769655
217115248
176973227
136930963
96846695
56748755
16664931
226290655
186158438
146071638
106003156
65862173
25808613
235388143
195206507
155183684
115117731
75030756
34901430
244591504
204476784
164432185
124270389
84163153
44089300
3990781
213658352
173557823
133417921
93312254
53160355
13078423
222706544
182616699
142535746
102440374
62339011
22250944
231959627
191862596
151793462
111683752
71547915
31410140
241243644
201086968
160987971
120860656
80689411
40595462
250178960
210086419
169946166
129857038
89766109
49663547
9604050
219085621
178986457
138922568
98851691
58708460
18618293
228335222
188172102
148088011
108024668
67891851
27752286
237437080
197274628
157243771
117167530
77074502
36988286
246848192
206724011
166632287
126525654
86381209
46265159
6150520
215712660
175557523
135512423
95406945
55223480
15065890
224682686
184527895
144454350
104356491
64237096
24159508
233846001
193692417
153609309
113517721
73341167
33239678
242971622
202820730
162742000
122643215
82507451
42374478
2306412
211857971
171683785
131587610
91526899
51425557
11280574
220899172
180738296
140679510
100602766
60497436
20374207
230037574
189947568
149902555
109867958
69735066
29637900
239287500
199070388
159000737
118891606
78733383
38577678
248377800
208245058
168187926
128053253
87955136
47855332
7717351
217394694
177268325
137214333
97153911
57025202
16903860
226484144
186350653
146275551
106180003
66086968
26019640
235666130
195530472
155463438
115374599
75227113
35169872
244793110
204653119
164583071
124498278
84356399
44282155
4105537
213756832
173569370
133488520
93412018
53290313
13192773
222958973
182853526
142818910
102722937
62544335
22444121
232145998
191976200
151900103
111818266
71695720
31584730
241216379
201047676
160956448
120886856
80746736
40655570
250490859
210327870
170268725
130142311
90041182
49951749
9818368
219336805
179129392
139108293
98979708
58788464
18730310
228379615
188248677
148198262
108098471
68005276
27929083
237552983
197399164
157277760
117209607
76998380
36915254
246618029
206462563
166325847
126274270
86114496
45938767
5876873
215476486
175320634
135226367
95123786
54891134
14828418
224488639
184346322
144267789
104200822
63986709
23881840
233664515
193533861
153515135
113374954
73225107
33125577
242903646
202796706
162692191
122595089
82485501
42386108
2305342
211855939
171751405
131730483
91684824
51511977
11426431
221013683
180919717
140880524
100749929
60555738
20432931
230185723
190036027
149959409
109974335
69886494
29845914
239461765
199316873
159255133
119182645
79084351
39002819
248604176
208446917
168394027
128306052
88159774
48088595
7980379
217694414
177558580
137487841
97395210
57222704
17144951
226839318
186700362
146607192
106517922
66397508
26293263
235889265
195791917
155785531
115715213
75611249
35526542
245348508
205206385
165123725
125062144
84933675
44781631
4667160
214189155
174064921
134008031
93911040
53814165
13734818
223448628
183320672
143266579
103165770
63024697
22908273
232577507
