2775443
724097
540270
304129
309880
339379
207483
435613
286129
204423
209683
224900
199881
142870
203351
137664
150238
147360
133005
133125
130435
130770
136920
124472
135162
135868
131029
150540
142826
140546
157263
147930
133820
129739
136242
129469
169695
133097
146586
133092
148912
138494
162860
156862
138963
146798
149878
152894
191335
162163
169760
144903
170853
155187
162843
156040
323426
247172
205815
196661
224470
167253
237479
220600
291399
229396
203889
210929
335216
157670
181074
213319
222537
222936
318566
183790
325275
173549
210500
242499
171814
173537
260541
177018
230758
304662
247367
223928
231523
210514
157415
210906
175532
205923
189305
254724
239893
231241
182987
225374
185761
177446
235516
152098
257376
218329
173148
230642
185857
239159
173364
234225
184929
295043
178436
216940
182063
192363
208542
181121
250613
217712
243130
213206
213287
237188
219735
223004
275011
159806
201267
289999
193239
181485
215421
205618
194263
168060
176228
274201
224829
184866
204894
237944
193056
172843
179271
205821
234114
256035
249627
173493
187756
238928
174295
176177
191014
202751
175218
226883
192654
265689
210755
190275
267904
202802
229764
166769
234734
282158
209999
190643
180149
48945013
44754481
40619161
36494585
32300966
28199526
24032500
19870374
15764462
11614419
7434630
3242349
296605
222666
176078
195584
287297
200230
183927
247218
210723
207227
165966
187827
310902
182184
162710
224684
211659
217960
199780
254718
255233
240700
210381
195611
203886
206074
222498
157941
196389
173151
255480
184054
257434
189242
187598
170540
270061
208935
201118
185051
226465
170095
230513
270066
228131
188519
200102
181912
248908
273129
212567
186767
238506
240115
172758
186625
229280
202301
257317
201658
179144
222361
207212
213776
346237
223382
243166
211532
248380
184841
208192
206063
204882
192562
218501
184646
200699
236567
225761
160294
253104
185987
195816
274359
204048
190273
262262
196656
256423
233724
185822
182230
170255
201212
202027
339442
197832
332834
170465
175396
209371
232064
171850
223531
227112
252116
189349
203962
214264
170129
239458
228168
213313
201604
271660
157145
306657
175607
259239
215584
190157
219431
175851
188901
310724
238770
208261
287365
197512
237275
193477
198983
223855
189799
229991
200440
231444
171234
161927
213378
271915
198075
184839
218808
157595
259931
334433
211845
196810
200333
322943
205200
185319
185941
208003
170579
166503
192923
203832
217786
260826
229408
245358
203171
325975
207528
184072
189172
268576
215240
161858
168676
175980
259922
247858
165799
203879
193804
169179
241321
180125
209931
157717
192279
216621
203142
163119
196433
195880
203116
269357
186049
239458
212258
211972
310139
195156
200104
198960
223468
214589
161975
211108
214674
196869
181422
185058
160050
188243
219748
227756
205529
175933
178137
217564
211611
224540
183852
193514
32433592
28290778
24128657
19997389
15820358
11647292
7509218
3322432
197341
186332
336689
312459
358967
207152
204390
180211
201026
203972
195303
178185
205883
262681
207990
180503
299819
222740
230272
286237
206324
268587
338081
206039
206604
261485
210486
194514
214584
223384
236763
192365
194805
221812
191260
210309
168687
261217
298551
204072
205838
175081
205388
231287
218369
255977
218001
348868
174177
193747
206629
298392
153012
190211
182950
195757
196825
190404
215360
261077
202983
218347
191698
288235
198533
195594
332288
169875
348203
298120
171658
225455
192180
213610
247813
153210
239529
284999
296219
335097
250206
221958
218721
253105
232206
178888
315822
307320
348982
188738
232557
184783
277449
167935
214457
174764
197671
217069
220777
254755
189813
193577
186610
221311
283236
189802
213594
218109
175726
283483
231481
257421
186481
197367
301947
205384
194858
217811
201704
214963
226257
242557
178474
196823
221069
224052
180372
251403
252039
203453
235999
220392
262901
210113
164931
238077
245157
205863
181012
240595
239647
202097
181298
227982
229025
254904
244845
171068
164774
289194
228122
208040
274619
251507
216352
234420
182321
165301
167598
231151
229960
225460
200475
226821
200173
228117
163345
316550
205048
205041
286182
222928
218500
233693
298761
266264
174198
197467
210711
225059
190759
205011
179760
221040
172446
199855
172034
179074
197458
237848
213312
208024
178212
169844
224537
197462
169550
194830
238683
196765
288340
162213
230819
164241
186451
215075
222442
209914
227419
155114
161037
208615
206579
181039
302323
188904
183857
173365
166035
207687
32390408
28260326
24097891
19972705
15747674
11545486
7382203
3178741
176129
214698
231998
359123
226531
200425
243161
161817
197630
184052
208980
162656
257503
241071
251033
217285
220963
218394
233642
218300
265122
226189
248746
173356
215730
258632
246832
212478
169646
236751
260733
215026
164342
228870
179593
230191
230464
195783
237264
215049
168930
166071
231324
250703
265975
270001
195825
254881
230193
210504
203914
200525
231275
263809
210548
229993
232134
229569
209981
233596
163059
210927
226672
208883
219576
248447
209896
237518
197613
282286
223649
233305
207680
193233
229552
212211
311774
270361
178564
375489
223116
269531
217141
179631
241539
234625
192013
201412
202480
266311
200182
245846
229083
169401
171465
197982
220846
262801
184538
242573
248832
203281
233805
234580
215113
181106
262287
295496
234480
255463
183015
298234
209262
254446
219686
231469
223564
229788
250789
203414
161784
170634
201290
279153
175659
160648
187171
222922
249493
196970
222273
144370
328660
286829
173980
231641
262834
179768
201527
231380
156702
198569
206255
177683
241479
205292
218905
210789
215090
229023
229219
237563
163760
186518
181481
181655
161682
174782
180764
173157
183867
207923
239917
182554
222348
203531
216359
208520
221113
213093
253670
226423
218691
248569
212537
191423
178650
244784
177659
222391
234278
267755
173817
190387
299679
220143
202549
189335
151008
247190
189922
231146
268061
240819
183465
245258
190974
213208
203560
229374
168211
214191
206403
210056
213195
195233
188755
253988
210252
191785
178942
187212
236036
207795
230487
244204
151189
274973
185950
215003
171779
32410035
28182436
24058647
19936262
15737770
11573996
7421261
3186571
209268
164140
175345
204413
172898
213316
188694
208642
187179
152270
258738
157909
202571
168162
152830
256253
242053
205566
213506
364846
166736
366880
281695
197161
198784
221779
218008
208351
173475
213568
207514
226251
216591
203654
285058
272962
232971
320163
169179
167911
217941
211446
176920
228060
242778
165481
202002
193923
192494
167702
299183
159129
223746
154247
184201
299784
165994
239961
157018
213434
181836
207900
210857
233533
300442
177266
218961
274477
201725
237113
317635
229485
239842
215816
230923
171258
194438
231615
207424
184824
229508
191564
232055
174295
323305
204487
172695
255635
169240
203794
217920
160776
170605
222636
184274
271874
165393
326610
278188
176046
239327
206857
168145
152833
321801
296841
201324
246199
219063
338550
263707
213543
154622
150762
195489
181335
186198
232308
209188
222280
183213
162711
215073
237842
231295
156469
183396
166520
166342
212009
369348
232961
167073
234497
196560
201727
281895
160803
245638
249864
180089
190207
168980
222158
204160
236018
182399
235062
260948
216275
193790
259192
163684
154766
159612
205868
215511
165681
199873
190314
201989
200170
238009
154870
245975
170733
252244
183890
188083
174664
196110
168199
166626
166991
221791
206947
221200
199181
246446
190951
234868
164160
163729
165464
256358
251857
228553
211620
222621
159132
223499
175281
197984
171661
248098
212145
164739
196395
158909
215467
204280
212635
212953
224378
167448
227571
169258
224310
176772
300948
164943
164568
159434
183281
221661
184831
264773
230241
168853
194041
32322084
28137557
23990893
19791849
15604710
11496231
7382879
3147866
202305
156885
260002
200322
166759
180996
203259
188068
162454
481752
236975
234886
222745
201760
202786
180200
176204
203013
235161
280412
163846
287220
199834
262049
143740
244803
214529
175465
222865
175342
226406
193500
177796
159939
191613
149990
141157
177592
167927
183054
258689
206765
159630
224438
172678
163201
146972
258431
198007
224448
210444
187480
281008
204884
158585
244369
218130
193987
215512
204892
188658
203944
181592
166364
221359
238089
184003
166896
179127
168627
205711
160868
206482
292039
159796
214431
205021
165992
198012
247357
164539
262870
181778
215529
224585
234123
199550
211949
247075
176653
247490
355938
216392
182844
228744
205188
217479
166182
167554
215471
150665
183692
209884
219239
185961
239626
192444
155347
164709
212408
185615
170298
187032
239126
312001
222250
238440
159754
172330
248523
172307
303651
143290
160132
195618
153574
207272
205750
149444
200878
195999
219532
142451
204129
196433
207347
238364
209145
227880
206323
309018
191629
230288
163942
144592
211903
245605
226901
187222
190778
163430
178410
197163
181934
222669
194148
157463
179884
143758
152786
250201
183258
197947
209682
183391
205930
193274
217738
236877
166312
191381
160763
210687
195708
135877
239071
197171
179090
156988
183846
228699
208247
209331
191725
166712
179687
177907
250018
182311
218294
167106
280988
163134
195564
290245
172234
181987
253690
175103
153565
142386
235071
200289
157411
222130
225711
156944
291826
162404
345991
191036
249762
156636
191992
159285
197579
178741
224150
223660
154566
377850
32359174
28123711
24005648
19869735
15679190
11541530
7399140
3207262
255720
228507
216227
186277
162113
170712
162711
222623
165069
201008
158988
223598
201272
183756
249571
166355
178654
193618
206897
186553
243424
222076
220422
210585
281084
156027
199785
272005
177563
178648
172594
182659
280533
191384
242633
157902
194893
214968
188581
177162
189257
209630
166424
170972
274588
284909
205852
305070
158643
159435
200824
165879
183603
198927
338716
195963
252402
162697
179214
220892
174587
216197
148837
186489
158661
222230
183944
174261
212056
192364
151901
223893
150367
165010
208421
195507
211927
288748
165531
224080
213655
233475
189859
186517
173857
191488
180029
184937
164186
179690
238421
231092
187753
157891
200972
201704
153119
193007
163059
221717
204489
168558
224221
181672
196327
206622
179869
171647
183588
160235
209643
184405
234681
256458
252005
173772
244480
169988
191864
224105
209520
165040
195419
203618
164840
144494
146349
158529
210968
233359
156791
229877
241753
190017
166258
181063
173952
147960
239544
195871
160425
163021
243618
193395
175984
213713
174818
188909
161346
167954
214200
218045
213113
218324
173335
162795
212723
225779
203247
201244
181640
176793
202275
187995
287294
298066
180269
165260
187517
140995
211735
221957
218265
160062
195186
256181
198061
155057
175388
162141
163012
191394
178144
205279
156252
174970
261574
155349
175991
173305
150128
160172
185361
141508
197143
190131
182732
195528
188652
228647
166772
205287
174089
186843
165271
217719
168613
210457
161436
172612
162064
184204
165779
152979
241854
166457
158895
155441
161163
157401
32320386
28124214
24025395
19889329
15700213
11567751
7408716
3215314
207985
177367
171584
147544
180133
164415
203192
197193
170265
226499
144618
179574
173306
264581
222065
195387
177389
2885457
168789
198345
190579
157998
270019
206210
241147
157463
214902
196469
186717
171401
179429
158799
184286
346957
252321
170699
311206
170942
157772
171144
208774
183169
147250
174760
186267
158004
155641
249867
183889
180335
209307
255800
295386
148570
142230
220588
221668
203074
160051
205963
182539
255211
221459
188492
199099
215233
176775
155870
224916
201868
216942
173179
192760
186361
214851
168333
234208
169841
212336
190707
250275
257919
186652
180997
222864
267432
151503
270977
165068
188871
247562
158064
392605
180526
169847
226954
161359
259675
168826
239262
156041
213966
271327
230478
179814
233405
149481
176025
203303
166352
189825
150331
319190
161219
220115
155109
187288
185258
168451
148603
175412
235781
173233
240206
181251
240900
190730
180329
168541
155196
208581
174118
332142
195035
160137
251136
176640
174704
156874
204218
209765
208722
194085
248078
178797
209766
231529
189838
179418
241255
169133
223552
234156
188109
208791
154799
140928
259786
233127
234574
168501
261631
216455
228966
185452
203170
191028
176096
334041
189285
334731
164803
162841
184653
193870
206914
176654
172898
197804
258120
160317
194932
192071
174044
185525
166676
201988
184627
171259
263713
247881
210305
190825
174869
192250
186937
170534
156537
219372
137234
154373
183751
196386
197811
151032
172924
203628
154334
226908
194413
161986
157194
256863
324974
320685
156412
197241
149360
168547
162301
204934
32441340
28259909
24130618
20053166
15884664
11717292
7558818
3392355
167593
187198
209425
213504
189489
189926
204676
190291
177909
225645
229007
161328
255264
187753
205350
207652
163960
256127
180694
225821
200617
303902
145886
193666
190159
217775
206919
165892
198254
170050
221710
140894
198189
209103
207708
163894
164844
226408
207485
188926
182257
172058
249813
234764
231053
192659
159433
222480
166285
178952
269238
222063
166288
174890
207764
172904
238846
210386
190719
177770
216841
167431
198460
219258
206876
224823
209509
231098
223406
175466
160658
199712
231604
160310
167942
166314
222904
252003
185898
213432
308976
214405
194236
175060
280323
226414
202838
317823
231263
190417
268446
201256
175521
259553
169110
178041
185081
264601
231398
199892
224522
234098
223820
192719
157036
168452
209245
224684
251904
268580
194896
169330
216225
179336
202997
202982
169618
202885
243784
219031
206818
271620
235598
179081
171439
165640
216127
217833
196481
202290
160993
278503
239632
175828
204251
204985
211958
174073
226967
235404
236169
173420
199118
150640
260473
219144
200540
159724
179912
168690
154554
179116
221263
269548
270228
249822
188133
207106
180265
170302
222098
183532
153123
211291
234345
299277
159859
188608
176498
279327
188068
199133
190216
277233
190487
205414
304431
159999
169380
207788
189621
172275
161363
217624
142143
232548
218629
162670
178494
249904
254682
187895
219132
220288
208861
166739
195574
239061
204276
207020
161593
198807
167495
156390
202859
271005
216812
202088
198428
200821
165593
190750
180943
213810
191348
163835
159744
179453
219046
181246
74158319
32377525
28210251
24053938
19871116
15750656
11643025
7461424
3303888
162713
180376
247264
223742
198644
203547
178522
180330
221069
240786
156793
251526
165560
161817
172197
193396
212090
160722
184189
259890
171127
160405
154670
217180
157940
154592
148911
218694
179157
152907
145854
171991
209002
237967
228299
232472
171273
178868
168877
145246
203492
166541
225018
240948
196338
190275
162748
312651
190970
188406
241698
338764
186695
134043
208759
196348
172687
172866
199014
196153
185980
193236
181810
228678
150223
151181
202559
228198
170764
183616
179192
186633
155656
165452
200879
189550
160904
193370
234954
145387
190810
184888
244849
193575
201529
224989
156501
164251
235188
194029
211838
186959
204544
188793
202802
183498
228640
213889
206401
264874
224150
259729
176404
164892
183234
149505
201701
161343
152294
172745
193009
263681
226445
141647
183629
153719
165175
197210
155649
244534
360644
226800
161006
183168
195872
272127
203637
257544
154904
263226
177141
227698
242287
211952
337649
329497
152804
251485
196757
222941
193172
164051
174709
167708
191399
197816
164663
210931
240925
170844
205004
157003
268264
196062
288011
177477
318094
168362
276185
214426
158970
199936
144516
186321
226447
161723
174086
153053
172484
150196
156537
201759
209726
166123
220753
237392
203460
207342
199829
158225
193208
163149
251410
161517
231729
268984
167568
167383
259217
185859
172676
186645
271028
211362
284806
185755
155647
168384
194301
182849
182839
175717
262773
208292
154418
217848
177285
157149
155066
188994
168682
291513
159204
203962
217618
241560
172536
185479
199830
214357
213933
32388796
28201732
24031522
19907515
15716313
11517441
7292330
3098672
199634
164235
191622
251098
171830
146790
175134
169695
173805
235857
224810
319037
168679
171741
226238
213624
151145
240942
168151
168469
278610
254346
185758
218799
155248
148546
172487
164635
160232
182736
175486
168058
150872
184236
148463
161511
159019
198021
167872
184803
200973
199121
139383
164917
268759
185727
219579
153557
168536
203882
177692
163151
176659
186333
161934
146065
214281
152639
179137
250171
177932
224573
193373
143803
180673
208269
165132
279667
224416
187330
177157
211166
149452
195768
154269
164681
275794
155450
150614
244688
146430
211528
164889
173663
206336
168001
365711
160703
184153
183989
188049
180620
273895
154718
178231
164356
148409
254595
178372
166555
217397
412670
151503
205855
209849
195536
213507
161841
179714
159422
161337
256327
217628
161066
208519
176544
163766
172661
252223
161331
185168
209657
150419
162081
180831
203239
174028
203882
168109
187084
215157
181688
217458
218552
150319
198602
146428
218831
229217
202711
216599
218608
155226
178836
214370
223141
191751
158443
235204
150105
175255
154998
231698
169886
209160
171001
177219
181536
195401
222237
157196
174790
179123
164480
256133
137974
176917
236966
164180
151250
161228
167140
214914
181179
183483
198111
170460
207880
179230
247252
191584
168431
175962
186024
184997
168668
243088
186779
268809
269122
216137
215301
214625
184568
213616
223698
200042
194636
154948
259842
200453
169418
218037
186723
191803
188076
221595
214030
216677
189811
221227
160709
264349
150573
202371
170598
205816
170285
235560
198141
32375533
28179166
24050869
19900816
15701688
11599860
7467263
3262712
365668
162907
209999
222517
205343
185140
204077
172196
177469
165866
216863
187939
181643
178910
261348
205622
272716
193536
202209
268770
177901
181267
205022
194364
208447
200455
203978
288558
293351
208838
155854
243455
175101
216073
155482
194505
319117
287380
246207
196407
163423
150171
235023
211937
197194
148999
223815
211916
153862
179808
177130
247014
226532
188946
145355
219522
212085
240753
190158
200377
187332
244721
212822
243288
185519
227079
205139
214049
195552
150317
205380
201884
171876
203910
182566
156891
197332
154910
308026
234075
226769
231667
212626
198709
242119
244215
190822
151139
236426
241998
258744
224328
175775
244911
245899
187009
165688
288859
181343
151395
181688
316474
192064
263526
194094
211478
161893
173523
205647
194499
160933
190407
181788
262183
189225
230151
171067
232021
185878
201351
210992
256787
185818
186409
158408
208552
212883
219592
193588
196833
221324
224445
274654
198360
185162
163760
176646
158129
187339
177112
348661
183594
233850
219560
162280
168304
232336
220230
182123
184697
224119
196565
204395
194247
165529
197028
227571
147450
226738
159388
232692
210170
174417
251743
191781
173064
175401
156838
162484
165274
167631
292839
151008
147521
248534
227693
189220
255623
140767
169842
239278
259460
146227
240729
162867
208389
183666
157446
191567
197984
189561
252620
200393
247856
199217
240927
235835
215013
152039
197818
165998
256903
177677
164255
164233
164036
172634
229244
185838
218466
209812
201120
182951
190277
219447
279332
185511
190736
172489
204054
192845
32401831
28210644
24067327
19943560
15727655
11580276
7422448
3265811
168294
193784
202076
179047
312578
175747
174664
194618
205130
202785
153922
169106
170659
300639
161255
163018
181500
157276
192855
305725
216049
232606
198066
260663
230672
150362
199569
187215
174237
286172
184132
194917
181643
169466
282543
142650
164283
194588
229241
255622
187046
177349
247271
161833
224395
164477
148739
237014
183132
164466
210681
150387
195110
256968
235803
244132
168580
169791
183276
251721
313449
242929
234294
210118
201585
199444
195414
194948
217832
187652
216175
191187
152064
159506
176696
168616
244311
193692
153251
169604
254714
220269
177644
221349
194929
148189
208407
162986
170268
251952
157004
241208
176577
355154
208244
216025
313257
163021
300774
204879
206209
140478
184647
162183
230605
165031
175238
246453
158190
208677
224244
244856
198830
221381
205437
192398
184234
193927
151695
155590
179873
161662
174637
172121
156880
244237
192808
167672
174070
173653
215807
204799
140211
165960
172688
203794
249191
254851
200100
157255
221462
237310
219370
186987
216910
208359
161363
185560
153675
248046
200381
260300
209833
172965
191027
162136
206148
179965
196170
164463
180857
144164
189151
164020
172784
270498
191576
239251
178673
233417
292407
243900
242512
184433
154229
203638
319046
176487
225405
268280
194835
207569
322440
223663
217382
215442
233971
210242
197294
160475
191392
204026
175442
214823
166934
156289
219437
266158
136460
208492
222479
233367
318812
163065
212082
225168
220850
252049
198741
181993
270144
181579
293873
200999
241421
175873
342175
171974
188797
191133
32412817
28222327
24092625
19976085
15844958
11674446
7559450
3411482
255151
183327
229377
222581
206342
180468
177313
149838
195038
147326
202326
189617
235679
219273
166422
223498
329412
212508
214127
199312
224834
305549
161610
224823
206123
166825
157106
300679
207554
202597
147723
171424
145335
168145
186794
193530
149357
209572
211097
179026
220403
167289
177911
209978
156234
177846
159866
180535
188485
392276
186141
158486
186954
212457
162204
174530
162033
164138
168173
176527
154019
169664
190316
166082
182300
194345
175207
273976
222647
239980
181865
223432
203612
151677
193621
193783
190570
162170
251295
211296
168514
160915
166686
233983
165924
225244
215811
157536
140525
288864
192615
239101
181793
164644
217550
182353
198520
240305
172867
170533
174375
158869
161055
181670
177968
149843
287877
151429
209425
208531
219716
192246
172433
193445
177062
192774
149660
175473
182518
195039
143728
175182
182181
198438
202376
251221
181620
358828
149574
177925
159397
198730
180843
181597
226495
212515
222590
160660
203590
217701
223193
230692
190038
158172
164742
281275
172985
177268
151330
171815
187379
231344
138103
228183
280865
188617
196541
172469
187095
239049
234885
381372
197172
157496
249781
175830
186907
197535
235969
171939
194137
207724
243545
204586
140367
182549
223838
160610
224196
224820
279614
166979
217203
172996
223283
181292
181121
149206
185863
235075
179917
155496
168501
178744
193460
150183
226500
159768
183879
173131
162229
162157
256643
185558
210549
182725
172947
153196
221626
176262
250969
201731
170875
192177
174116
226492
195747
277021
220610
181300
164277
32414020
28232467
24086689
19952610
15796805
11653048
7468934
3262503
231379
164332
209006
189525
285200
290470
212202
139785
205257
156921
163904
206803
143592
238293
185244
217723
172886
226666
160852
160549
225562
176582
205727
155469
181141
185745
170897
202600
149673
133176
213313
214515
171920
192053
148218
172896
154248
140633
161263
199690
162044
196850
218332
270869
164002
249628
156730
150873
164821
159863
227918
196140
190932
213758
184022
205178
223640
189509
147998
262027
281581
177898
186523
177547
234948
175507
181119
214446
231033
161584
196620
138874
144736
182833
252345
143989
148177
250532
178118
191102
172541
201988
164349
155765
228061
281407
191515
212447
174504
215170
219740
204088
147352
211191
191613
277416
211586
175905
205104
153269
154361
181730
188327
172997
164242
193486
149949
211979
207790
157515
215065
297493
148661
155193
222438
180089
217600
222045
270765
175407
163404
203865
173458
233820
148458
222895
167470
231179
150711
149322
239489
138832
193665
155864
197764
198349
191638
164330
223601
204275
180937
185606
161009
162043
177425
145695
281991
205056
183221
169388
149888
182480
186968
157186
179269
129005
294277
183503
190122
171002
205849
250666
215156
185452
222595
146832
187340
141281
192066
148127
192746
170951
145496
238979
147414
167953
159785
272081
193374
182780
190894
196306
197434
173957
220762
242569
177827
215090
167368
171019
208200
178907
175614
174317
182476
178504
155392
209864
186846
276497
282415
206128
130130
211698
145026
166497
142931
203770
198475
210790
180373
177004
242497
221466
222846
172232
160685
162962
172556
226213
182969
32446877
28246551
24092336
19955521
15791404
11658930
7503642
3314063
179151
168320
183806
222767
240887
272523
166709
186919
200034
148006
155555
181545
153145
198679
204307
172560
211632
230834
182725
192538
278549
168591
231978
267896
217160
141132
245838
166658
175913
175132
194030
192126
185592
279810
227387
224012
162260
268115
215902
179194
161751
214670
153665
255927
192428
159943
197151
173713
156064
223411
182086
156578
217097
157925
207958
166317
183329
177526
203904
164616
189424
237831
177006
175796
193697
218507
152705
246310
171848
190679
171594
157867
203206
181454
146858
228960
140679
174507
211862
160817
151929
210261
180727
218888
214105
145023
230100
245050
214688
141417
309408
169931
186780
197680
188116
203754
162222
217626
148620
154946
163707
174277
137883
147015
190801
180495
153921
157636
215256
164478
175646
150131
148582
199325
157046
146203
159020
177690
158236
162479
141085
150253
164555
143956
225324
164991
177882
177009
213726
231559
153091
175437
164107
228615
220178
157640
145395
181822
167190
287048
177031
156715
198067
144301
141516
147012
185707
164560
182743
198859
157572
248104
227447
177987
163547
210587
153948
206014
218330
156376
299313
168556
154237
163440
145084
160872
214391
145286
191688
154580
150838
192247
145590
173683
190759
180268
170364
201445
172464
249753
155919
150839
212823
153336
179951
221416
143095
197767
220292
136332
281517
164636
203547
147279
232566
219468
201049
168157
171019
147561
150310
131908
146155
265771
204440
159592
162767
175318
160477
166594
189047
148687
162058
184841
159722
225041
225948
197488
152721
196032
175711
32382689
28199413
24059910
19901423
15687562
11522668
7311821
3095280
254321
199859
235823
188226
265559
203983
177572
214068
181754
215017
212543
192034
218005
191020
187280
240030
173983
202035
193349
190622
308372
228828
174680
256006
148347
220493
189506
219800
235653
162584
210805
281389
152839
173035
149249
147966
147640
183511
229281
128720
184034
200561
245871
146933
181409
218432
181469
180140
159315
215619
242499
236505
178020
155569
147373
243894
213686
223528
169003
151513
165262
172935
266527
165682
313897
151359
167043
183925
329176
177245
214969
214303
171768
198553
212495
147535
214836
159443
210815
192591
180228
228233
149710
171553
161184
163372
169108
205423
252055
202866
147137
181671
257350
224791
164877
332526
197141
193044
181139
160240
172318
134775
139251
211304
155140
176137
198776
233533
339673
230108
169622
205687
157677
136327
195102
206471
197361
188679
189618
182126
209482
152438
233504
210926
197007
184428
154176
241541
186628
266688
277379
277762
169514
203404
207355
155650
184736
189921
247255
216614
275990
296990
228976
168260
240435
308732
226205
249474
203870
184551
155126
159198
169440
224252
197227
170582
179287
145732
164398
147843
206891
158670
206674
193842
145444
164400
188313
193987
280246
164618
172237
254566
169853
205729
195789
335443
186112
190268
176247
166597
214557
212878
172995
163469
171835
155781
182291
162921
195912
269539
202753
196912
191084
135131
226709
159821
159121
194967
153626
185255
238200
188894
170112
154482
216422
173187
186908
179627
165601
204677
257814
201735
198107
132433
270205
182308
171749
202715
166992
141945
32460178
28253890
24131490
19985544
15802957
11635356
7478097
3286897
196256
162235
198627
193932
247030
189271
192821
148977
200292
157068
156515
140990
227708
157896
186820
286843
192030
212280
241509
167090
204543
269002
174000
218582
201248
205427
145471
147600
191947
136685
144378
141083
151371
195615
184134
231621
150984
207146
152106
175919
138003
338369
159313
197220
214987
188862
201792
167621
198480
212453
160429
164327
141332
228945
188780
225960
204122
200632
158771
167384
229915
216711
217439
192901
180212
163154
194985
191835
196173
170663
228335
221240
219250
149879
150811
238243
240942
161371
253009
210096
184425
224388
228707
175352
159392
206747
175641
181595
161077
193897
160683
170431
222013
197797
263997
207486
175806
198103
235736
177197
159566
175617
217615
190215
218095
292097
196091
190047
152502
159560
189201
191806
178712
188161
154089
174902
164741
171817
162394
145237
164781
149500
305840
174818
182558
152038
195848
175415
256839
205118
243083
166418
187789
240578
166140
277875
174079
193545
208718
206519
172859
188979
169153
290784
203989
209704
177049
279602
152773
153949
191453
167916
161164
192951
168244
281955
162647
180985
240923
182933
167545
183810
203326
177143
186610
194836
169852
229761
153690
224248
162494
274856
278753
210130
214807
686982
224352
279643
145885
241995
157617
173148
163944
190863
182619
205919
161806
228920
188626
184883
143241
220851
165346
217052
134054
210354
146633
222131
223120
237212
229413
233692
175493
136743
197341
145537
145237
219960
215259
170207
146453
202396
195050
141215
172445
171224
178029
211214
146977
167936
156457
32410006
28169014
24052679
19925925
15790737
11631955
7461420
3273334
248936
204167
233547
180054
180912
166982
159040
211589
190568
158926
150795
164236
230253
160713
171162
334952
210490
167067
155616
170308
246987
138983
151000
233608
156080
172941
164942
167938
174699
227921
168920
145682
178112
206874
297603
182952
209280
202300
246860
168699
176580
166440
272595
148307
142129
197662
231305
164705
142407
171812
198774
180075
188990
168677
234510
189353
190855
161989
191567
232591
219780
176668
174202
143508
230767
273274
174020
181877
197482
179822
196071
185790
191909
190480
181132
150334
221431
217754
203250
272586
165753
160653
254186
162980
188977
163476
278517
243831
186361
225262
193094
210650
196850
205908
274139
201571
154940
160889
194187
140560
134188
202311
193289
172914
205286
175228
203847
168359
155520
190914
208984
150666
146159
168813
187941
191597
180434
242093
219956
212755
169536
197368
156424
164186
166592
236722
235592
230457
157999
169039
201808
189595
191505
180550
140650
190170
165316
189315
161671
141268
199712
208267
137341
149291
151721
224684
151322
161802
159163
191829
161805
201231
205741
849632
183367
166665
231949
187258
162818
185732
153357
163126
156320
171125
163164
167122
142040
155437
201536
174816
228859
200574
151509
158740
168864
146926
147081
172484
159924
148359
188838
201438
156598
155172
185682
170720
166671
192865
204006
154257
208953
175120
169301
179898
154044
163419
158385
184233
144571
223736
174787
166611
216103
148069
203213
155157
150449
164640
150951
232148
133365
149518
197845
145571
156777
166140
253953
190409
213396
330398
202257
32378530
28192863
24096448
20028891
15815736
11661018
7483230
3287562
163380
172940
294286
222315
319736
153103
241722
195425
197269
154981
154731
158279
211530
174216
235023
299293
200751
182999
234974
262404
203668
217104
201011
167110
303482
152223
206969
150778
174067
153988
198949
148828
166964
168827
186945
223987
139612
266282
245621
147386
215542
215167
212867
173870
165937
207613
217003
209136
210686
299125
146333
237980
202034
179988
176995
142956
194165
258177
224412
161133
174351
215645
257963
192505
244669
145446
166361
210937
217987
212866
242769
231319
204593
172463
170208
223445
200556
228770
253631
155510
200820
190339
173236
267033
164709
183771
180507
222711
223151
222641
191761
185206
157035
197706
140175
230291
198235
168129
164152
164051
193557
143509
180359
157710
157477
223335
222884
161168
195956
198238
187605
243040
191552
200137
161672
232524
169416
189356
203632
272779
292468
218208
192420
216797
148649
144202
161862
277449
236891
165557
220450
225879
209870
201050
222225
166480
207714
152898
239120
221062
235589
151824
150329
188574
208522
175172
203232
158330
168313
191245
255705
175081
204355
169734
149392
180524
209700
222745
180329
158446
213922
184742
151931
228207
171769
216451
230718
172065
195375
203624
241740
226805
154877
153819
194540
204915
214925
244902
211226
163461
156205
145423
167823
225095
172356
175847
236506
233130
194999
212418
187715
212525
233279
154088
241628
172153
196979
146182
184599
225624
200670
185305
238231
164825
196624
172866
162085
164587
198104
197328
249289
175356
224902
187781
220104
206297
224465
184488
138281
182777
75209853
32448849
28297606
24155988
19967605
15820331
11671522
7434474
3280849
257292
166030
208387
195801
180875
219882
182104
161672
217464
186894
225983
179737
183586
203594
167280
185555
224629
149925
174990
232912
201676
264348
186112
238403
151791
182466
144686
155367
217048
183522
163263
201509
225862
270735
295158
194304
153165
200131
170974
218555
173627
176820
213710
214040
169272
149474
251093
228854
234880
200848
153479
168689
170950
153486
200972
230897
198399
180353
202301
207381
188927
160645
187440
179660
189992
186025
172707
215036
179333
240117
195894
186171
222064
173038
230671
157666
172605
240125
182765
212273
156342
158087
188066
207119
155757
205430
135222
146033
177702
157481
170509
136577
186197
186998
163680
184436
246532
151842
217156
157271
176749
258701
153901
168303
198882
192597
177855
200016
244626
284993
189717
179164
193770
176833
192320
167976
217702
194968
195309
249232
179455
139714
154254
195237
258176
198468
264590
183548
202872
184706
203338
213483
176090
206724
230513
145143
239044
150521
196177
228533
189780
223782
191471
159634
221793
227420
213628
195964
165676
143842
159973
137256
169678
204567
255703
247011
224131
185213
176833
246692
140724
172580
174565
227691
275974
159424
178523
209233
204818
224670
172886
153313
157215
159603
144471
195673
149613
185041
157224
170410
339423
181252
142157
306657
182910
164899
192817
196204
199306
153297
164534
241657
149189
158895
166154
166584
150445
170469
188210
217148
181844
150037
152259
169566
167667
237145
159250
211780
275698
167916
200587
142053
198295
157346
175024
210247
196883
174968
180609
227322
159531
32464634
28281222
24131717
19983730
15791864
11632926
7473421
3294450
149085
202603
174466
207642
159999
176753
242235
177301
165316
215832
152313
147198
246260
177854
238843
151844
213648
185328
172939
249905
270883
309246
219916
153830
235184
152071
158606
157370
160452
173515
179164
187570
167648
152947
180997
163473
167647
216234
171779
203490
181907
163636
189822
189119
235827
186920
208039
229874
287744
211430
251790
172207
343253
212148
176953
172570
193716
190497
187333
143963
137932
189667
163076
157981
228007
161815
156665
152459
160438
169891
228882
149719
189466
158636
172234
192815
172208
145924
165510
172927
280607
224598
163283
190462
286744
134831
173002
201491
201165
276392
234558
188014
229039
233562
202830
238788
233932
156361
153695
220900
236494
171006
209275
220636
143004
162351
170912
171875
157635
235478
215145
214655
220649
147328
149719
193887
198758
248645
144111
247408
222199
145009
175061
223859
271105
212138
215185
183863
173475
206923
318369
206339
187546
235999
197216
179144
205416
161193
172286
195232
228238
233933
178515
187199
151366
223923
227772
215164
167991
154584
222418
223318
229976
177129
220403
205634
196338
208660
178866
150969
261359
179776
197890
184005
192565
197736
171087
197132
142343
190366
137683
176768
230500
186648
182665
143110
247591
200845
224155
217372
219206
220295
207810
184111
166684
245905
155548
207157
223830
168804
159676
365679
220367
224340
141615
183421
165298
191530
271133
134021
198811
158636
195837
160850
214866
199248
189118
190913
204242
145887
151157
182792
256243
247852
253960
160308
212646
167175
206581
169454
32396548
28215142
24045379
19872995
15673441
11522108
7381825
3195509
337274
184246
154389
235856
156899
150667
161108
170974
174297
140438
195611
182081
222933
189862
180568
148553
147638
152008
259278
163926
238106
189942
224771
222057
138346
193823
213388
161320
214596
157585
146421
165565
163694
224927
163557
151367
158476
141471
176898
133617
151601
165561
181854
217481
213340
234894
146462
163289
199298
137816
221753
158232
166402
203549
297532
168286
215919
212196
218961
225373
139865
176977
182218
241641
160538
219725
145064
180275
175816
186444
203194
190799
163690
172318
197415
146835
188184
159835
196520
213490
168465
163164
257796
151521
197546
191702
153117
162369
293056
191164
186275
148981
187336
208851
152972
156338
186949
152918
157493
192137
245307
212946
186812
291553
134716
136841
153749
220800
283890
231358
220392
183894
174711
172991
206423
214152
171573
238622
210400
139176
214965
221565
134573
244760
160830
170671
149893
166935
137076
189999
177023
152969
139168
164906
177398
150530
166522
154297
138983
153625
250952
166332
167425
159295
140063
201081
304862
192418
158134
180373
213831
218468
204511
159992
152525
169638
176581
213201
162757
195278
193578
242112
131590
213158
150738
156559
209807
179624
174015
214310
159629
165445
239660
189156
172828
125964
167961
160412
175427
154349
148198
136438
217216
200857
164589
164057
268076
173766
182200
174197
208788
193260
182806
166726
219350
176910
159833
214325
148577
297097
172163
147992
149646
165693
170521
173583
187926
221200
186562
180584
298550
219630
169149
198715
154307
138800
197423
142808
195794
302035
32342990
28146097
24017980
19897868
15632617
11453020
7302238
3127444
172723
211680
193195
168398
208261
217003
192024
293579
177418
145662
153865
142477
162547
195902
164483
192901
204742
172198
171942
160830
163298
212164
192862
173939
225907
189145
168015
140299
149746
183987
182032
178852
187800
158603
166690
181628
134545
152584
202722
140756
144523
176944
166706
213080
148966
223319
130223
223310
165870
243218
236767
172071
179860
200995
185933
231594
167091
220688
160166
167416
165564
176639
171337
153008
144765
203268
165896
170489
160829
147753
149947
173086
199589
214630
214773
184828
163400
227250
168191
148632
185305
168166
197978
170141
194037
158767
208635
136509
157648
152452
144250
194958
160931
260193
184442
188586
156451
211673
183458
151532
173782
158213
183938
150629
159924
312137
195578
160120
181557
274723
193941
163418
174904
195913
167127
268198
217909
225640
298626
148357
154277
231013
154930
303242
238283
304170
158742
141318
223827
157399
148531
209205
153980
212953
179494
171266
195838
203183
177061
228911
273129
147392
149109
211888
133052
193439
164717
186475
192443
192602
189575
181969
190393
189124
191240
159263
144918
152442
209272
162942
178532
149487
216687
161360
183267
149122
175312
216367
177266
132328
206229
174696
132900
213553
167023
177793
186962
160452
156459
189129
155731
183217
256596
205563
173489
202936
193283
149455
197721
269775
206772
193347
198176
163474
184029
192734
168228
181503
147046
194437
290899
247506
200728
140629
180826
187637
200404
194666
150925
267298
142093
278903
161848
167828
165798
188952
167328
221460
221468
177493
32423102
28206687
24071490
19927135
15725239
11605687
7415377
3242420
208721
200749
154435
200177
206481
303937
206783
153420
168773
209223
166602
175295
172572
185806
224871
314688
207242
266632
183644
193529
223249
169493
214965
145060
588204
254729
210053
211494
222462
206099
151224
189608
198345
136600
197972
203866
186448
214032
166072
242919
165789
204580
161326
144953
204584
122771
177848
195058
181300
140321
180082
157088
206431
218746
270280
198450
240585
189926
173520
243863
165509
217544
212291
178055
183837
161656
164777
143751
175256
298194
219762
223918
241342
138372
189649
198968
216218
222136
152431
145986
239272
168682
158448
221941
185312
154153
259066
175148
156802
245326
185798
140077
202432
199569
257153
169022
180851
272711
163589
161586
172843
170671
191966
283701
272567
141204
195114
151070
187258
189490
146748
204205
224573
211807
141319
239065
139010
199774
147267
173133
194740
153339
169970
181053
232122
187751
177566
213247
211653
135790
172997
188996
198581
190376
257407
263723
167906
147507
174476
184236
214483
166279
162750
166732
160038
176571
196519
193705
182781
133204
165982
237957
225171
195579
161793
151584
205106
237592
242921
226473
149388
156025
261690
195119
164990
267349
273323
135981
201684
481519
206913
157874
142247
153772
168490
237207
160441
150204
213080
122672
202021
145936
182621
141306
158051
197027
160915
190760
199099
188268
145395
136838
226456
209438
149945
202221
174562
194977
154111
240302
264137
177257
229024
135760
149678
177178
199394
176646
192847
185948
181724
207277
195166
151110
137411
217768
153176
171559
191342
200669
32350791
28134720
24030490
19893524
15694428
11529248
7326605
3141811
190877
169185
184544
167103
254550
231509
170098
168126
196963
178494
169175
170798
159329
187572
236321
231837
186582
200619
190207
196948
207022
139871
183052
242260
172302
167669
134253
205490
142573
173560
163491
187541
196049
169521
138434
187493
150698
225056
160108
157151
182289
188340
168321
287015
150828
209951
204474
184516
210656
321780
197659
172445
198205
165949
159075
263283
163915
181511
198043
182136
228358
171721
228588
199257
171171
165054
272594
162580
209610
259125
191338
230679
189478
192226
235462
241740
165689
180121
202711
242899
173150
160808
206158
257667
157842
153151
155820
204443
266534
204592
175651
151051
216395
158843
163026
182087
321614
220938
186210
160942
219331
177572
139230
189277
199963
188809
126234
200889
244129
158497
211428
199618
190853
182250
154734
207140
130792
240690
138766
181078
210646
210083
275186
183094
235671
136739
219604
171703
240060
223350
272284
137169
153405
153243
228575
147645
170157
196979
228476
181065
205438
190617
188881
159051
188675
151627
148234
212852
169770
237751
154327
130129
167277
267201
209355
241809
130719
193716
173271
203461
189320
246980
194835
194747
208498
183897
162803
326086
145698
203689
248249
177656
152589
162527
143989
160644
205800
211763
208239
310077
189223
141245
218207
205341
221637
262860
178171
158203
152075
237191
208092
178349
147675
218769
155679
221313
183502
197678
193177
160280
172020
168077
171328
197503
163814
166291
177264
197114
139619
183200
213468
264200
279917
244766
190832
162270
158048
153860
200785
199080
32423593
28233474
24098108
19964534
15770974
11591310
7423454
3212615
207940
197441
164123
170796
149937
212443
188296
181680
157679
197947
218456
198169
168499
177371
196565
169318
195457
175627
132170
139298
224393
219848
203615
229668
179593
160175
193009
162607
212769
239222
194227
153620
227488
167929
257533
228760
211318
196431
172736
173527
217127
177199
317104
225598
193156
160241
172178
206823
191695
181154
187137
220221
226084
245051
188381
177371
198969
254630
242787
203368
185427
146256
151802
143762
205664
184870
144202
205603
214849
142109
134635
169479
185871
175008
198983
188200
192448
171097
191978
207769
147087
189680
147315
198280
192554
169496
177379
147150
203212
226829
137798
170179
161923
172844
152507
225856
139847
208870
157859
187681
161051
176725
186061
198551
171101
186607
188581
219606
176514
179832
186481
139904
167221
163406
149941
204244
140351
180777
226442
174920
184153
227500
207316
149330
236990
187593
185535
154776
130764
172628
139490
215408
155974
173015
201527
160463
196086
231905
247484
137908
171280
150316
226001
163259
227560
169303
145094
202908
153050
143474
271688
245467
194834
201931
196057
152000
176659
194970
164583
164153
184771
150312
233588
218569
216733
157298
170975
156754
210264
188824
190481
162402
192397
167895
143498
140587
147013
184141
203107
185481
208000
146191
139842
193088
184736
163236
383079
152757
204606
162352
182291
165275
248959
197609
139241
159081
163773
161180
125261
163227
263981
153993
198909
170239
192788
181107
160464
137486
200103
184478
273382
186258
232341
160291
184678
160461
178502
140797
155728
145416
32439702
28247967
24161270
20041804
15815008
11654255
7490097
3258106
144757
176907
209176
192758
183026
172986
159337
219267
177853
181639
171645
163193
218893
249646
278436
156537
264359
198050
268281
208516
202066
278688
181238
172293
230049
179062
159809
246257
221243
163964
174919
158165
197635
191685
194972
181388
170767
231009
180021
148919
202152
245642
172708
204991
147029
207871
160306
226130
200629
232489
238164
211521
228714
190582
175881
180548
196654
208726
170505
202321
158701
218429
258137
184610
254163
228484
175068
156172
192132
171357
248254
156694
181049
184784
153618
170897
229068
204837
164524
212699
186493
291973
179960
211587
208308
142646
165218
145219
204532
219716
151005
195416
152889
180840
388952
264421
171025
209741
133231
184173
203449
223141
190083
174826
187432
225861
130972
194359
252885
220766
199740
139874
180261
239029
175048
191650
243753
221195
175693
177641
215555
158936
124721
260137
171793
190809
179265
194386
207280
197423
224532
230545
175379
167781
260531
198807
160830
197564
182935
156215
153554
179493
243076
165937
177500
175060
214129
160377
158767
151936
147973
179475
224129
290174
205948
229681
257496
177714
183817
161017
229844
233648
181299
174252
214362
193209
175354
216450
168316
183449
246740
184632
186835
187774
177546
200723
177804
151790
194956
177661
213651
255469
151022
169897
178682
300640
176042
206253
169504
240168
204740
218934
151916
158868
173720
238264
193989
198170
175220
185380
202850
291023
166535
202257
203994
203356
257385
155549
215553
245429
167904
157862
209677
183223
217485
145369
297937
177556
194409
291018
292460
32358316
28149248
24014849
19890560
15694213
11594459
7349677
3115374
183622
149137
198476
202419
241196
186269
233696
231355
201462
200192
201877
267291
264765
226153
188939
182189
234676
155311
214210
158530
176061
147500
226732
207414
208343
329475
170219
140082
227498
142707
193106
180400
192495
176795
149976
154026
227587
204518
200148
179210
240436
205115
211277
158958
161528
297396
208419
182704
226657
262347
156497
199129
258278
179911
191448
162062
155818
248814
203195
170586
196256
212103
168143
258215
183707
185788
228162
207046
195701
203538
205708
238832
192514
248824
176440
1396958
187847
147327
146822
253858
136061
149391
178610
177745
166934
159407
164165
175705
189529
165851
152587
278947
237096
211845
233568
222645
151778
144754
169718
175814
308233
133590
176174
148692
183489
146033
166552
138899
150945
211246
180147
185950
167624
216887
140918
178414
182997
140240
239570
214586
246881
170539
200338
172217
159561
152153
164060
151652
148399
186499
190017
221489
165163
265318
211844
149271
230233
168022
141848
160372
224454
139867
197436
205404
220327
145625
152916
184294
184401
185035
162769
155545
148607
212857
182895
131347
179506
149682
148258
164809
163697
166089
149068
162489
209499
180285
163415
269420
159570
226848
143929
172511
145209
191322
166626
184174
134808
157382
200510
191877
178564
135368
177136
205343
153238
201848
189012
200008
161502
133900
156205
144760
217548
168383
232187
214814
135953
177945
185060
215441
181673
184430
156698
170957
217388
157579
188258
160935
144861
151564
238506
178308
225062
154288
160672
160195
269918
234308
171899
139968
32476457
28285973
24199091
20033646
15797740
11636258
7442330
3229434
205087
175267
200533
188203
324109
179040
189384
191662
178940
138785
219202
202218
157368
184661
182836
179444
301539
140603
191230
285449
216019
215629
201605
144417
214611
251024
149267
152554
161651
174555
133722
169248
141198
154113
160981
209839
194447
169227
200604
131283
144150
172656
174678
177763
209413
149815
178861
178457
192486
150597
162692
169731
162316
146112
203936
172968
138859
171217
156276
190081
173731
161877
144181
228901
159085
163754
285294
210986
195823
141216
159411
145257
208840
152589
199782
140508
161234
151296
143911
223046
152942
225417
178202
302648
165982
259119
151519
156810
181231
170476
150671
212648
140781
176355
176270
157169
222952
142711
200604
166080
171535
173108
218761
214220
169347
192742
192152
236735
186667
175400
197980
182635
182932
157053
243911
220285
140769
205927
197909
228156
139638
171985
183983
210768
174963
152044
291282
270566
195535
214248
158579
181745
158208
192346
148502
231762
146806
207363
135128
207516
159217
176911
169847
139998
212263
194019
199913
172165
180040
221741
191706
141444
308340
205546
149545
143792
193513
164703
145494
156127
148867
184022
187207
162064
219142
220507
194764
228603
191460
182455
198409
189867
154985
218098
207818
214481
187816
184710
195527
159741
319120
147983
223911
201303
311610
167776
173344
218868
226023
155402
187466
238163
151989
158109
164421
161181
196310
171969
178697
186852
157854
158814
150351
186970
203174
251028
184459
198994
152045
201808
155391
205431
152070
167127
181927
158425
165085
185338
210347
165974
163506
32416538
28231969
24082868
19920856
15744142
11629634
7448652
3270833
254075
185923
246010
263728
155374
164697
189501
170302
193239
168212
205290
248829
193098
215994
168826
215008
221005
190193
188910
217301
200072
166939
172205
208401
152231
166452
224959
168842
220361
179996
180215
249242
177724
236676
173413
166753
142685
161409
204367
209071
210777
157742
184272
260244
179057
200582
197902
180825
163521
202138
245870
191059
259938
149628
177094
196848
194083
186161
205192
205132
230231
214405
139548
213269
191945
170232
169212
207278
150783
222372
160106
223132
195357
152504
304744
209346
289276
206518
212220
145233
176934
200978
195785
162810
216049
194352
197697
178954
235615
201362
161958
183474
254025
183211
170626
160290
188872
176663
244370
170370
180356
147929
183293
194770
213365
228255
213829
158396
177289
174282
201559
296549
171825
375816
188058
245527
173854
203865
186737
246785
138975
266140
208271
200982
212683
173614
152927
189064
207720
183801
175778
150623
174315
212940
267460
157978
169064
205734
227776
164231
154848
200727
206058
138763
184659
204607
160967
199881
172980
290705
159402
203505
149202
197769
277929
208769
200483
168126
192369
249524
165445
194983
198831
158813
344011
238305
192900
179113
182483
200453
162075
155137
161376
165590
143740
340219
200190
196790
191414
297931
134598
159002
243271
194035
143886
156148
300453
151240
190996
200943
169018
167309
236998
174331
249799
219742
254637
169767
216858
179894
169145
191589
163857
270392
230448
189726
179338
144430
210380
241772
175698
174945
290585
176405
169504
228241
209340
165971
184083
166994
32378796
28187749
24041494
19882975
15737843
11588199
7425642
3242788
171032
168774
164839
235296
154317
205990
180872
165753
184011
162758
212519
185111
189164
166009
193235
157638
202958
197543
167609
195436
220449
205122
155277
153735
146956
150359
164915
192055
191927
167089
150389
138952
179486
245158
170479
244954
157863
189491
226648
272116
272199
187458
197925
200465
186617
196069
175542
176188
195428
187519
183171
201009
161280
209330
194278
179720
252954
179410
215427
241549
191296
149332
193383
205809
230187
153621
193163
194159
231597
229461
204118
183597
187571
190185
194586
215713
204823
146266
178221
222513
146763
183943
192314
178427
159997
180582
213402
202156
145367
148533
222295
169905
154175
176617
159741
217699
333377
185396
176821
205526
261751
231027
189348
178941
186474
223151
173653
177079
195428
173919
186328
216739
139246
233174
228421
176893
161494
185446
247708
197480
163496
177857
187801
165320
183013
235788
165054
188367
166858
195687
205820
170765
144998
173871
168569
181430
171390
161599
181604
185224
188844
183275
242516
208822
222946
207702
176202
181588
156295
222573
182601
167198
147282
177627
159080
161927
206324
172376
138944
190168
200727
184567
201410
255679
253021
172623
164938
196474
154110
218177
195087
258976
164791
158608
202836
177491
158504
181747
190532
176733
141824
207347
183089
169790
166425
181131
169511
203903
208763
149487
152875
171896
148800
202640
159248
158604
156696
169325
162673
224438
186335
210403
173594
194069
166466
163277
216402
167059
176911
165870
162462
186884
227532
164274
231152
204735
204327
199886
169695
226818
32351959
28150745
24049616
19889082
15732269
11613279
7450318
3231836
159697
157912
196108
232443
231677
184335
221744
147960
146783
155899
199861
229206
226921
170368
172811
193198
213426
173861
201013
183020
227710
228057
216223
190802
188910
196082
181402
192426
187504
190856
168044
188021
233843
193647
146821
201646
215826
170066
169186
226481
185315
166087
256623
178257
218528
166855
280104
171956
161071
159975
153911
174289
195675
181999
157128
217451
172494
157425
178703
241500
155439
234317
190790
478957
180311
180949
159461
200552
188752
181364
170181
177317
181224
191443
214020
183618
186063
277653
190308
191341
191036
212906
141556
165850
143072
260672
224070
176245
217515
184503
141602
229273
165329
172057
166668
221478
148534
206491
238479
175625
205352
187747
185699
162110
198328
166052
187213
181405
171408
289406
242291
154415
343836
206312
183019
298676
193515
238680
212750
154868
287262
210070
163009
212522
174934
174994
187429
179804
163039
213267
197462
154528
170635
184113
181066
151289
169740
149078
146048
164646
244445
165536
172620
191159
216636
169488
212822
209729
196449
154096
230204
306623
223644
203336
195242
168481
180056
188556
197196
225860
143857
163871
158180
195436
152196
144214
194038
197733
181112
221612
191858
237929
209013
153113
151494
149088
159698
149354
154842
262195
174075
214174
258744
205564
178743
160217
168765
278980
210697
194556
202275
215167
157957
190136
197073
172878
154110
191514
180007
175084
177031
230363
178875
154427
155331
222812
202433
156060
238991
176373
132606
218947
174007
176154
202650
193264
230085
237258
220610
171915
155077
32307144
28117174
23982065
19827013
15627851
11513139
7372247
3192431
154022
165661
209411
190493
266352
181921
195222
159323
175852
154668
154982
225517
178590
247636
178741
235115
181880
287695
220105
220904
207650
236922
197995
223658
139482
161413
229665
166128
185195
133554
141721
141410
183426
208152
180594
165988
176796
183687
272395
325362
152250
188532
164790
201808
178034
269769
200478
178935
158878
161175
182746
167750
236464
141260
183490
148604
159180
200002
171386
186702
215530
161657
173610
157449
183388
217789
161338
209413
172387
164958
208785
206231
201320
162995
175143
172787
237262
237359
242635
217000
173446
186136
184956
156557
199998
166031
168112
153979
212948
183510
185298
195350
184137
229000
173185
154482
190713
243637
187641
169290
180673
164348
219326
181537
147698
218421
159233
151092
188310
232659
162183
188194
201517
152970
158095
210024
212071
166307
158414
180928
184221
147276
177921
281605
154635
191059
195012
148713
177159
171170
209087
268889
187093
137949
183168
195819
214675
182329
178899
159588
247398
171690
179659
214192
171121
211306
219073
193656
189083
224580
169995
190348
149382
158383
186432
210974
203466
185260
229028
171081
169601
151785
205866
166648
197687
149534
179122
162580
142508
172082
201265
150204
188086
154199
156795
143482
180043
174219
162263
182546
145103
211896
163119
177373
162897
154018
174146
237437
176282
177117
159433
163183
183005
160309
150131
177142
148529
137551
166796
184542
174911
176981
158080
168247
223326
253018
158393
169049
195047
156429
186220
164681
166061
138819
195426
145904
148037
201812
193050
171158
32398597
28238473
24109882
19963327
15775576
11581990
7375086
3203566
242252
258989
243587
268860
228070
220440
191935
242597
217637
188468
222183
236704
224117
312031
281214
231938
210413
263002
213164
301445
171412
198329
204155
164839
227160
293148
199772
185119
160178
188260
177034
192468
200389
185307
224308
219266
177899
174680
220625
185698
154042
153556
184124
181141
180487
152009
231650
161196
176229
172889
229220
161090
167484
150422
178535
220135
168300
209182
299914
169487
190652
176819
257940
183264
185491
203434
212805
193967
143360
223478
267401
237153
286534
142029
171826
161215
208093
154464
168314
161677
199822
181053
162173
283986
150553
175569
236679
195160
220644
224140
185698
203506
210552
166295
227560
242982
183813
192463
146586
148243
194326
176472
204686
203436
211522
145996
135879
223491
256646
204219
282316
170323
243365
162943
228150
175543
185097
168793
177703
210395
193073
148430
228004
163035
210652
155615
206075
173902
202726
151975
170956
220702
170765
142269
138706
206510
174864
229884
319602
220345
185479
201095
191431
175346
155147
185222
299484
184838
196076
205524
217611
164824
208454
197184
162473
236274
142260
185920
265532
171122
165124
204905
151329
158399
155112
178464
181440
180975
164447
175945
163106
181748
172818
160460
180806
217532
188049
204344
190794
185528
187992
180863
152755
194211
219657
324557
148197
185541
211578
165957
148581
193182
191188
202888
179210
182108
194393
191296
267890
187740
178527
188401
189984
137522
206323
149352
241379
227588
204154
188173
187828
155752
222029
196104
205008
207731
240149
140470
141734
272411
190789
32434239
28250914
24133786
19988711
15804188
11630699
7485831
3224384
221362
232977
259234
190029
238013
599821
374620
184355
205634
244088
201790
178390
265505
248122
171205
208069
195424
177835
240462
195163
214249
292769
178205
263959
169555
187784
192666
196537
166676
170163
192363
178185
220307
180195
186144
204806
173760
244187
163392
362609
213417
197076
165565
159025
154085
221228
176223
259018
221889
189426
210004
245195
216895
149274
211774
178260
196184
192275
189109
191470
237099
215405
330114
165232
292872
219510
181842
201596
272480
192459
203936
206647
221098
217663
156084
160580
222381
155303
192959
248827
152418
195651
231728
235170
228945
170341
192740
185629
176225
178503
156047
228283
249960
186554
208204
181929
155237
171802
161247
201231
199807
183433
247828
195929
162910
217127
168804
185402
213447
237601
153122
191842
209753
203376
176506
181546
156508
201786
155175
209480
192704
180708
168014
163424
199146
198152
181890
168504
169951
195271
194679
226730
168862
208115
181499
180588
219741
176921
156799
168568
209023
210269
209411
251014
191797
193817
185253
197518
245275
183427
162590
204858
209904
185209
163696
183017
144781
158851
182252
151838
225103
176710
192018
228854
177535
304611
228695
212645
186664
242336
189517
208463
166792
166221
186195
239273
196661
194904
144411
157758
188270
224443
304449
230792
202313
179581
242758
235148
180208
165901
206329
188564
209264
216115
166501
211301
149883
251860
199096
166407
205224
242696
160029
181604
183848
227546
159454
231929
156853
213993
236288
146697
146521
166324
197663
240561
171585
192758
219401
187076
32461957
28267607
24152539
19991079
15791259
11567414
7401606
3227377
212125
146242
180853
159760
188516
175044
155547
172974
182704
161926
191994
168562
211372
165092
212547
212266
206957
259094
232481
179928
226492
209462
192209
194305
184343
164039
166356
188855
161071
172013
148851
144048
189174
199960
206179
160344
228466
160452
188568
150450
163426
196901
240807
210656
192400
184536
190991
212117
185144
156992
182491
191697
165109
156877
169170
184606
143858
176203
308920
152002
204228
162428
160908
164608
141074
203158
194884
144243
167102
223427
188911
167641
182248
157415
217612
243597
197697
140666
222925
226507
185469
201426
193614
158334
177752
142508
179025
158476
247496
249913
183008
189341
197604
203868
153399
164456
201701
146672
160841
162077
165656
184041
154748
166095
148209
148686
208377
191086
266171
155546
144893
168035
142040
175738
289452
152018
214496
163491
171955
175408
196090
208937
224808
164254
147077
163276
263857
200676
169670
152480
192648
162784
167404
157227
187019
172979
151822
252964
196124
174893
175223
183478
170133
167700
212127
170844
226215
207556
167028
201193
153288
154258
167090
228551
170116
166625
187955
210781
193042
321245
176080
161962
179772
169247
191097
198520
162913
246799
202808
274440
169710
180749
198318
184462
177979
152169
155140
179943
178469
192357
170769
166748
205857
172046
211872
172349
164764
299348
194914
221868
246454
177822
214064
181394
146264
255534
188919
159957
204912
185015
174342
162544
156953
202807
173875
184496
194657
175886
220072
202043
226911
170612
251276
239834
190518
194600
220318
143648
156152
178932
32425717
28244885
24128335
19971681
15796228
11652007
7528161
3283199
195355
188102
165841
225310
183572
166912
149856
150112
200556
160330
196385
222162
181192
199132
162691
164238
150215
166967
230689
199814
212046
161423
160470
198623
168876
257369
189727
169924
169430
193104
167080
173577
217299
153232
179929
263917
151296
161211
165747
164006
155433
158559
218377
237544
152207
170121
174427
217175
200204
217400
158746
236387
168812
175477
178737
151876
185258
155487
202028
176945
223482
155276
186006
163839
196840
207505
170215
158616
174149
191649
173012
239818
174825
161897
221212
292798
161184
188958
165252
169698
173227
208069
180397
237457
157890
257195
190112
231220
177759
142604
166219
343054
157265
191696
164009
185689
184508
169358
169626
151681
214018
210577
178266
150594
168351
223486
228269
189297
206680
195394
195770
204137
208039
198366
201454
187395
196278
192639
210767
198635
236027
190538
250210
154899
221368
255919
173262
177297
225258
201693
155518
231659
221463
180222
149257
166322
155028
169280
138404
176229
188922
225904
192986
205001
145256
303373
140568
187345
238408
142371
199451
172515
189993
186657
231098
167403
219131
175348
256800
193334
180782
160419
226927
147596
173467
280821
197389
208224
165719
159985
194564
216290
231213
251143
262089
232673
218953
185397
166547
178325
178524
160300
178270
167455
197713
150430
220708
213531
160327
165161
153281
193063
297576
204348
196816
169783
214396
212113
204907
160849
198736
199582
184110
165255
229270
160724
166715
159623
187357
173475
177997
164939
179667
210015
230415
188389
225089
143397
197854
227733
224558
32464334
28288067
24162254
20049313
15839147
11690367
7492333
3285448
201516
172257
156985
185488
273624
202187
154024
245038
165875
150542
165476
214673
233516
169381
213778
194206
154045
181289
238815
239035
234003
160407
194510
191797
186426
176739
213967
185651
186051
151371
203207
166532
163464
157146
211500
196383
183109
194583
178791
181445
148608
237874
166730
141664
187917
242177
204242
168540
268647
166512
178944
164505
157143
199363
217666
156800
210356
203794
149321
193619
170994
156166
159909
251050
148916
181137
192740
145760
234701
275659
138537
163914
202267
175681
162652
148361
157781
162477
157563
199742
140376
177261
183184
206941
212121
226669
170955
154116
247942
184296
148285
174405
290599
202436
202009
189183
152198
176998
176629
197950
163148
173136
173201
257820
139975
146696
190826
156513
209494
192746
252890
167210
188015
176938
175451
292687
171636
167628
245242
144597
185212
164084
162200
197075
216469
192670
160539
183485
185966
221561
141395
211717
214971
169466
185445
173694
215926
188152
203713
182132
163087
212942
158396
230964
157696
212439
212246
162060
146166
166116
215132
199523
279689
162137
201168
205454
144262
247316
175716
185229
143270
185995
159222
187665
237677
147015
200361
153191
236073
221246
151693
179013
194410
239181
198644
261500
170534
176690
198509
202919
233396
150799
177033
210260
142384
184519
194282
153943
186225
158349
184237
179288
154620
218587
287542
200228
235329
221033
212866
230604
162796
197738
178137
210273
178047
170737
156563
239754
179773
202308
170372
172709
189338
177019
166720
160749
153523
191346
186360
181545
214662
32472624
28288721
24214107
20067207
15869700
11706358
7534469
3351975
174211
168467
201996
272311
192286
198047
180345
161403
177530
185158
292101
166149
207468
266875
164417
197089
308171
195936
208252
216347
244054
160395
224665
249660
216021
176360
172234
174158
214693
231601
212945
259035
169482
180861
176464
210946
329293
197875
162161
230435
195284
168403
197964
199159
188563
215597
220650
210866
197828
160308
176249
178442
168501
197017
153192
187442
203404
175529
216549
212783
201304
200965
185762
174803
178970
193385
255581
176193
268949
174330
206465
191468
215850
174193
223007
210528
181754
190220
158840
168494
176469
215828
201573
162700
289234
171003
199523
203751
184754
177746
219141
179427
164627
175624
193714
226630
211687
182719
226133
159333
177772
212533
158457
218050
156275
256699
212095
204232
171959
168343
247500
163082
193320
147795
203301
178862
191003
184890
185232
195536
216975
175505
196669
208431
172442
164198
162224
181954
314810
186845
163223
349677
183873
151266
157799
174508
189232
251476
220358
189873
175943
169992
182970
196083
318364
153078
246308
229713
219182
173065
176585
165163
304960
174523
222015
191921
186726
228000
212601
172378
222556
151405
177606
183022
167557
276711
187493
271398
214602
183213
199033
176887
167652
215122
222659
208947
201479
237930
267736
173298
180300
162547
194110
186055
214116
190941
235342
236834
220783
177407
223506
176613
205632
205596
183639
265345
173309
350678
203848
171519
163995
240890
264766
216847
169884
177237
234360
164883
163013
230863
249226
218236
175703
171866
256417
158961
174618
225138
201379
240867
262631
32383891
28191401
24052817
19945082
15702335
11549651
7393446
3145067
187064
214815
216884
212323
234176
221048
204636
208373
216943
232686
147776
227837
212938
162239
191348
235680
234686
176644
170776
184151
217034
214427
192596
209033
258933
304611
159214
261419
160716
240983
179686
195461
272521
223563
170884
172898
189875
175970
181841
326175
277323
162280
201027
243280
178306
187401
196519
167567
227408
166453
245151
164536
227623
186805
196077
233806
178697
189984
229475
242017
226682
203701
222529
288509
188714
198985
205432
165146
228674
162760
149688
214061
228484
178175
213255
194598
208753
217603
262423
258439
190521
165855
199693
180961
180933
298864
174850
270291
295095
165679
237001
184215
148442
199335
201368
279773
207029
218067
200111
238073
189482
285031
179723
197162
147567
363389
221912
213439
211442
215756
252089
184270
206675
191855
242125
203256
183707
198570
245331
174938
236178
203989
179129
188571
196664
194731
175315
172258
200633
168560
150368
212829
179515
194816
164767
267735
185214
183915
165917
160680
154627
233750
196391
195623
152460
179270
208750
185379
176046
311951
227381
187365
221710
283368
192429
207868
169106
232113
261039
245147
190960
235362
152429
204332
196082
199611
185917
216300
185485
227595
266777
246658
173500
163180
187775
156399
192965
192516
216798
180747
314264
187910
194624
188523
203043
176297
256859
194539
178445
188655
174377
182820
172938
223608
155997
215312
211331
225600
182180
256994
184261
206851
181765
213925
225967
173675
249091
186643
194995
238569
191040
164142
257128
170761
187641
202537
260414
224902
189061
182412
177682
32346758
28146074
24019090
19846705
15655962
11519828
7319294
3141525
193854
215570
211918
187449
210493
197600
182103
175777
238247
230144
184341
206554
219317
219402
223856
196261
250063
278815
187151
156887
202858
164388
235030
242734
267965
160893
232604
181259
267488
167321
189996
225653
174002
191679
223896
259121
198471
222334
188353
223726
268951
238349
226807
275062
213501
191199
290529
224054
214779
179338
229490
295338
190427
185975
214156
168577
217727
236232
195949
263288
194853
223926
220913
257109
239135
167942
175514
253156
178643
194074
194616
208551
281893
247068
213789
208515
220318
262428
306595
212338
189472
212548
213875
169514
206685
168854
208636
181882
173040
187461
182042
191641
168274
164054
161547
187601
172075
188861
195285
181702
269827
216408
324314
161790
192732
173372
233856
207566
249235
174878
182106
211506
162815
181242
189846
197047
222782
217358
178898
183936
271732
177408
177579
195054
242796
209714
186607
227356
176373
200100
198028
180986
288711
238285
176416
193519
176764
252161
180333
191081
181814
262931
175472
209114
182378
152649
217987
169687
216446
182157
183105
196059
170427
188115
194656
182841
169651
246030
243933
251071
170346
167469
215761
214532
201752
204094
151091
177170
197883
197402
220280
186914
172720
200235
146589
182508
169755
223150
190399
209482
180811
251833
274456
216312
232897
190636
238482
229301
286602
191475
204573
152337
165438
211548
225650
265185
194594
154764
204334
200677
168574
218440
156530
208123
214569
196074
175928
157393
169037
175276
199812
228952
195028
204334
279552
182401
176320
192411
168832
229554
32318209
28107096
23924142
19763771
15601877
11465579
7335358
3103461
257199
196350
242533
198365
197376
215511
225651
194846
235291
210095
168440
191105
170010
211636
200587
183088
273766
155632
182910
167383
209236
199457
203691
176782
200112
293919
169783
229819
174260
208237
180130
194862
216816
204086
234739
190487
191387
248820
222977
154880
195515
260236
257133
321483
141257
197472
191264
194379
200491
212088
223737
155603
188698
227350
161195
150180
168742
167958
227001
218610
257906
198465
242043
174480
194180
175981
162205
198455
177002
169992
249653
215485
185126
190155
162223
172325
181755
207361
161961
172261
232858
194905
160966
197621
178635
241767
227266
179053
169349
238553
216150
288607
208502
204190
193381
280482
203986
195135
197661
196226
181322
206393
224184
171463
172387
162571
167928
231798
154019
173840
173033
149476
222224
201618
170787
197959
231316
188684
170350
163946
180708
196209
227081
228732
202688
167713
187408
269981
186072
210228
223996
182133
203368
171219
234171
210625
203271
236313
223114
204798
243799
220276
284467
193883
275265
227811
213268
213697
178183
261495
183379
268160
200151
241139
167939
204548
215754
233658
192690
199942
202776
201523
214121
257847
186490
217001
185017
188112
202177
202347
190222
183210
170493
174209
196099
171626
155098
223949
213815
163014
169912
150248
203149
262056
163762
203250
228312
177901
181543
229986
166464
164655
173903
199569
297591
154736
181476
178648
201285
200493
167477
207029
274320
194984
222276
202515
205417
178067
189116
201945
194797
256705
203822
162356
204633
200013
176887
194668
185438
187225
154546
32426233
28242563
24111991
19972372
15786043
11651550
7516648
3338932
199940
200404
205625
183962
178112
221528
177553
180774
167900
160660
225654
164565
175319
147552
212549
160757
187147
221179
234025
237953
181232
194545
210867
258214
171913
209069
195421
190099
208683
173378
176582
165225
182209
236341
173304
188550
293175
174499
209810
175205
269774
210091
227213
308870
174875
184737
167090
166003
228926
184107
168868
156148
237175
181344
140154
208996
149612
179766
168146
197479
168151
175879
209878
166028
214013
180268
150847
230326
186858
191791
162320
224365
185011
188562
208769
183118
163242
189568
199764
233953
254098
194421
195285
186766
250010
190872
343322
213664
178739
175373
178342
180961
195001
178467
239522
185897
166274
172814
182693
207212
158699
163912
199040
250502
218906
166233
190701
193494
146806
303616
327384
221992
180709
166922
214029
161040
179817
188182
236013
217111
183551
184590
157298
227688
190319
187441
183479
185748
203709
164130
225675
192668
168883
144333
161819
253146
222719
154482
160058
221848
218167
184862
156093
244080
213743
235777
179623
216640
210676
172193
184016
211041
180205
242320
215808
218957
174423
180617
188527
185894
197297
155655
266502
240609
162422
198583
201799
170570
177310
202345
183808
160244
218401
160065
152501
159756
190674
202381
173602
165233
197954
213033
236051
159995
219275
192340
174631
231675
214179
282929
238348
195461
222980
204494
173291
162716
267449
282836
216141
224687
193164
183129
163574
257626
159102
190467
205312
181084
306454
220041
181023
165553
217291
198893
151906
292090
161809
194343
